0.000000	30.974478	N
30.974478	34.570766	G:7
34.570766	35.823666	A#:maj
35.823666	40.000000	F:(1,5)
40.000000	46.867749	A#:maj
46.867749	47.633411	G:min
47.633411	49.164733	A#:maj
49.164733	50.278422	G:(1,5)
50.278422	52.389791	D:(1,5)
52.389791	55.777262	G:7
55.777262	57.378190	C:maj/5
57.378190	60.000000	G:min
60.000000	61.160093	G:(1)
61.160093	63.364269	N
63.364269	64.245940	A#:maj
64.245940	69.141531	N
69.141531	71.322506	A#:maj
71.322506	73.573086	G:min
73.573086	76.635731	F:(1,5)
76.635731	80.000000	D:min7
80.000000	81.484919	A:min7
81.484919	84.524362	D#:maj
84.524362	86.798144	C:min
86.798144	89.698376	D:min
89.698376	92.250580	C:min
92.250580	98.654292	A#:7
98.654292	99.396752	G:7/3
99.396752	100.000000	G:(1,5)
100.000000	105.870070	G:7/3
105.870070	106.612529	D:(1,4)
106.612529	109.535963	C:min
109.535963	113.016241	A#:7
113.016241	115.243619	D#:maj
115.243619	117.981439	A#:7
117.981439	120.000000	C:min
120.000000	123.225058	D:min
123.225058	124.060325	G:(1,5)
124.060325	126.426914	G:(1)
126.426914	127.656613	G:min
127.656613	129.651972	G:(1,5)
129.651972	130.580046	G:min
130.580046	133.619490	A#:maj
133.619490	138.445476	D:min
138.445476	140.672854	N
140.672854	141.183295	G:(5)
141.183295	142.296984	G:(1,5)
142.296984	145.638051	G:(5)/5
145.638051	152.296984	G:(1,5)
152.296984	153.155452	C:(1,5)
153.155452	154.686775	F:(1,5)
154.686775	157.308585	A#:maj
157.308585	160.000000	G:(1,4)
160.000000	160.974478	G:maj
160.974478	166.148492	N
166.148492	168.329466	D:(1)
168.329466	174.593968	C:(1,5)
174.593968	180.000000	A#:maj
180.000000	182.946636	D#:(3)
182.946636	187.749420	N
187.749420	188.561485	G:(1)
188.561485	189.234339	G:maj
189.234339	190.580046	G:(1)
190.580046	201.206497	G:(1,5)
201.206497	203.967517	N
203.967517	204.477958	G:maj
204.477958	209.280742	N
209.280742	210.069606	F:maj
210.069606	214.037123	N
214.037123	220.000000	G:sus4
220.000000	221.067285	A:hdim7/b5
221.067285	222.969838	A#:maj
222.969838	224.199536	G:maj
224.199536	226.310905	C:min
226.310905	232.482599	A#:maj/5
232.482599	233.039443	G:7
233.039443	234.083527	G:7/3
234.083527	240.000000	D:min
240.000000	242.180974	A#:(5)
242.180974	244.315545	A:(1)
244.315545	251.531323	N
251.531323	252.064965	G:maj
252.064965	254.872390	C:min
254.872390	255.568445	A#:maj
255.568445	259.095128	D:min
259.095128	260.000000	F:(1,5)
260.000000	260.951276	G:maj
260.951276	268.143852	N
268.143852	268.979118	G:maj
268.979118	269.860789	C:(1,5)
269.860789	271.044084	N
271.044084	271.716937	G:maj
271.716937	284.129930	N
284.129930	288.283063	G:maj
288.283063	289.698376	N
289.698376	291.531323	G:(1,5)
291.531323	293.085847	N
293.085847	293.642691	G:maj
293.642691	294.524362	G:(5)
294.524362	298.120650	G:(1,5)
298.120650	299.419954	N
299.419954	300.000000	A#:maj
300.000000	303.897912	D:min
303.897912	305.777262	G:(1,5)
305.777262	307.540603	G:7
307.540603	309.721578	C:min
309.721578	311.670534	G:sus4(b7)
311.670534	313.457077	D:min
313.457077	316.612529	C:min
316.612529	319.280742	D:min7
319.280742	320.000000	C:maj
320.000000	322.111369	D:(1,5,b7)
322.111369	323.341067	D:min
323.341067	325.058005	G:7
325.058005	330.417633	G:(1,5)
330.417633	331.577726	G:min
331.577726	333.735499	G:(1,5,b7)
333.735499	335.290023	D:min
335.290023	340.000000	C:(1,5)
340.000000	340.858469	G:(1,5)
340.858469	342.529002	C:min
342.529002	344.895592	G:(1,5)
344.895592	345.661253	D:min
345.661253	346.380510	G:maj
346.380510	349.814385	C:(1,5)
349.814385	351.948956	G:(1,5)
351.948956	356.705336	C:(1,5)
356.705336	360.000000	G:(1,5,b7)
360.000000	361.554524	G:(5,b7)
361.554524	362.505800	A#:maj
362.505800	364.037123	G:(1,5)
364.037123	364.617169	D:(1)
364.617169	365.498840	D:(1,5)
365.498840	375.313225	G:(1,5)
375.313225	375.962877	F:sus4/4
375.962877	377.006961	G:(1,5)
377.006961	378.700696	F:(1,5)
378.700696	380.000000	C#:(3)
380.000000	383.109049	A#:(1)
383.109049	384.153132	N
384.153132	385.382831	G:(1)
385.382831	386.403712	N
386.403712	387.378190	G:(1)
387.378190	388.213457	G:maj
388.213457	390.580046	G:(1,5)
390.580046	393.109049	G:(1,4)
393.109049	393.665893	G:(1)
393.665893	396.125290	G:(1,5)
396.125290	396.705336	G:(1)
396.705336	400.000000	N
400.000000	400.510441	G:(1,5,b7)/5
400.510441	402.134571	G:(1,5)
402.134571	405.382831	G:min
405.382831	406.496520	G:(1,5)
406.496520	407.169374	D:(1,5)
407.169374	411.740139	G:(1,5)
411.740139	417.424594	G:maj
417.424594	418.399072	C:(1,5)
418.399072	420.000000	G:(1)
420.000000	420.812065	A#:maj/3
420.812065	422.273782	N
422.273782	423.619490	G:(1,5)
423.619490	424.222738	A#:(1)
424.222738	424.872390	N
424.872390	426.125290	G:min
426.125290	426.798144	N
426.798144	427.703016	D:(1)
427.703016	430.788863	G:(1,5)
430.788863	432.180974	A#:maj
432.180974	432.877030	D:(1)
432.877030	433.573086	G:(1,5)
433.573086	436.287703	C:min
436.287703	437.633411	A#:maj
437.633411	438.167053	G:(5)
438.167053	440.000000	G:(1,5)
440.000000	440.533643	D#:(3)/3
440.533643	441.716937	G:(1)
441.716937	443.851508	A#:maj
443.851508	444.477958	G:(1,5)
444.477958	452.877030	C:(1,5)
452.877030	455.313225	G:maj
455.313225	455.870070	G:(1)
455.870070	456.612529	G:min
456.612529	457.935035	C:(1,5)
457.935035	460.000000	N
460.000000	460.696056	G:(1,5)
460.696056	462.018561	N
462.018561	465.359629	G:min
465.359629	467.610209	G:(1,5)
467.610209	468.700696	F:maj
468.700696	470.440835	A#:maj
470.440835	474.013921	G:maj
474.013921	476.287703	A#:maj
476.287703	477.911833	N
477.911833	479.327146	F:(1)
479.327146	480.000000	A#:maj
480.000000	480.951276	N
480.951276	482.088167	G:maj
482.088167	482.761021	G:(5)
482.761021	486.310905	N
486.310905	487.169374	G:(1,5)
487.169374	490.580046	N
490.580046	492.018561	G:(1,5)
492.018561	495.661253	N
495.661253	497.517401	G:(1,5)
497.517401	500.000000	N
500.000000	501.252900	G:(1,5)
501.252900	503.781903	N
503.781903	505.266821	G:(1)
505.266821	508.607889	G:(1,5)
508.607889	510.046404	G:(1)
510.046404	514.199536	G:(1,5)
514.199536	516.426914	G:(1)
516.426914	518.677494	F:(1)
518.677494	520.000000	G:7
520.000000	540.000000	F:7/3
540.000000	541.020882	G:(1,5)
541.020882	542.529002	N
542.529002	543.874710	G:(1)
543.874710	545.382831	N
545.382831	548.700696	G:(1)
548.700696	549.953596	G:min
549.953596	553.921114	G:(1,5)
553.921114	555.893271	A#:maj
555.893271	558.097448	G:(1,5,b7)
558.097448	559.443155	G:maj
559.443155	560.000000	A#:maj
560.000000	560.603248	D#:maj
560.603248	562.018561	D:(1)
562.018561	563.155452	C:(5)
563.155452	564.941995	G:(1)
564.941995	567.308585	G:maj
567.308585	568.677494	C:(1,5)
568.677494	569.976798	N
569.976798	571.786543	G:maj
571.786543	578.190255	G:(1)
578.190255	580.000000	D:(1)
580.000000	581.508121	G:maj
581.508121	582.993039	G:(1,5)
582.993039	584.756381	N
584.756381	585.638051	G:(1,5)
585.638051	587.494200	N
587.494200	595.359629	G:maj
595.359629	597.331787	G:(1,5)
597.331787	600.000000	N
600.000000	600.835267	F:maj/3
600.835267	601.484919	F:maj
601.484919	606.542923	N
606.542923	607.470998	G:(1,5,b7)
607.470998	612.668213	G:(1,5)
612.668213	614.245940	A#:maj
614.245940	616.589327	G:7
616.589327	618.723898	G:(1,5)
618.723898	620.000000	N
620.000000	621.508121	G:maj/3
621.508121	623.201856	N
623.201856	624.292343	G:maj
624.292343	631.740139	N
631.740139	632.923434	G:(5)
632.923434	636.960557	G:(1,5)
636.960557	637.563805	A#:(3)
637.563805	645.568445	N
645.568445	655.336427	G:(1)
655.336427	660.000000	D:min7(4)/4
660.000000	663.364269	D:(1)
663.364269	665.475638	N
665.475638	666.728538	G:7
666.728538	669.095128	D:(1)
669.095128	669.791183	G:min
669.791183	674.895592	G:(1,5)
674.895592	676.334107	F:maj/3
676.334107	677.517401	N
677.517401	680.000000	G:(1,5)
680.000000	682.714617	N
682.714617	684.501160	G:(1)
684.501160	687.470998	N
687.470998	688.631090	D:min
688.631090	696.821346	C:min
696.821346	697.795824	G:min7
697.795824	698.445476	D:min
698.445476	700.000000	G:(1,5,b7)
700.000000	703.874710	G:(1)
703.874710	706.751740	N
706.751740	709.303944	G:(1,5)
709.303944	710.533643	G:(1)
710.533643	711.113689	G:(1,5)
711.113689	714.454756	G:(1)
714.454756	715.127610	G:(1,5)
715.127610	716.914153	G:(1)
716.914153	720.000000	G:(1,5,b7)
720.000000	720.788863	C:(1,5)
720.788863	727.749420	N
727.749420	728.352668	A#:maj
728.352668	729.675174	D#:maj
729.675174	730.510441	G:(1,5)
730.510441	739.280742	C:min
739.280742	740.000000	D:min
740.000000	742.482599	G:7
742.482599	743.503480	D:min7/b7
743.503480	746.844548	A#:maj
746.844548	750.440835	D:maj
750.440835	760.000000	G:maj
760.000000	760.626450	D:(b9,3)/b9
760.626450	761.902552	D:min7
761.902552	771.020882	C:(1,5,b7)
771.020882	775.313225	D:min7
775.313225	785.406032	A#:maj
785.406032	791.763341	G:min7
791.763341	792.830626	G:(1,5,b7)
792.830626	794.941995	G:7
794.941995	800.000000	C:maj
800.000000	801.276102	F:(1,5,6)
801.276102	806.310905	D:min
806.310905	808.515081	D:min(4)/4
808.515081	811.322506	G:(1,5)
811.322506	811.832947	D:min
811.832947	818.979118	A#:maj
818.979118	820.000000	G:(1,4)
820.000000	821.276102	C:(1,5,b7)
821.276102	822.389791	G:(1,5)
822.389791	823.410673	N
823.410673	825.684455	D:min
825.684455	827.911833	N
827.911833	829.002320	G:(1,5)
829.002320	832.227378	N
832.227378	833.457077	G:(1,5)
833.457077	834.083527	C#:maj
834.083527	836.937355	G:(1)
836.937355	839.303944	N
839.303944	840.000000	G:(5,b7)
840.000000	844.918794	C:min
844.918794	847.378190	G:(1,5)
847.378190	847.935035	D:(1,5)
847.935035	849.396752	A#:maj
849.396752	853.132251	G:(1,5)
853.132251	854.338747	A#:maj
854.338747	859.373550	G:(1,5)
859.373550	860.000000	N
860.000000	860.881671	G:(1)
860.881671	863.781903	C:(1,5)
863.781903	871.044084	N
871.044084	871.693735	D:(1)
871.693735	874.756381	G:(1,5)
874.756381	875.382831	G:maj
875.382831	884.663573	N
884.663573	885.846868	D:(1)
885.846868	887.053364	C:(1,5)
887.053364	888.491879	N
888.491879	895.336427	A#:maj
895.336427	896.635731	N
896.635731	900.000000	A#:maj
900.000000	907.935035	N
907.935035	908.979118	G:(1)
908.979118	915.058005	N
915.058005	916.241299	G:(1,5)
916.241299	940.000000	N
