0.000000	0.696056	D#:(1,b7)
0.696056	4.918794	N
4.918794	7.401392	D#:maj
7.401392	9.373550	C:(1,5)
9.373550	12.412993	C#:maj
12.412993	15.220418	G:sus4
15.220418	16.032483	F:min
16.032483	17.517401	G:sus4(b7)
17.517401	20.000000	C:sus4
20.000000	21.229698	C:maj
21.229698	22.064965	C#:maj7
22.064965	23.271462	C#:maj
23.271462	24.083527	D:7
24.083527	25.475638	G:sus4(b7)
25.475638	30.440835	C:(1,5)
30.440835	33.364269	C#:maj
33.364269	36.032483	C:maj
36.032483	37.494200	F:min6/6
37.494200	38.584687	F:min(b6)/b6
38.584687	40.000000	C#:maj7
40.000000	41.647332	F#:7
41.647332	43.155452	C:(1)
43.155452	45.754060	C:(1,5)
45.754060	48.561485	C#:maj
48.561485	49.721578	G:(1,5,b7)
49.721578	50.301624	C:(1,5)
50.301624	53.874710	C:maj
53.874710	54.454756	D#:maj
54.454756	56.473318	D#:maj6(4)
56.473318	60.000000	A#:maj
60.000000	62.714617	D:min7
62.714617	64.083527	C#:maj7
64.083527	66.264501	D:(1,5,b7)
66.264501	67.494200	C:sus4
67.494200	69.443155	C:maj
69.443155	70.510441	D:(1,4,b7)
70.510441	75.359629	C:maj
75.359629	78.538283	C:sus4
78.538283	79.280742	G:sus4(b7)
79.280742	80.000000	C:(1,5)
80.000000	81.044084	D#:maj
81.044084	81.902552	F:(1,5)
81.902552	82.714617	C:maj
82.714617	85.382831	C:(1,5)
85.382831	87.053364	G:(1)
87.053364	89.164733	F:maj7
89.164733	90.835267	C:(1,5)
90.835267	96.542923	G:7(b5)/b5
96.542923	97.401392	F:maj7
97.401392	99.373550	F:maj
99.373550	100.000000	D:hdim7
100.000000	100.556845	C#:maj
100.556845	101.136891	D:maj
101.136891	104.037123	D:7
104.037123	105.127610	C:7
105.127610	108.167053	C:(1,5)
108.167053	110.278422	F:maj
110.278422	112.761021	C:maj
112.761021	116.357309	D:maj
116.357309	117.238979	F:(1,5)
117.238979	120.000000	F:min
120.000000	121.786543	F:maj
121.786543	125.382831	N
125.382831	128.863109	D:(1)
128.863109	130.649652	C#:(1,3,b5)
130.649652	135.591647	C:maj
135.591647	136.914153	F:(1,5)
136.914153	140.000000	N
140.000000	142.621810	C#:maj
142.621810	146.241299	N
146.241299	148.329466	C:(1,5)
148.329466	151.925754	C#:7
151.925754	155.870070	N
155.870070	160.000000	C:maj
160.000000	166.334107	C:(1,5)
166.334107	168.515081	C:maj
168.515081	169.350348	G:maj
169.350348	174.477958	C:maj
174.477958	176.867749	D:min7
176.867749	180.000000	C:maj
180.000000	180.580046	C:(1,5)
180.580046	182.366589	N
182.366589	183.921114	C:(1,5)
183.921114	185.498840	D#:(3)
185.498840	186.357309	C:(1,5)
186.357309	191.044084	G:sus4(b7)
191.044084	192.320186	C:maj(b5)/b5
192.320186	193.712297	G:maj
193.712297	196.542923	C:maj
196.542923	199.280742	F:min6
199.280742	200.000000	D:7
200.000000	200.858469	G:(1,5)
200.858469	201.554524	G:(1)
201.554524	204.918794	G:(1,5)
204.918794	206.450116	N
206.450116	209.721578	F:maj
209.721578	213.897912	C#:7
213.897912	217.935035	N
217.935035	219.025522	F:(1,5)
219.025522	220.000000	F:min
220.000000	220.533643	N
220.533643	221.670534	C:(1)
221.670534	226.032483	N
226.032483	227.470998	G:(1,4)
227.470998	229.419954	C:sus4
229.419954	229.976798	G:(1,4)
229.976798	233.317865	G:(1)
233.317865	233.990719	F:(1,9,5)
233.990719	236.009281	C:maj
236.009281	237.378190	F:(1,5)
237.378190	240.000000	G:sus4(b7)
240.000000	241.809745	C#:(3)
241.809745	246.960557	N
246.960557	250.394432	C:(1,5)
250.394432	253.503480	G:min
253.503480	255.266821	N
255.266821	258.259861	F:min
258.259861	259.141531	F:(1,5,7)
259.141531	260.000000	F:min
260.000000	261.368910	N
261.368910	262.969838	D:maj
262.969838	266.148492	N
266.148492	271.925754	G:(1,5)
271.925754	273.967517	G:(1)
273.967517	275.150812	C:(1,5)/5
275.150812	278.422274	G:sus4(b7)
278.422274	278.979118	F:(1,9,5)/9
278.979118	280.000000	G:sus4(b7)
280.000000	282.111369	C:maj
282.111369	286.450116	N
286.450116	289.164733	G:(1)
289.164733	290.649652	G:maj
290.649652	291.554524	C:(1,5)
291.554524	292.946636	G:(1,4)
292.946636	294.245940	C:(1,5)
294.245940	300.000000	N
300.000000	301.136891	G:(1,5)
301.136891	301.925754	C:maj
301.925754	302.923434	A#:maj
302.923434	304.779582	N
304.779582	306.937355	C:maj
306.937355	307.703016	G:(1)
307.703016	308.839907	C:(5)
308.839907	310.185615	G:(1,5)
310.185615	312.343387	G:(1)
312.343387	315.313225	N
315.313225	317.099768	F:(5)
317.099768	318.283063	C:(1,5)/5
318.283063	318.886311	F:maj
318.886311	320.000000	F:(1,5)
320.000000	321.113689	A:(1,5)
321.113689	322.041763	F:(1,5)
322.041763	324.199536	C#:maj
324.199536	324.988399	N
324.988399	327.633411	G:(1)
327.633411	328.793503	C:(1,5)
328.793503	332.111369	G:maj(4)/4
332.111369	333.317865	G:(1)
333.317865	334.013921	G:maj
334.013921	338.538283	C:(1,5)
338.538283	339.443155	G:(1,4)
339.443155	340.000000	N
340.000000	341.554524	C:maj
341.554524	343.155452	C:(1,5)
343.155452	348.770302	N
348.770302	349.628770	G:(1)
349.628770	351.206497	N
351.206497	352.946636	C:(1,5)
352.946636	355.916473	N
355.916473	357.099768	F:(1,5)
357.099768	357.911833	N
357.911833	359.303944	A#:maj6
359.303944	360.000000	D:(1)
360.000000	360.719258	A#:(1,5)
360.719258	361.368910	D#:maj
361.368910	362.134571	C:min
362.134571	368.538283	N
368.538283	373.016241	G:(1)
373.016241	375.058005	G:7/3
375.058005	376.542923	F:min
376.542923	377.610209	F:(1,9,5)
377.610209	380.000000	C#:maj7
380.000000	381.044084	D:min
381.044084	390.904872	N
390.904872	391.832947	E:min(b6)/5
391.832947	393.109049	E:min
393.109049	395.522042	C#:7
395.522042	397.169374	F:min
397.169374	398.167053	F:maj7
398.167053	399.071926	N
399.071926	400.000000	F:min
400.000000	402.088167	C:maj
402.088167	406.241299	N
406.241299	407.470998	C:maj
407.470998	412.575406	N
412.575406	414.988399	D#:maj7
414.988399	416.542923	D#:maj
416.542923	420.000000	N
