0.000000	26.542923	N
26.542923	28.120650	G:maj
28.120650	28.793503	E:7
28.793503	30.533643	A:7
30.533643	34.176334	N
34.176334	37.122970	A#:maj6
37.122970	39.303944	G:(1,5)
39.303944	40.000000	E:7
40.000000	41.322506	D:(1,4)
41.322506	45.452436	N
45.452436	47.006961	G:(1,5)
47.006961	52.296984	N
52.296984	53.062645	G:(1,5)
53.062645	55.916473	D:min
55.916473	59.327146	G:(1)
59.327146	60.000000	D:(1,4,b7)
60.000000	60.788863	G:(1,4)
60.788863	66.403712	N
66.403712	67.006961	D:(1)
67.006961	68.538283	G:(1,5)
68.538283	73.225058	G:7
73.225058	75.661253	A:7
75.661253	78.352668	G:7
78.352668	80.000000	A#:7
80.000000	80.649652	D:(1)
80.649652	88.074246	N
88.074246	92.459397	G:(1,5)
92.459397	96.334107	B:min(b6)
96.334107	97.911833	G:(1,5)
97.911833	107.749420	N
107.749420	109.419954	G:maj
109.419954	112.691415	G:(1,5)
112.691415	116.496520	N
116.496520	118.468677	G:(1,5)
118.468677	126.194896	N
126.194896	127.772622	G:maj
127.772622	128.468677	G:(1,5)/5
128.468677	132.320186	A:7
132.320186	136.519722	G:maj
136.519722	138.747100	G:(1,5)
138.747100	142.436195	N
142.436195	144.454756	D:(1)
144.454756	147.099768	N
147.099768	147.656613	G:(5)/5
147.656613	148.190255	G:(1,5)
148.190255	150.324826	G:maj
150.324826	151.183295	G:(1,5)
151.183295	152.552204	D:(1)
152.552204	153.735499	G:(1,5)/5
153.735499	157.146172	G:(1,5)
157.146172	157.656613	G:(1,5,b7)
157.656613	160.000000	G:(1,5)
160.000000	165.823666	N
165.823666	166.635731	G:(1,5)
166.635731	168.259861	G:maj
168.259861	169.512761	G:7
169.512761	174.385151	G:maj
174.385151	176.426914	G:(1,5)/5
176.426914	178.955916	G:maj
178.955916	180.000000	G:(1,5)
180.000000	181.368910	N
181.368910	183.062645	G:(1,5)
183.062645	183.665893	N
183.665893	184.988399	D:(1)
184.988399	186.450116	G:(1)
186.450116	187.610209	G:(1,5)
187.610209	188.515081	D:(1,5)
188.515081	200.000000	G:maj
200.000000	207.030162	N
207.030162	207.540603	G:(1,5)
207.540603	217.238979	G:maj
217.238979	218.515081	N
218.515081	220.000000	G:(1,5)
220.000000	226.450116	N
226.450116	232.064965	G:maj
232.064965	232.691415	A:7
232.691415	233.781903	D:(1,5)
233.781903	234.408353	G:maj
234.408353	236.937355	G:7
236.937355	238.886311	G:maj
238.886311	240.000000	N
240.000000	243.897912	G:maj
243.897912	245.266821	N
245.266821	258.074246	G:maj
258.074246	260.000000	N
260.000000	260.510441	G:(1)
260.510441	266.241299	N
266.241299	274.361949	G:maj
274.361949	279.419954	N
279.419954	292.529002	G:maj
292.529002	293.874710	G:7
293.874710	294.918794	G:maj
294.918794	296.241299	G:7
296.241299	297.587007	G:maj
297.587007	299.071926	D:(1)
299.071926	300.974478	G:maj
300.974478	304.756381	N
304.756381	306.983759	G:maj
306.983759	308.051044	G:(1)
308.051044	320.000000	G:maj
320.000000	322.366589	G:(1)
322.366589	322.969838	G:maj
322.969838	324.129930	G:maj/3
324.129930	326.380510	G:maj
326.380510	327.053364	G:(1,5)
327.053364	327.749420	G:(1)
327.749420	334.965197	G:maj
334.965197	335.498840	G:maj/3
335.498840	336.844548	G:maj
336.844548	339.002320	G:(1,5)
339.002320	340.000000	G:maj
340.000000	342.645012	N
342.645012	343.317865	G:(1)
343.317865	345.243619	N
345.243619	346.705336	G:(1)
346.705336	349.605568	G:(1,5)
349.605568	352.946636	G:maj
352.946636	355.545244	N
355.545244	356.334107	G:(1,5)
356.334107	357.146172	G:7
357.146172	359.095128	G:(1,5)
359.095128	360.000000	G:(1,5,b7)
360.000000	367.656613	N
367.656613	368.909513	G:7
368.909513	371.160093	N
371.160093	371.786543	D#:maj7
371.786543	373.480278	N
373.480278	374.570766	G:7
374.570766	377.703016	F:(1,9,5,b7)
377.703016	379.280742	N
379.280742	380.000000	G:7
380.000000	380.974478	C:min/5
380.974478	382.227378	N
382.227378	382.830626	A#:maj
382.830626	383.758701	D#:maj
383.758701	385.220418	N
385.220418	385.846868	G:7
385.846868	388.770302	G:sus4
388.770302	390.116009	G:(1)
390.116009	395.011601	G:(1,5)
395.011601	397.285383	N
397.285383	400.000000	F:(1,5)
400.000000	400.928074	B:maj(b6)
400.928074	403.109049	N
403.109049	404.593968	C:min
404.593968	406.890951	F:7/b7
406.890951	408.306265	G:(1)
408.306265	408.955916	G:7
408.955916	412.366589	G:maj
412.366589	413.410673	E:min7
413.410673	415.568445	A#:maj
415.568445	416.287703	C:sus4
416.287703	419.118329	D:hdim7
419.118329	420.000000	G:maj/5
420.000000	421.716937	B:(1,5)
421.716937	440.000000	N
