0.000000	5.290023	N
5.290023	9.048724	G:(1)
9.048724	13.387471	D#:maj
13.387471	18.515081	B:maj
18.515081	20.000000	D:(1)
20.000000	20.603248	G:min
20.603248	21.554524	C:min
21.554524	22.900232	G#:7/b7
22.900232	27.215777	A#:maj
27.215777	29.211137	F:maj
29.211137	30.185615	G:min7
30.185615	37.146172	C:7
37.146172	40.000000	A#:maj
40.000000	41.531323	C:(5)
41.531323	43.132251	F:maj6
43.132251	45.011601	G:min7
45.011601	49.095128	D:min7
49.095128	52.853828	F#:maj
52.853828	60.000000	N
60.000000	62.018561	F:maj
62.018561	64.129930	G:(1)
64.129930	65.197216	F:(1,5)
65.197216	69.443155	D:(1,5)
69.443155	77.865429	A#:maj
77.865429	78.723898	F:maj
78.723898	80.000000	D:7
80.000000	81.902552	G:maj
81.902552	83.062645	N
83.062645	83.619490	D:(1)
83.619490	84.315545	N
84.315545	88.074246	C:(1,5)
88.074246	89.025522	F:maj
89.025522	93.410673	N
93.410673	97.099768	G:(1,5)
97.099768	100.000000	N
100.000000	101.925754	G:(1,5)
101.925754	106.241299	D:min
106.241299	107.308585	G:(1,5)
107.308585	110.835267	G:min
110.835267	111.368910	G:(1,5)
111.368910	120.000000	G:min
120.000000	121.856148	A:min7
121.856148	123.805104	C:(1,5)
123.805104	124.431555	G:(1)
124.431555	126.450116	N
126.450116	127.587007	C:(1,5)
127.587007	129.559165	N
129.559165	139.327146	F:(1,5)
139.327146	140.000000	D#:maj7
140.000000	140.904872	D#:maj
140.904872	143.480278	D#:min
143.480278	156.566125	A#:maj
156.566125	157.146172	A#:maj7
157.146172	160.000000	A#:maj
160.000000	161.740139	N
161.740139	162.853828	D:maj
162.853828	168.816705	G:maj
168.816705	169.559165	G:(1,b7)/b5
169.559165	173.109049	D#:maj
173.109049	175.568445	G:(1,5)
175.568445	178.747100	D:(1,5)
178.747100	180.000000	D:(1)
180.000000	184.454756	A#:maj6
184.454756	189.350348	G:min7
189.350348	194.431555	D:(1,5,b7)
194.431555	197.865429	D#:maj7
197.865429	200.000000	D:min
200.000000	203.758701	C#:min7
203.758701	208.654292	G:min
208.654292	211.531323	D#:maj
211.531323	220.000000	D:min7
220.000000	221.345708	E:min
221.345708	223.573086	N
223.573086	224.454756	C:7
224.454756	225.916473	B:maj
225.916473	227.470998	A#:maj
227.470998	229.953596	N
229.953596	230.997680	A#:maj
230.997680	232.784223	A#:(3)
232.784223	240.000000	N
