0.000000	14.802784	N
14.802784	20.000000	F:minmaj7
20.000000	25.011601	N
25.011601	27.122970	G:maj
27.122970	29.048724	N
29.048724	33.410673	G:maj
33.410673	40.000000	N
40.000000	40.858469	G:(1)
40.858469	43.155452	N
43.155452	44.037123	G:maj
44.037123	46.148492	N
46.148492	60.000000	G:maj
60.000000	64.988399	G:(1)
64.988399	66.218097	N
66.218097	69.350348	G:(1)
69.350348	70.069606	N
70.069606	71.067285	G:(1)
71.067285	74.153132	N
74.153132	75.243619	C:(1,5)
75.243619	78.538283	N
78.538283	80.000000	G:(1)
80.000000	85.197216	N
85.197216	92.111369	G:maj
92.111369	93.433875	N
93.433875	94.686775	C:min
94.686775	95.522042	N
95.522042	99.257541	G#:maj
99.257541	100.000000	N
100.000000	102.111369	C:(1,5)
102.111369	110.208817	N
110.208817	112.459397	G:maj
112.459397	115.522042	C:maj
115.522042	117.656613	G:(1)
117.656613	120.000000	N
120.000000	120.742459	G:(1)
120.742459	122.459397	N
122.459397	123.503480	G:maj
123.503480	126.380510	N
126.380510	127.494200	G:maj
127.494200	128.700696	G:7
128.700696	129.605568	N
129.605568	131.345708	G:maj
131.345708	133.294664	N
133.294664	135.150812	G:maj
135.150812	140.000000	G:(1,5)
140.000000	141.740139	N
141.740139	142.389791	G:(1)
142.389791	143.387471	G:(1,5)
143.387471	144.037123	N
144.037123	146.334107	G:(1)
146.334107	148.839907	G:(1,5)
148.839907	150.069606	G:(1)
150.069606	160.000000	G:(1,5)
160.000000	162.969838	G:maj
162.969838	166.357309	N
166.357309	169.095128	G:maj
169.095128	169.605568	G:maj(b6)
169.605568	178.979118	G:maj
178.979118	186.914153	N
186.914153	187.656613	G:(1)
187.656613	189.350348	N
189.350348	191.113689	G:(1)
191.113689	192.807425	G:7
192.807425	194.245940	G:(1,5)
194.245940	195.359629	G:(1)
195.359629	197.076566	N
197.076566	198.259861	G:(1)
198.259861	200.000000	N
200.000000	202.436195	D#:maj/3
202.436195	202.993039	N
202.993039	203.735499	G#:maj
203.735499	210.672854	N
210.672854	212.389791	G:maj
212.389791	216.194896	G#:maj
216.194896	218.816705	G:maj
218.816705	227.122970	N
227.122970	228.979118	G:(1)
228.979118	235.591647	G:maj
235.591647	238.375870	G:(1)
238.375870	240.000000	G:(1,5)
240.000000	240.835267	C:(5)/5
240.835267	241.740139	N
241.740139	242.714617	G:(1)
242.714617	247.656613	N
247.656613	250.719258	G:(1)
250.719258	252.529002	N
252.529002	254.965197	G:(1)
254.965197	259.327146	C:maj(b6)
259.327146	260.000000	C:maj(b6)/5
260.000000	260.533643	G:maj
260.533643	269.651972	N
269.651972	271.044084	G:(1)
271.044084	272.575406	N
272.575406	273.109049	G:(1)
273.109049	273.642691	G:(1,5)
273.642691	274.199536	G:(1)
274.199536	280.000000	N
280.000000	280.997680	G:(1)
280.997680	281.600928	G:(1,5)
281.600928	282.204176	G:(1)
282.204176	285.197216	N
285.197216	285.916473	G:maj
285.916473	286.960557	D#:maj
286.960557	290.603248	G:(1)
290.603248	292.575406	G:maj
292.575406	295.406032	G:(1)
295.406032	296.566125	F:(1,5)
296.566125	297.610209	F:maj
297.610209	300.000000	F:(1,5)
300.000000	306.705336	N
306.705336	308.422274	G:(1)
308.422274	315.382831	G:maj
315.382831	316.589327	G:(1)
316.589327	317.192575	N
317.192575	318.863109	G:(1)
318.863109	319.443155	G:(1,5)
319.443155	320.000000	G:(1)
320.000000	326.450116	N
326.450116	327.656613	G:(1)
327.656613	330.324826	N
330.324826	331.113689	G:(1)
331.113689	370.417633	N
370.417633	375.197216	G:maj
375.197216	378.770302	N
378.770302	380.000000	G:maj
380.000000	390.440835	N
390.440835	391.832947	G:maj
391.832947	392.853828	N
392.853828	393.712297	G:maj
393.712297	396.496520	N
396.496520	397.911833	G:maj
397.911833	406.125290	N
406.125290	406.983759	G:maj
406.983759	440.000000	N
