0.000000	3.805104	A#:9
3.805104	4.524362	A#:maj
4.524362	8.329466	D#:maj
8.329466	10.904872	G:min7
10.904872	18.027842	A#:maj6
18.027842	20.000000	G:sus4(b7)
20.000000	23.062645	A:(1,4,b7)
23.062645	26.728538	G:min7
26.728538	29.930394	D#:maj7
29.930394	40.000000	D:min7
40.000000	51.693735	F#:hdim7
51.693735	54.941995	G:7
54.941995	56.519722	C:maj
56.519722	60.000000	D:min7(4)
60.000000	60.603248	G:sus4
60.603248	65.498840	C:(1,5)
65.498840	66.519722	G:(1,5)
66.519722	72.250580	G:maj
72.250580	73.109049	G:(1,5)
73.109049	74.547564	G:maj
74.547564	75.174014	D:(1,5,b7)
75.174014	75.823666	G:(1,5)
75.823666	76.635731	D:7
76.635731	80.000000	D:(1)
80.000000	80.881671	C:(1,5)
80.881671	85.336427	F:maj
85.336427	90.092807	D:min
90.092807	91.948956	G:(1,5)
91.948956	92.529002	C:(1,5)
92.529002	100.000000	G:(1,5)
100.000000	100.510441	D:min7
100.510441	101.299304	A#:maj
101.299304	106.078886	D#:maj
106.078886	110.000000	C:(1,5)
110.000000	118.909513	C:maj
118.909513	120.000000	D:min
120.000000	121.786543	G:maj
121.786543	123.758701	C:maj
123.758701	125.545244	N
125.545244	131.276102	C:(1,5)
131.276102	132.691415	D:(1,4,b7)
132.691415	137.633411	G:7
137.633411	140.000000	C:(1,5)
140.000000	146.264501	N
146.264501	150.324826	C:maj
150.324826	157.563805	G:maj
157.563805	158.306265	D:(1,4,b7)
158.306265	160.000000	G:sus4
160.000000	161.345708	F:(1,5)
161.345708	165.197216	D:(1,4,b7)
165.197216	168.654292	G:(1,5)
168.654292	174.965197	G:maj
174.965197	176.728538	F:min
176.728538	177.587007	D:min7(4)
177.587007	178.863109	G:sus4
178.863109	180.000000	G:(1,5)
180.000000	200.000000	N
200.000000	200.997680	G:(1,5)
200.997680	208.561485	N
208.561485	212.250580	G:min7
212.250580	215.336427	D#:maj7
215.336427	219.048724	G:sus4(b7)
219.048724	220.000000	A#:maj
220.000000	220.672854	D#:maj
220.672854	222.436195	F:(1,5)
222.436195	229.883991	N
229.883991	235.638051	G:(1)
235.638051	237.563805	F:(1,5)
237.563805	240.000000	D:7
240.000000	260.000000	N
