0.000000	6.334107	N
6.334107	7.238979	G:maj
7.238979	11.461717	G:7
11.461717	12.505800	G:maj
12.505800	13.897912	G:7
13.897912	14.524362	G:maj
14.524362	17.842227	G:7
17.842227	19.211137	G:maj
19.211137	20.000000	G:7
20.000000	21.090487	G:(1,5)
21.090487	25.591647	C:maj
25.591647	26.287703	G:(1,5)
26.287703	27.888631	C:maj
27.888631	28.839907	G:(1,5)
28.839907	30.464037	C:maj
30.464037	31.299304	G:(1,5)
31.299304	32.529002	C:maj
32.529002	33.201856	G:min
33.201856	33.851508	G:(1,5,b7)
33.851508	35.266821	C:maj
35.266821	36.357309	G:(1,5)
36.357309	37.517401	C:maj
37.517401	38.816705	G:(1,5)
38.816705	40.000000	C:maj
40.000000	41.299304	G:(1,5)
41.299304	42.273782	C:maj
42.273782	44.849188	G:maj
44.849188	46.357309	G:(1,5)
46.357309	48.051044	C:maj
48.051044	48.932715	G:(1,5)
48.932715	50.185615	C:maj
50.185615	51.276102	G:(1,5)
51.276102	55.150812	C:maj
55.150812	57.238979	G:(1)
57.238979	58.932715	G:(1,5)
58.932715	60.000000	C:(1,5)
60.000000	61.461717	G:(1,5)
61.461717	62.204176	C:(1,5)
62.204176	63.967517	G:(1,4)
63.967517	65.545244	C:(1,5)
65.545244	66.403712	G:(1,4)
66.403712	68.515081	C:(1,5)
68.515081	72.969838	G:(1,5,b7)
72.969838	76.960557	G:maj
76.960557	80.000000	F:maj7
80.000000	80.904872	G:sus4(6)
80.904872	82.134571	A:min7
82.134571	84.106729	D:min(b6)
84.106729	87.819026	G:sus4(b7)
87.819026	88.654292	G:maj6
88.654292	92.621810	G:7
92.621810	95.243619	F:maj7
95.243619	97.610209	E:min7(4)
97.610209	100.000000	D:min(b6)
100.000000	102.877030	C:(1,5,b7)
102.877030	108.004640	F:min7
108.004640	109.164733	D#:7
109.164733	110.533643	G#:7
110.533643	112.180974	C#:maj7
112.180974	113.132251	G:7
113.132251	114.988399	C:maj
114.988399	116.937355	C:maj(9)/5
116.937355	118.259861	C:(1,5,b7)
118.259861	119.118329	F:maj7
119.118329	120.000000	F:(1,5,7)
120.000000	124.501160	G:sus4(b7)
124.501160	126.078886	D:min7
126.078886	127.030162	C:maj
127.030162	128.723898	G:(1,5)
128.723898	131.786543	C:maj
131.786543	132.552204	G:maj
132.552204	133.897912	G:sus4
133.897912	134.617169	C:maj
134.617169	138.167053	C:maj/5
138.167053	138.955916	G:(1,5)
138.955916	140.000000	C:maj
140.000000	141.995360	G:maj
141.995360	143.085847	G:min
143.085847	144.129930	G:maj
144.129930	146.009281	C:maj
146.009281	146.983759	G:(1)
146.983759	147.842227	G:maj
147.842227	150.046404	G:7
150.046404	152.505800	G:maj
152.505800	154.129930	G:(1,5)
154.129930	154.918794	C:(1,5)
154.918794	157.378190	G:(1,5)
157.378190	159.396752	C:maj/5
159.396752	160.533643	C:maj
160.533643	161.902552	N
161.902552	163.341067	C:maj
163.341067	166.125290	C:(1,5)
166.125290	166.728538	G:(1)
166.728538	173.201856	N
173.201856	176.844548	C:(1,5)
176.844548	177.470998	C:maj
177.470998	178.143852	G:sus4
178.143852	179.419954	G:maj
179.419954	180.000000	C:maj
180.000000	182.227378	G:min7
182.227378	184.408353	F:maj7
184.408353	187.494200	E:min7
187.494200	188.700696	D:7
188.700696	189.489559	G:(1,5)
189.489559	191.160093	C:(1,5)
191.160093	193.549884	G:maj6
193.549884	197.099768	G:maj
197.099768	197.633411	F:maj7
197.633411	200.000000	F:maj
200.000000	204.524362	E:7
204.524362	209.976798	C:(1,5)
209.976798	212.505800	A#:maj6
212.505800	214.617169	D#:7
214.617169	218.306265	C#:maj7
218.306265	220.000000	G:7
220.000000	222.273782	C:(1,5)
222.273782	223.549884	F:maj7
223.549884	227.331787	A#:maj
227.331787	228.515081	D#:maj
228.515081	230.394432	D:7
230.394432	231.531323	G:(1,5)
231.531323	232.807425	G:maj
232.807425	233.689095	G:maj6
233.689095	235.243619	G:maj
235.243619	237.169374	C:(1,5,b7)
237.169374	238.399072	F:maj7
238.399072	239.466357	A#:maj
239.466357	240.000000	C:(1,5,b7)
240.000000	241.299304	A:7
241.299304	242.296984	D#:(3)
242.296984	245.568445	D:min
245.568445	247.795824	G:(1,5)
247.795824	249.837587	G:(1)
249.837587	252.366589	C:(1,5)
252.366589	253.410673	F:maj
253.410673	254.802784	A#:maj
254.802784	257.401392	E:min7
257.401392	258.863109	D:min(b6)
258.863109	260.000000	G:(1)
260.000000	262.389791	C:min7
262.389791	267.447796	F:(1,5,b7)
267.447796	268.097448	D#:min7
268.097448	269.675174	D#:(1,5,b7)
269.675174	271.670534	C#:maj7
271.670534	273.526682	G:7
273.526682	277.354988	G:(1,5,b7)
277.354988	280.000000	F:(1,5)
280.000000	282.621810	G:maj
282.621810	283.503480	D:(1)
283.503480	286.055684	G:(1,5)
286.055684	287.888631	C:(1,5)
287.888631	295.730858	G:(1,5)
295.730858	302.552204	G:(1)
302.552204	305.081206	N
305.081206	305.591647	G:(1)
305.591647	306.194896	C:(5)/5
306.194896	307.424594	C:(1,5)
307.424594	307.935035	G:(1)
307.935035	310.208817	G:(1,5)
310.208817	312.714617	G:(1)
312.714617	314.338747	N
314.338747	316.032483	C:(1,5)
316.032483	319.164733	G:(1)
319.164733	320.000000	C:(1,5)
320.000000	321.600928	C:maj
321.600928	323.990719	C:(1,5)
323.990719	325.591647	C:maj
325.591647	328.306265	G:maj
328.306265	334.153132	A:7/3
334.153132	337.122970	D:min7
337.122970	339.071926	G:sus4(b7)
339.071926	340.000000	C:maj
340.000000	340.858469	G:maj
340.858469	342.111369	G:maj6
342.111369	345.986079	G:min7
345.986079	347.238979	A#:maj6
347.238979	349.628770	A:maj
349.628770	351.600928	D#:minmaj7
351.600928	352.320186	C:(1,5)
352.320186	353.387471	G:sus4(b7)
353.387471	354.570766	C:maj
354.570766	355.800464	F:min7
355.800464	356.937355	A#:maj
356.937355	358.932715	A#:maj6
358.932715	360.000000	D#:min7
360.000000	360.603248	G#:sus4(b7)
360.603248	362.412993	G#:7
362.412993	363.225058	N
363.225058	363.874710	G:(1)
363.874710	364.709977	C:maj
364.709977	365.545244	N
365.545244	366.426914	G:maj
366.426914	367.517401	C:(1,5,b7)
367.517401	368.120650	G:min7
368.120650	373.132251	A:7/b7
373.132251	376.473318	A:7
376.473318	377.610209	C:(1,5)
377.610209	378.422274	C:maj
378.422274	380.000000	C:(1,5)
380.000000	380.997680	C:maj
380.997680	383.967517	C:(1,5)
383.967517	384.663573	G:(1)
384.663573	386.612529	N
386.612529	390.672854	C:maj
390.672854	391.461717	N
391.461717	393.062645	C:maj
393.062645	396.426914	N
396.426914	401.809745	C:maj
401.809745	408.955916	C:(1,5)
408.955916	411.044084	C:maj
411.044084	414.245940	C:(1,5)
414.245940	420.000000	G:sus4
420.000000	420.533643	C:(1,5)/5
420.533643	423.596288	C:(1,5)
423.596288	427.146172	C:(1,5,b7)
427.146172	428.561485	C:(1,5)
428.561485	429.582367	C:maj
429.582367	431.113689	C:(1,5)
431.113689	432.993039	A:min7
432.993039	434.593968	D:sus4(b7)
434.593968	435.150812	F:(5)
435.150812	440.000000	N
440.000000	441.183295	C:min/5
441.183295	445.661253	C:maj
445.661253	460.000000	N
