0.000000	0.881671	N
0.881671	1.693735	D#:min
1.693735	7.169374	N
7.169374	13.758701	D:(1)
13.758701	14.477958	A#:maj6
14.477958	16.241299	D#:7
16.241299	17.911833	G:min7
17.911833	20.000000	F:maj
20.000000	22.157773	G:(1,5)
22.157773	22.784223	D#:maj
22.784223	24.176334	G:min
24.176334	26.682135	F:maj
26.682135	27.238979	B:min
27.238979	28.306265	G:maj/3
28.306265	30.394432	D#:7
30.394432	32.923434	A:7
32.923434	33.573086	D#:maj7
33.573086	35.336427	D#:maj
35.336427	37.238979	D:min7(4)
37.238979	38.584687	C:maj
38.584687	40.000000	D:min7
40.000000	41.740139	F:(1)
41.740139	42.969838	A#:maj
42.969838	44.315545	F:(1,5)
44.315545	49.095128	F:min
49.095128	53.294664	G:(1,5)
53.294664	55.174014	D#:maj7
55.174014	57.053364	A#:maj
57.053364	59.327146	C:maj
59.327146	60.000000	D:min7
60.000000	61.647332	F:maj
61.647332	69.095128	G:(1)
69.095128	74.060325	D#:maj
74.060325	77.842227	G:sus4
77.842227	80.000000	C:7
80.000000	81.600928	D:maj
81.600928	83.132251	G:min
83.132251	86.705336	D#:maj
86.705336	92.343387	G:min
92.343387	100.000000	D:(1,5)
100.000000	103.851508	D:min7
103.851508	106.983759	D#:maj/3
106.983759	110.069606	G:(1,5)
110.069606	120.000000	G:min
120.000000	120.672854	C:(1,5)
120.672854	125.846868	G:(1,5)
125.846868	129.071926	C#:7
129.071926	133.178654	A#:maj6
133.178654	134.501160	D:min(4)
134.501160	137.587007	F:sus4(9,b7)
137.587007	140.000000	N
140.000000	141.276102	G:maj/3
141.276102	141.995360	N
141.995360	146.798144	G:(1)
146.798144	148.236659	N
148.236659	149.164733	G:7
149.164733	151.229698	N
151.229698	153.109049	G:(1)/5
153.109049	155.614849	D:maj
155.614849	158.863109	A#:maj
158.863109	160.000000	C:(1,5)
160.000000	162.064965	F:maj
162.064965	163.317865	G:(1,5)
163.317865	167.378190	N
167.378190	174.825986	D:(1)
174.825986	175.986079	A#:maj
175.986079	180.000000	G:(1,5,b7)
180.000000	182.645012	G:sus4(b7)
182.645012	183.921114	C:(1,5)
183.921114	194.454756	A#:maj
194.454756	194.965197	A#:7
194.965197	196.867749	A#:maj
196.867749	197.470998	G:sus4
197.470998	199.002320	G:sus4(b7)
199.002320	200.000000	A:min7
200.000000	203.781903	G:(1)
203.781903	205.498840	N
205.498840	209.118329	G:(1,5,b7)
209.118329	210.440835	G:7
210.440835	211.392111	G:min
211.392111	211.902552	G:(1)
211.902552	213.549884	G:(1,5)
213.549884	215.893271	D:min
215.893271	217.772622	G:(1,5)
217.772622	218.700696	G:(5,b7)
218.700696	220.000000	G:(1,5)
220.000000	221.252900	D:sus4(b7)
221.252900	222.714617	C:min
222.714617	224.547564	G:(1,b7)
224.547564	227.587007	G:(1)
227.587007	230.928074	F:(1,5,6)
230.928074	234.269142	G:(1,5)
234.269142	237.378190	D:(1,5,b7)
237.378190	238.793503	G:(1,5,b7)
238.793503	240.000000	C:maj
240.000000	243.503480	F:maj
243.503480	244.129930	G:(1)
244.129930	247.981439	N
247.981439	248.538283	G:min7
248.538283	250.510441	G:(1,b7)
250.510441	254.292343	D#:maj/3
254.292343	255.429234	D:7
255.429234	255.962877	G:(1,5)
255.962877	258.352668	G:(1)
258.352668	259.234339	G:(1,b7)
259.234339	260.000000	C:maj
260.000000	260.672854	A#:(3)
260.672854	262.064965	A:min
262.064965	265.846868	C:(1,5)
265.846868	266.821346	G:min
266.821346	270.997680	A:7
270.997680	274.965197	D#:maj
274.965197	277.865429	D:(1,5,b7)
277.865429	279.234339	N
279.234339	280.000000	G:min
280.000000	280.974478	G:(1)
280.974478	282.412993	F:maj
282.412993	285.336427	G:maj
285.336427	287.169374	G:(1)
287.169374	288.422274	N
288.422274	291.183295	G:(1)
291.183295	292.436195	G:min
292.436195	293.039443	C:(1,5)
293.039443	294.269142	G:(1)
294.269142	298.747100	D:7
298.747100	300.000000	C:sus4
300.000000	301.252900	C:maj
301.252900	306.102088	F:7
306.102088	307.610209	G:min
307.610209	308.259861	F#:min
308.259861	315.034803	B:7
315.034803	316.867749	D:7
316.867749	320.000000	D#:maj
320.000000	323.526682	C:(1,5)
323.526682	328.236659	N
328.236659	331.160093	G:(1)
331.160093	337.470998	G:(1,5)
337.470998	338.793503	C:(1,5)
338.793503	340.000000	N
340.000000	341.763341	A#:(1,6)
341.763341	352.296984	N
352.296984	353.387471	A#:(1,6)
353.387471	354.941995	C:min
354.941995	355.846868	D:min
355.846868	360.000000	N
360.000000	363.039443	G:min
363.039443	363.805104	F:(1,5)
363.805104	365.104408	N
365.104408	367.726218	G:(1)
367.726218	372.204176	G:(1,5,b7)
372.204176	373.828306	D#:maj
373.828306	376.264501	C:(1,5)
376.264501	378.816705	D:min7
378.816705	380.000000	A#:maj6
380.000000	383.317865	G:min
383.317865	387.610209	N
387.610209	389.930394	G:min7
389.930394	391.067285	F:(1,5)
391.067285	392.343387	E:7
392.343387	400.000000	G:(1,5)
400.000000	400.719258	F:(1,5)
400.719258	402.529002	C:7
402.529002	404.361949	F:maj
404.361949	405.522042	N
405.522042	407.935035	G:min
407.935035	408.584687	F:maj
408.584687	411.113689	C#:7
411.113689	412.366589	A#:7
412.366589	414.756381	G:min
414.756381	418.329466	F:maj
418.329466	420.000000	A#:maj
420.000000	420.788863	G#:(1,5,7)
420.788863	423.480278	C:7
423.480278	426.264501	F:maj
426.264501	428.491879	A#:maj
428.491879	431.090487	B:7
431.090487	432.180974	B:dim
432.180974	435.800464	A#:maj
435.800464	439.118329	D:7
439.118329	440.000000	G:min
440.000000	442.993039	D#:maj
442.993039	444.849188	F:maj
444.849188	446.287703	N
446.287703	447.215777	G:min
447.215777	448.584687	N
448.584687	452.250580	C#:maj
452.250580	454.709977	G:min
454.709977	458.747100	D:(1,5,b7)
458.747100	460.000000	G:min
460.000000	463.921114	D#:maj
463.921114	465.243619	G:(1,5,b7)
465.243619	469.767981	G:min
469.767981	471.206497	F:(1,5)
471.206497	472.412993	A#:maj6
472.412993	477.842227	D#:maj7
477.842227	480.000000	G:sus4(b7)
480.000000	480.626450	G:min
480.626450	485.243619	N
485.243619	490.881671	G:(1,5)
490.881671	492.111369	A#:maj
492.111369	492.668213	D#:maj7
492.668213	500.000000	D#:maj
500.000000	507.656613	D:(1,4,b7)
507.656613	508.677494	D:min
508.677494	509.257541	G:7
509.257541	509.930394	G:(1,5,b7)
509.930394	515.939675	G:7
515.939675	520.000000	D:min7
520.000000	521.624130	F:(7)/7
521.624130	522.761021	A:maj
522.761021	526.914153	N
526.914153	529.512761	G:(1,b7)
529.512761	530.185615	N
530.185615	530.881671	G:maj/3
530.881671	540.000000	G:maj
540.000000	540.742459	C:(1,5)/9
540.742459	544.013921	N
544.013921	545.174014	G:(1,5,b7)
545.174014	547.656613	C#:(3,b7)
547.656613	549.095128	D:7
549.095128	550.255220	G:(1,5,b7)
550.255220	554.686775	A:7
554.686775	556.055684	D:7
556.055684	557.262181	A#:maj
557.262181	558.491879	G:(1,5,b7)
558.491879	559.257541	N
559.257541	560.000000	G:(1,5,b7)
560.000000	563.480278	A#:maj6
563.480278	568.306265	G:(1)
568.306265	568.839907	G:(1,5)
568.839907	570.974478	G:(1)
570.974478	573.201856	G:(1,5)
573.201856	574.338747	G:(1)
574.338747	575.730858	N
575.730858	577.494200	G:(1,5)
577.494200	580.000000	G:(1)
580.000000	581.577726	C:(1,5)
581.577726	583.805104	G:(1)
583.805104	584.872390	N
584.872390	586.844548	G:(1)
586.844548	589.327146	N
589.327146	592.714617	G:(1)
592.714617	594.640371	D:7
594.640371	595.313225	A#:maj
595.313225	597.494200	A#:maj6
597.494200	598.375870	C:maj
598.375870	600.000000	C:7
600.000000	602.250580	N
602.250580	602.969838	G:(1)
602.969838	608.143852	N
608.143852	611.740139	D#:maj
611.740139	613.503480	D:(1,4)
613.503480	617.354988	D#:maj
617.354988	618.631090	G:(1)
618.631090	619.350348	N
619.350348	620.000000	G:(1)
620.000000	621.160093	D#:(3)/3
621.160093	622.389791	D#:maj
622.389791	626.218097	N
626.218097	627.679814	G:(1)
627.679814	632.227378	G:maj
632.227378	635.081206	D#:maj
635.081206	636.519722	G:maj
636.519722	638.863109	G:(1)
638.863109	640.000000	N
640.000000	641.044084	G:maj
641.044084	641.972158	G:(1)
641.972158	643.433875	G:maj
643.433875	644.106729	G:(1,5)
644.106729	645.429234	G:(1)
645.429234	646.009281	G:maj
646.009281	649.164733	G:(1,5)
649.164733	649.976798	G:maj
649.976798	651.461717	G:(1,5)
651.461717	652.204176	G:maj
652.204176	654.501160	G:(1,5)
654.501160	655.174014	G:maj
655.174014	656.890951	G:(1,5)
656.890951	660.000000	G:maj
660.000000	665.661253	N
665.661253	667.772622	D#:maj
667.772622	668.747100	G:(1,5)
668.747100	670.464037	D:(1)
670.464037	675.498840	G:(1)
675.498840	676.125290	G:maj
676.125290	687.030162	N
687.030162	694.199536	G:(1)
694.199536	695.707657	G:(1,5)
695.707657	696.241299	G:7
696.241299	697.610209	G:maj
697.610209	701.067285	G:(1)
701.067285	702.366589	G:(1,5)
702.366589	708.422274	N
708.422274	710.672854	D#:7
710.672854	711.995360	G:(1,5)
711.995360	715.406032	G:7
715.406032	717.633411	G:(1,5,b7)
717.633411	720.000000	A#:7
720.000000	721.345708	G:(1,5,b7)
721.345708	723.039443	G:(1,5)
723.039443	724.245940	G:min
724.245940	725.475638	G:(1)
725.475638	727.030162	N
727.030162	727.865429	D:(1)
727.865429	729.744780	G:min
729.744780	733.805104	G:(1,5)
733.805104	736.009281	G:(1)
736.009281	736.705336	A#:maj
736.705336	738.213457	G:(1,5,b7)
738.213457	740.000000	G:maj
740.000000	741.484919	B:7
741.484919	742.204176	D#:7
742.204176	745.638051	D#:maj
745.638051	746.612529	N
746.612529	747.610209	G:(1)
747.610209	760.000000	N
