0.000000	3.085847	N
3.085847	3.828306	A:maj
3.828306	5.568445	N
5.568445	6.890951	A:maj
6.890951	10.881671	A:7
10.881671	12.343387	E:(b3)
12.343387	14.965197	N
14.965197	16.032483	D:min
16.032483	20.000000	D:(1,4,b7)
20.000000	23.016241	A:min
23.016241	24.129930	D:(1,5,b7)
24.129930	27.865429	D:sus4(9,b7)
27.865429	36.751740	D#:min6
36.751740	40.000000	D:min7
40.000000	40.533643	N
40.533643	42.389791	D:(1,5)
42.389791	43.526682	D:(1,5,b7)
43.526682	53.503480	C:maj
53.503480	57.633411	D:(1,5)
57.633411	60.000000	A#:min7
60.000000	62.412993	D#:min/b3
62.412993	64.153132	D#:min
64.153132	77.169374	D:(1,5)
77.169374	78.747100	C:maj
78.747100	80.000000	D:(1,5,b7)
80.000000	81.252900	D:(1,5)
81.252900	82.900232	D:maj
82.900232	86.914153	C:maj
86.914153	87.772622	N
87.772622	89.327146	C:maj
89.327146	90.069606	N
90.069606	93.387471	C:maj
93.387471	96.658933	D:(1,5)
96.658933	97.215777	D:(1)
97.215777	100.000000	D:(1,5)
100.000000	102.877030	C:maj
102.877030	106.125290	D:maj
106.125290	114.454756	C:maj
114.454756	115.893271	D:maj
115.893271	117.215777	N
117.215777	120.000000	D:maj
120.000000	123.457077	F#:(1)
123.457077	124.570766	E:min
124.570766	132.204176	C:maj
132.204176	137.076566	G:(1,5)
137.076566	139.303944	D:(1)
139.303944	140.000000	C:maj
140.000000	143.387471	E:(1,b6)
143.387471	149.767981	D:maj
149.767981	150.533643	C:(1)
150.533643	151.693735	D#:maj
151.693735	156.914153	D:(1)
156.914153	158.955916	D:7
158.955916	160.000000	D:maj
160.000000	161.554524	C:maj
161.554524	164.129930	D:maj
164.129930	164.640371	C:maj
164.640371	174.060325	D:maj
174.060325	175.104408	N
175.104408	175.614849	D:maj
175.614849	177.517401	D:(1,5)
177.517401	180.000000	N
180.000000	181.809745	D:maj
181.809745	184.385151	N
184.385151	185.661253	D:(1,5)
185.661253	195.336427	C:(1)
195.336427	196.055684	D:maj
196.055684	200.000000	D:(1,5)
200.000000	201.554524	A:(1)/4
201.554524	207.563805	D:maj
207.563805	208.329466	G:maj
208.329466	211.136891	E:min
211.136891	213.364269	E:min7
213.364269	214.385151	C:maj
214.385151	216.148492	F:maj
216.148492	217.795824	N
217.795824	218.932715	F:min
218.932715	220.000000	F:min6
220.000000	223.085847	F:maj
223.085847	223.851508	F:(1,5)
223.851508	225.034803	N
225.034803	226.589327	D:maj
226.589327	232.482599	D:(1,5)
232.482599	233.016241	A:(1,5,b7)
233.016241	234.501160	D:(1,5)
234.501160	237.656613	C:maj/3
237.656613	240.000000	D:(1,4,b7)
240.000000	242.668213	D:(1)
242.668213	245.382831	N
245.382831	245.893271	A:(5)/5
245.893271	251.090487	N
251.090487	251.716937	D#:maj
251.716937	252.877030	F:maj
252.877030	255.916473	D:(5)
255.916473	257.911833	G:(1,5)
257.911833	259.489559	F:maj
259.489559	260.000000	N
260.000000	266.264501	D:maj
266.264501	267.563805	D:(1,5)
267.563805	270.000000	D:maj
270.000000	275.266821	D:(1)
275.266821	277.610209	C:maj
277.610209	280.000000	D:7
280.000000	282.459397	N
282.459397	290.858469	F:maj
290.858469	291.438515	D:(1)
291.438515	292.784223	F:maj
292.784223	294.477958	D:(1,5)
294.477958	296.287703	F:maj
296.287703	297.099768	D:(1,5)
297.099768	297.935035	G:maj
297.935035	299.211137	N
299.211137	302.993039	D:maj
302.993039	303.526682	G:(1,5)
303.526682	304.454756	B:min
304.454756	305.498840	D:maj
305.498840	307.006961	B:min
307.006961	307.610209	D#:maj
307.610209	320.000000	D:maj
320.000000	326.983759	D:min
326.983759	327.633411	D:(1,5)
327.633411	329.883991	D:min
329.883991	330.510441	D:min7
330.510441	332.621810	D:min
332.621810	335.313225	D#:maj
335.313225	336.844548	F:min7/b7
336.844548	337.911833	D#:(1,4,6)
337.911833	338.631090	G#:maj/5
338.631090	340.000000	D#:(1,4,6)
340.000000	342.714617	D:(1,5,b7)
342.714617	349.512761	D:(1,5)
349.512761	355.011601	A:min7
355.011601	356.055684	D:(1,5,b7)
356.055684	360.000000	D:min7
360.000000	364.245940	A#:maj
364.245940	370.510441	D#:maj
370.510441	371.368910	D:(1,4,b7)
371.368910	372.830626	G:sus4
372.830626	374.013921	D:(1,5,b7)
374.013921	375.382831	D:(1,4,b7)
375.382831	376.125290	D:sus4(b7)
376.125290	380.000000	D:(1,5,b7)
380.000000	382.343387	D:maj
382.343387	392.923434	N
392.923434	397.517401	G#:maj
397.517401	400.000000	N
400.000000	403.526682	A#:maj
403.526682	405.034803	F:maj
405.034803	420.000000	D:(1,5)
420.000000	423.689095	C#:(1,5,7)
423.689095	427.865429	N
427.865429	428.700696	G:(1,5)
428.700696	430.464037	D:(1)
430.464037	436.380510	E:min7
436.380510	438.839907	G:(1,5)
438.839907	440.000000	N
440.000000	442.621810	C:(5)
442.621810	443.897912	C:maj
443.897912	446.194896	N
446.194896	448.468677	C:maj
448.468677	449.303944	D#:maj
449.303944	460.000000	C:maj
460.000000	461.322506	D:(1)
461.322506	472.923434	D:(1,5)
472.923434	477.633411	G:(1,5)
477.633411	480.000000	F:(5)
480.000000	481.786543	D:maj
481.786543	483.921114	N
483.921114	485.823666	D#:(1,5)
485.823666	487.401392	C:maj
487.401392	490.696056	A:min7
490.696056	492.041763	C:maj
492.041763	492.830626	D:(1,5)
492.830626	500.000000	D:sus4(b7)
500.000000	500.928074	D:(1)
500.928074	503.433875	N
503.433875	505.870070	D:(1,5)
505.870070	510.069606	N
510.069606	513.758701	D:maj
513.758701	514.338747	D:(1,5)
514.338747	515.081206	D:(1)
515.081206	517.587007	D:(1,5)
517.587007	520.000000	C:maj
520.000000	524.176334	F:maj
524.176334	527.819026	D:(1,5,b7)
527.819026	538.677494	D:(1,5)
538.677494	540.000000	D#:maj
540.000000	543.967517	A#:min7
543.967517	546.658933	D:(1,5,b7)
546.658933	553.225058	G:sus4
553.225058	560.000000	D:(1,5,b7)
560.000000	560.510441	D:maj
560.510441	565.707657	D:(1,5)
565.707657	566.450116	D#:(1,5,b7)
566.450116	567.053364	D#:maj
567.053364	570.742459	D#:(1,5)
570.742459	580.000000	D:(1,5)
580.000000	582.343387	A#:maj6
582.343387	583.410673	D:min
583.410673	584.756381	N
584.756381	587.285383	D:(1,5)
587.285383	589.883991	D:maj
589.883991	592.157773	A:(1,5,b7)
592.157773	596.009281	C:(5)
596.009281	600.000000	N
600.000000	601.856148	D:(1,5)
601.856148	604.060325	G:(1,5)
604.060325	606.821346	N
606.821346	607.958237	D:(1,5,b7)
607.958237	609.327146	G:sus4
609.327146	610.000000	D:(1,5)
610.000000	615.986079	D:sus4
615.986079	616.705336	D:(1,5)
616.705336	619.373550	D:(1,5,b7)
619.373550	620.000000	D:(1,5)
620.000000	621.508121	D#:(1,5,b7)
621.508121	622.807425	F:(5)
622.807425	623.897912	D#:min
623.897912	640.000000	N
640.000000	642.227378	D:(1)
642.227378	643.364269	N
643.364269	644.199536	D:(1)
644.199536	648.283063	N
648.283063	650.000000	C#:maj
650.000000	654.686775	N
654.686775	656.380510	G:(1)
656.380510	659.489559	N
659.489559	660.000000	D:maj
660.000000	661.322506	N
661.322506	661.902552	D:(5)
661.902552	663.341067	D:maj
663.341067	671.252900	N
671.252900	674.361949	D:(1,5)
674.361949	677.610209	N
677.610209	678.654292	D#:(1)
678.654292	683.178654	N
683.178654	683.967517	A:min
683.967517	688.886311	N
688.886311	689.698376	G:(1,5)
689.698376	692.041763	G:maj
692.041763	692.830626	D:(1)
692.830626	695.800464	N
695.800464	698.979118	E:(1)
698.979118	700.000000	D:(1,5)
700.000000	703.364269	N
703.364269	704.292343	D#:(1,5)
704.292343	706.705336	G#:maj/3
706.705336	711.252900	N
711.252900	712.459397	G:(1,5)
712.459397	713.085847	N
713.085847	713.712297	D:(1)
713.712297	717.006961	N
717.006961	720.000000	G:(1,5)
720.000000	721.786543	F:maj
721.786543	723.109049	C:maj
723.109049	724.361949	N
724.361949	725.429234	G:(1,5)
725.429234	730.324826	N
730.324826	732.529002	F:7
732.529002	734.686775	C:(1,5)
734.686775	736.078886	D:7
736.078886	737.285383	C:(1,5)
737.285383	740.000000	D:(1,5,b7)
740.000000	744.037123	N
744.037123	746.774942	D:(1,5)
746.774942	747.842227	E:min7
747.842227	751.299304	D:sus4(b7)
751.299304	755.127610	D:(1,5)
755.127610	758.886311	D:sus4(b7)
758.886311	760.000000	G#:maj/5
760.000000	761.020882	D#:(1,6)
761.020882	775.522042	G#:maj/5
775.522042	780.000000	D:(1,5,b7)
780.000000	780.742459	D:min7
780.742459	781.368910	D:min7(4)
781.368910	782.343387	D:min7
782.343387	782.969838	A:min7
782.969838	785.962877	D:min7
785.962877	792.807425	A:min7
792.807425	794.965197	D:(1,5,b7)
794.965197	800.000000	D:min7
800.000000	800.510441	G:maj
800.510441	820.000000	N
