0.000000	8.607889	N
8.607889	9.883991	E:maj
9.883991	11.229698	N
11.229698	15.545244	G:(1,5)
15.545244	17.308585	N
17.308585	20.000000	E:maj
20.000000	21.067285	G:7
21.067285	27.262181	G:(1,5)
27.262181	30.232019	C:maj/5
30.232019	31.647332	E:(1,5)
31.647332	32.807425	G:maj
32.807425	33.990719	G:(1,5)
33.990719	37.215777	G:maj
37.215777	38.747100	E:maj
38.747100	40.000000	A:7
40.000000	40.742459	E:min
40.742459	41.392111	G:maj
41.392111	45.220418	G:(1,5)
45.220418	46.635731	G:maj
46.635731	48.329466	A:7
48.329466	50.649652	G:maj
50.649652	52.691415	D:(1,5)
52.691415	57.076566	G:maj
57.076566	60.000000	E:(1,5,b7)
60.000000	61.925754	G:maj
61.925754	62.552204	G:(1,5)
62.552204	74.895592	G:sus4
74.895592	76.914153	E:min7
76.914153	77.842227	G:7
77.842227	80.000000	G:sus4
80.000000	86.937355	E:(1)
86.937355	88.004640	D:(1)
88.004640	92.366589	G:(1)
92.366589	94.106729	C:maj/5
94.106729	95.661253	E:7
95.661253	100.000000	G:maj
100.000000	102.296984	E:min
102.296984	103.410673	D:min
103.410673	104.176334	G:(1)
104.176334	105.638051	E:(1,5)
105.638051	109.234339	G:maj
109.234339	112.575406	N
112.575406	113.642691	G:(1)
113.642691	115.429234	G:maj
115.429234	120.000000	E:7
120.000000	121.020882	C:maj
121.020882	122.645012	E:(1)
122.645012	123.735499	E:(1,5)
123.735499	124.686775	C:maj
124.686775	128.700696	N
128.700696	129.628770	E:min
129.628770	132.041763	N
132.041763	135.475638	G:(1)
135.475638	137.192575	E:(1)
137.192575	138.700696	E:(1,5)
138.700696	140.000000	N
140.000000	141.276102	D:min7
141.276102	144.686775	C:maj
144.686775	160.000000	N
