0.000000	1.322506	F:min
1.322506	2.227378	F#:maj
2.227378	3.039443	F:min
3.039443	3.851508	F#:maj
3.851508	4.640371	F:min
4.640371	5.475638	F#:maj
5.475638	6.241299	F:min
6.241299	7.076566	F#:maj
7.076566	7.888631	F:min
7.888631	8.723898	F#:maj
8.723898	9.559165	F:min
9.559165	10.417633	F#:maj
10.417633	11.484919	F:min
11.484919	12.088167	F#:maj
12.088167	14.593968	F:min
14.593968	15.406032	F#:maj
15.406032	16.519722	F:min
16.519722	17.122970	F#:maj
17.122970	17.981439	F:min
17.981439	18.793503	F#:maj
18.793503	22.436195	F:min
22.436195	25.591647	N
25.591647	27.587007	G:(1)
27.587007	29.605568	G:min
29.605568	30.162413	C:(1,5)
30.162413	31.531323	G:(1)
31.531323	34.083527	G:(1,5)
34.083527	35.127610	G:(1)
35.127610	37.563805	G:(1,4)
37.563805	38.445476	F:min
38.445476	39.141531	F#:maj
39.141531	40.000000	F:(1,5)
40.000000	42.598608	F#:maj
42.598608	43.364269	F:min
43.364269	50.324826	F#:maj
50.324826	51.531323	N
51.531323	55.846868	G:(1)
55.846868	60.000000	G:sus4(b7)
60.000000	61.809745	G:(1)
61.809745	63.689095	F:(1,5)
63.689095	66.983759	G:(1)
66.983759	67.610209	C:min
67.610209	68.468677	F:min
68.468677	69.350348	F#:maj
69.350348	70.162413	F:min
70.162413	71.020882	F#:maj
71.020882	71.809745	F:min
71.809745	72.621810	F#:maj
72.621810	73.480278	F:min
73.480278	77.238979	F#:maj
77.238979	80.000000	F:min
80.000000	81.531323	C:maj
81.531323	92.459397	N
92.459397	95.568445	A#:maj6
95.568445	96.867749	G:(1)
96.867749	97.633411	N
97.633411	98.468677	F:min
98.468677	99.327146	F#:maj
99.327146	100.000000	F:min
100.000000	101.067285	F#:maj
101.067285	101.856148	F:min
101.856148	102.714617	F#:maj
102.714617	103.549884	F:min
103.549884	107.610209	F#:maj
107.610209	116.890951	F:min
116.890951	120.000000	G:sus4(b7)
120.000000	124.060325	G:(1)
124.060325	127.076566	N
127.076566	127.726218	C:(1,5)
127.726218	128.468677	F:min
128.468677	129.327146	F#:maj
129.327146	130.185615	F:min
130.185615	131.113689	F#:maj
131.113689	131.832947	F:min
131.832947	132.807425	F#:maj
132.807425	135.498840	F:min
135.498840	139.025522	F:(1,9,5)
139.025522	140.000000	F:(1,9,5)/9
140.000000	143.689095	G:(1,4)
143.689095	146.937355	N
146.937355	152.320186	F:(5)
152.320186	153.781903	F:(1,5)
153.781903	156.774942	D#:maj
156.774942	157.865429	C:(1,5)
157.865429	158.631090	F:min
158.631090	161.136891	F#:maj
161.136891	161.972158	F:min
161.972158	162.807425	F#:maj
162.807425	163.665893	F:min
163.665893	165.498840	F#:maj
165.498840	172.505800	G:(1)
172.505800	175.614849	C:min
175.614849	180.000000	F:min
180.000000	181.809745	C#:min
181.809745	182.459397	N
182.459397	186.380510	A#:maj
186.380510	188.074246	N
188.074246	188.863109	F:min
188.863109	189.791183	F#:maj
189.791183	192.227378	F:min
192.227378	193.085847	F#:maj
193.085847	194.825986	F:min
194.825986	197.703016	A#:min
197.703016	199.396752	F:min
199.396752	200.000000	G:(1)
200.000000	200.603248	D#:(3)
200.603248	205.777262	N
205.777262	207.726218	G:(1)
207.726218	211.577726	N
211.577726	213.480278	G:(1)
213.480278	214.222738	G:sus4
214.222738	214.988399	A#:maj
214.988399	216.403712	F:min
216.403712	218.375870	G:(1)
218.375870	219.257541	F:min
219.257541	220.000000	F#:maj
220.000000	220.928074	F:min
220.928074	223.457077	F#:maj
223.457077	224.965197	F:(1,5)
224.965197	229.535963	N
229.535963	230.812065	G:(1)
230.812065	231.345708	G:(1,5)
231.345708	233.851508	G:(1)
233.851508	236.426914	N
236.426914	237.215777	F:(5)
237.215777	240.000000	N
240.000000	241.392111	C:(1,5)
241.392111	247.030162	N
247.030162	248.816705	G:(1,4)
248.816705	250.023202	F:(1,5)
250.023202	250.649652	C:min
250.649652	253.921114	C:(1,5)
253.921114	256.867749	F:(1,5,b7)
256.867749	260.000000	G:(1)
260.000000	261.252900	G:(1,b5)
261.252900	262.714617	G#:(1)
262.714617	280.000000	N
