0.200
0.670
1.140
1.600
2.080
2.560
3.010
3.480
3.940
4.420
4.890
5.340
5.800
6.260
6.740
7.200
7.680
8.170
8.650
9.100
9.560
10.020
10.470
10.940
11.400
11.870
12.360
12.940
13.490
13.940
14.390
14.850
15.320
15.780
16.250
16.710
17.180
17.640
18.110
18.570
19.030
19.490
19.960
20.430
20.890
21.350
21.830
22.270
22.720
23.180
23.640
24.100
24.570
25.030
25.490
25.940
26.420
26.890
27.360
27.830
28.310
28.760
29.230
29.690
30.170
30.630
31.110
31.580
32.060
32.520
33.000
33.470
33.950
34.410
34.890
35.350
35.830
36.300
36.770
37.230
37.700
38.170
38.660
39.130
39.600
40.070
40.550
41.010
41.480
41.940
42.420
42.880
43.350
43.820
44.280
44.750
45.230
45.690
46.170
46.650
47.110
47.580
48.060
48.530
49.010
49.460
49.940
50.400
50.890
51.350
51.830
52.280
52.770
53.220
53.720
54.180
54.670
55.120
55.610
56.080
56.550
57.010
57.490
57.950
58.430
58.890
59.360
59.840
60.290
60.740
61.200
61.660
62.110
62.560
63.030
63.490
63.930
64.390
64.850
65.300
65.750
66.200
66.650
67.090
67.540
67.980
68.450
68.900
69.350
69.790
70.250
70.700
71.180
71.670
72.180
72.690
73.190
73.670
74.190
74.670
75.170
75.650
76.160
76.640
77.120
77.600
78.080
78.550
79.040
79.520
80.000
80.480
80.970
81.440
81.910
82.390
82.870
83.340
83.850
84.330
84.820
85.280
85.780
86.250
86.730
87.200
87.690
88.160
88.640
89.100
89.590
90.060
90.540
91.020
91.490
91.960
92.430
92.890
93.380
93.840
94.330
94.800
95.260
95.710
96.180
96.650
97.120
97.570
98.050
98.520
99.000
99.460
99.930
100.390
100.860
101.320
101.800
102.260
102.730
103.180
103.650
104.100
104.590
105.040
105.520
106.000
106.460
106.930
107.390
107.850
108.320
108.760
109.220
109.690
110.160
110.630
111.100
111.570
112.020
112.500
112.960
113.430
113.910
114.370
114.850
115.310
115.790
116.240
116.690
117.170
117.640
118.110
118.580
119.040
119.530
119.990
120.470
120.930
121.400
121.860
122.340
122.800
123.270
123.740
124.200
124.670
125.120
125.590
126.050
126.520
126.980
127.450
127.910
128.370
128.850
129.300
129.770
130.220
130.700
131.170
131.660
132.150
132.620
133.120
133.620
134.120
134.630
135.130
135.660
136.180
136.680
137.190
137.690
138.190
138.690
139.210
139.720
140.220
140.710
141.220
141.730
142.230
142.730
143.240
143.740
144.240
144.740
145.250
145.740
146.240
146.730
147.230
147.730
148.220
148.700
149.220
149.710
150.200
150.690
151.190
151.680
152.170
152.670
153.170
153.650
154.140
154.650
155.150
155.640
156.130
156.630
157.150
157.620
158.120
158.610
159.120
159.610
160.110
160.610
161.120
161.630
162.120
162.610
163.120
163.630
164.130
164.620
165.130
165.630
166.120
166.600
167.120
167.630
168.110
168.620
169.120
169.620
170.110
170.600
171.110
171.590
172.070
172.570
173.070
173.570
174.070
174.570
175.060
175.580
176.060
176.560
177.050
177.550
178.040
178.530
179.020
179.510
179.990
180.490
180.980
181.470
181.950
182.450
182.930
183.420
183.900
184.400
184.880
185.360
185.830
186.330
186.800
187.290
187.770
188.260
188.740
189.220
189.700
190.180
190.650
191.140
191.630
192.120
192.620
193.110
193.600
194.090
194.580
195.080
195.560
196.050
196.540
197.040
197.520
198.000
198.490
198.970
199.450
199.950
200.440
200.940
201.420
201.920
202.400
202.920
203.430
203.960
204.480
205.000
205.510
206.030
206.550
207.060
207.580
208.100
208.600
209.120
209.620
210.130
210.630
211.140
211.640
212.150
212.650
213.150
213.650
214.140
214.640
215.140
215.630
216.150
216.660
217.180
217.650
218.050
218.450
218.870
219.290
219.700
220.100
220.530
220.940
221.380
221.790
222.220
222.640
223.070
223.500
223.940
224.370
224.800
225.230
225.660
226.100
226.540
226.990
227.420
227.870
228.300
228.720
229.120
229.520
229.960
230.380
230.790
231.220
231.640
232.040
232.480
232.880
233.320
233.730
234.140
234.570
235.030
235.470
235.890
236.350
236.770
237.210
237.660
238.110
238.530
238.980
239.430
239.850
