0.630
1.460
2.240
3.060
3.900
4.730
5.570
6.410
7.290
8.130
8.990
9.820
10.710
11.640
12.520
13.490
14.380
15.320
16.250
17.180
18.120
19.020
19.920
20.880
21.800
22.750
23.630
24.550
25.450
26.370
27.290
28.200
29.130
30.080
30.970
31.890
32.780
33.700
34.580
35.510
36.460
37.360
38.280
39.150
40.050
41.010
41.900
42.830
43.720
44.610
45.560
46.470
47.400
48.310
49.220
50.130
51.010
51.920
52.860
53.780
54.650
55.590
56.470
57.410
58.320
59.200
60.120
61.030
61.930
62.880
63.780
64.650
65.570
66.500
67.390
68.300
69.160
70.080
70.970
71.870
72.760
73.660
74.560
75.440
76.330
77.230
78.120
79.020
79.920
80.800
81.690
82.580
83.470
84.370
85.260
86.160
87.070
88.010
88.900
89.810
90.740
91.640
92.530
93.470
94.370
95.270
96.130
97.060
97.980
98.920
99.810
100.760
101.710
102.600
103.570
104.490
105.370
106.310
107.160
108.090
108.980
109.940
110.840
111.740
112.620
113.540
114.430
115.350
116.260
117.190
118.060
118.990
119.900
120.820
121.740
122.650
123.540
124.460
125.330
126.230
127.100
127.990
128.890
129.800
130.700
131.610
132.470
133.400
134.280
135.200
136.060
136.970
137.860
138.770
139.640
140.550
141.430
142.330
143.180
144.080
144.960
145.860
146.760
147.620
148.520
149.420
150.350
151.220
152.100
152.980
153.880
154.760
155.640
156.520
157.400
158.280
159.170
160.040
160.950
161.790
162.670
163.570
164.440
165.280
166.170
167.030
167.890
168.790
169.650
170.500
171.350
172.240
173.080
173.960
174.790
175.660
176.540
177.380
178.240
179.070
179.920
180.780
181.650
182.520
183.410
184.250
185.110
185.950
186.820
187.660
188.520
189.350
190.220
191.070
191.900
192.730
193.610
194.430
195.300
196.130
196.950
197.820
198.670
199.530
200.340
201.230
202.120
203.000
203.880
204.720
205.590
206.500
207.350
208.210
209.070
209.960
210.790
211.660
212.510
213.380
214.240
215.090
215.980
216.810
217.660
218.490
219.360
220.220
221.070
221.910
222.790
223.660
224.540
225.400
226.200
227.060
227.920
228.800
229.630
230.520
231.360
232.210
233.090
233.940
234.830
235.660
236.530
237.400
238.240
239.070
239.930
240.810
241.680
242.530
243.410
244.240
245.110
245.980
246.840
247.700
248.580
249.450
250.310
251.180
252.040
252.900
253.740
254.600
255.460
256.320
257.210
258.070
258.910
259.810
260.650
261.540
262.400
263.270
264.170
265.080
265.930
266.880
267.840
268.770
269.690
270.660
271.560
272.470
273.420
274.380
275.270
276.210
277.120
278.030
278.950
279.900
280.820
281.740
282.630
283.540
284.430
285.340
286.260
287.170
288.060
288.970
289.880
290.810
291.710
292.590
293.520
294.420
295.330
296.200
297.060
298.000
298.870
299.770
300.650
301.530
302.370
303.280
304.130
305.030
305.860
306.730
307.570
308.440
309.270
310.100
311.010
311.880
312.780
313.660
314.510
315.410
316.260
317.140
318.070
318.910
319.810
320.660
321.560
322.440
323.330
324.210
325.100
325.970
326.910
327.860
328.830
329.810
330.890
331.960
333.070
333.990
334.920
335.850
336.760
337.660
338.630
339.510
340.470
341.320
342.240
343.020
343.780
344.450
345.110
345.790
346.510
347.230
347.960
348.710
349.400
350.180
350.910
351.650
352.240
352.870
353.510
354.100
354.700
355.270
355.840
356.420
357.000
357.620
358.290
358.930
359.540
360.210
360.850
