0.190
0.630
1.090
1.530
1.950
2.410
2.850
3.270
3.720
4.150
4.590
5.020
5.450
5.880
6.320
6.760
7.190
7.620
8.050
8.470
8.900
9.340
9.770
10.190
10.620
11.050
11.480
11.920
12.340
12.790
13.220
13.650
14.070
14.510
14.940
15.380
15.810
16.240
16.670
17.100
17.530
17.960
18.400
18.830
19.250
19.700
20.140
20.570
21.010
21.440
21.870
22.310
22.760
23.200
23.640
24.070
24.510
24.950
25.390
25.820
26.270
26.700
27.130
27.570
28.010
28.440
28.890
29.330
29.760
30.200
30.640
31.060
31.510
31.960
32.410
32.860
33.320
33.740
34.190
34.610
35.050
35.490
35.930
36.360
36.810
37.250
37.680
38.130
38.570
39.000
39.450
39.890
40.320
40.760
41.200
41.620
42.060
42.510
42.940
43.380
43.830
44.250
44.710
45.170
45.600
46.050
46.480
46.930
47.360
47.820
48.250
48.710
49.160
49.600
50.040
50.500
50.950
51.390
51.830
52.280
52.710
53.150
53.600
54.050
54.500
54.930
55.390
55.820
56.260
56.710
57.150
57.580
58.020
58.470
58.890
59.340
59.770
60.200
60.640
61.090
61.530
61.970
62.420
62.840
63.290
63.720
64.160
64.610
65.050
65.490
65.930
66.390
66.820
67.270
67.700
68.130
68.570
69.020
69.450
69.900
70.340
70.760
71.200
71.650
72.070
72.520
72.970
73.400
73.840
74.290
74.720
75.160
75.610
76.040
76.480
76.910
77.350
77.790
78.230
78.650
79.100
79.550
79.970
80.430
80.870
81.300
81.740
82.180
82.610
83.060
83.500
83.930
84.380
84.810
85.240
85.690
86.130
86.580
87.040
87.480
87.930
88.380
88.820
89.260
89.700
90.150
90.600
91.060
91.500
91.950
92.400
92.850
93.280
93.730
94.160
94.600
95.040
95.480
95.920
96.370
96.820
97.260
97.710
98.140
98.580
99.040
99.470
99.900
100.360
100.820
101.250
101.700
102.140
102.580
103.030
103.470
103.930
104.360
104.800
105.240
105.680
106.110
106.560
106.990
107.450
107.880
108.320
108.770
109.220
109.660
110.110
110.550
110.980
111.430
111.860
112.320
112.760
113.200
113.650
114.090
114.530
114.970
115.410
115.840
116.290
116.720
117.160
117.620
118.060
118.490
118.930
119.370
119.800
120.250
120.690
121.110
121.550
121.970
122.410
122.840
123.270
123.700
124.140
124.580
125.010
125.450
125.890
126.320
126.760
127.200
127.640
128.090
128.520
128.950
129.390
129.840
130.270
130.720
131.150
131.580
132.010
132.450
132.880
133.310
133.740
134.160
134.590
135.030
135.440
135.880
136.300
136.710
137.120
137.540
137.990
138.440
138.870
139.320
139.750
140.200
140.630
141.060
141.500
141.930
142.360
142.780
143.220
143.660
144.090
144.510
144.960
145.380
145.810
146.240
146.670
147.090
147.520
147.960
148.390
148.820
149.270
149.700
150.140
150.580
151.000
151.440
151.860
152.280
152.710
153.160
153.570
154.020
154.460
154.890
155.330
155.770
156.200
156.630
157.070
157.490
157.920
158.360
158.800
159.240
159.680
160.100
160.540
160.990
161.420
161.850
162.300
162.730
163.160
163.610
164.040
164.490
164.940
165.370
165.810
166.260
166.690
167.140
167.560
168.000
168.440
168.870
169.310
169.740
170.170
170.620
171.060
171.500
171.920
172.370
172.810
173.250
173.690
174.120
174.550
174.980
175.420
175.870
176.290
176.730
177.140
177.580
178.010
178.450
178.880
179.320
179.740
180.190
180.630
181.060
181.510
181.930
182.360
182.790
183.210
183.640
184.090
184.520
184.960
185.400
185.840
186.260
186.700
187.140
187.570
187.990
188.410
188.850
189.280
189.730
190.150
190.580
191.020
191.440
191.880
192.310
192.750
193.190
193.620
194.050
194.490
194.900
195.330
195.770
196.200
196.630
197.070
197.480
197.910
198.340
198.770
199.200
199.630
200.080
200.510
200.940
201.380
201.810
202.250
202.700
203.130
203.580
204.010
204.430
204.860
205.310
205.740
206.180
206.610
207.030
207.460
207.900
208.310
208.750
209.180
209.600
210.040
210.470
210.910
211.350
211.780
212.210
212.650
213.080
213.510
213.940
214.380
214.810
215.230
215.680
216.090
216.540
216.960
217.360
217.800
218.220
218.650
219.090
219.530
219.940
220.390
220.820
221.270
221.700
222.130
222.570
223.000
223.450
223.880
224.320
224.770
225.190
225.630
226.070
226.500
226.940
227.370
227.790
228.220
228.630
229.060
229.490
229.910
230.340
230.770
231.200
231.640
232.070
232.500
232.920
233.360
233.780
234.200
234.630
235.060
235.480
235.910
236.350
236.770
237.210
237.640
238.050
238.490
238.910
239.340
239.770
240.210
240.630
241.080
241.500
241.940
242.380
242.790
243.230
243.660
244.090
244.520
244.970
245.400
245.830
246.270
246.720
247.130
247.570
248.010
248.420
248.870
249.300
249.720
250.150
250.590
251.020
251.460
251.890
252.330
252.770
253.210
253.630
254.060
254.490
254.930
255.360
255.790
256.210
256.650
257.070
257.510
257.940
258.380
258.810
259.250
259.680
260.100
260.550
260.980
261.390
261.830
262.240
262.660
263.090
263.520
263.960
264.390
264.830
265.250
265.690
266.120
266.540
266.960
267.390
267.820
268.260
268.690
269.110
269.540
269.980
270.400
270.830
271.260
271.660
272.080
272.500
272.890
273.300
273.710
274.150
274.570
274.980
275.400
275.820
276.260
276.680
277.100
277.540
277.950
278.390
278.810
279.240
279.670
280.100
280.530
280.960
281.370
281.790
282.210
282.640
283.090
283.520
283.950
284.390
284.820
285.250
285.690
286.110
286.510
286.940
287.370
287.790
288.220
288.660
289.090
289.530
289.950
290.360
290.780
291.220
291.630
292.060
292.490
292.910
293.350
293.790
294.210
294.660
295.080
295.540
295.960
296.370
296.790
297.220
297.650
298.070
298.490
298.920
299.350
299.780
300.210
300.650
301.070
301.520
301.940
302.370
302.800
303.220
303.660
304.100
304.530
304.950
305.390
305.800
306.240
306.670
307.110
307.530
307.960
308.380
308.820
309.250
309.670
310.100
310.520
310.960
311.380
311.800
312.220
312.650
313.090
313.530
313.960
314.390
314.820
315.240
315.650
316.060
316.490
316.930
317.370
317.790
318.230
318.650
319.070
319.510
319.950
320.370
320.770
321.190
321.610
322.040
322.480
322.920
323.340
323.750
324.170
324.610
325.030
325.460
325.880
326.310
326.730
327.160
327.580
328.000
328.430
328.850
329.280
329.700
330.140
330.580
331.010
331.430
331.840
332.260
332.710
333.120
333.560
334.000
334.430
334.860
335.280
335.700
336.140
336.580
336.980
337.400
337.830
338.260
338.680
339.110
339.540
339.960
340.410
340.810
341.240
341.660
342.080
342.520
342.930
343.370
343.810
344.230
344.650
345.100
345.500
345.920
346.350
346.770
347.190
347.620
348.030
348.450
348.890
349.310
349.730
350.180
350.590
351.000
351.430
351.860
352.270
352.690
353.120
353.520
353.950
354.360
354.780
355.200
355.620
356.050
356.490
356.900
357.340
357.780
358.210
358.640
359.060
359.500
359.940
360.370
360.810
361.240
361.660
362.100
362.510
362.940
363.370
363.790
364.230
364.660
365.100
365.530
365.950
366.370
366.800
367.230
367.670
368.100
368.540
368.950
369.400
369.810
370.230
370.660
371.080
371.510
371.930
372.350
372.770
373.210
373.630
374.050
374.450
374.870
375.300
375.740
376.180
376.590
377.020
377.460
377.880
378.320
378.760
379.190
379.620
380.050
380.480
380.910
381.330
381.750
382.180
382.620
383.030
383.460
383.880
384.310
384.750
385.180
385.600
386.050
386.480
386.900
387.340
387.780
388.210
388.630
389.070
389.480
389.920
390.340
390.770
391.190
391.600
392.030
392.460
392.880
393.300
393.730
394.150
394.580
395.000
395.420
395.860
396.280
396.720
397.140
397.570
398.000
398.430
398.870
399.300
399.720
400.150
400.580
401.000
401.430
401.850
402.280
402.700
403.110
403.530
403.980
404.410
404.820
405.260
405.680
406.090
406.510
406.940
407.350
407.780
408.200
408.620
409.050
409.470
409.880
410.330
410.750
411.180
411.600
412.030
412.460
412.890
413.300
413.720
414.130
414.550
414.940
415.350
415.760
416.170
416.610
417.020
417.470
417.890
418.320
418.740
419.180
419.610
420.030
420.460
420.870
421.290
421.730
422.160
422.580
422.990
423.420
423.830
424.260
424.680
425.100
425.540
425.970
426.390
426.830
427.240
427.680
428.100
428.530
428.950
429.380
429.790
430.220
430.630
431.050
431.470
431.890
432.320
432.740
433.170
433.590
434.020
434.440
434.880
435.290
435.720
436.170
436.590
437.030
437.460
437.870
438.300
438.720
439.140
439.570
439.990
440.420
440.840
441.270
441.690
442.120
442.540
442.960
443.370
443.790
444.210
444.640
445.070
445.490
445.900
446.340
446.760
447.200
447.630
448.040
448.470
448.900
449.310
449.740
450.170
450.580
451.010
451.450
451.870
452.300
452.720
453.120
453.560
453.980
454.380
454.800
455.240
455.640
456.060
456.470
456.890
457.320
457.730
458.150
458.580
459.010
459.430
459.860
460.290
460.710
461.140
461.560
461.980
462.420
462.860
463.280
463.710
464.110
464.510
464.930
465.360
465.770
466.210
466.630
467.070
467.490
467.910
468.340
468.760
469.180
469.600
470.030
470.430
470.830
471.260
471.680
472.110
472.540
472.960
473.380
473.810
474.240
474.640
475.070
475.490
475.910
476.330
476.750
477.170
477.590
478.020
478.450
478.870
479.290
479.710
480.120
480.550
480.960
481.380
481.790
482.210
482.640
483.060
483.470
483.900
484.310
484.740
485.160
485.600
486.010
486.440
486.850
487.280
487.700
488.120
488.530
488.960
489.380
489.800
490.230
490.670
491.090
491.530
491.950
492.380
492.810
493.210
493.650
494.080
494.500
494.930
495.360
495.760
496.180
496.610
497.040
497.490
497.920
498.350
498.770
499.190
499.610
500.030
500.460
500.900
501.330
501.770
502.210
502.630
503.070
503.500
503.910
504.350
504.790
505.200
505.630
506.080
506.480
506.920
507.340
507.760
508.210
508.640
509.050
509.490
509.920
510.320
510.750
511.190
511.600
512.040
512.460
512.890
513.330
513.760
514.170
514.590
515.020
515.420
515.860
516.300
516.710
517.130
517.560
517.980
518.410
518.850
519.260
519.690
520.100
520.510
520.950
521.360
521.780
522.190
522.630
523.030
523.460
523.890
524.300
524.730
525.150
525.550
525.990
526.400
526.820
527.240
527.660
528.070
528.510
528.930
529.340
529.750
530.170
530.590
531.010
531.430
531.870
532.260
532.680
533.090
533.500
533.920
534.330
534.750
535.170
535.590
536.010
536.430
536.850
537.260
537.690
538.100
538.540
538.950
539.390
539.810
540.230
540.640
541.060
541.480
541.900
542.320
542.740
543.160
543.580
544.000
544.420
544.850
545.280
545.690
546.120
546.560
546.970
547.390
547.810
548.220
548.650
549.080
549.490
549.910
550.330
550.750
551.180
551.630
552.030
552.470
552.870
553.300
553.730
554.150
554.580
555.000
555.430
555.840
556.270
556.700
557.130
557.560
557.990
558.430
558.850
559.280
559.710
560.150
560.580
561.000
561.430
561.860
562.300
562.720
563.150
563.580
564.010
564.440
564.860
565.280
565.700
566.130
566.550
566.970
567.400
567.840
568.260
568.700
569.140
569.580
570.010
570.450
570.870
571.290
571.730
572.150
572.580
573.010
573.460
573.870
574.300
574.740
575.170
575.600
576.040
576.470
576.890
577.340
577.770
578.200
578.660
579.080
579.520
579.970
580.390
580.840
581.270
581.680
582.120
582.540
582.980
583.410
583.840
584.270
584.710
585.150
585.580
586.010
586.460
586.880
587.310
587.750
588.170
588.600
589.050
589.470
589.910
590.370
590.790
591.230
591.680
592.120
592.540
592.980
593.400
593.840
594.280
594.700
595.140
595.570
596.010
596.450
596.880
597.310
597.730
598.150
598.580
599.020
599.440
599.870
600.300
600.760
601.180
601.610
602.060
602.490
602.900
603.330
603.770
604.190
604.620
605.050
605.490
605.930
606.360
606.790
607.230
607.670
608.120
608.560
608.980
609.420
609.860
610.300
610.750
611.190
611.630
612.060
612.490
612.910
613.340
613.790
614.210
614.650
615.070
615.490
615.930
616.370
616.780
617.210
617.660
618.090
618.510
618.950
619.370
619.810
620.240
620.670
621.110
621.550
621.980
622.420
622.860
623.290
623.720
624.150
624.580
625.020
625.450
625.880
626.310
626.740
627.180
627.610
628.050
628.490
628.920
629.360
629.790
630.220
630.660
631.080
631.520
631.970
632.390
632.840
633.280
633.710
634.130
634.570
635.000
635.440
635.880
636.310
636.740
637.170
637.610
638.050
638.480
638.900
639.340
639.760
640.190
640.620
641.040
641.470
641.910
642.350
642.800
643.240
643.660
644.100
644.530
644.960
645.380
645.820
646.250
646.670
647.120
647.550
647.980
648.420
648.870
649.290
649.730
650.150
650.570
651.010
651.450
651.860
652.310
652.740
653.190
653.640
654.060
654.490
654.930
655.360
655.790
656.230
656.660
657.080
657.510
657.960
658.390
658.820
659.240
659.670
660.110
660.560
660.990
661.450
661.880
662.300
662.710
663.140
663.570
663.980
664.420
664.830
665.270
665.700
666.120
666.550
667.000
667.430
667.850
668.290
668.730
669.160
669.580
670.020
670.450
670.890
671.310
671.750
672.180
672.610
673.030
673.470
673.890
674.330
674.750
675.170
675.610
676.040
676.450
676.880
677.310
677.740
678.170
678.620
679.040
679.480
679.920
680.330
680.770
681.210
681.630
682.090
682.520
682.950
683.390
683.830
684.270
684.710
685.170
685.610
686.040
686.490
686.920
687.360
687.800
688.240
688.680
689.120
689.550
689.990
690.430
690.870
691.300
691.720
692.160
692.570
693.000
693.450
