0.350
0.800
1.270
1.700
2.160
2.600
3.020
3.450
3.870
4.310
4.730
5.120
5.530
5.970
6.370
6.800
7.220
7.650
8.060
8.500
8.950
9.400
9.830
10.250
10.660
11.070
11.470
11.850
12.260
12.650
13.070
13.450
13.850
14.250
14.680
15.140
15.570
16.010
16.440
16.890
17.310
17.730
18.150
18.560
19.010
19.440
19.860
20.280
20.730
21.150
21.570
21.980
22.410
22.810
23.250
23.640
24.070
24.480
24.870
25.290
25.710
26.100
26.510
26.920
27.330
27.740
28.190
28.660
29.100
29.550
30.000
30.450
30.870
31.290
31.690
32.120
32.540
32.970
33.370
33.810
34.210
34.640
35.060
35.470
35.890
36.330
36.750
37.200
37.610
38.050
38.470
38.920
39.320
39.760
40.170
40.590
41.010
41.440
41.850
42.270
42.680
43.130
43.560
43.970
44.390
44.820
45.240
45.670
46.120
46.560
46.980
47.400
47.840
48.270
48.700
49.110
49.540
49.970
50.370
50.790
51.220
51.650
52.060
52.490
52.900
53.320
53.730
54.150
54.550
54.970
55.380
55.810
56.240
56.680
57.100
57.530
57.940
58.370
58.790
59.210
59.640
60.080
60.510
60.930
61.360
61.780
62.180
62.600
63.020
63.450
63.880
64.290
64.710
65.120
65.550
65.970
66.380
66.810
67.230
67.650
68.040
68.470
68.860
69.270
69.710
70.150
70.580
70.990
71.420
71.850
72.250
72.660
73.070
73.490
73.900
74.340
74.740
75.190
75.610
76.030
76.460
76.900
77.330
77.760
78.190
78.610
79.020
79.460
79.880
80.300
80.720
81.140
81.560
81.960
82.390
82.810
83.220
83.670
84.100
84.510
84.950
85.370
85.780
86.210
86.620
87.040
87.450
87.870
88.280
88.680
89.110
89.520
89.950
90.370
90.800
91.210
91.620
92.050
92.480
92.880
93.320
93.710
94.130
94.550
94.970
95.400
95.830
96.240
96.660
97.110
97.540
97.960
98.370
98.800
99.230
99.640
100.050
100.480
100.900
101.310
101.740
102.150
102.560
102.990
103.420
103.870
104.300
104.710
105.120
105.550
105.970
106.380
106.790
107.210
107.620
108.040
108.460
108.880
109.290
109.710
110.130
110.570
111.000
111.420
111.860
112.290
112.720
113.160
113.590
114.010
114.450
114.860
115.300
115.710
116.130
116.570
116.980
117.390
117.830
118.260
118.680
119.100
119.530
119.960
120.380
120.800
121.220
121.650
122.070
122.480
122.910
123.320
123.750
124.170
124.600
125.020
125.450
125.860
126.300
126.710
127.130
127.560
127.990
128.400
128.820
129.230
129.650
130.080
130.510
130.940
131.350
131.800
132.210
132.650
133.080
133.510
133.950
134.380
134.810
135.230
135.650
136.080
136.500
136.920
137.340
137.750
138.170
138.610
139.050
139.460
139.890
140.310
140.720
141.150
141.580
141.980
142.410
142.830
143.240
143.660
144.070
144.500
144.930
145.340
145.770
146.190
146.590
147.020
147.450
147.860
148.270
148.690
149.110
149.530
149.940
150.350
150.790
151.230
151.640
152.080
152.490
152.910
153.330
153.750
154.160
154.580
155.010
155.440
155.860
156.270
156.690
157.100
157.520
157.960
158.370
158.790
159.200
159.640
160.060
160.480
160.910
161.320
161.730
162.160
162.590
163.000
163.410
163.830
164.250
164.690
165.120
165.560
165.970
166.410
166.850
167.270
167.710
168.110
168.540
168.960
169.380
169.810
170.220
170.650
171.060
171.510
171.950
172.380
172.820
173.240
173.680
174.110
174.550
174.960
175.390
175.830
176.270
176.690
177.120
177.540
177.980
178.400
178.820
179.230
179.650
180.060
180.480
180.910
181.340
181.760
182.180
182.620
183.060
183.480
183.900
184.330
184.760
185.210
185.610
186.040
186.460
186.910
187.330
187.760
188.180
188.630
189.040
189.480
189.910
190.310
190.730
191.160
191.570
192.000
192.430
192.850
193.260
193.680
194.110
194.520
194.930
195.350
195.770
196.190
196.600
197.000
197.410
197.830
198.250
198.680
199.080
199.520
199.920
200.360
200.780
201.190
201.590
202.010
202.440
202.860
203.280
203.700
204.130
204.540
204.950
205.390
205.790
206.210
206.620
207.050
207.450
207.890
208.310
208.720
209.140
209.570
209.970
210.390
210.810
211.250
211.660
212.070
212.490
212.930
213.330
213.770
214.190
214.610
215.030
215.440
215.850
216.280
216.690
217.110
217.530
217.970
218.380
218.810
219.240
219.670
220.090
220.520
220.940
221.380
221.800
222.240
222.660
223.070
223.510
223.920
224.340
224.770
225.190
225.590
226.010
226.450
226.850
227.280
227.700
228.130
228.560
228.970
229.410
229.840
230.260
230.680
231.100
231.510
231.950
232.370
232.800
233.230
233.650
234.090
234.500
234.930
235.360
235.790
236.190
236.630
237.040
237.460
237.870
238.300
238.740
239.180
239.610
240.030
240.450
240.880
241.310
241.730
242.170
242.580
242.990
243.430
243.850
244.260
244.680
245.100
245.550
245.960
246.400
246.820
247.270
247.680
248.120
248.550
248.990
249.410
249.840
250.270
250.700
251.120
251.540
251.970
252.410
252.840
253.260
253.720
254.140
254.600
255.010
255.450
255.870
256.320
256.740
257.140
257.560
257.990
258.420
258.830
259.260
259.700
260.110
260.560
260.970
261.410
261.840
262.270
262.690
263.110
263.550
263.960
264.400
264.830
265.260
265.680
266.120
266.540
266.970
267.410
267.820
268.240
268.670
269.090
269.520
269.940
270.340
270.780
271.180
271.620
272.040
272.450
272.870
273.320
273.750
274.180
274.610
275.020
275.450
275.890
276.320
276.740
277.170
277.580
278.000
278.440
278.850
279.290
279.720
280.160
280.570
281.000
281.420
281.860
282.260
282.700
283.120
283.520
283.930
284.340
284.770
285.190
285.620
286.020
286.450
286.900
287.330
287.740
288.160
288.580
289.020
289.440
289.850
290.270
290.690
291.120
291.550
291.980
292.400
292.810
293.240
293.670
294.100
294.510
294.960
295.390
295.800
296.240
296.670
297.100
297.540
297.950
298.380
298.810
299.220
299.630
300.070
300.480
300.920
301.330
301.750
302.190
302.600
303.030
303.440
303.870
304.280
304.700
305.110
305.550
305.960
306.380
306.810
307.240
307.680
308.080
308.510
308.930
309.360
309.770
310.180
310.620
311.030
311.450
311.870
312.300
312.720
313.140
313.570
314.010
314.430
314.860
315.270
315.700
316.120
316.540
316.950
317.380
317.800
318.250
318.670
319.090
319.510
319.940
320.340
320.770
321.200
321.650
322.100
322.520
322.960
323.380
323.820
324.250
324.660
325.090
325.510
325.930
326.340
326.780
327.200
327.630
328.060
328.510
328.920
329.370
329.770
330.200
330.620
331.040
331.450
331.880
332.310
332.710
333.140
333.550
333.990
334.380
334.810
335.220
335.620
336.030
336.450
336.840
337.260
337.670
338.090
338.490
338.920
339.320
339.740
340.140
340.550
340.990
341.420
341.850
342.280
342.680
343.110
343.530
343.940
344.360
344.800
345.230
345.650
346.090
346.510
346.930
347.350
347.780
348.210
348.650
349.080
349.490
349.920
350.330
350.770
351.190
351.590
352.030
352.440
352.850
353.270
353.670
354.100
354.530
354.940
355.370
355.830
356.300
356.780
357.260
357.690
358.120
358.530
358.950
359.380
359.810
360.240
360.660
361.090
361.510
361.940
362.370
362.800
363.230
363.650
364.080
364.510
364.930
365.360
365.780
366.200
366.620
367.050
367.470
367.890
368.320
368.750
369.190
369.620
370.050
370.470
370.910
371.340
371.770
372.210
372.640
373.070
373.500
373.930
374.340
374.780
375.200
375.660
376.090
376.530
376.960
377.390
377.820
378.250
378.670
379.120
379.530
379.980
380.410
380.840
381.250
381.690
382.120
382.560
382.980
383.410
383.830
384.280
384.700
385.130
385.560
385.990
386.430
386.850
387.280
387.700
388.110
388.530
388.970
389.390
389.840
390.280
390.700
391.130
391.560
391.990
392.410
392.840
393.260
393.700
394.100
394.520
394.970
395.400
395.820
396.260
396.680
397.110
397.520
397.960
398.380
398.780
399.210
399.640
400.080
400.500
400.920
401.350
401.770
402.200
402.620
403.060
403.490
403.920
404.350
404.780
405.200
405.640
406.060
406.490
406.920
407.360
407.790
408.220
408.640
409.040
409.480
409.890
410.330
410.770
411.170
411.550
411.970
412.370
412.750
413.150
413.580
414.000
414.410
414.850
415.260
415.690
416.120
416.560
417.000
417.430
417.860
418.290
418.710
419.140
419.570
420.000
420.420
420.860
421.270
421.700
422.100
422.520
422.960
423.370
423.800
424.200
424.620
425.060
425.500
425.940
426.370
426.820
427.240
427.680
428.120
428.530
428.940
429.380
429.800
430.210
430.670
431.090
431.550
431.990
432.410
432.850
433.260
433.690
434.130
434.570
434.980
435.390
435.780
436.200
436.650
437.070
437.510
437.920
438.370
438.790
439.210
439.670
440.150
440.600
441.030
441.460
441.850
442.280
442.680
443.070
443.440
443.850
444.280
444.700
445.110
445.530
445.940
446.380
446.780
447.220
447.620
448.040
448.450
448.850
449.260
449.680
450.120
450.540
450.950
451.370
451.790
452.210
452.620
453.010
453.430
453.840
454.270
454.700
455.120
455.520
455.950
456.370
456.830
457.270
457.710
458.150
458.580
458.960
459.340
459.710
460.110
460.480
460.870
461.240
461.650
462.070
462.480
462.890
463.320
463.740
464.130
464.560
464.960
465.360
465.780
466.240
466.730
467.260
467.790
468.320
468.840
469.450
470.060
470.630
471.240
471.850
472.460
473.050
473.610
474.230
474.840
475.430
476.030
476.640
477.210
477.820
478.420
479.040
479.640
480.170
480.710
481.260
481.840
482.390
482.910
483.520
484.080
484.670
485.270
485.900
486.520
487.140
487.750
488.330
488.940
489.530
490.160
490.760
491.400
492.000
492.640
493.240
493.840
494.450
495.050
495.700
496.290
496.910
497.430
497.920
498.460
498.970
499.480
499.980
500.510
501.020
501.530
502.060
502.570
503.050
503.550
503.980
504.430
504.900
505.310
505.740
506.150
506.570
506.980
507.420
507.830
508.220
508.630
509.050
509.450
509.880
510.290
510.680
511.120
511.540
511.960
512.370
512.780
513.200
513.630
514.040
514.440
514.870
515.280
515.700
516.130
516.550
516.960
517.390
517.800
518.210
518.620
519.010
519.430
519.850
520.240
520.670
521.070
521.480
521.900
522.300
522.730
523.160
523.570
523.990
524.400
524.820
525.240
525.650
526.030
526.430
526.830
527.210
527.610
527.990
528.370
528.800
529.200
529.620
530.030
530.470
530.890
531.290
531.710
532.110
532.510
532.920
533.330
533.760
534.170
534.600
535.030
535.420
535.830
536.250
536.660
537.080
537.480
537.860
538.260
538.640
539.000
539.390
539.800
540.230
540.640
541.080
541.510
541.940
542.400
542.820
543.260
543.700
544.100
544.520
544.930
545.350
545.740
546.160
546.600
547.010
547.400
547.820
548.230
548.650
549.070
549.510
549.930
550.370
550.790
551.210
551.650
552.080
552.480
552.910
553.330
553.760
554.180
554.600
554.990
555.410
555.840
556.250
556.680
557.070
557.470
557.780
558.080
558.400
558.700
559.010
559.320
559.620
559.930
560.230
560.530
560.830
561.120
561.430
561.710
562.000
562.300
562.580
562.870
563.170
563.480
563.770
564.080
564.380
564.670
564.980
565.280
565.580
565.870
566.170
566.470
566.770
567.070
567.370
567.670
567.970
568.270
568.540
568.830
569.100
569.380
569.660
569.960
570.260
570.570
570.860
571.150
571.440
571.730
572.020
572.320
572.620
572.920
573.210
573.500
573.790
574.070
574.350
574.630
574.910
575.180
575.460
575.740
576.030
576.320
576.610
576.910
577.200
577.490
577.790
578.080
578.390
578.690
578.980
579.260
579.550
579.830
580.110
580.390
580.680
580.950
581.240
581.510
581.790
582.080
582.360
582.640
582.920
583.200
583.480
583.760
584.030
584.310
584.590
584.870
585.150
585.430
585.710
586.010
586.290
586.580
586.880
587.170
587.450
587.730
588.010
588.290
588.580
588.860
589.130
589.420
589.700
589.970
590.260
590.540
590.820
591.090
591.370
591.650
591.930
592.220
592.490
592.770
593.050
593.340
593.620
593.900
594.190
594.480
594.760
595.050
595.340
595.640
595.930
596.210
596.500
596.780
597.060
597.340
597.630
597.900
598.200
598.480
598.780
599.060
599.350
599.640
599.940
600.230
600.520
600.800
601.090
601.380
601.670
601.960
602.260
602.550
602.840
603.130
603.410
603.710
604.000
604.290
604.580
604.860
605.180
605.490
605.820
606.140
606.450
606.790
607.180
607.540
607.910
608.280
608.660
609.050
609.460
609.860
610.290
610.710
611.120
611.530
611.950
612.370
612.800
613.220
613.680
614.110
614.580
615.040
615.510
615.970
616.430
616.890
617.330
617.780
618.250
618.710
619.190
619.650
620.150
620.630
621.100
621.580
622.050
622.550
623.020
623.430
623.860
624.280
624.690
625.100
625.530
625.950
626.330
626.690
627.040
627.390
627.780
628.150
628.500
628.870
629.250
629.610
630.000
630.390
630.760
631.130
631.500
631.850
632.220
632.600
633.000
633.370
633.760
634.130
634.490
634.860
635.240
635.590
635.960
636.340
636.740
637.100
637.440
637.770
638.140
638.480
638.820
639.210
639.600
639.970
640.340
640.730
641.120
641.500
641.860
642.240
642.640
643.010
643.360
643.750
644.140
644.570
645.060
645.520
645.990
646.460
646.940
647.400
647.870
648.330
648.790
649.240
649.740
650.220
650.740
651.280
651.830
652.400
653.030
653.680
654.310
654.900
655.520
656.140
656.750
657.320
657.930
658.520
659.110
659.720
660.360
660.960
661.610
662.220
662.870
663.480
664.020
664.570
665.180
665.750
666.370
666.980
667.610
668.210
668.800
669.400
669.970
670.550
671.200
671.850
672.500
673.120
673.760
674.460
675.150
675.880
676.580
677.290
678.000
678.740
679.270
679.820
680.370
680.920
681.460
681.970
682.490
682.920
683.340
683.760
684.210
684.680
685.130
685.580
686.010
686.460
686.920
687.380
687.830
688.280
688.760
689.240
689.790
690.320
690.840
691.370
691.950
692.500
693.020
693.600
694.130
694.670
695.210
695.740
696.280
696.830
697.360
697.850
698.230
698.600
698.990
699.370
699.720
700.110
700.460
700.810
701.190
701.540
701.900
702.270
702.650
703.020
703.380
703.710
704.070
704.430
704.800
705.170
705.530
705.890
706.280
706.650
707.030
707.430
707.790
708.150
708.540
708.910
709.280
709.640
710.000
710.370
710.750
711.150
711.530
711.890
712.270
712.630
712.990
713.370
713.730
714.120
714.460
714.840
715.200
715.550
715.900
716.280
716.640
716.980
717.350
717.720
718.160
718.580
718.990
719.400
719.870
720.330
720.780
721.260
721.700
722.150
722.580
723.040
723.480
723.930
724.390
724.830
725.270
725.750
726.220
726.720
727.190
727.660
728.160
728.610
729.030
729.470
729.930
730.390
730.840
731.270
731.620
732.000
732.370
732.730
733.070
733.410
733.780
734.120
734.450
734.810
735.140
735.470
735.820
736.160
736.510
736.860
737.230
737.580
737.920
738.250
738.580
738.920
739.310
739.670
740.040
740.410
740.820
741.200
741.600
741.990
742.370
742.710
743.080
743.430
743.760
744.120
744.470
744.850
745.220
745.610
745.970
746.370
746.730
747.110
747.510
747.890
748.270
748.590
748.950
749.260
749.610
749.930
750.280
750.620
750.950
751.310
751.650
752.010
752.360
752.700
753.040
753.400
753.740
754.100
754.440
754.790
755.170
755.530
755.940
756.340
756.770
757.230
757.690
758.120
758.590
759.020
759.490
759.940
760.380
760.830
761.250
761.690
762.140
762.590
763.030
763.440
763.880
764.300
764.770
765.260
765.730
766.190
766.660
767.140
767.600
768.040
768.480
768.940
769.400
769.820
770.170
770.510
770.860
771.220
771.550
771.910
772.260
772.620
772.970
773.300
773.670
774.030
774.390
774.730
775.100
775.450
775.810
776.190
776.520
776.850
777.190
777.530
777.890
778.220
778.590
778.950
779.320
779.690
780.070
780.460
780.840
781.210
781.590
781.990
782.370
782.740
783.100
783.470
783.850
784.200
784.580
784.960
785.330
785.690
786.080
786.470
786.850
787.200
787.570
787.910
788.270
788.610
788.970
789.320
789.700
790.070
790.420
790.790
791.180
791.530
791.900
792.290
792.660
793.030
793.430
793.790
794.160
794.500
794.860
795.220
795.560
795.930
796.280
796.630
796.980
797.310
797.680
798.020
798.350
798.690
799.050
799.410
799.750
800.110
800.450
800.810
801.160
801.490
801.840
802.200
802.550
802.890
803.240
803.610
803.970
804.320
804.680
805.030
805.360
805.720
806.080
806.430
806.780
807.130
807.470
807.810
808.170
808.520
808.880
809.210
809.570
809.930
810.300
810.660
811.030
811.390
811.770
812.130
812.510
812.890
813.260
813.630
813.980
814.360
814.740
815.110
815.470
815.830
816.190
816.570
816.920
817.290
817.630
817.960
818.290
818.630
818.970
819.310
819.660
819.990
820.360
820.700
821.070
821.420
821.780
822.130
822.480
822.830
823.190
823.550
823.900
824.260
824.640
825.000
825.340
825.730
826.100
826.450
826.860
827.250
827.640
828.020
828.420
828.790
829.190
829.600
830.000
830.430
830.810
831.220
831.620
832.020
832.410
832.830
833.230
833.650
834.050
834.460
834.860
835.250
835.660
836.060
836.470
836.900
837.290
837.710
838.130
838.540
838.940
839.340
839.770
840.180
840.590
840.990
841.380
841.780
842.170
842.570
842.990
843.420
843.830
844.250
844.640
845.060
845.470
845.870
846.280
846.670
847.080
847.500
847.910
848.310
848.740
849.130
849.560
849.980
850.390
850.800
851.230
851.640
852.070
852.490
852.890
853.300
853.720
854.110
854.500
854.910
855.330
855.760
856.180
856.600
857.010
857.430
857.840
858.260
858.680
859.110
859.540
859.940
860.370
860.800
861.190
861.560
861.970
862.340
862.740
863.140
863.510
863.910
864.280
864.660
865.050
865.410
865.790
866.190
866.590
866.960
867.370
867.780
868.160
868.560
868.980
869.370
869.760
870.130
870.520
870.910
871.330
871.730
872.130
872.510
872.980
873.460
873.940
874.400
874.860
875.350
875.810
876.250
876.730
877.170
877.630
878.110
878.560
879.010
879.480
879.930
880.390
880.850
881.330
881.790
882.250
