0.070
0.530
0.980
1.430
1.860
2.310
2.750
3.210
3.650
4.090
4.520
4.950
5.410
5.850
6.290
6.730
7.170
7.590
8.050
8.470
8.910
9.350
9.790
10.230
10.690
11.130
11.550
11.990
12.430
12.870
13.310
13.760
14.210
14.650
15.080
15.510
15.930
16.350
16.800
17.250
17.690
18.140
18.580
19.040
19.500
19.970
20.440
20.920
21.420
21.900
22.380
22.820
23.260
23.730
24.180
24.630
25.060
25.520
25.940
26.390
26.810
27.210
27.640
28.100
28.530
29.000
29.440
29.890
30.330
30.770
31.180
31.620
32.010
32.420
32.820
33.210
33.600
34.030
34.470
34.890
35.310
35.750
36.190
36.620
37.080
37.520
37.970
38.420
38.840
39.280
39.710
40.140
40.560
41.000
41.440
41.850
42.290
42.730
43.130
43.550
43.980
44.390
44.830
45.240
45.650
46.070
46.500
46.930
47.360
47.800
48.240
48.660
49.100
49.530
49.950
50.420
50.870
51.320
51.750
52.200
52.670
53.110
53.540
54.000
54.440
54.860
55.310
55.760
56.200
56.640
57.080
57.500
57.960
58.390
58.820
59.290
59.740
60.190
60.630
61.090
61.520
61.960
62.390
62.840
63.280
63.720
64.160
64.570
65.010
65.440
65.890
66.320
66.770
67.200
67.640
68.120
68.600
69.070
69.540
69.950
70.390
70.810
71.250
71.670
72.100
72.530
72.980
73.430
73.870
74.310
74.740
75.170
75.610
76.060
76.500
76.940
77.390
77.820
78.250
78.670
79.090
79.530
79.950
80.380
80.810
81.250
81.690
82.120
82.550
82.980
83.440
83.860
84.320
84.750
85.160
85.600
86.030
86.450
86.890
87.300
87.720
88.150
88.570
89.000
89.400
89.820
90.270
90.700
91.120
91.540
91.970
92.400
92.850
93.280
93.690
94.130
94.530
94.910
95.290
95.700
96.100
96.500
96.890
97.300
97.690
98.100
98.480
98.890
99.320
99.740
100.160
100.570
100.990
101.410
101.830
102.260
102.670
103.080
103.510
103.940
104.360
104.790
105.220
105.680
106.120
106.530
106.960
107.370
107.800
108.210
108.620
109.050
109.470
109.900
110.370
110.820
111.230
111.640
112.060
112.480
112.920
113.340
113.740
114.180
114.620
115.030
115.440
115.850
116.270
116.670
117.080
117.500
117.930
118.350
118.780
119.180
119.620
120.010
120.440
120.830
121.250
121.660
122.050
122.450
122.850
123.250
123.660
124.060
124.450
124.860
125.300
125.710
126.140
126.560
126.970
127.360
127.770
128.180
128.610
129.060
129.480
129.920
130.330
130.730
131.150
131.540
131.970
132.360
132.790
133.180
133.610
134.010
134.410
134.810
135.190
135.590
136.010
136.440
136.860
137.290
137.700
138.120
138.530
138.960
139.380
139.800
140.230
140.660
141.080
141.530
141.930
142.360
142.790
143.220
143.640
144.070
144.510
144.950
145.360
145.760
146.140
146.540
146.940
147.340
147.760
148.160
148.550
148.920
149.330
149.700
150.110
150.470
150.870
151.230
151.630
152.000
152.390
152.760
153.180
153.630
154.060
154.470
154.920
155.350
155.780
156.210
156.640
157.070
157.530
157.960
158.390
158.800
159.250
159.670
160.090
160.540
160.980
161.430
161.860
162.290
162.750
163.170
163.610
164.040
164.470
164.910
165.360
165.810
166.230
166.640
167.050
167.470
167.900
168.350
168.780
169.230
169.670
170.080
170.500
170.910
171.360
171.780
172.210
172.640
173.060
173.490
173.920
174.350
174.800
175.230
175.650
176.060
176.500
176.910
177.320
177.760
178.170
178.570
178.990
179.370
179.760
180.170
180.540
180.940
181.360
181.790
182.190
182.620
183.070
183.500
183.910
184.360
184.780
185.260
185.700
186.170
186.640
187.080
187.540
188.000
188.460
188.870
189.300
189.740
190.180
190.610
191.040
191.470
191.890
192.320
192.740
193.190
193.620
194.020
194.430
194.850
195.270
195.670
196.070
196.460
196.870
197.250
197.670
198.050
198.480
198.930
199.360
199.820
200.310
200.760
201.240
201.730
202.220
202.680
203.160
203.660
204.140
204.600
205.100
205.560
206.050
206.540
207.020
207.480
207.980
208.450
208.920
209.400
209.880
210.380
210.850
211.320
211.810
212.260
212.740
213.180
213.590
214.040
214.470
214.880
215.310
215.750
216.190
216.610
217.030
217.480
217.910
218.330
218.720
219.130
219.550
219.960
220.350
220.720
221.090
221.480
221.860
222.260
222.630
223.040
223.430
223.800
224.210
224.590
224.970
225.370
225.830
226.260
226.730
227.170
227.610
228.060
228.480
228.940
229.370
229.820
230.250
230.670
231.120
231.540
231.970
232.450
232.940
233.430
233.910
234.370
234.870
235.350
235.830
236.290
236.770
237.270
237.750
238.230
238.710
239.170
239.690
240.180
240.690
241.200
241.680
242.200
242.680
243.140
243.630
244.100
244.550
245.030
245.510
246.000
246.460
246.940
247.430
247.910
248.420
248.920
249.380
249.870
250.390
250.860
251.350
251.860
252.350
252.840
253.320
253.790
254.300
254.790
255.310
255.790
256.320
256.820
257.290
257.790
258.320
258.800
259.290
259.820
260.310
260.800
261.290
261.800
262.300
262.820
263.290
263.810
264.290
264.760
265.260
265.750
266.300
266.840
267.340
267.900
268.390
268.850
269.340
269.810
270.310
270.780
271.250
271.720
272.180
272.680
273.160
273.620
274.120
274.580
275.080
275.540
276.030
276.490
276.980
277.450
277.900
278.390
278.880
279.340
279.830
280.320
280.790
281.320
281.870
282.370
282.920
283.450
283.970
284.530
285.070
285.610
286.220
286.770
287.380
287.950
288.580
289.200
289.740
290.300
290.850
291.410
291.920
292.470
293.010
293.540
294.100
294.620
295.190
295.790
296.370
296.940
297.500
298.120
298.710
299.270
299.860
300.420
300.960
301.480
302.020
302.590
303.190
303.760
304.290
304.820
305.360
305.900
306.460
307.020
307.560
308.090
308.700
309.280
309.840
310.420
311.000
311.540
312.140
312.690
313.240
313.820
314.370
314.880
315.430
315.980
316.510
317.080
317.640
318.180
318.690
319.230
319.790
320.380
320.960
321.540
322.160
322.720
323.330
323.900
324.520
325.090
325.700
326.290
326.870
327.440
327.990
328.550
329.110
329.670
330.260
330.840
331.410
331.950
332.520
333.120
333.670
334.260
334.790
335.350
335.930
336.500
337.060
337.600
338.170
338.740
339.270
