0.300
0.650
1.000
1.370
1.730
2.090
2.460
2.800
3.150
3.510
3.860
4.220
4.550
4.900
5.260
5.610
5.960
6.320
6.670
7.020
7.370
7.730
8.070
8.410
8.780
9.120
9.490
9.840
10.190
10.550
10.900
11.270
11.600
11.950
12.320
12.660
13.020
13.380
13.730
14.090
14.450
14.810
15.160
15.510
15.880
16.230
16.590
16.950
17.310
17.670
18.030
18.390
18.730
19.080
19.440
19.780
20.140
20.480
20.830
21.200
21.540
21.890
22.260
22.620
22.990
23.340
23.700
24.040
24.400
24.760
25.110
25.470
25.820
26.160
26.530
26.870
27.230
27.560
27.910
28.280
28.620
28.990
29.340
29.720
30.070
30.420
30.780
31.120
31.460
31.830
32.180
32.540
32.880
33.230
33.590
33.940
34.300
34.640
34.990
35.350
35.700
36.050
36.420
36.770
37.140
37.490
37.860
38.210
38.570
38.930
39.290
39.650
40.000
40.360
40.720
41.070
41.430
41.780
42.140
42.510
42.870
43.230
43.590
43.950
44.320
44.680
45.040
45.390
45.750
46.120
46.480
46.830
47.180
47.540
47.890
48.240
48.610
48.950
49.300
49.660
50.020
50.390
50.740
51.110
51.480
51.840
52.200
52.550
52.900
53.270
53.630
54.000
54.340
54.690
55.060
55.420
55.790
56.140
56.490
56.850
57.210
57.570
57.930
58.300
58.660
59.020
59.390
59.730
60.090
60.460
60.810
61.190
61.540
61.900
62.270
62.620
62.990
63.350
63.710
64.070
64.430
64.800
65.150
65.510
65.880
66.230
66.590
66.950
67.300
67.680
68.030
68.410
68.780
69.130
69.500
69.840
70.210
70.550
70.900
71.270
71.620
71.990
72.340
72.690
73.060
73.420
73.770
74.140
74.490
74.860
75.230
75.580
75.930
76.270
76.640
77.000
77.360
77.710
78.070
78.430
78.780
79.140
79.480
79.840
80.210
80.560
80.920
81.270
81.640
82.000
82.350
82.720
83.080
83.430
83.790
84.150
84.500
84.850
85.190
85.560
85.910
86.280
86.620
86.970
87.330
87.680
88.060
88.410
88.760
89.120
89.490
89.850
90.200
90.560
90.930
91.290
91.650
91.990
92.340
92.710
93.070
93.430
93.780
94.130
94.490
94.850
95.220
95.570
95.920
96.290
96.640
97.010
97.360
97.710
98.070
98.430
98.800
99.140
99.480
99.860
100.200
100.570
100.920
101.280
101.650
102.010
102.380
102.740
103.090
103.460
103.800
104.170
104.520
104.880
105.240
105.600
105.960
106.310
106.660
107.030
107.390
107.750
108.110
108.470
108.840
109.200
109.560
109.900
110.260
110.620
110.940
111.300
111.640
111.990
112.340
112.680
113.040
113.390
113.730
114.090
114.410
114.760
115.100
115.440
115.790
116.140
116.500
116.850
117.190
117.560
117.900
118.230
118.570
118.900
119.250
119.590
119.940
120.290
120.640
120.990
121.320
121.660
122.010
122.340
122.690
123.020
123.370
123.710
124.070
124.410
124.750
125.090
125.440
125.780
126.110
126.440
126.790
127.130
127.460
127.800
128.140
128.490
128.820
129.170
129.490
129.830
130.180
130.520
130.870
131.200
131.540
131.880
132.230
132.550
132.890
133.220
133.560
133.900
134.250
134.600
134.930
135.280
135.600
135.940
136.290
136.620
136.950
137.290
137.640
137.980
138.320
138.660
139.020
139.360
139.700
140.040
140.380
140.720
141.040
141.380
141.710
142.050
142.370
142.700
143.030
143.360
143.700
144.050
144.390
144.720
145.050
145.380
145.730
146.070
146.410
146.730
147.080
147.420
147.760
148.110
148.440
148.780
149.130
149.480
149.820
150.160
150.500
150.830
151.170
151.510
151.860
152.190
152.530
152.880
153.220
153.550
153.900
154.230
154.570
154.910
155.250
155.600
155.960
156.310
156.650
156.980
157.330
157.690
158.040
158.400
158.740
159.080
159.440
159.800
160.130
160.460
160.820
161.190
161.540
161.880
162.230
162.590
162.950
163.280
163.650
164.000
164.340
164.700
165.040
165.390
165.730
166.080
166.440
166.800
167.130
167.480
167.830
168.200
168.560
168.900
169.260
169.610
169.950
170.310
170.670
171.000
171.360
171.700
172.070
172.420
172.770
173.120
173.500
173.850
174.180
174.510
174.870
175.220
175.570
175.930
176.270
176.630
176.980
177.310
177.670
178.000
178.350
178.690
179.020
179.360
179.720
180.060
180.430
180.770
181.120
181.470
181.820
182.160
182.510
182.870
183.220
183.570
183.940
184.300
184.640
184.980
185.340
185.690
186.030
186.370
186.720
187.060
187.400
187.750
188.100
188.450
188.790
189.140
189.490
189.830
190.180
190.540
190.890
191.220
191.550
191.900
192.260
192.630
192.970
193.320
193.670
194.030
194.370
194.690
195.040
195.370
195.720
196.070
196.410
196.750
197.080
197.410
197.770
198.130
198.470
198.810
199.170
199.500
199.840
200.190
200.520
200.870
201.210
201.540
201.900
202.240
202.580
202.910
203.250
203.600
203.950
204.300
204.640
205.000
205.340
205.680
206.020
206.360
206.690
207.050
207.390
207.730
208.080
208.420
208.780
209.130
209.470
209.800
210.160
210.500
210.830
211.170
211.530
211.870
212.240
212.580
212.930
213.270
213.600
213.940
214.270
214.610
214.960
215.310
215.650
215.990
216.330
216.650
217.000
217.350
217.680
218.020
218.370
218.690
219.020
219.340
219.680
220.040
220.380
220.740
221.090
221.420
221.770
222.110
222.450
222.800
223.130
223.470
223.810
224.160
224.510
224.840
225.180
225.530
225.880
226.220
226.560
226.890
227.240
227.590
227.930
228.270
228.610
228.950
229.300
229.660
229.990
230.340
230.690
231.040
231.380
231.720
232.070
232.420
232.780
233.110
233.480
233.840
234.190
234.560
234.900
235.240
235.600
235.950
236.300
236.630
236.980
237.310
237.660
238.010
238.380
238.720
239.070
239.430
239.770
240.100
240.450
240.810
241.160
241.500
241.830
242.160
242.500
242.840
243.200
243.530
243.870
244.210
244.550
244.910
245.240
245.580
245.920
246.260
246.610
246.940
247.280
247.610
247.940
248.290
248.630
248.970
249.290
249.640
249.980
250.300
250.650
250.980
251.300
251.650
251.990
252.340
252.690
253.020
253.370
253.700
254.050
254.380
254.720
255.070
255.400
255.740
256.080
256.430
256.770
257.110
257.430
257.770
258.120
258.480
258.820
259.190
259.530
259.880
260.230
260.580
260.930
261.270
261.630
262.000
262.340
262.700
263.070
263.440
263.780
264.120
264.480
264.820
265.180
265.520
265.880
266.240
266.580
266.930
267.270
267.610
267.960
268.310
268.660
269.020
269.360
269.710
270.060
270.400
270.760
271.100
271.450
271.800
272.140
272.510
272.850
273.200
273.540
273.890
274.240
274.580
274.920
275.260
275.600
275.960
276.300
276.650
277.000
277.350
277.710
278.060
278.420
278.770
279.130
279.480
279.820
280.170
280.510
280.860
281.210
281.560
281.910
282.260
282.620
282.970
283.300
283.630
283.980
284.320
284.680
285.030
285.380
285.720
286.070
286.430
286.760
287.110
287.460
287.810
288.160
288.490
288.850
289.180
289.520
289.880
290.210
290.580
290.910
291.270
291.620
291.970
292.330
292.660
293.020
293.370
293.720
294.070
294.420
294.760
295.110
295.470
295.810
296.130
296.490
296.840
297.180
297.540
297.890
298.230
298.590
298.920
299.280
299.610
299.960
300.320
300.660
301.020
301.370
301.710
302.050
302.400
302.760
303.100
303.440
303.790
304.140
304.490
304.840
305.180
305.540
305.880
306.250
306.590
306.930
307.300
307.630
308.000
308.330
308.680
309.030
309.380
309.730
310.060
310.390
310.760
311.100
311.450
311.800
312.150
312.520
312.860
313.230
313.570
313.920
314.270
314.630
314.990
315.340
315.680
316.040
316.390
316.750
317.110
317.480
317.830
318.180
318.560
318.900
319.240
319.600
319.960
320.300
320.620
320.940
321.260
321.570
321.890
322.210
322.530
322.850
323.170
323.490
323.810
324.140
324.450
324.770
325.100
325.410
