0.180
0.840
1.530
2.200
2.860
3.550
4.200
4.880
5.580
6.220
6.860
7.530
8.200
8.850
9.520
10.190
10.850
11.530
12.210
12.890
13.590
14.280
14.950
15.630
16.330
17.050
17.730
18.420
19.090
19.770
20.480
21.170
21.890
22.550
23.200
23.890
24.570
25.280
25.950
26.640
27.310
28.000
28.680
29.410
30.100
30.780
31.460
32.140
32.830
33.510
34.220
34.910
35.600
36.280
36.970
37.690
38.360
39.050
39.720
40.400
41.080
41.780
42.500
43.180
43.860
44.530
45.240
45.930
46.630
47.310
47.980
48.670
49.370
50.070
50.790
51.480
52.160
52.840
53.540
54.240
54.930
55.610
56.290
56.990
57.690
58.410
59.110
59.790
60.480
61.180
61.880
62.580
63.280
63.990
64.670
65.370
66.070
66.760
67.470
68.180
68.870
69.570
70.270
70.960
71.690
72.390
73.060
73.740
74.450
75.140
75.840
76.530
77.210
77.910
78.590
79.280
79.980
80.670
81.350
82.040
82.740
83.440
84.170
84.890
85.570
86.260
86.940
87.650
88.360
89.060
89.770
90.450
91.150
91.840
92.540
93.230
93.910
94.590
95.290
95.980
96.690
97.390
98.060
98.740
99.430
100.130
100.840
101.530
102.220
102.910
103.620
104.320
105.040
105.710
106.380
107.070
107.770
108.500
109.200
109.900
110.580
111.270
111.960
112.660
113.380
114.070
114.760
115.450
116.120
116.830
117.550
118.270
118.930
119.640
120.310
121.010
121.730
122.440
123.120
123.780
124.510
125.250
125.960
126.660
127.340
128.020
128.730
129.410
130.120
130.810
131.490
132.180
132.870
133.570
134.280
134.990
135.670
136.330
137.030
137.700
138.420
139.130
139.790
140.480
141.150
141.830
142.540
143.220
143.890
144.580
145.270
145.960
146.650
147.370
148.070
148.750
149.470
150.160
150.850
151.560
152.250
152.920
153.640
154.360
155.070
155.760
156.440
157.110
157.840
158.550
159.220
159.920
160.590
161.270
161.970
162.630
163.320
164.040
164.720
165.400
166.110
166.790
167.470
168.170
168.850
169.530
170.230
170.910
171.590
172.310
172.980
173.660
174.370
175.070
175.740
176.470
177.160
177.840
178.530
179.230
179.930
180.660
181.360
182.040
182.750
183.460
184.140
184.880
185.550
186.230
186.940
187.610
188.300
188.990
189.670
190.330
191.020
191.710
192.370
193.090
193.760
194.430
195.120
195.790
196.460
197.140
197.810
198.480
199.180
199.820
200.490
201.180
201.870
202.540
203.240
203.910
204.590
205.280
205.950
206.620
207.310
207.980
208.640
209.340
209.990
210.670
211.380
212.040
212.710
213.400
214.070
214.740
215.450
216.130
216.810
217.500
218.190
218.870
219.570
220.250
220.930
221.630
222.300
222.980
223.690
224.370
225.040
225.740
226.440
227.110
227.820
228.480
229.140
229.840
230.530
231.200
231.880
232.550
233.200
233.900
234.590
235.260
235.950
236.630
237.300
237.990
238.680
239.340
240.030
240.720
241.380
242.060
242.730
243.400
244.110
244.760
245.420
246.100
246.790
247.460
248.140
248.800
249.480
250.170
250.830
251.500
252.180
252.830
253.490
254.160
254.810
255.480
256.140
256.800
257.460
258.130
258.800
259.460
260.150
260.800
261.450
262.120
262.800
263.470
264.150
264.810
265.470
266.140
266.790
267.460
268.140
268.790
269.450
270.120
270.790
271.460
272.140
272.780
273.440
274.130
274.800
275.470
276.150
276.790
277.460
278.140
278.800
279.450
280.120
280.750
281.420
282.070
282.750
283.420
284.080
284.740
285.410
286.060
286.710
287.360
288.030
288.680
289.340
290.010
290.680
291.330
292.000
292.640
293.300
293.950
294.600
295.250
295.910
296.550
297.210
297.870
298.530
299.180
299.850
300.520
301.190
301.850
302.500
303.160
303.820
304.470
305.140
305.810
306.460
307.120
307.780
308.440
309.100
309.740
310.420
311.060
311.700
312.350
313.030
313.710
314.360
315.010
315.690
316.340
316.990
317.650
318.300
318.960
319.610
320.260
320.920
321.590
322.260
322.920
323.610
324.260
324.930
325.600
326.280
326.930
327.630
328.280
328.950
329.620
330.280
330.950
331.620
332.270
332.920
333.590
334.250
334.900
335.570
336.250
336.890
337.560
338.210
338.850
339.540
340.200
340.840
341.530
342.170
342.830
343.510
344.160
344.830
345.520
346.160
346.820
347.490
348.140
348.800
349.470
350.120
350.770
351.440
352.090
352.750
353.430
354.100
354.760
355.440
356.110
356.770
357.440
358.110
358.770
359.450
360.110
360.780
361.440
362.100
362.760
363.420
364.070
364.730
365.400
366.060
366.710
367.390
368.070
368.730
369.420
370.100
370.760
371.420
372.090
372.750
373.420
374.080
374.730
375.400
376.070
376.710
377.380
378.070
378.730
379.420
380.060
380.720
381.390
382.050
382.700
383.370
384.020
384.680
385.350
386.020
386.690
387.370
388.030
388.690
389.350
390.000
390.650
391.340
391.960
392.620
393.290
393.960
394.600
395.280
395.950
396.600
397.280
397.910
398.550
399.210
399.850
400.490
401.160
401.810
402.460
403.140
403.770
404.430
405.100
405.750
406.410
407.110
407.740
408.390
409.070
409.710
410.360
411.040
411.700
412.360
413.030
413.690
414.340
415.010
415.680
416.330
417.010
417.660
418.310
418.980
419.640
420.300
420.980
421.650
422.310
422.960
423.620
424.270
424.930
425.600
426.260
426.950
427.610
428.260
428.930
429.590
430.240
430.910
431.570
432.230
432.880
433.550
434.190
434.850
435.510
436.160
436.830
437.500
438.150
438.810
439.470
440.120
440.790
441.450
442.100
442.760
443.420
444.080
444.750
445.410
446.060
446.730
447.390
448.050
448.720
449.370
450.030
450.680
451.340
451.990
452.670
453.320
453.980
454.650
455.290
455.930
456.590
457.240
457.880
458.530
459.180
459.830
460.470
461.130
461.780
462.430
463.090
463.740
464.410
465.050
465.700
466.360
467.010
467.640
468.300
468.960
469.600
470.230
470.880
471.520
472.190
472.850
473.510
474.170
474.830
475.470
476.140
476.800
477.460
478.120
478.780
479.440
480.150
480.840
481.510
482.210
482.860
483.560
484.250
484.920
485.620
486.280
486.990
487.680
488.380
489.060
489.770
490.440
491.150
491.850
492.550
493.230
493.910
494.590
495.290
496.000
496.700
497.370
498.050
498.730
499.450
500.140
500.860
501.520
502.200
502.900
503.600
504.310
505.010
505.690
506.380
507.070
507.820
508.490
509.190
509.850
510.510
511.220
511.930
512.620
513.330
513.990
514.670
515.370
516.080
516.750
517.430
518.110
518.810
519.470
520.190
520.860
521.520
522.210
522.890
523.580
524.290
524.990
525.640
526.310
527.000
527.730
528.420
529.080
529.790
530.480
531.160
531.860
532.580
533.210
533.890
534.570
535.230
535.930
536.640
537.300
537.990
538.640
539.320
540.020
540.720
541.390
542.080
542.750
543.420
544.110
544.810
545.490
546.180
546.870
547.540
548.220
548.910
549.590
550.270
550.940
551.620
552.320
552.970
553.690
554.400
555.090
555.750
556.440
557.140
557.780
558.490
559.160
559.840
560.530
561.240
561.910
562.560
563.260
563.950
564.610
565.320
565.980
566.650
567.330
568.020
568.690
569.410
570.120
570.780
571.420
572.100
572.820
573.480
