0.140
0.770
1.370
1.960
2.550
3.170
3.770
4.340
4.970
5.560
6.160
6.700
7.280
7.810
8.380
8.940
9.470
9.980
10.460
10.970
11.500
12.020
12.510
13.030
13.530
14.020
14.540
15.050
15.520
16.020
16.530
17.020
17.510
18.000
18.500
18.970
19.470
19.960
20.470
20.940
21.460
21.940
22.440
22.930
23.410
23.900
24.400
24.890
25.400
25.900
26.400
26.890
27.380
27.880
28.390
28.890
29.380
29.870
30.380
30.890
31.380
31.870
32.380
32.880
33.370
33.860
34.370
34.870
35.350
35.830
36.320
36.820
37.310
37.810
38.310
38.800
39.320
39.810
40.300
40.780
41.270
41.760
42.240
42.730
43.270
43.780
44.290
44.780
45.280
45.770
46.280
46.780
47.270
47.790
48.290
48.810
49.310
49.790
50.270
50.760
51.260
51.740
52.250
52.740
53.240
53.730
54.240
54.730
55.230
55.740
56.230
56.710
57.190
57.690
58.190
58.680
59.150
59.670
60.170
60.650
61.150
61.640
62.140
62.620
63.110
63.610
64.130
64.610
65.090
65.590
66.080
66.580
67.060
67.540
68.050
68.540
69.030
69.520
70.020
70.510
70.980
71.470
71.990
72.480
72.960
73.460
73.970
74.510
75.010
75.510
76.040
76.520
77.030
77.540
78.080
78.570
79.090
79.550
80.050
80.530
80.990
81.470
81.960
82.450
82.930
83.410
83.870
84.350
84.830
85.330
85.810
86.280
86.740
87.200
87.670
88.150
88.620
89.110
89.590
90.070
90.530
91.020
91.480
91.940
92.430
92.880
93.350
93.830
94.300
94.770
95.220
95.680
96.150
96.630
97.090
97.570
98.020
98.470
98.950
99.400
99.860
100.350
100.820
101.300
101.780
102.250
102.720
103.170
103.640
104.100
104.560
105.030
105.490
105.970
106.450
106.920
107.390
107.860
108.310
108.790
109.260
109.710
110.180
110.650
111.140
111.610
112.060
112.550
113.010
113.460
113.930
114.390
114.880
115.350
115.820
116.280
116.750
117.210
117.680
118.160
118.630
119.120
119.600
120.080
120.550
121.000
121.450
121.940
122.420
122.910
123.390
123.860
124.350
124.820
125.300
125.760
126.230
126.690
127.170
127.630
128.100
128.570
129.040
129.530
130.000
130.470
130.940
131.400
131.880
132.340
132.810
133.280
133.750
134.220
134.680
135.160
135.640
136.110
136.570
137.040
137.510
137.990
138.460
138.940
139.400
139.870
140.340
140.820
141.290
141.760
142.220
142.700
143.160
143.630
144.110
144.570
145.030
145.500
145.970
146.460
146.940
147.420
147.970
148.490
149.090
149.660
150.240
150.820
151.540
152.190
152.900
153.660
154.370
155.100
155.840
156.580
157.310
158.020
158.770
159.490
160.150
160.860
161.550
162.230
162.900
163.620
164.300
164.970
165.660
166.350
