0.140
0.700
1.290
1.870
2.440
3.000
3.570
4.100
4.680
5.230
5.780
6.370
6.960
7.550
8.160
8.730
9.320
9.890
10.470
11.030
11.570
12.120
12.710
13.270
13.830
14.380
14.960
15.510
16.070
16.640
17.220
17.780
18.320
18.880
19.440
20.010
20.560
21.120
21.690
22.210
22.790
23.340
23.900
24.470
25.020
25.590
26.160
26.720
27.270
27.840
28.400
28.960
29.510
30.090
30.650
31.230
31.790
32.360
32.930
33.510
34.070
34.660
35.220
35.790
36.350
36.920
37.510
38.060
38.630
39.200
39.790
40.360
40.920
41.480
42.060
42.630
43.190
43.750
44.330
44.910
45.450
46.020
46.590
47.140
47.700
48.260
48.840
49.410
49.980
50.540
51.140
51.680
52.270
52.830
53.390
53.960
54.530
55.070
55.630
56.190
56.750
57.300
57.870
58.430
58.990
59.550
60.130
60.680
61.230
61.820
62.380
62.940
63.510
64.070
64.640
65.190
65.730
66.320
66.890
67.440
67.990
68.540
69.100
69.660
70.220
70.780
71.350
71.920
72.470
73.050
73.630
74.180
74.750
75.350
75.900
76.460
77.040
77.580
78.150
78.700
79.270
79.830
80.400
80.970
81.520
82.120
82.670
83.230
83.770
84.360
84.910
85.450
86.030
86.620
87.180
87.760
88.320
88.910
89.480
90.060
90.610
91.170
91.750
92.330
92.900
93.520
94.110
94.650
95.200
95.740
96.240
96.800
97.350
97.920
98.500
99.030
99.610
100.180
100.740
101.350
101.950
102.540
103.160
103.720
104.280
104.820
105.360
105.930
106.490
107.060
107.590
108.160
108.750
109.300
109.870
110.400
110.980
111.570
112.120
112.660
113.220
113.770
114.340
114.880
115.460
116.020
116.570
117.120
117.690
118.260
118.800
119.350
119.940
120.520
121.070
121.590
122.140
122.710
123.260
123.820
124.410
124.980
125.520
126.110
126.690
127.230
127.810
128.380
128.950
129.540
130.110
130.660
131.220
131.790
132.370
132.960
133.510
134.060
134.610
135.180
135.760
136.290
136.870
137.420
137.980
138.550
139.100
139.660
140.230
140.790
141.340
141.880
142.430
142.990
143.570
144.120
144.710
145.270
145.820
146.400
146.990
147.540
148.110
148.690
149.250
149.780
150.350
150.890
151.470
152.020
152.580
153.150
153.720
154.280
154.840
155.390
155.940
156.530
157.090
157.620
158.220
158.770
159.340
159.920
160.480
161.040
161.590
162.150
162.680
163.260
163.800
164.370
164.930
165.530
166.100
166.640
167.210
167.800
168.370
168.950
169.530
170.090
170.670
171.220
171.820
172.390
172.950
173.530
174.100
174.680
175.230
175.820
176.360
176.930
177.480
178.050
178.600
179.160
179.730
180.280
180.840
181.410
181.970
182.530
183.100
183.640
184.190
184.760
185.300
185.860
186.420
186.950
187.530
188.090
188.640
189.200
189.760
190.330
190.900
191.470
192.020
192.570
193.150
193.710
194.260
194.810
195.370
195.940
196.500
197.060
197.640
198.200
198.740
199.290
199.840
200.430
200.980
201.550
202.130
202.700
203.270
203.850
204.390
204.910
205.450
205.960
206.500
207.030
207.590
208.110
208.670
209.240
209.800
210.370
210.930
211.500
212.050
212.620
213.180
213.730
214.290
214.860
215.430
215.990
216.560
217.130
217.710
218.280
218.860
219.450
220.010
220.580
221.170
221.750
222.340
222.930
223.480
224.040
224.620
225.180
225.770
226.340
226.900
227.450
228.030
228.600
229.180
229.720
230.290
230.870
231.440
232.000
232.590
233.140
233.700
234.250
234.830
235.410
235.960
236.520
237.080
237.630
238.200
238.780
239.370
239.930
240.530
241.120
241.700
242.300
242.870
243.440
244.010
244.570
245.140
245.700
246.300
246.890
247.440
248.000
248.590
249.140
249.720
250.280
250.880
251.430
252.000
252.560
253.130
253.690
254.270
254.840
255.400
255.970
256.540
257.110
257.680
258.270
258.850
259.430
259.980
260.560
261.150
261.700
262.270
262.830
263.410
263.950
264.520
265.090
265.630
266.230
266.780
267.350
267.920
268.500
269.050
269.610
270.180
270.760
271.310
271.890
272.450
273.030
273.590
274.150
274.710
275.290
275.860
276.430
276.990
277.580
278.140
278.700
279.280
279.850
280.390
280.960
281.530
282.100
282.680
283.260
283.830
284.420
284.960
285.510
286.080
286.660
287.210
287.790
288.350
288.900
289.480
290.040
290.600
291.180
291.750
292.320
292.890
293.440
294.040
294.610
295.150
295.710
296.280
296.870
297.440
298.000
298.560
299.120
299.720
300.290
300.850
301.400
301.970
302.510
303.090
303.660
304.230
304.800
305.380
305.930
306.490
307.060
307.650
308.190
308.770
309.320
309.890
310.460
311.030
311.590
312.140
312.730
313.350
313.930
314.510
315.070
315.660
316.250
316.830
317.410
317.990
318.580
319.150
319.730
320.310
320.890
321.450
322.020
322.610
323.180
323.740
324.320
324.880
325.460
326.030
326.600
327.180
327.760
328.330
328.910
329.490
330.060
330.630
331.210
331.770
332.340
332.910
333.490
334.070
334.640
335.230
335.810
336.380
336.980
337.540
338.120
338.690
339.270
339.830
340.400
340.960
341.540
342.100
342.670
343.260
343.830
344.410
345.000
345.560
346.140
346.710
347.280
347.850
348.420
348.980
349.560
350.130
350.710
351.290
351.870
352.420
352.990
353.560
354.140
354.710
355.270
355.840
356.410
356.970
357.540
358.090
358.650
359.200
359.780
360.330
360.890
361.460
362.030
362.600
363.150
363.720
364.300
364.840
365.430
365.970
366.550
367.100
367.650
368.250
368.810
369.420
369.990
370.570
371.160
371.730
372.300
372.860
373.440
374.010
374.590
375.150
375.720
376.300
376.880
377.440
378.010
378.580
379.150
379.710
380.270
380.850
381.420
381.990
382.570
383.130
383.700
384.250
384.830
385.390
385.970
386.530
387.100
387.660
388.230
388.810
389.380
389.960
390.530
391.090
391.660
392.230
392.780
393.340
393.910
394.480
395.050
395.610
396.180
396.740
397.300
397.860
398.430
398.980
399.550
400.090
400.660
401.210
401.770
402.330
402.880
403.430
404.000
404.550
405.120
405.680
406.230
406.780
407.360
407.910
408.470
409.030
409.580
410.140
410.660
411.230
411.790
412.350
412.900
413.470
414.020
414.580
415.130
415.700
416.260
416.820
417.370
417.950
418.490
419.060
419.600
420.170
420.700
421.270
421.800
422.380
422.930
423.490
424.050
424.590
425.160
425.720
426.280
426.840
427.410
427.970
428.540
429.090
429.670
430.230
430.800
431.350
431.930
432.460
433.020
433.580
434.140
434.700
435.270
435.820
436.390
436.960
437.520
438.060
438.620
439.180
439.740
440.310
440.900
441.460
442.000
442.550
443.110
443.690
444.270
444.820
445.370
445.920
446.500
447.060
447.620
448.180
448.750
449.310
449.850
450.420
450.990
451.550
452.120
452.680
453.230
453.800
454.370
454.940
455.500
456.060
456.620
457.180
457.740
458.320
458.880
459.430
459.980
460.550
461.080
461.640
462.150
462.630
463.150
463.740
464.310
464.910
465.480
466.040
466.620
467.200
467.780
468.350
468.940
469.510
470.090
470.670
471.260
471.810
472.390
472.950
473.540
474.110
474.680
475.260
475.830
476.400
476.960
477.520
478.090
478.670
479.230
479.800
480.370
480.940
481.500
482.080
482.650
483.240
483.810
484.390
484.940
485.520
486.070
486.620
487.200
487.770
488.350
488.900
489.480
490.050
490.610
491.150
491.740
492.280
492.850
493.440
494.010
494.570
495.120
495.670
496.240
496.780
497.350
497.900
498.470
499.010
499.560
500.110
500.650
501.250
501.790
502.380
502.980
503.560
504.100
504.690
505.260
505.820
506.380
506.960
507.530
508.110
508.690
509.250
509.780
510.370
510.950
511.510
512.090
512.640
513.180
513.750
514.320
514.870
515.420
515.980
516.530
517.090
517.650
518.210
518.770
519.300
519.860
520.440
521.040
521.600
522.170
522.730
523.310
523.860
524.440
525.010
525.550
526.130
526.700
527.270
527.830
528.380
528.940
529.500
530.070
530.640
531.200
531.780
532.350
532.910
533.470
534.040
534.590
535.170
535.700
536.270
536.870
537.460
538.010
538.600
539.150
539.740
540.320
540.910
541.490
542.040
542.610
543.180
543.770
544.320
544.900
545.440
546.010
546.580
547.160
547.710
548.290
548.850
549.440
549.990
550.570
551.110
551.690
552.260
552.820
553.400
553.950
554.520
555.090
555.690
556.250
556.800
557.350
557.930
558.510
559.070
559.620
560.180
560.760
561.310
561.840
562.390
562.970
563.510
564.070
564.650
565.170
565.720
566.280
566.820
567.400
567.930
568.500
569.030
569.580
570.160
570.710
571.260
571.810
572.340
572.880
573.450
574.040
574.610
575.170
575.760
576.330
576.880
577.450
578.000
578.570
579.130
579.680
580.250
580.820
581.380
581.930
582.480
583.060
583.600
584.180
584.740
585.290
585.840
586.400
586.960
587.520
588.070
588.630
589.190
589.770
590.330
590.860
591.430
592.010
592.580
593.160
593.730
594.290
594.850
595.400
595.960
596.520
597.100
597.630
598.210
598.760
599.330
599.890
600.430
601.000
601.560
602.120
602.670
603.230
603.790
604.350
604.920
605.470
606.020
606.590
607.130
607.690
608.260
608.820
609.360
609.930
610.490
611.010
611.600
612.220
612.800
613.360
613.960
614.530
615.110
615.680
616.250
616.820
617.410
617.970
618.550
619.140
619.720
620.260
620.830
621.410
621.970
622.520
623.080
623.660
624.230
624.780
625.350
625.920
626.480
627.050
627.630
628.210
628.780
629.350
629.880
630.470
631.020
631.590
632.170
632.760
633.340
633.910
634.490
635.060
635.620
636.200
636.760
637.340
637.920
638.470
639.040
639.610
640.170
640.740
641.320
641.940
642.520
643.060
643.630
644.190
644.780
645.330
645.920
646.480
647.060
647.630
648.200
648.770
649.320
649.910
650.500
651.080
651.660
652.220
652.740
653.320
653.870
654.450
655.050
655.620
656.180
656.740
657.270
657.840
658.400
658.950
659.510
660.090
660.640
661.220
661.810
662.380
662.930
663.470
664.040
664.620
665.160
665.720
666.270
666.820
667.380
667.940
668.530
669.110
669.700
670.280
670.860
671.430
672.000
672.560
673.140
673.760
674.310
674.910
675.490
676.040
676.580
677.150
677.700
678.290
678.840
679.400
679.990
680.540
681.130
681.690
682.240
682.820
683.390
683.960
684.530
685.100
685.690
686.250
686.790
687.360
687.910
688.480
689.050
689.650
690.220
690.790
691.340
691.920
692.490
693.070
693.620
694.190
694.740
695.330
695.890
696.470
697.040
697.600
698.170
698.810
699.430
700.040
700.670
701.270
701.910
702.500
703.150
703.770
704.380
705.040
705.670
706.300
706.900
707.560
