0.610
1.430
2.290
3.230
4.160
5.160
6.140
7.160
8.160
9.100
10.100
11.100
12.060
12.990
13.950
14.960
15.900
16.740
17.640
18.460
19.330
20.070
20.820
21.610
22.320
22.970
23.630
24.290
24.930
25.500
26.130
26.700
27.330
27.960
28.610
29.260
29.880
30.640
31.360
32.120
32.930
33.670
34.470
35.240
36.030
36.820
37.600
38.440
39.210
40.020
40.860
41.630
42.440
43.250
44.120
44.920
45.830
46.810
47.800
48.670
49.610
50.490
51.420
52.370
53.470
54.530
55.320
56.170
56.960
57.760
58.480
59.220
59.890
60.510
61.160
61.830
62.540
63.200
63.910
64.600
65.380
66.190
66.970
67.780
68.560
69.380
70.160
70.960
71.520
72.090
72.680
73.240
73.820
74.400
74.900
75.280
75.660
76.060
76.440
76.820
77.180
77.550
77.940
78.280
78.660
79.000
79.380
79.750
80.100
80.500
80.860
81.260
81.640
81.990
82.370
82.730
83.100
83.460
83.820
84.180
84.540
84.910
85.290
85.650
86.040
86.400
86.770
87.150
87.510
87.890
88.260
88.610
89.000
89.370
89.740
90.110
90.460
90.830
91.220
91.590
91.960
92.330
92.690
93.050
93.440
93.800
94.180
94.550
94.910
95.290
95.660
96.030
96.390
96.770
97.130
97.490
97.860
98.230
98.610
98.990
99.360
99.710
100.080
100.450
100.840
101.210
101.580
101.950
102.310
102.680
103.040
103.390
103.770
104.140
104.520
104.880
105.240
105.620
106.000
106.350
106.730
107.110
107.470
107.830
108.220
108.610
108.990
109.360
109.730
110.100
110.450
110.820
111.200
111.570
111.940
112.320
112.690
113.040
113.430
113.770
114.150
114.500
114.870
115.250
115.610
116.000
116.360
116.740
117.110
117.470
117.830
118.200
118.580
118.940
119.320
119.700
120.050
120.420
120.790
121.160
121.540
121.900
122.280
122.640
123.000
123.340
123.710
124.060
124.450
124.800
125.180
125.540
125.940
126.300
126.680
127.060
127.420
127.780
128.160
128.520
128.900
129.270
129.640
130.030
130.410
130.780
131.150
131.530
131.930
132.310
132.690
133.070
133.420
133.800
134.170
134.550
134.910
135.270
135.640
136.000
136.360
136.700
137.070
137.440
137.800
138.150
138.540
138.910
139.270
139.610
139.990
140.330
140.690
141.070
141.410
141.770
142.150
142.510
142.850
143.230
143.620
144.010
144.370
144.770
145.150
145.510
145.890
146.280
146.670
147.030
147.410
147.790
148.190
148.570
148.950
149.310
149.690
150.090
150.470
150.830
151.210
151.590
151.990
152.370
152.750
153.130
153.510
153.870
154.250
154.630
155.030
155.390
155.790
156.150
156.550
156.910
157.290
157.690
158.070
158.430
158.820
159.210
159.590
159.980
160.370
160.760
161.170
161.560
161.940
162.320
162.710
163.120
163.500
163.880
164.240
164.620
165.010
165.390
165.770
166.150
166.510
166.890
167.260
167.630
168.000
168.400
168.780
169.140
169.520
169.920
170.300
170.670
171.060
171.410
171.790
172.150
172.540
172.890
173.280
173.640
174.020
174.380
174.700
175.060
175.400
175.720
176.060
176.420
176.760
177.110
177.450
177.820
178.210
178.570
178.940
179.330
179.720
180.100
180.470
180.860
181.240
181.620
182.000
182.370
182.750
183.120
183.510
183.890
184.260
184.620
185.000
185.370
185.740
186.110
186.490
186.870
187.270
187.640
188.030
188.380
188.760
189.120
189.510
189.880
190.230
190.600
190.990
191.370
191.780
192.150
192.530
192.920
193.300
193.690
194.070
194.450
194.800
195.190
195.550
195.930
196.280
196.660
197.030
197.430
197.800
198.190
198.570
198.940
199.320
199.690
200.100
200.490
200.880
201.260
201.620
202.020
202.390
202.760
203.140
203.540
203.900
204.280
204.680
205.050
205.430
205.810
206.210
206.600
206.990
207.370
207.730
208.120
208.510
208.890
209.260
209.630
210.030
210.400
210.760
211.140
211.500
211.880
212.240
212.640
213.020
213.430
213.820
214.200
214.580
214.980
215.340
215.730
216.110
216.480
216.870
217.260
217.640
218.010
218.410
218.800
219.160
219.550
219.940
220.300
220.700
221.070
221.450
221.820
222.220
222.600
222.990
223.370
223.750
224.130
224.530
224.890
225.290
225.660
226.040
226.420
226.790
227.180
227.560
227.950
228.330
228.700
229.090
229.470
229.840
230.210
230.620
230.990
231.400
231.780
232.160
232.560
232.930
233.320
233.700
234.090
234.470
234.850
235.250
235.640
236.030
236.390
236.790
237.180
237.560
237.960
238.330
238.700
239.090
239.460
239.860
240.220
240.610
240.990
241.360
241.740
242.130
242.500
242.900
243.280
243.670
244.040
244.410
244.810
245.210
245.580
245.980
246.350
246.740
247.130
247.510
247.900
248.300
248.700
249.080
249.500
249.880
250.280
250.680
251.100
251.500
251.900
252.300
252.680
253.050
253.440
253.790
254.170
254.530
254.910
255.280
255.690
256.080
256.470
256.840
257.230
257.630
258.020
258.380
258.770
259.150
259.520
259.910
260.320
260.710
261.100
261.480
261.840
262.200
262.580
262.990
263.380
263.760
264.160
264.540
264.940
265.310
265.700
266.120
266.500
266.900
267.310
267.720
268.120
268.520
268.910
269.280
269.670
270.070
270.470
270.880
271.260
271.660
272.060
272.460
272.870
273.280
273.680
274.070
274.450
274.840
275.230
275.640
276.010
276.420
276.810
277.180
277.580
277.960
278.370
278.760
279.140
279.530
279.910
280.300
280.670
281.060
281.460
281.850
282.250
282.620
282.990
283.380
283.760
284.170
284.560
284.920
285.310
285.690
286.080
286.460
286.870
287.260
287.650
288.040
288.410
288.800
289.210
289.580
289.970
290.370
290.760
291.140
291.530
291.900
292.290
292.690
293.070
293.450
293.850
294.230
294.620
295.030
295.410
295.810
296.200
296.570
296.970
297.370
297.760
298.140
298.540
298.930
299.330
299.750
300.140
300.530
300.930
301.300
301.710
302.080
302.460
302.850
303.220
303.630
304.020
304.410
304.780
305.170
305.580
305.950
306.340
306.750
307.140
307.530
307.900
308.310
308.710
309.110
309.500
309.900
310.320
310.700
311.120
311.500
311.890
312.270
312.620
312.990
313.360
313.760
314.130
314.510
314.900
315.290
315.670
316.080
316.470
316.850
317.240
317.640
318.010
318.410
318.810
319.200
319.600
320.010
320.400
320.800
321.200
321.590
321.970
322.360
322.750
323.140
323.530
323.900
324.280
324.670
325.050
325.420
325.820
326.200
326.580
326.950
327.350
327.740
328.110
328.510
328.910
329.290
329.680
330.080
330.470
330.840
331.220
331.620
332.000
332.380
332.750
333.130
333.490
333.830
334.200
334.590
334.960
335.350
335.720
336.100
336.500
336.890
337.320
337.730
338.120
338.530
338.960
339.350
339.740
340.120
340.500
340.890
341.300
341.690
342.070
342.440
342.790
343.170
343.550
343.960
344.340
344.730
345.140
345.520
345.940
346.340
346.720
347.130
347.520
347.900
348.300
348.680
349.060
349.450
349.840
350.250
350.610
350.990
351.380
351.780
352.160
352.560
352.930
353.340
353.710
354.110
354.510
354.880
355.290
355.680
356.070
356.450
356.840
357.230
357.630
358.020
358.400
358.780
359.190
359.580
359.960
360.340
360.700
361.090
361.490
361.870
362.270
362.650
363.030
363.390
363.770
364.180
364.570
364.940
365.330
365.740
366.130
366.520
366.910
367.300
367.690
368.080
368.460
368.840
369.220
369.590
369.990
370.390
370.780
371.150
371.510
371.890
372.240
372.610
373.000
373.370
373.770
374.140
374.530
374.930
375.330
375.720
376.110
376.530
376.920
377.290
377.690
378.070
378.470
378.860
379.250
379.630
380.040
380.420
380.810
381.190
381.560
381.940
382.320
382.690
383.060
383.410
383.800
384.150
384.540
384.900
385.260
385.670
386.040
386.450
386.840
387.230
387.600
387.980
388.350
388.750
389.120
389.520
389.900
390.300
390.690
391.060
391.460
391.840
392.220
392.580
392.970
393.370
393.770
394.150
394.550
394.940
395.320
395.700
396.070
396.440
396.840
397.210
397.610
398.000
398.380
398.760
399.160
399.540
399.950
400.320
400.720
401.150
401.560
401.960
402.360
402.790
403.190
403.600
403.980
404.390
404.800
405.190
405.580
405.960
406.320
406.700
407.100
407.500
407.890
408.260
408.650
409.020
409.410
409.780
410.170
410.540
410.930
411.310
411.670
412.060
412.430
412.810
413.200
413.590
413.970
414.340
414.730
415.110
415.490
415.870
416.250
416.630
417.010
417.390
417.760
418.140
418.530
418.910
419.290
419.660
420.030
420.410
420.800
421.190
421.550
421.950
422.340
422.740
423.110
423.480
423.830
424.210
424.590
424.980
425.360
425.730
426.110
426.510
426.900
427.270
427.660
428.070
428.430
428.800
429.180
429.550
429.900
430.270
430.640
431.010
431.380
431.770
432.130
432.490
432.880
433.230
433.620
433.990
434.340
434.730
435.100
435.460
435.820
436.180
436.550
436.910
437.270
437.660
438.020
438.390
438.750
439.120
439.510
439.880
440.250
440.620
440.980
441.330
441.700
442.070
442.450
442.810
443.150
443.520
443.890
444.250
444.620
444.980
445.340
445.700
446.070
446.450
446.820
447.190
447.550
447.910
448.280
448.650
449.030
449.400
449.770
450.150
450.510
450.870
451.250
451.630
452.000
452.360
452.720
453.100
453.450
453.820
454.190
454.550
454.940
455.300
455.670
456.050
456.410
456.790
457.160
457.520
457.910
458.290
458.670
459.050
459.410
459.780
460.160
460.530
460.900
461.260
461.650
462.020
462.380
462.760
463.140
463.530
463.910
464.280
464.630
465.000
465.370
465.760
466.120
466.500
466.870
467.240
467.600
467.950
468.320
468.700
469.060
469.440
469.790
470.160
470.540
470.920
471.290
471.660
472.030
472.380
472.740
473.110
473.460
473.830
474.220
474.590
474.950
475.330
475.700
476.070
476.440
476.810
477.170
477.530
477.900
478.290
478.660
479.030
479.420
479.790
480.160
480.550
480.920
481.290
481.660
482.040
482.400
482.790
483.180
483.540
483.940
484.320
484.700
485.080
485.470
485.870
486.240
486.600
486.960
487.330
487.710
488.110
488.490
488.850
489.220
489.590
489.970
490.340
490.710
491.090
491.450
491.830
492.200
492.570
492.950
493.320
493.710
494.090
494.480
494.850
495.220
495.590
495.980
496.350
496.720
497.120
497.480
497.870
498.240
498.630
499.000
499.400
499.790
500.160
500.560
500.940
501.340
501.740
502.120
502.480
502.870
503.250
503.600
503.990
504.340
504.720
505.100
505.500
505.860
506.240
506.620
506.980
507.360
507.730
508.080
508.450
508.840
509.210
509.610
509.990
510.370
510.750
511.150
511.540
511.930
512.310
512.690
513.080
513.490
513.850
514.250
514.620
514.990
515.350
515.720
516.090
516.470
516.850
517.210
517.610
518.010
518.390
518.790
519.180
519.600
519.990
520.380
520.790
521.180
521.600
522.200
522.760
523.330
523.960
524.560
525.130
525.760
526.330
526.940
527.550
528.180
528.800
529.410
529.980
530.610
531.180
531.810
532.380
533.000
533.580
534.180
534.780
535.370
535.940
536.550
537.110
537.690
538.260
538.850
539.450
540.020
540.600
541.150
541.720
542.330
542.880
543.480
544.060
544.620
545.220
545.780
546.390
547.010
547.590
548.160
548.780
549.350
549.950
550.540
551.110
551.700
552.300
552.910
553.480
554.040
554.590
555.170
555.760
556.320
556.850
557.420
557.970
558.540
559.080
559.640
560.210
560.810
561.400
561.960
562.490
562.850
563.230
563.630
563.990
564.380
564.760
565.130
565.520
565.930
566.300
566.710
567.100
567.470
567.860
568.270
568.640
569.030
569.440
569.830
570.210
570.610
571.030
571.430
571.830
572.220
572.630
573.010
573.410
573.820
574.240
574.650
575.090
575.530
575.950
576.370
576.810
577.260
577.740
578.240
578.730
579.230
579.740
580.270
580.890
581.520
582.120
582.740
583.400
584.030
584.620
585.260
585.850
586.470
587.100
587.690
588.320
588.900
589.540
590.130
590.700
591.280
591.910
592.480
593.120
593.760
594.430
595.070
595.690
596.320
596.990
