0.830
1.870
2.920
3.900
4.920
5.980
7.070
8.220
9.290
10.330
11.360
12.410
13.320
14.220
15.110
16.010
16.970
17.920
18.840
19.720
20.670
21.550
22.450
23.350
24.230
25.150
26.010
26.880
27.750
28.670
29.560
30.430
31.320
32.230
33.150
34.050
34.930
35.860
36.740
37.680
38.570
39.490
40.450
41.310
42.220
43.170
44.060
45.000
45.910
46.830
47.740
48.650
49.540
50.440
51.390
52.280
53.220
54.120
55.030
55.970
56.940
57.810
58.710
59.640
60.580
61.530
62.430
63.380
64.310
65.220
66.170
67.080
68.010
69.010
69.930
70.850
71.790
72.690
73.650
74.580
75.520
76.450
77.380
78.330
79.260
80.170
81.080
82.010
82.950
83.910
84.820
85.750
86.700
87.650
88.560
89.500
90.470
91.430
92.380
93.340
94.250
95.180
96.110
97.060
97.970
98.910
99.890
100.830
101.760
102.740
103.660
104.590
105.510
106.480
107.430
108.410
109.400
110.280
111.210
112.080
112.990
113.910
114.820
115.800
116.700
117.670
118.600
119.510
120.400
121.350
122.260
123.230
124.130
125.050
125.960
126.920
127.820
128.790
129.670
130.610
131.560
132.490
133.420
134.340
135.270
136.180
137.140
138.070
139.010
139.950
140.860
141.780
142.710
143.710
144.660
145.600
146.560
147.550
148.500
149.470
150.440
151.360
152.340
153.260
154.120
155.060
155.990
156.980
157.840
158.760
159.650
160.530
161.420
162.300
163.150
164.050
164.940
165.850
166.740
167.620
168.480
169.350
170.220
171.100
171.990
172.880
173.790
174.690
175.560
176.450
177.370
178.250
179.150
180.050
180.920
181.780
182.670
183.530
184.480
185.370
186.260
187.160
188.100
188.990
189.860
190.790
191.670
192.600
193.510
194.420
195.350
196.290
197.220
198.170
199.050
199.990
200.920
201.850
202.760
203.680
204.610
205.530
206.440
207.360
208.310
209.250
210.180
211.100
212.030
212.950
213.920
214.860
215.780
216.700
217.690
218.650
219.550
220.470
221.420
222.350
223.290
224.220
225.150
226.060
226.990
227.910
228.860
229.790
230.730
231.640
232.550
233.520
234.460
235.340
236.260
237.180
238.140
239.070
240.000
240.910
241.830
242.720
243.720
244.660
245.620
246.590
247.520
248.500
249.390
250.340
251.280
252.200
253.130
254.080
255.020
255.980
256.890
257.830
258.760
259.670
260.610
261.580
262.480
263.430
264.330
265.240
266.200
267.130
268.070
269.020
269.970
270.890
271.840
272.790
273.810
274.780
275.740
276.790
277.780
278.710
279.600
280.600
281.640
282.660
283.630
284.690
285.710
