1.348	1
1.737
2.127
2.517
2.908	1
3.288
3.668
4.052
4.436	1
4.812
5.188
5.583
5.977	1
6.347
6.716
7.096
7.476	1
7.892
8.308
8.697
9.087	1
9.517
9.948
10.332
10.716	1
11.156
11.596
11.976
12.356	1
12.767
13.177
13.604
14.030	1
14.420
14.830
15.260
15.650	1
16.080
16.490
16.900
17.310	1
17.700
18.110
18.540
18.940	1
19.360
19.770
20.180
20.580	1
20.980
21.390
21.820
22.220	1
22.630
23.030
23.450
23.860	1
24.260
24.690
25.080
25.500	1
25.900
26.310
26.730
27.140	1
27.520
27.930
28.340
28.720	1
29.140
29.560
29.970
30.380	1
30.770
31.180
31.600
32.000	1
32.430
32.810
33.220
33.630	1
34.020
34.420
34.830
35.250	1
35.660
36.050
36.460
36.880	1
37.280
37.710
38.120
38.530	1
38.940
39.340
39.750
40.160	1
40.540
40.950
41.360
41.760	1
42.140
42.550
42.940
43.350	1
43.730
44.120
44.520
44.920	1
45.310
45.680
46.090
46.490	1
46.880
47.280
47.680
48.080	1
48.480
48.890
49.290
49.700	1
50.110
50.510
50.900
51.300	1
51.710
52.110
52.500
52.890	1
53.300
53.690
54.110
54.510	1
54.920
55.320
55.720
56.130	1
56.540
56.960
57.350
57.750	1
58.170
58.560
58.950
59.330	1
59.730
60.130
60.520
60.920	1
61.310
61.720
62.130
62.520	1
62.930
63.340
63.740
64.150	1
64.550
64.970
65.370
65.750	1
66.160
66.570
66.960
67.390	1
67.780
68.190
68.610
69.030	1
69.440
69.850
70.250
70.660	1
71.060
71.480
71.880
72.280	1
72.680
73.090
73.480
73.900	1
74.290
74.700
75.130
75.540	1
75.950
76.350
76.740
77.150	1
77.540
77.940
78.350
78.760	1
79.180
79.590
79.980
80.370	1
80.770
81.160
81.530
81.930	1
82.320
82.740
83.120
83.520	1
83.920
84.340
84.740
85.130	1
85.520
85.950
86.360
86.750	1
87.150
87.550
87.950
88.340	1
88.760
89.160
89.560
89.950	1
90.350
90.750
91.130
91.520	1
91.920
92.320
92.700
93.100	1
93.480
93.860
94.260
94.650	1
95.040
95.440
95.830
96.230	1
96.620
97.020
97.420
97.830	1
98.210
98.610
99.000
99.400	1
99.820
100.220
100.600
101.000	1
101.410
101.820
102.210
102.610	1
103.010
103.410
103.820
104.220	1
104.610
104.980
105.380
105.780	1
106.180
106.600
106.980
107.390	1
107.800
108.180
108.580
109.000	1
109.400
109.790
110.180
110.600	1
111.000
111.410
111.800
112.210	1
112.600
113.010
113.400
113.810	1
114.200
114.600
115.000
115.390	1
115.790
116.190
116.590
116.990	1
117.390
117.800
118.180
118.580	1
118.980
119.380
119.780
120.190	1
120.590
121.000
121.380
121.800	1
122.200
122.600
122.990
123.400	1
123.800
124.200
124.580
124.990	1
125.380
125.800
126.180
126.580	1
126.980
127.390
127.790
128.190	1
128.590
129.020
129.430
129.820	1
130.250
130.660
131.070
131.480	1
131.870
132.300
132.680
133.090	1
133.490
133.900
134.300
134.710	1
135.120
135.540
135.960
136.380	1
136.780
137.200
137.590
137.990	1
138.405
138.820
139.220
139.620	1
140.029
140.438
140.824
141.209	1
141.604
141.998
142.384
142.770	1
143.200
143.620
144.030
144.470	1
144.890
145.290
145.700
146.110	1
146.510
146.920
147.350
147.740	1
148.170
148.580
148.980
149.380	1
149.790
150.200
150.590
150.990	1
151.400
151.790
152.190
152.600	1
152.990
153.420
153.810
154.220	1
154.640
155.040
155.450
155.880	1
156.280
156.690
157.110
157.520	1
157.900
158.310
158.720
159.130	1
159.520
159.940
160.340
160.770	1
161.190
161.600
162.020
162.430	1
162.850
163.270
163.680
164.090	1
164.510
164.950
165.360
165.790	1
166.210
166.630
167.030
167.450	1
167.880
168.300
168.730
169.150	1
169.570
169.970
170.410
170.830	1
