0.300
0.610
0.940
1.260
1.580
1.900
2.210
2.540
2.850
3.170
3.500
3.820
4.140
4.450
4.780
5.100
5.410
5.730
6.060
6.400
6.760
7.080
7.430
7.780
8.120
8.460
8.820
9.170
9.560
9.920
10.300
10.670	1
11.030
11.390
11.770
12.130	1
12.510
12.870
13.240
13.600	1
13.970
14.340
14.700
15.050	1
15.410
15.760
16.120
16.500	1
16.850
17.200
17.570
17.940	1
18.300
18.660
19.030
19.390	1
19.750
20.110
20.470
20.830	1
21.160
21.520
21.870
22.210	1
22.580
22.920
23.290
23.640	1
24.020
24.380
24.750
25.120	1
25.480
25.840
26.180
26.540	1
26.890
27.230
27.560
27.900	1
28.250
28.610
28.980
29.340	1
29.690
30.040
30.400
30.770	1
31.130
31.500
31.850
32.220	1
32.580
32.940
33.280
33.640	1
34.000
34.340
34.690
35.040	1
35.390
35.740
36.090
36.440	1
36.790
37.130
37.470
37.820	1
38.170
38.520
38.860
39.210	1
39.560
39.910
40.270
40.620	1
40.970
41.310
41.670
42.010	1
42.350
42.700
43.040
43.390	1
43.740
44.080
44.430
44.760	1
45.080
45.420
45.760
46.080	1
46.420
46.750
47.080
47.410	1
47.720
48.050
48.400
48.740	1
49.070
49.410
49.740
50.070	1
50.380
50.730
51.050
51.380	1
51.710
52.040
52.360
52.690	1
53.010
53.320
53.650
53.980	1
54.310
54.650
54.970
55.290	1
55.640
55.970
56.280
56.610	1
56.940
57.270
57.600
57.910	1
58.240
58.550
58.870
59.190	1
59.520
59.840
60.150
60.490	1
60.810
61.140
61.470
61.810	1
62.130
62.470
62.790
63.120	1
63.450
63.790
64.100
64.420	1
64.750
65.080
65.400
65.740	1
66.070
66.400
66.730
67.060	1
67.380
67.710
68.040
68.370	1
68.680
69.000
69.330
69.670	1
69.990
70.320
70.640
70.980	1
71.300
71.630
71.950
72.280	1
72.600
72.920
73.240
73.580	1
73.900
74.240
74.550
74.880	1
75.190
75.520
75.830
76.160	1
76.480
76.820
77.140
77.480	1
77.790
78.120
78.430
78.760	1
79.080
79.420
79.740
80.070	1
80.390
80.720
81.030
81.360	1
81.670
82.000
82.310
82.640	1
82.950
83.270
83.590
83.910	1
84.230
84.550
84.870
85.200	1
85.500
85.820
86.130
86.440	1
86.760
87.080
87.400
87.720	1
88.030
88.350
88.670
89.000	1
89.310
89.640
89.950
90.270	1
90.590
90.910
91.230
91.550	1
91.870
92.200
92.510
92.840	1
93.150
93.470
93.780
94.090	1
94.400
94.720
95.030
95.340	1
95.650
95.980
96.290
96.620	1
96.930
97.260
97.580
97.900	1
98.210
98.540
98.850
99.170	1
99.490
99.820
100.130
100.460	1
100.760
101.080
101.390
101.710	1
102.020
102.350
102.670
102.980	1
103.290
103.610
103.910
104.240	1
104.560
104.880
105.200
105.520	1
105.840
106.160
106.470
106.790	1
107.110
107.440
107.750
108.080	1
108.390
108.710
109.030
109.350	1
109.670
109.990
110.320
110.630	1
110.960
111.280
111.600
111.920	1
112.240
112.560
112.880
113.200	1
113.510
113.820
114.130
114.450	1
114.760
115.080
115.400
115.720	1
116.040
116.350
116.680
117.000	1
117.310
117.630
117.950
118.270	1
118.590
118.900
119.210
119.520	1
119.820
120.140
120.470
120.790	1
121.110
121.430
121.750
122.070	1
122.370
122.690
123.000
123.320	1
123.640
123.950
124.270
124.590	1
124.910
125.240
125.550
125.880	1
126.180
126.500
126.820
127.140	1
127.460
127.770
128.090
128.410	1
128.730
129.040
129.350
129.670	1
129.990
130.320
130.640
130.960	1
131.280
131.600
131.910
132.230	1
132.540
132.850
133.160
133.480	1
133.780
134.090
134.410
134.720	1
135.030
135.340
135.650
135.970	1
136.280
136.610
136.920
137.240	1
137.560
137.880
138.190
138.500	1
138.820
139.140
139.460
139.780	1
140.100
140.420
140.730
141.050	1
141.370
141.690
142.010
142.320	1
142.640
142.960
143.280
143.610	1
143.930
144.250
144.570
144.890	1
145.210
145.530
145.850
146.160	1
146.490
146.810
147.120
147.450	1
147.760
148.080
148.390
148.710	1
149.020
149.330
149.640
149.960	1
150.280
150.600
150.920
151.230	1
151.550
151.870
152.190
152.520	1
152.830
153.150
153.450
153.770	1
154.070
154.390
154.700
155.030	1
155.340
155.660
155.980
156.310	1
156.630
156.950
157.260
157.590	1
157.900
158.220
158.540
158.860	1
159.180
159.500
159.830
160.150	1
160.460
160.790
161.100
161.430	1
161.760
162.080
162.410
162.730	1
163.050
163.380
163.690
164.020	1
164.340
164.660
164.970
165.270	1
165.600
165.920
166.240
166.560	1
166.870
167.190
167.500
167.810	1
168.130
168.430
168.740
169.060	1
169.370
169.690
170.020
170.340	1
170.650
170.970
171.290
171.610	1
171.910
172.230
172.530
172.850	1
173.150
173.470
173.780
174.090	1
174.400
174.720
175.030
175.350	1
175.670
176.000
176.310
176.630	1
176.950
177.270
177.590
177.910	1
178.230
178.550
178.880
179.200	1
179.510
179.840
180.140
180.460	1
180.770
181.090
181.400
181.730	1
182.050
182.360
182.680
183.010	1
183.320
183.650
183.960
184.280	1
184.590
184.900
185.220
185.540	1
185.860
186.180
186.510
186.830	1
187.140
187.460
187.770
188.090	1
188.400
188.710
189.030
189.360	1
189.690
190.020
190.340
190.660	1
191.000
191.320
191.640
191.960	1
192.280
192.610
192.920
193.230	1
193.540
193.860
194.170
194.480	1
194.790
195.120
195.430
195.760	1
196.070
196.400
196.710
197.040	1
197.350
197.660
197.970
198.270	1
198.590
198.910
199.220
199.550	1
199.870
200.190
200.500
200.820	1
201.140
201.460
201.770
202.080	1
202.380
202.700
203.030
203.350	1
203.660
203.980
204.300
204.620	1
204.950
205.270
205.590
205.900	1
206.220
206.550
206.870
207.170	1
207.480
207.800
208.100
208.420	1
208.730
209.060
209.370
209.700	1
210.010
210.310
210.630
210.960	1
211.270
211.600
211.910
212.230	1
212.550
212.870
213.190
213.500	1
213.810
214.130
214.440
214.760	1
215.080
215.400
215.710
216.030	1
216.350
216.670
216.980
217.290	1
217.600
217.910
218.220
218.540	1
218.850
219.170
219.490
219.810	1
220.130
220.450
220.760
221.080	1
221.400
221.720
222.040
222.380	1
222.700
223.030
223.340
223.670	1
223.980
224.310
224.630
224.950	1
225.260
225.590
225.900
226.230	1
226.540
226.860
227.180
227.510	1
227.820
228.140
228.460
228.790	1
229.100
229.420
229.730
230.040	1
230.350
230.680
231.000
231.320	1
231.640
231.960
232.270
232.600	1
232.910
233.220
233.530
233.850	1
234.160
234.480
234.800
235.110	1
235.430
235.750
236.080
236.400	1
236.720
237.040
237.370
237.690	1
238.010
238.320
238.630
238.950	1
239.260
239.570
239.890
240.210	1
240.530
240.850
241.160
241.470	1
241.790
242.100
242.410
242.720	1
243.040
243.370
243.680
244.000	1
244.320
244.640
244.950
245.260	1
245.570
245.880
246.190
246.500	1
246.820
247.130
247.440
247.750	1
248.060
248.370
248.670
249.000	1
249.320
249.630
249.950
250.270	1
250.590
250.900
251.210
251.520	1
251.820
252.130
252.440
252.750	1
253.070
253.380
253.700
254.010	1
254.320
254.630
254.940
255.260	1
255.560
255.870
256.180
256.500	1
256.800
257.110
257.420
257.730	1
258.040
258.360
258.660
258.970	1
259.260
259.570
259.870
260.160	1
260.470
260.790
261.100
261.410	1
261.720
262.030
262.340
262.650	1
262.950
263.260
263.570
263.880	1
264.180
264.480
264.780
265.090	1
265.380
265.690
265.980
266.290	1
266.600
266.910
267.210
267.530	1
267.820
268.130
268.420
268.740	1
269.050
269.350
269.660
269.970	1
270.290
270.600
270.900
271.220	1
271.520
271.830
272.130
272.440	1
272.740
273.040
273.350
273.660	1
273.970
274.280
274.590
274.900	1
275.210
275.520
275.830
276.130	1
276.440
276.750
277.060
277.380	1
277.680
277.990
278.290
278.610	1
278.910
279.230
279.530
279.840	1
280.150
280.460
280.780
281.090	1
281.400
281.700
282.010
282.330	1
282.630
282.940
283.250
283.560	1
283.870
284.180
284.490
284.800	1
285.110
285.430
285.730
286.040	1
286.350
286.670
286.970
287.280	1
287.580
287.890
288.180
288.480	1
288.780
289.090
289.400
289.700	1
290.020
290.330
290.640
290.950	1
291.260
291.570
291.880
292.190	1
292.500
292.810
293.110
293.420	1
293.730
294.040
294.360
294.670	1
294.990
295.300
295.620
295.930	1
296.240
296.560
296.880
297.190	1
297.500
297.810
298.130
298.440	1
298.750
299.060
299.370
299.680	1
299.990
300.300
300.610
300.920	1
301.230
301.540
301.850
302.160	1
302.460
302.780
303.090
303.400	1
303.700
304.020
304.330
304.640	1
304.950
305.260
305.590
305.910	1
306.210
306.530
306.840
307.140	1
307.450
307.770
308.070
308.380	1
308.700
309.010
309.330
309.650	1
309.960
310.290
310.590
310.900	1
311.210
311.520
311.830
312.150	1
312.480
312.790
313.100
313.420	1
313.730
314.050
314.370
314.680	1
315.000
315.320
315.640
315.950	1
316.260
316.570
316.890
317.200	1
317.510
317.820
318.120
318.440	1
318.740
319.050
319.360
319.670	1
319.980
320.290
320.610
320.920	1
321.220
321.530
321.850
322.160	1
322.470
322.780
323.100
323.410	1
323.710
324.030
324.340
324.650	1
324.950
325.270
325.590
325.900	1
326.210
326.530
326.840
327.160	1
327.480
327.790
328.110
328.430	1
328.730
329.050
329.350
329.670	1
329.970
330.290
330.600
330.910	1
331.210
331.520
331.830
332.130	1
332.430
332.740
333.040
333.330	1
333.640
333.940
334.240
334.560	1
334.870
335.180
335.490
335.790	1
336.100
336.410
336.720
337.040	1
337.350
337.660
337.970
338.260	1
338.570
338.880
339.190
339.500	1
339.800
340.110
340.420
340.730	1
341.040
341.350
341.660
341.980	1
342.280
342.600
342.900
343.200	1
343.500
343.810
344.110
344.410	1
344.710
345.020
345.330
345.640	1
345.950
346.260
346.560
346.870	1
347.180
347.490
347.790
348.100	1
348.390
348.700
349.000
349.300	1
349.610
349.930
350.220
350.530	1
350.820
351.130
351.420
351.730	1
352.020
352.330
352.620
352.930	1
353.220
353.520
353.820
354.130	1
354.420
354.730
355.040
355.350	1
355.640
355.950
356.240
356.540	1
356.840
357.150
357.440
357.750	1
358.040
358.340
358.640
358.950	1
359.250
359.560
359.850
360.160	1
360.450
360.760
361.060
361.360	1
361.650
361.930
362.220
362.530	1
362.840
363.140
363.460
363.760	1
364.070
364.380
364.690
364.990	1
365.280
365.590
365.880
366.180	1
366.480
366.780
367.070
367.350	1
367.650
367.960
368.260
368.560	1
368.850
369.160
369.450
369.760	1
370.050
370.350
370.650
370.950	1
371.250
371.550
371.860
372.160	1
372.470
372.770
373.080
373.380	1
373.680
373.980
374.280
374.580	1
374.880
375.180
375.480
375.770	1
376.070
376.380
376.670
376.970	1
377.270
377.570
377.870
378.180	1
378.480
378.780
379.080
379.390	1
379.700
380.000
380.310
380.620	1
380.920
381.210
381.530
381.830	1
382.150
382.450
382.760
383.070	1
383.370
383.670
383.970
384.280	1
384.580
384.880
385.180
385.480	1
385.780
386.080
386.380
386.680	1
386.980
387.290
387.590
387.900	1
388.200
388.500
388.810
389.110	1
389.400
389.710
390.000
390.310	1
390.610
390.900
391.210
391.500	1
391.820
392.130
392.460
392.770	1
393.080
393.400
393.700
394.010	1
394.320
394.630
394.950
395.260	1
395.560
395.880
396.180
396.480	1
396.790
397.090
397.400
397.710	1
398.020
398.340
398.640
398.960	1
399.250
399.550
399.850
400.150	1
400.460
400.760
401.060
401.360	1
401.670
401.970
402.280
402.580	1
402.880
403.180
403.480
403.790	1
404.090
404.390
404.690
405.000	1
405.310
405.620
405.920
406.230	1
406.530
406.830
407.130
407.440	1
407.730
408.030
408.340
408.640	1
408.940
409.240
409.550
409.860	1
410.160
410.470
410.770
411.080	1
411.370
411.670
411.970
412.280	1
412.570
412.880
413.180
413.480	1
413.780
414.080
414.370
414.670	1
414.980
415.280
415.580
415.880	1
416.190
416.500
416.810
417.110	1
417.410
417.710
418.010
418.320	1
418.610
418.920
419.210
419.510	1
419.790
420.090
420.390
420.690	1
420.980
421.280
421.590
421.880	1
422.180
422.480
422.780
423.090	1
423.390
423.690
423.990
424.290	1
424.590
424.890
425.200
425.510	1
425.810
426.120
426.430
426.750	1
427.060
427.350
427.650
427.950	1
428.250
428.550
428.850
429.150	1
429.450
429.760
430.060
430.360	1
430.650
430.950
431.250
431.560	1
431.860
432.160
432.460
432.750	1
433.050
433.360
433.660
433.950	1
434.250
434.560
434.850
435.150	1
435.450
435.760
436.050
436.350	1
436.650
436.960
437.260
437.560	1
437.860
438.160
438.450
438.740	1
439.030
439.330
439.640
439.940	1
440.240
440.530
440.830
441.130	1
441.430
441.730
442.030
442.320	1
442.620
442.910
443.210
443.510	1
443.800
444.100
444.400
444.710	1
445.010
445.310
445.610
445.910	1
446.200
446.500
446.810
447.110	1
447.400
447.700
448.000
448.300	1
448.610
448.920
449.220
449.530	1
449.840
450.160
450.460
450.770	1
451.080
451.390
451.700
452.020	1
452.320
452.630
452.940
453.260	1
453.570
453.880
454.190
454.490	1
454.800
455.110
455.410
455.710	1
456.010
456.300
456.610
456.910	1
457.210
457.510
457.810
458.130	1
458.430
458.740
459.040
459.350	1
459.640
459.940
460.260
460.570	1
460.870
461.190
461.490
461.790	1
462.090
462.400
462.700
463.000	1
463.290
463.600
463.890
464.200	1
464.500
464.800
465.100
465.400	1
465.700
466.010
466.320
466.620	1
466.920
467.220
467.530
467.830	1
468.140
468.440
468.750
469.060	1
469.360
469.670
469.960
470.270	1
470.570
470.870
471.170
471.470	1
471.770
472.070
472.360
472.680	1
472.980
473.300
473.590
473.900	1
474.190
474.490
474.790
475.100	1
475.390
475.700
475.990
476.300	1
476.590
476.900
477.200
477.520	1
477.810
478.110
478.410
478.710	1
479.010
479.320
479.620
479.920	1
480.220
480.510
480.820
481.110	1
481.410
481.710
482.020
482.320	1
482.610
482.910
483.210
483.510	1
483.810
484.110
484.410
484.710	1
485.020
485.320
485.630
485.940	1
486.240
486.540
486.840
487.140	1
487.440
487.730
488.030
488.340	1
488.640
488.950
489.260
489.570	1
489.870
490.190
490.490
490.800	1
491.110
491.420
491.720
492.030	1
492.330
492.640
492.950
493.260	1
493.570
493.880
494.200
494.510	1
494.810
495.130
495.430
495.750	1
496.050
496.370
496.670
496.990	1
497.290
497.590
497.900
498.200	1
498.510
498.820
499.130
499.440	1
499.740
500.050
500.360
500.660	1
500.970
501.260
501.570
501.870	1
502.170
502.470
502.770
503.080	1
503.390
503.700
504.000
504.300	1
504.600
504.910
505.200
505.510	1
505.810
506.110
506.410
506.710	1
507.010
507.310
507.610
507.910	1
508.210
508.510
508.790
509.100	1
509.390
509.690
509.990
510.290	1
510.590
510.900
511.200
511.500	1
511.790
512.090
512.400
512.700	1
512.990
513.300
513.600
513.900	1
514.200
514.500
514.800
515.100	1
515.400
515.700
516.010
516.310	1
516.610
516.910
517.220
517.520	1
517.810
518.110
518.410
518.710	1
519.010
519.320
519.620
519.920	1
520.210
520.500
520.780
521.080	1
521.360
521.650
521.940
522.240	1
522.510
522.810
523.090
523.380	1
523.670
523.970
524.250
524.550	1
524.820
525.110
525.380
525.670	1
525.950
526.240
526.530
526.810	1
527.100
527.390
527.680
527.970	1
528.270
528.560
528.850
529.140	1
529.420
529.720
530.000
530.300	1
530.590
530.870
531.170
531.460	1
531.740
532.040
532.320
532.610	1
532.900
533.190
533.480
533.770	1
534.060
534.350
534.640
534.940	1
535.230
535.520
535.810
536.090	1
536.390
536.680
536.970
537.260	1
537.550
537.850
538.140
538.440	1
538.730
539.030
539.320
539.610	1
539.890
540.190
540.470
540.770	1
541.060
541.350
541.650
541.940	1
542.240
542.540
542.840
543.130	1
543.420
543.710
544.000
544.290	1
544.580
544.870
545.160
545.460	1
545.740
546.040
546.330
546.620	1
546.910
547.210
547.510
547.810	1
548.110
548.400
548.710
549.000	1
549.300
549.610
549.900
550.200	1
550.500
550.800
551.100
551.400	1
551.680
551.980
552.270
552.560	1
552.840
553.130
553.430
553.740	1
554.030
554.330
554.610
554.900	1
555.190
555.490
555.790
556.090	1
556.380
556.680
556.980
557.270	1
557.570
557.860
558.150
558.440	1
558.730
559.030
559.320
559.620	1
559.920
560.230
560.520
560.810	1
561.110
561.400
561.690
561.980	1
562.290
562.590
562.870
563.160	1
563.450
563.750
564.040
564.330	1
564.630
564.930
565.220
565.510	1
565.800
566.100
566.400
566.700	1
567.000
567.300
567.590
567.900	1
568.190
568.490
568.800
569.090	1
569.390
569.690
569.980
570.280	1
570.570
570.870
571.170
571.470	1
571.770
572.060
572.360
572.660	1
572.960
573.260
573.560
573.860	1
574.140
574.440
574.730
575.020	1
575.310
575.610
575.900
576.210	1
576.500
576.810
577.100
577.400	1
577.700
578.000
578.290
578.570	1
578.860
579.160
579.450
579.750	1
580.040
580.330
580.630
580.910	1
581.210
581.500
581.790
582.070	1
582.370
582.660
582.950
583.240	1
583.540
583.830
584.130
584.430	1
584.720
585.010
585.300
585.590	1
585.880
586.170
586.470
586.770	1
587.070
587.360
587.660
587.960	1
588.240
588.540
588.830
589.120	1
589.420
589.720
590.020
590.320	1
590.610
590.910
591.200
591.490	1
591.780
592.080
592.370
592.660	1
592.960
593.260
593.550
593.860	1
594.150
594.460
594.750
595.060	1
595.340
595.630
595.930
596.220	1
596.510
596.800
597.090
597.400	1
597.690
598.000
598.290
598.590	1
598.880
599.180
599.460
599.760	1
600.050
600.340
600.640
600.930	1
601.220
601.510
601.810
602.100	1
602.380
602.670
602.970
603.260	1
603.550
603.840
604.140
604.440	1
604.730
605.020
605.310
605.610	1
605.890
606.180
606.470
606.760	1
607.060
607.350
607.650
607.950	1
608.240
608.540
608.840
609.140	1
609.440
609.740
610.020
610.320	1
610.600
610.910
611.200
611.510	1
611.790
612.090
612.370
612.670	1
612.960
613.270
613.570
613.860	1
614.160
614.460
614.750
615.040	1
615.330
615.630
615.920
616.210	1
616.500
616.790
617.070
617.370	1
617.650
617.940
618.240
618.530	1
618.820
619.120
619.410
619.710	1
619.990
620.290
620.570
620.870	1
621.150
621.460
621.750
622.060	1
622.340
622.640
622.920
623.220	1
623.500
623.800
624.090
624.380	1
624.670
624.960
625.240
625.530	1
625.810
626.110
626.390
626.680	1
626.970
627.260
627.550
627.840	1
628.130
628.420
628.710
629.000	1
629.290
629.590
629.870
630.170	1
630.450
630.740
631.030
631.330	1
631.610
631.910
632.200
632.490	1
632.780
633.070
633.360
633.650	1
633.935
634.220
634.505
634.790	1
635.075
635.360
635.645
635.930	1
636.220
636.510
636.790
637.070	1
637.355
637.640
637.935
638.230	1
638.515
638.800
639.075
639.350	1
639.630
639.910
640.210
640.510	1
640.785
641.060
641.345
641.630	1
641.915
642.200
642.490
642.780	1
643.065
643.350
643.635
643.920	1
644.205
644.490
644.780
645.070	1
645.360
645.650
645.935
646.220	1
646.505
646.790
647.080
647.370	1
647.660
647.950
648.230
648.510	1
648.800
649.090
649.385
649.680	1
649.970
650.260
650.540
650.820	1
651.115
651.410
651.685
651.960	1
652.255
652.550
652.830
653.110	1
653.405
653.700
653.985
654.270	1
654.555
654.840
655.135
655.430	1
655.715
656.000
656.285
656.570	1
656.860
657.150
657.435
657.720	1
658.010
658.300
658.590
658.880	1
659.165
659.450
659.750
660.050	1
660.335
660.620
660.915
661.210	1
661.500
661.790
662.075
662.360	1
662.655
662.950
663.230
663.510	1
663.810
664.110
664.410
664.710	1
664.995
665.280
665.575
665.870	1
666.150
666.430
666.705
666.980	1
667.270
667.560
667.855
668.150	1
668.425
668.700
668.985
669.270	1
669.550
669.830
670.115
670.400	1
670.690
670.980
671.265
671.550	1
671.840
672.130
672.410
672.690	1
672.975
673.260
673.545
673.830	1
674.115
674.400
674.685
674.970	1
675.260
675.550
675.835
676.160	1
676.470
676.760
677.065
677.350	1
677.615
677.880
678.180
678.440	1
678.725
679.010
679.295
679.580	1
679.860
680.140
680.435
680.730	1
681.010
681.290
681.575
681.860	1
682.140
682.420
682.695
682.970	1
683.255
683.540
683.815
684.090	1
684.365
684.640
684.925
685.210	1
685.500
685.790
686.070
686.350	1
686.630
686.910
687.185
687.460	1
687.750
688.040
688.315
688.590	1
688.875
689.160
689.450
689.740	1
690.025
690.310
690.590
690.870	1
691.155
691.440
691.725
692.010	1
692.285
692.560
692.835
693.110	1
693.395
693.680
693.975
694.270	1
694.540
694.810
695.090
695.370	1
695.655
695.940
696.220
696.500	1
696.775
697.050
697.340
697.630	1
697.900
698.170
698.450
698.730	1
699.020
699.310
699.590
699.870	1
700.132
700.394
700.656
700.917	1
701.196
701.474
701.752
702.030	1
702.325
702.620
702.900
703.180	1
703.485
703.790
704.085
704.380	1
704.675
704.970
705.265
705.560	1
705.855
706.150
706.430
706.710	1
707.000
707.290
707.585
707.880	1
708.170
708.460
708.765
709.070	1
709.375
709.680
709.985
710.290	1
710.585
710.880
711.175
711.470	1
711.760
712.050
712.330
712.610	1
712.905
713.200
713.505
713.810	1
714.110
714.410
714.710
715.010	1
715.315
715.620
715.905
716.190	1
716.480
716.770
717.060
717.350	1
717.655
717.960
718.270
718.580	1
718.885
719.190
719.500
719.810	1
720.110
720.410
720.705
721.000	1
721.300
721.600
721.900
722.200	1
722.505
722.810
723.130
723.450	1
723.755
724.060
724.370
724.680	1
724.980
725.280
725.570
725.860	1
726.170
726.480
726.765
727.050	1
727.355
727.660
727.975
728.290	1
728.595
728.900
729.200
729.500	1
729.810
730.120
730.420
730.720	1
