0.590
1.330
2.170
2.950
3.810
4.690
5.530
6.520
7.480
8.410
9.390
10.350
11.350
12.290
13.270
14.300
15.320
16.240
17.200
18.190
19.040
19.970
20.830
21.740
22.630
23.440
24.340
25.200
26.070
26.880
27.710
28.520
29.410
30.380
31.330
32.270
33.210
34.070
34.890
35.780
36.660
37.530
38.390
39.320
40.190
41.100
42.010
42.960
43.870
44.780
45.690
46.620
47.500
48.420
49.300
50.200
51.100
51.970
52.890
53.790
54.640
55.560
56.440
57.320
58.210
59.070
59.930
60.810
61.670
62.570
63.420
64.320
65.200
66.080
66.940
67.840
68.720
69.600
70.440
71.310
72.160
73.050
73.920
74.790
75.670
76.520
77.360
78.230
79.060
79.900
80.710
81.580
82.430
83.280
84.160
85.010
85.820
86.690
87.550
88.420
89.280
90.110
90.980
91.840
92.700
93.570
94.460
95.350
96.270
97.170
98.060
98.960
99.850
100.750
101.650
102.530
103.420
104.300
105.170
106.080
107.000
107.890
108.800
109.720
110.560
111.430
112.340
113.200
114.070
114.960
115.840
116.700
117.560
118.450
119.330
120.180
121.040
121.890
122.750
123.650
124.580
125.480
126.360
127.230
128.150
129.010
129.900
130.790
131.670
132.520
133.450
134.300
135.170
136.010
136.920
137.790
138.650
139.490
140.360
141.210
142.060
142.900
143.740
144.580
145.410
146.260
147.100
147.920
148.740
149.580
150.460
151.320
152.210
153.040
153.920
154.760
155.670
156.510
157.390
158.280
159.160
160.020
160.910
161.730
162.630
163.470
164.370
165.220
166.070
166.860
167.720
168.540
169.380
170.220
171.060
171.880
172.720
173.570
174.400
175.220
176.060
176.900
177.760
178.620
179.460
180.310
181.160
181.990
182.820
183.650
184.490
185.300
186.160
186.990
187.810
188.650
189.490
190.330
191.150
192.000
192.850
193.700
194.540
195.380
196.210
197.070
197.920
198.760
199.590
200.430
201.280
202.070
202.960
203.820
204.680
205.600
206.460
207.370
208.250
209.170
210.040
210.950
211.820
212.720
213.580
214.490
215.340
216.250
217.110
218.010
218.950
219.770
220.660
221.530
222.430
223.290
224.190
225.080
226.050
227.090
228.110
229.110
230.180
231.210
232.210
233.280
234.340
235.380
236.430
237.440
238.400
239.340
240.350
241.300
242.270
243.180
