0.230
0.900
1.540
2.200
2.880
3.580
4.310
5.020
5.700
6.390
7.060
7.770
8.440
9.170
9.850
10.550
11.210
11.890
12.560
13.250
14.080
15.010
15.850
16.750
17.660
18.470
19.300
20.120
20.980
21.810
22.570
23.290
24.050
24.760
25.510
26.220
26.960
27.710
28.350
29.030
29.730
30.410
31.060
31.750
32.400
33.100
33.690
34.340
34.950
35.560
36.180
36.760
37.370
38.040
38.690
39.330
39.990
40.630
41.310
41.940
42.580
43.240
43.900
44.540
45.210
45.850
46.500
47.140
47.790
48.450
49.080
49.720
50.390
50.900
51.330
51.660
51.980
52.300
52.630
52.960
53.280
53.600
53.920
54.240
54.550
54.880
55.220
55.540
55.870
56.200
56.530
56.860
57.190
57.510
57.830
58.160
58.490
58.830
59.140
59.460
59.790
60.110
60.430
60.760
61.090
61.420
61.760
62.070
62.390
62.720
63.040
63.380
63.710
64.030
64.350
64.680
65.000
65.330
65.660
66.000
66.320
66.640
66.970
67.300
67.620
67.940
68.270
68.590
68.910
69.230
69.540
69.860
70.190
70.510
70.820
71.150
71.460
71.780
72.100
72.420
72.750
73.060
73.390
73.710
74.040
74.360
74.680
75.000
75.320
75.640
75.960
76.280
76.600
76.920
77.240
77.560
77.880
78.200
78.520
78.840
79.170
79.490
79.810
80.130
80.450
80.770
81.090
81.400
81.720
82.040
82.370
82.680
82.990
83.300
83.620
83.940
84.250
84.580
84.900
85.210
85.540
85.860
86.180
86.500
86.820
87.140
87.450
87.780
88.090
88.410
88.740
89.050
89.370
89.690
90.000
90.310
90.640
90.960
91.280
91.600
91.920
92.240
92.560
92.880
93.200
93.520
93.830
94.150
94.470
94.800
95.110
95.440
95.760
96.080
96.400
96.720
97.020
97.330
97.650
97.950
98.260
98.580
98.900
99.220
99.540
99.860
100.180
100.490
100.810
101.130
101.450
101.770
102.090
102.420
102.720
103.030
103.350
103.660
103.990
104.310
104.630
104.940
105.270
105.580
105.910
106.220
106.530
106.850
107.160
107.480
107.800
108.120
108.440
108.760
109.070
109.400
109.720
110.040
110.360
110.670
111.000
111.310
111.630
111.950
112.280
112.600
112.920
113.240
113.560
113.880
114.200
114.520
114.830
115.150
115.470
115.790
116.110
116.430
116.750
117.060
117.380
117.690
118.010
118.320
118.640
118.970
119.280
119.600
119.930
120.250
120.570
120.890
121.200
121.540
121.870
122.190
122.520
122.840
123.150
123.480
123.790
124.110
124.430
124.750
125.060
125.380
125.690
126.010
126.330
126.640
126.960
127.270
127.590
127.900
128.210
128.510
128.840
129.150
129.480
129.800
130.130
130.460
130.780
131.120
131.450
131.770
132.090
132.410
132.720
133.030
133.350
133.670
134.000
134.320
134.630
134.960
135.280
135.600
135.930
136.260
136.580
136.910
137.220
137.540
137.860
138.190
138.510
138.850
139.180
139.500
139.830
140.140
140.470
140.790
141.100
141.430
141.760
142.090
142.420
142.740
143.070
143.400
143.730
144.050
144.370
144.690
145.020
145.350
145.680
146.010
146.330
146.660
146.980
147.300
147.620
147.940
148.270
148.590
148.920
149.250
149.570
149.900
150.230
150.550
150.870
151.180
151.510
151.820
152.160
152.480
152.800
153.120
153.450
153.770
154.090
154.410
154.730
155.050
155.370
155.690
156.000
156.320
156.640
156.960
157.280
157.600
157.930
158.250
158.570
158.890
159.200
159.540
159.860
160.180
160.510
160.830
161.150
161.470
161.800
162.120
162.440
162.750
163.080
163.400
163.720
164.030
164.360
164.680
164.990
165.300
165.620
165.940
166.260
166.580
166.890
167.210
167.540
167.850
168.170
168.490
168.820
169.140
169.460
169.780
170.100
170.420
170.730
171.050
171.370
171.680
172.000
172.320
172.630
172.960
173.270
173.590
173.910
174.220
174.540
174.860
175.180
175.500
175.820
176.130
176.450
176.780
177.090
177.420
177.740
178.050
178.370
178.690
179.010
179.320
179.640
179.950
180.270
180.590
180.910
181.230
181.550
181.870
182.190
182.510
182.830
183.140
183.460
183.780
184.100
184.420
184.750
185.070
185.390
185.700
186.020
186.340
186.660
186.990
187.300
187.620
187.940
188.260
188.580
188.910
189.220
189.550
189.880
190.200
190.520
190.850
191.180
191.490
191.810
192.130
192.450
192.780
193.100
193.420
193.750
194.070
194.400
194.720
195.050
195.390
195.730
196.060
196.390
196.710
197.030
197.370
197.690
198.010
198.320
198.660
199.000
199.320
199.640
199.980
200.300
200.620
200.950
201.270
201.590
201.910
202.230
202.560
202.900
203.230
203.560
203.890
204.210
204.530
204.870
205.210
205.520
205.850
206.190
206.530
206.840
207.180
207.510
207.840
208.180
208.490
208.820
209.130
209.450
209.780
210.090
210.410
210.730
211.070
211.410
211.730
212.070
212.400
212.710
213.040
213.370
213.700
214.040
214.380
214.710
215.020
215.340
215.660
215.980
216.310
216.620
216.950
217.270
217.580
217.910
218.240
218.560
218.880
219.210
219.540
219.890
220.220
220.550
220.870
221.190
221.510
221.830
222.150
222.480
222.800
223.130
223.450
223.790
224.100
224.420
224.740
225.070
225.380
225.720
226.040
226.360
226.680
227.000
227.330
227.650
227.970
228.310
228.630
228.960
229.280
229.630
229.960
230.270
230.590
230.910
231.230
231.560
231.880
232.200
232.510
232.830
233.150
233.480
233.800
234.120
234.440
234.760
235.080
235.390
235.730
236.050
236.390
236.710
237.030
237.370
237.700
238.010
238.330
238.650
238.970
239.290
239.610
239.930
240.260
240.570
240.900
241.210
241.540
241.850
242.170
242.490
242.820
243.140
243.460
243.780
244.090
244.410
244.740
245.060
245.370
245.700
246.010
246.330
246.660
246.980
247.300
247.620
247.930
248.260
248.580
248.900
249.220
249.550
249.870
250.190
250.530
250.850
251.180
251.500
251.810
252.140
252.470
252.800
253.110
253.440
253.770
254.100
254.430
254.760
255.100
255.430
255.740
256.070
256.390
256.700
257.030
257.350
257.670
257.980
258.310
258.620
258.940
259.270
259.580
259.900
260.200
260.520
260.840
261.160
261.470
261.800
262.140
262.480
262.810
263.130
263.450
263.800
264.110
264.430
264.750
265.080
265.400
265.730
266.060
266.370
266.710
267.050
267.380
267.690
268.030
268.360
268.690
269.020
269.360
269.670
270.000
270.330
270.660
270.980
271.300
271.620
271.930
272.260
272.580
272.890
273.220
273.530
273.850
274.180
274.500
274.820
275.140
275.460
275.780
276.110
276.440
276.760
277.090
277.420
277.730
278.050
278.390
278.720
279.060
279.390
279.710
280.030
280.350
280.670
281.000
281.320
281.640
281.960
282.270
282.590
282.920
283.230
283.550
283.870
284.200
284.520
284.840
285.150
285.480
285.800
286.120
286.440
286.770
287.090
287.440
287.780
288.120
288.460
288.770
289.120
289.440
289.760
290.080
290.390
290.710
291.040
291.350
291.670
292.000
292.310
292.630
292.950
293.280
293.590
293.920
294.240
294.550
