0.370
1.180
2.110
3.050
3.990
4.870
5.700
6.590
7.520
8.500
9.290
10.140
10.980
11.800
12.580
13.410
14.200
15.020
15.850
16.700
17.560
18.430
19.240
20.070
20.930
21.780
22.650
23.490
24.350
25.190
26.060
26.970
27.830
28.660
29.510
30.370
31.160
32.020
32.880
33.700
34.570
35.400
36.250
37.130
37.980
38.840
39.720
40.530
41.430
42.260
43.100
43.960
44.820
45.680
46.500
47.370
48.240
49.080
49.940
50.830
51.700
52.580
53.450
54.330
55.200
56.050
56.930
57.810
58.690
59.600
60.470
61.340
62.260
63.130
64.020
64.920
65.800
66.670
67.600
68.520
69.420
70.290
71.200
72.070
72.970
73.870
74.760
75.640
76.510
77.410
78.290
79.220
80.130
81.070
81.970
82.860
83.730
84.630
85.520
86.440
87.350
88.250
89.150
90.060
90.980
91.890
92.780
93.700
94.610
95.500
96.400
97.300
98.190
99.100
99.990
100.950
101.870
102.780
103.650
104.580
105.510
106.410
107.350
108.240
109.170
110.100
111.030
111.960
112.890
113.790
114.660
115.590
116.500
117.430
118.360
119.280
120.230
121.160
122.110
123.070
123.980
124.930
125.880
126.860
127.800
128.740
129.650
130.620
131.590
132.550
133.510
134.460
135.400
136.320
137.300
138.260
139.180
140.170
141.090
142.030
142.940
143.920
144.890
145.820
146.790
147.720
148.670
149.660
150.650
151.590
152.550
153.480
154.450
155.380
155.950
156.440
156.930
157.440
157.930
158.420
158.910
159.390
159.880
160.380
160.880
161.350
161.830
162.310
162.800
163.290
163.780
164.270
164.780
165.250
165.740
166.200
166.680
167.200
167.680
168.170
168.650
169.140
169.630
170.110
170.630
171.120
171.600
172.110
172.600
173.110
173.590
174.080
174.590
175.060
175.570
176.060
176.530
177.010
177.500
177.990
178.460
178.960
179.470
179.940
180.430
180.950
181.440
181.950
182.440
182.950
183.460
183.930
184.420
184.910
185.410
185.910
186.380
186.860
187.390
187.870
188.410
188.910
189.410
189.920
190.420
190.930
191.410
191.900
192.370
192.890
193.400
193.900
194.390
194.870
195.400
195.870
196.360
196.860
197.330
197.820
198.340
198.820
199.300
199.790
200.290
200.790
201.270
201.770
202.280
202.800
203.300
203.790
204.280
204.770
205.270
205.760
206.220
206.700
207.190
207.680
208.140
208.630
209.150
209.660
210.140
210.660
211.130
211.630
212.130
212.660
213.140
213.650
214.140
214.650
215.110
215.610
216.140
216.640
217.120
217.640
218.150
218.660
219.160
219.660
220.190
220.710
221.220
221.720
222.220
222.770
223.270
223.770
224.290
224.810
225.320
225.810
226.290
226.790
227.330
227.840
228.340
228.830
229.350
229.850
230.320
230.840
231.320
231.830
232.350
232.860
233.400
233.910
234.400
234.920
235.420
235.940
236.430
236.940
237.450
237.930
238.450
238.960
239.460
239.940
240.430
240.950
241.460
241.980
242.500
243.010
243.500
244.010
244.570
245.090
245.600
246.160
246.710
247.230
247.780
248.330
248.870
249.390
249.920
250.460
251.060
251.620
252.190
252.740
253.330
253.910
254.530
255.130
255.740
256.340
256.940
257.540
