0.080
0.440
0.820
1.210
1.580
1.980
2.340
2.730
3.100
3.470
3.820
4.200
4.560
4.950
5.290
5.660
6.010
6.380
6.750
7.140
7.510
7.870
8.240
8.620
8.970
9.350
9.730
10.060
10.390
10.730
11.070
11.430
11.770
12.090
12.410
12.760
13.070
13.420
13.750
14.060
14.400
14.760
15.110
15.460
15.830
16.200
16.550
16.930
17.330
17.710
18.090
18.440
18.820
19.180
19.560
19.940
20.310
20.690
21.070
21.430
21.810
22.210
22.580
22.950
23.300
23.660
24.020
24.380
24.750
25.090
25.450
25.820
26.190
26.530
26.900
27.250
27.610
27.980
28.350
28.720
29.100
29.450
29.840
30.210
30.580
30.930
31.320
31.670
32.040
32.420
32.790
33.160
33.540
33.910
34.270
34.640
35.000
35.370
35.760
36.130
36.500
36.870
37.240
37.600
37.960
38.330
38.730
39.100
39.490
39.840
40.210
40.550
40.920
41.280
41.670
42.030
42.400
42.790
43.210
43.630
44.040
44.430
44.860
45.270
45.660
46.090
46.470
46.860
47.240
47.630
48.040
48.410
48.790
49.150
49.490
49.860
50.230
50.610
50.990
51.390
51.770
52.130
52.520
52.900
53.280
53.660
54.040
54.410
54.770
55.160
55.530
55.900
56.270
56.660
57.040
57.430
57.810
58.190
58.570
58.950
59.310
59.690
60.060
60.420
60.790
61.170
61.540
61.940
62.320
62.700
63.070
63.430
63.800
64.160
64.530
64.900
65.290
65.640
66.010
66.380
66.770
67.140
67.510
67.880
68.260
68.650
69.020
69.410
69.790
70.170
70.550
70.950
71.340
71.740
72.130
72.500
72.850
73.220
73.610
73.980
74.330
74.700
75.080
75.460
75.840
76.230
76.600
76.980
77.370
77.740
78.130
78.510
78.880
79.280
79.650
80.030
80.400
80.800
81.180
81.560
81.940
82.320
82.690
83.070
83.450
83.830
84.200
84.580
84.940
85.320
85.700
86.070
86.440
86.810
87.160
87.560
87.920
88.300
88.700
89.070
89.430
89.790
90.160
90.530
90.910
91.270
91.660
92.030
92.380
92.710
93.080
93.410
93.770
94.150
94.510
94.880
95.260
95.630
96.010
96.380
96.730
97.100
97.470
97.850
98.230
98.630
99.010
99.370
99.750
100.150
100.520
100.910
101.270
101.660
102.060
102.440
102.850
103.240
103.610
103.960
104.330
104.700
105.070
105.450
105.820
106.190
106.560
106.920
107.280
107.640
108.010
108.360
108.700
109.040
109.390
109.760
110.110
110.440
110.790
111.150
111.520
111.890
112.280
112.690
113.080
113.470
113.850
114.250
114.620
115.000
115.390
115.770
116.130
116.510
116.890
117.270
117.650
118.030
118.430
118.800
119.190
119.570
119.950
120.320
120.690
121.080
121.460
121.840
122.210
122.610
122.970
123.370
123.750
124.130
124.510
124.870
125.230
125.600
125.990
126.360
126.730
127.110
127.500
127.890
128.270
128.680
129.040
129.420
129.800
130.200
130.580
130.940
131.310
131.680
132.050
132.440
132.830
133.200
133.570
133.970
134.330
134.710
135.060
135.450
135.820
136.170
136.560
136.930
137.300
137.670
138.040
138.430
138.800
139.180
139.550
139.950
140.350
140.740
141.120
141.510
141.900
142.280
142.680
143.070
143.450
143.840
144.230
144.610
145.010
145.380
145.750
146.130
146.510
146.910
147.270
147.680
148.060
148.440
148.830
149.220
149.630
150.010
150.390
150.780
151.190
151.560
151.930
152.310
152.700
153.070
153.480
153.880
154.280
154.680
155.110
155.520
155.890
156.300
156.660
157.050
157.440
157.800
158.180
158.560
158.960
159.320
159.700
160.080
160.470
160.840
161.230
161.600
162.000
162.380
162.760
163.140
163.500
163.880
164.260
164.640
165.040
165.400
165.780
166.180
166.560
166.940
167.310
167.700
168.080
168.450
168.820
169.200
169.580
169.960
170.350
170.730
171.100
171.480
171.890
172.270
172.660
173.040
173.410
173.790
174.170
174.550
174.950
175.310
175.710
176.070
176.460
176.840
177.230
177.600
177.970
178.360
178.720
179.070
179.400
179.760
180.130
180.510
180.890
181.280
181.660
182.040
182.430
182.820
183.230
183.620
184.000
184.370
184.760
185.150
185.530
185.910
186.290
186.670
187.030
187.420
187.800
188.180
188.570
188.940
189.310
189.690
190.090
190.470
190.840
191.210
191.590
191.970
192.350
192.740
193.150
193.520
193.910
194.320
194.710
195.100
195.490
195.860
196.270
196.650
197.020
197.400
197.770
198.170
198.570
198.970
199.390
199.790
200.190
200.590
200.970
201.390
201.790
202.180
202.580
202.960
203.360
203.760
204.150
204.520
204.910
205.300
205.690
206.090
206.470
206.870
207.250
207.650
208.030
208.420
208.810
209.220
209.600
209.960
210.340
210.720
211.100
211.480
211.870
212.250
212.610
212.950
213.310
213.670
214.060
214.410
214.790
215.160
215.530
215.890
216.260
216.650
217.010
217.380
217.740
218.120
218.500
218.860
219.230
219.580
219.950
220.310
220.660
221.020
221.380
221.770
222.140
222.490
222.860
223.230
223.630
224.000
224.390
224.770
225.130
225.500
225.860
226.250
226.620
227.000
227.360
227.740
228.130
228.500
228.900
229.280
229.660
230.020
230.380
230.750
231.120
231.500
231.880
232.250
232.630
232.990
233.390
233.760
234.140
234.510
234.900
235.290
235.670
236.050
236.430
236.820
237.200
237.570
237.930
238.300
238.660
239.050
239.430
239.810
240.190
240.560
240.910
241.240
241.590
241.980
242.340
242.730
243.120
243.510
243.890
244.300
244.670
245.040
245.390
245.740
246.120
246.500
246.900
247.270
247.660
248.040
248.420
248.790
249.190
249.580
250.020
250.460
250.920
251.320
251.710
252.090
252.470
252.870
253.250
253.620
254.000
254.370
254.760
255.100
255.440
255.780
256.100
256.440
256.810
257.140
257.490
257.870
258.260
258.640
259.020
259.400
259.820
260.240
260.640
261.030
261.400
261.790
262.170
262.530
262.910
263.290
263.640
264.010
264.400
264.770
265.150
265.540
265.900
266.270
266.620
266.990
267.320
267.630
267.970
268.300
268.630
268.980
269.330
269.680
270.030
270.400
270.760
271.160
271.540
271.910
272.290
272.660
273.050
273.400
273.760
274.120
274.470
274.830
275.190
275.560
275.930
276.280
276.630
276.980
277.320
277.660
277.980
278.320
278.680
279.050
279.430
279.780
280.160
280.520
280.910
281.250
281.620
281.980
282.340
282.690
283.070
283.450
283.800
284.170
284.560
284.930
285.280
285.650
286.030
286.430
286.810
287.180
287.560
287.930
288.290
288.650
289.040
289.410
289.770
290.130
290.490
290.850
291.240
291.610
291.970
292.330
292.720
293.100
293.460
293.840
294.210
294.590
294.960
295.330
295.700
296.060
296.450
296.840
297.210
297.580
297.960
298.320
298.680
299.050
299.420
299.810
300.170
300.520
300.870
301.200
301.550
301.920
302.280
302.640
303.010
303.360
303.720
304.090
304.450
304.820
305.200
305.600
305.980
306.360
306.720
307.070
307.430
307.790
308.160
308.520
308.890
309.260
309.640
309.990
310.360
310.700
311.060
311.440
311.810
312.160
312.540
312.910
313.260
313.610
313.930
314.270
314.610
314.980
315.360
315.730
316.100
316.470
316.840
317.210
317.590
317.960
318.320
318.680
319.050
319.430
319.810
320.230
320.620
321.020
321.390
321.760
322.120
322.490
322.850
323.220
323.610
323.980
324.320
324.660
324.980
325.330
325.700
326.040
326.400
326.760
327.110
327.470
327.840
328.180
328.540
328.900
329.260
329.630
330.000
330.360
330.730
331.100
331.460
331.810
332.180
332.540
332.910
333.250
333.620
334.010
334.370
334.770
335.150
335.520
335.890
336.250
336.630
337.000
337.350
337.740
338.090
338.450
338.820
339.190
339.560
339.910
340.270
340.630
341.010
341.370
341.730
342.090
342.440
342.800
343.190
343.560
343.910
344.300
344.660
345.040
345.400
345.760
346.120
346.460
346.830
347.200
347.570
347.940
348.320
348.690
349.070
349.450
349.820
350.180
350.550
350.920
351.290
351.650
352.020
352.400
352.760
353.110
353.470
353.850
354.210
354.600
354.970
355.340
355.700
356.070
356.450
356.830
357.210
357.590
357.960
358.350
358.720
359.100
359.490
359.880
360.280
360.660
361.040
361.440
361.820
362.200
362.590
362.960
363.340
363.710
364.110
364.470
364.850
365.240
365.610
366.000
366.400
366.800
367.160
367.540
367.920
368.300
368.700
369.070
369.440
369.840
370.220
370.600
370.970
371.340
371.700
372.070
372.450
372.820
373.170
373.540
373.910
374.290
374.670
375.070
375.450
375.830
376.200
376.580
376.980
377.360
377.740
378.130
378.530
378.920
379.290
379.680
380.040
380.400
380.780
381.170
381.550
381.940
382.310
382.690
383.080
383.450
383.830
384.210
384.580
384.980
385.340
385.740
386.110
386.520
386.910
387.310
387.710
388.120
388.500
388.900
389.290
389.680
390.050
390.450
390.840
391.240
391.620
392.000
392.400
392.800
393.190
393.580
393.970
394.360
394.730
395.140
395.520
395.910
396.330
396.770
397.190
397.580
397.970
398.370
398.770
399.190
399.570
399.960
400.360
400.730
401.120
401.510
401.920
402.290
402.700
403.090
403.480
403.860
404.240
404.650
405.020
405.430
405.800
406.210
406.570
406.960
407.340
407.690
408.030
408.370
408.750
409.130
409.530
409.920
410.310
410.690
411.090
411.470
411.850
412.250
412.640
413.030
413.430
413.820
414.200
414.580
414.970
415.360
415.760
416.160
416.540
416.930
417.310
417.710
418.120
418.510
418.910
419.300
419.680
420.060
420.450
420.840
421.230
421.640
422.030
422.420
422.810
423.200
423.590
423.970
424.350
424.750
425.140
425.550
425.950
426.350
426.750
427.130
427.510
427.900
428.300
428.680
429.080
429.470
429.880
430.280
430.660
431.060
431.470
431.880
432.320
432.740
433.150
433.570
433.950
434.330
434.700
435.060
435.420
435.790
436.180
436.550
436.920
437.310
437.680
438.070
438.460
438.840
439.230
439.620
440.000
440.380
440.800
441.180
441.600
441.980
442.390
442.770
443.170
443.560
443.950
444.320
444.710
445.100
445.500
445.890
446.280
446.690
447.110
447.510
447.930
448.340
448.740
449.170
449.560
449.980
450.370
450.780
451.170
451.560
451.960
452.370
452.780
453.200
453.620
454.050
454.480
454.890
455.330
455.740
456.190
456.640
457.110
457.560
458.000
458.460
458.910
459.340
459.790
460.250
460.710
461.140
461.590
462.060
462.510
462.940
463.400
463.860
464.280
464.700
465.140
465.560
465.950
466.370
466.780
467.190
467.630
468.050
