0.440
1.210
1.950
2.660
3.400
4.190
4.910
5.690
6.400
7.210
7.940
8.730
9.510
10.240
10.790
11.320
11.840
12.360
12.900
13.450
14.020
14.590
15.120
15.650
16.200
16.730
17.260
17.810
18.350
18.890
19.430
19.970
20.500
21.040
21.570
22.120
22.660
23.190
23.730
24.270
24.820
25.360
25.880
26.430
26.970
27.500
28.030
28.580
29.110
29.650
30.180
30.720
31.270
31.800
32.340
32.880
33.410
33.950
34.500
35.030
35.580
36.120
36.660
37.190
37.740
38.280
38.830
39.360
39.910
40.450
40.980
41.510
42.050
42.590
43.120
43.660
44.210
44.740
45.280
45.810
46.360
46.900
47.440
47.990
48.540
49.080
49.610
50.160
50.710
51.250
51.790
52.330
52.880
53.420
53.960
54.500
55.040
55.570
56.110
56.670
57.220
57.770
58.320
58.860
59.410
59.950
60.490
61.030
61.580
62.130
62.670
63.210
63.750
64.300
64.840
65.390
65.930
66.470
67.020
67.550
68.090
68.640
69.180
69.710
70.260
70.820
71.360
71.890
72.430
72.970
73.520
74.050
74.590
75.140
75.680
76.220
76.770
77.310
77.860
78.410
78.950
79.430
79.940
80.460
80.980
81.450
81.920
82.330
82.740
83.180
83.590
84.020
84.440
84.860
85.280
85.690
86.080
86.470
86.870
87.280
87.690
88.070
88.530
88.980
89.450
89.910
90.420
90.920
91.460
92.020
92.610
93.190
93.730
94.280
94.830
95.400
95.950
96.510
97.070
97.640
98.180
98.740
99.310
99.850
100.400
100.950
101.510
102.050
102.610
103.170
103.730
104.280
104.840
105.390
105.940
106.480
107.030
107.580
108.150
108.700
109.240
109.790
110.330
110.890
111.430
111.960
112.530
113.070
113.620
114.170
114.720
115.280
115.830
116.370
116.930
117.490
118.030
118.600
119.170
119.740
120.300
120.820
121.310
121.780
122.270
122.750
123.220
123.700
124.170
124.670
125.130
125.630
126.090
126.590
127.050
127.530
128.020
128.490
128.990
129.450
129.930
130.430
