0.080
0.440
0.780
1.150
1.510
1.860
2.220
2.610
2.980
3.350
3.690
4.050
4.410
4.780
5.130
5.520
5.880
6.250
6.620
7.000
7.360
7.740
8.110
8.480
8.840
9.210
9.600
9.990
10.350
10.730
11.110
11.510
11.890
12.270
12.640
13.030
13.410
13.790
14.160
14.540
14.910
15.290
15.690
16.070
16.430
16.830
17.210
17.600
17.980
18.370
18.750
19.140
19.530
19.940
20.310
20.700
21.080
21.450
21.850
22.230
22.600
22.980
23.350
23.750
24.110
24.530
24.920
25.310
25.730
26.120
26.510
26.900
27.270
27.640
28.030
28.420
28.800
29.160
29.540
29.940
30.340
30.720
31.110
31.490
31.870
32.240
32.600
32.960
33.330
33.720
34.100
34.490
34.870
35.240
35.620
35.990
36.380
36.760
37.130
37.530
37.910
38.270
38.650
39.040
39.440
39.850
40.240
40.630
41.020
41.400
41.780
42.180
42.570
42.950
43.340
43.720
44.100
44.480
44.870
45.260
45.660
46.050
46.440
46.830
47.210
47.590
47.980
48.380
48.780
49.190
49.590
49.980
50.390
50.830
51.230
51.650
52.080
52.460
52.870
53.240
53.640
54.030
54.410
54.800
55.210
55.610
56.000
56.410
56.790
57.200
57.600
58.000
58.410
58.790
59.210
59.610
60.030
60.420
60.820
61.240
61.620
62.030
62.440
62.820
63.210
63.600
63.990
64.390
64.780
65.160
65.560
65.960
66.350
66.770
67.160
67.550
67.960
68.370
68.760
69.140
69.510
69.890
70.280
70.670
71.070
71.450
71.860
72.240
72.620
73.020
73.420
73.800
74.200
74.590
74.990
75.380
75.790
76.190
76.580
76.980
77.360
77.760
78.150
78.530
78.900
79.290
79.670
80.070
80.490
80.880
81.280
81.660
82.060
82.450
82.830
83.220
83.600
83.990
84.380
84.780
85.190
85.580
86.000
86.390
86.790
87.190
87.590
87.990
88.370
88.780
89.170
89.570
89.970
90.370
90.770
91.170
91.580
92.000
92.400
92.790
93.190
93.570
93.970
94.360
94.760
95.150
95.570
95.950
96.370
96.750
97.150
97.550
97.930
98.320
98.730
99.130
99.530
99.920
100.330
100.730
101.130
101.520
101.910
102.290
102.690
103.070
103.450
103.840
104.210
104.610
105.000
105.390
105.780
106.150
106.530
106.920
107.300
107.680
108.080
108.460
108.850
109.240
109.630
110.020
110.410
110.800
111.200
111.590
112.000
112.390
112.800
113.200
113.600
114.010
114.400
114.790
115.170
115.560
115.960
116.350
116.730
117.130
117.520
117.920
118.290
118.680
119.060
119.450
119.830
120.190
120.590
120.970
121.350
121.730
122.120
122.510
122.900
123.290
123.660
124.060
124.440
124.840
125.250
125.640
126.050
126.450
126.850
127.250
127.660
128.040
128.450
128.830
129.210
129.560
129.950
130.300
130.670
131.060
131.430
131.840
132.230
132.620
133.000
133.400
133.810
134.210
134.610
135.000
135.410
135.790
136.190
136.610
137.010
137.390
137.780
138.160
138.550
138.950
139.330
139.740
140.120
140.510
140.880
141.270
141.650
142.010
142.410
142.770
143.160
143.550
143.930
144.290
144.690
145.050
145.460
145.830
146.240
146.620
147.000
147.410
147.780
148.170
148.560
148.970
