0.670
1.370
2.090
2.760
3.380
3.980
4.610
5.230
5.830
6.480
7.150
7.830
8.480
9.110
9.810
10.490
11.170
11.840
12.530
13.180
13.850
14.570
15.250
15.940
16.640
17.300
18.030
18.690
19.390
20.120
20.800
21.510
22.160
22.790
23.390
23.960
24.590
25.160
25.770
26.370
27.030
27.700
28.340
28.970
29.570
30.230
30.890
31.610
32.370
33.210
34.030
34.860
35.650
36.470
37.240
38.070
38.820
39.540
40.300
41.060
41.780
42.550
43.280
44.050
44.780
45.560
46.310
47.070
47.780
48.530
49.320
50.060
50.800
51.740
52.580
53.490
54.380
55.330
56.360
57.360
58.350
59.360
60.370
61.320
62.360
63.340
64.390
65.440
66.450
67.340
68.280
69.160
70.120
71.060
71.950
72.890
73.860
74.750
75.720
76.610
77.530
78.510
79.490
80.320
81.230
82.060
83.000
83.920
84.790
85.750
86.660
87.570
88.460
89.310
90.230
91.040
91.870
92.710
93.600
94.410
95.230
96.090
96.880
97.760
98.550
99.320
100.150
100.930
101.730
102.520
103.340
104.090
104.870
105.640
106.430
107.200
107.930
108.700
109.490
110.270
111.010
111.760
112.530
113.290
114.040
114.860
115.700
116.490
117.210
117.970
118.720
119.410
120.130
120.820
121.530
122.240
122.990
123.710
124.390
125.230
126.040
126.870
127.710
128.560
129.360
130.110
130.890
131.640
132.470
133.460
134.370
135.370
136.310
137.230
138.220
139.160
140.040
140.970
141.840
142.760
143.630
144.550
145.380
146.260
147.070
147.940
148.770
149.580
150.450
151.230
152.090
152.900
153.770
154.630
155.460
156.280
157.160
158.040
158.870
159.680
160.560
161.360
162.160
163.000
163.990
164.910
165.830
166.770
167.710
168.640
169.520
170.420
171.450
172.460
173.380
174.350
175.290
176.220
177.180
178.140
179.080
180.030
180.990
181.900
182.740
183.600
184.510
185.400
186.270
187.120
187.830
188.580
189.370
190.110
190.800
191.540
192.210
192.940
193.690
194.370
195.130
195.750
196.390
197.040
197.700
198.280
198.840
199.390
199.960
200.500
201.040
201.550
202.080
202.620
203.190
203.660
204.140
204.650
205.130
205.580
206.050
206.540
207.010
207.470
207.910
208.370
208.850
209.300
209.750
210.210
210.680
211.140
211.590
212.070
212.570
213.060
213.550
214.060
214.570
215.040
215.550
216.050
216.510
217.030
217.520
217.980
218.500
218.980
219.450
219.950
220.460
220.930
221.420
221.920
222.440
222.930
223.470
224.010
224.620
225.360
226.060
226.730
227.430
228.290
229.130
229.920
230.850
231.750
232.670
233.500
234.300
235.050
235.870
236.640
237.470
238.300
239.130
239.920
240.650
241.420
242.200
242.960
243.780
244.560
245.460
246.370
247.210
248.110
249.060
249.990
250.980
251.950
252.810
253.770
254.630
255.550
256.490
257.460
258.360
259.290
260.270
261.200
262.140
263.010
263.870
264.690
265.480
266.290
267.230
268.110
269.010
269.930
270.800
271.770
272.650
273.620
274.530
275.460
276.370
277.330
278.240
279.140
280.110
280.970
281.930
282.790
283.680
284.500
285.330
286.210
287.060
287.810
288.580
289.330
290.050
290.770
291.510
292.290
293.040
293.820
294.590
295.330
296.110
296.840
297.620
298.380
299.110
299.920
300.670
301.420
302.230
303.010
303.830
304.750
305.800
306.780
307.830
308.970
310.060
311.040
312.030
313.050
314.110
315.200
316.190
317.140
318.110
319.140
320.150
321.040
321.910
322.850
323.740
324.590
325.570
326.530
327.470
328.460
329.430
330.380
331.500
332.580
333.660
334.660
335.740
336.750
337.780
338.810
339.880
340.810
341.800
342.820
343.750
344.720
345.670
346.530
347.350
348.230
349.100
349.950
350.750
351.640
352.480
353.440
354.350
355.270
356.260
357.210
358.230
359.230
360.180
361.140
362.170
363.090
364.060
364.930
365.700
366.450
367.200
368.010
368.740
369.550
370.300
371.090
371.840
372.600
373.400
374.150
374.970
375.760
376.560
377.360
378.150
378.980
379.820
380.690
381.580
382.490
383.350
384.230
