0.450
1.210
1.980
2.680
3.440
4.180
4.910
5.660
6.400
7.160
7.910
8.640
9.400
10.150
10.900
11.660
12.370
13.100
13.870
14.590
15.350
16.060
16.780
17.500
18.250
18.970
19.700
20.380
21.120
21.790
22.530
23.250
23.960
24.720
25.470
26.200
26.960
27.690
28.460
29.200
29.930
30.690
31.440
32.170
32.950
33.710
34.460
35.220
35.960
36.700
37.440
38.200
38.930
39.670
40.410
41.140
41.890
42.630
43.400
44.120
44.870
45.590
46.340
47.090
47.840
48.590
49.320
50.050
50.790
51.540
52.260
53.010
53.730
54.500
55.240
55.980
56.730
57.430
58.170
58.940
59.660
60.420
61.170
61.910
62.630
63.370
64.070
64.820
65.550
66.290
67.000
67.740
68.450
69.210
69.950
70.680
71.390
72.170
72.930
73.660
74.420
75.200
75.930
76.690
77.440
78.200
78.950
79.680
80.460
81.230
81.960
82.730
83.420
84.180
84.900
85.640
86.350
87.100
87.810
88.580
89.320
90.080
90.870
91.640
92.380
93.130
93.900
94.670
95.410
96.160
96.920
97.700
98.430
99.200
99.960
100.730
101.490
102.250
102.990
103.760
104.500
105.270
106.000
106.770
107.530
108.280
109.010
109.760
110.490
111.260
112.030
112.760
113.520
114.250
114.980
115.740
116.490
117.230
117.960
118.730
119.460
120.200
120.940
121.670
122.400
123.160
123.900
124.660
125.380
126.130
126.880
127.620
128.340
129.090
129.810
130.570
131.280
132.020
132.730
133.500
134.220
134.930
135.660
136.410
137.130
137.860
138.620
139.370
140.100
140.830
141.570
142.340
143.070
143.820
144.570
145.310
146.050
146.780
147.540
148.300
149.030
149.770
150.490
151.230
151.950
152.700
153.460
154.240
155.000
155.700
156.430
157.160
157.910
158.630
159.380
160.130
160.870
161.590
162.290
163.020
163.750
164.480
165.180
165.910
166.650
167.360
168.090
168.790
169.500
170.240
170.990
171.710
172.440
173.150
173.910
174.610
175.350
176.080
176.830
177.520
178.270
178.970
179.690
180.410
181.130
181.860
182.580
183.280
184.010
184.710
185.460
186.190
186.930
187.680
188.430
189.180
189.930
190.690
191.430
192.160
192.910
193.650
194.390
195.130
195.880
196.610
197.350
198.090
198.860
199.590
200.350
201.090
201.810
202.550
203.300
204.010
204.750
205.480
206.240
206.970
207.710
208.430
209.110
209.820
210.510
211.240
211.930
212.630
213.400
214.100
214.870
215.600
216.340
217.090
217.830
218.540
219.280
220.030
220.770
221.500
222.250
222.980
223.710
224.720
225.660
226.630
227.570
228.510
229.490
230.430
231.410
232.390
233.340
234.240
235.240
236.150
237.080
238.050
238.990
239.950
240.910
241.820
242.670
243.600
244.480
245.400
246.330
247.280
248.190
249.050
249.970
