0.160
0.910
1.670
2.380
3.170
3.880
4.630
5.370
6.100
6.850
7.550
8.300
9.020
9.740
10.490
11.240
11.950
12.680
13.390
14.110
14.820
15.570
16.300
17.040
17.770
18.460
19.180
19.920
20.620
21.340
22.050
22.760
23.470
24.190
24.900
25.590
26.320
27.000
27.740
28.460
29.180
29.900
30.600
31.350
32.050
32.780
33.490
34.200
34.900
35.630
36.350
37.060
37.770
38.450
39.160
39.890
40.570
41.280
42.010
42.730
43.430
44.150
44.860
45.580
46.280
47.010
47.710
48.440
49.110
49.830
50.550
51.250
51.960
52.680
53.390
54.100
54.800
55.500
56.210
56.940
57.620
58.330
59.040
59.740
60.420
61.130
61.850
62.550
63.240
63.970
64.660
65.380
66.070
66.760
67.480
68.180
68.900
69.610
70.330
71.030
71.730
72.470
73.150
73.860
74.540
75.230
75.940
76.670
77.330
78.030
78.720
79.430
80.120
80.850
81.570
82.270
82.980
83.690
84.390
85.090
85.790
86.510
87.180
87.890
88.570
89.260
89.970
90.680
91.370
92.070
92.760
93.480
94.140
94.850
95.550
96.260
96.940
97.640
98.340
99.040
99.740
100.420
101.130
101.840
102.550
103.230
103.920
104.620
105.310
105.990
106.690
107.370
108.060
108.720
109.420
110.120
110.780
111.450
112.140
112.840
113.540
114.210
114.910
115.600
116.290
116.970
117.650
118.340
119.030
119.700
120.390
121.060
121.720
122.400
123.100
123.780
124.460
125.120
125.810
126.500
127.170
127.830
128.530
129.200
129.880
130.560
131.240
131.920
132.600
133.270
133.960
134.620
135.290
135.960
136.630
137.310
137.970
138.640
139.330
140.020
140.690
141.340
142.010
142.670
143.340
144.020
144.680
145.400
146.100
146.760
147.400
148.100
148.740
149.410
150.100
150.750
151.420
152.090
152.710
153.360
153.990
154.670
155.280
155.970
