0.170
0.560
0.970
1.400
1.800
2.220
2.620
3.010
3.410
3.800
4.170
4.560
4.930
5.320
5.700
6.080
6.470
6.840
7.220
7.580
7.950
8.330
8.720
9.100
9.480
9.850
10.220
10.600
10.950
11.330
11.700
12.070
12.450
12.820
13.210
13.570
13.950
14.310
14.700
15.050
15.420
15.800
16.180
16.550
16.920
17.300
17.670
18.040
18.410
18.780
19.150
19.540
19.900
20.280
20.640
21.010
21.390
21.750
22.120
22.480
22.860
23.240
23.610
23.970
24.350
24.720
25.130
25.510
25.900
26.300
26.680
27.070
27.450
27.830
28.210
28.590
28.960
29.330
29.710
30.090
30.460
30.840
31.220
31.590
31.960
32.340
32.720
33.100
33.480
33.860
34.250
34.630
35.000
35.380
35.760
36.130
36.500
36.890
37.260
37.640
38.030
38.410
38.790
39.170
39.550
39.930
40.290
40.660
41.030
41.400
41.790
42.170
42.540
42.920
43.290
43.670
44.050
44.430
44.810
45.190
45.580
45.960
46.340
46.710
47.100
47.510
47.900
48.270
48.650
49.050
49.420
49.810
50.200
50.600
50.990
51.380
51.780
52.170
52.560
52.950
53.330
53.700
54.090
54.470
54.860
55.240
55.640
56.020
56.380
56.750
57.120
57.480
57.870
58.240
58.620
59.000
59.370
59.760
60.140
60.500
60.870
61.250
61.620
61.990
62.360
62.740
63.140
63.500
63.870
64.240
64.620
64.990
65.370
65.740
66.130
66.510
66.870
67.240
67.600
67.980
68.350
68.730
69.090
69.470
69.830
70.200
70.570
70.950
71.330
71.700
72.070
72.450
72.830
73.210
73.600
73.980
74.350
74.730
75.110
75.510
75.890
76.250
76.630
77.020
77.400
77.780
78.160
78.540
78.920
79.300
79.680
80.050
80.430
80.810
81.190
81.580
81.950
82.330
82.720
83.110
83.480
83.860
84.230
84.610
84.990
85.370
85.750
86.130
86.500
86.880
87.250
87.620
88.000
88.390
88.770
89.140
89.510
89.890
90.270
90.640
91.020
91.390
91.760
92.130
92.510
92.890
93.280
93.660
94.020
94.400
94.760
95.130
95.500
95.880
96.260
96.660
97.040
97.420
97.790
98.180
98.550
98.930
99.300
99.700
100.070
100.440
100.820
101.200
101.580
101.950
102.340
102.720
103.110
103.500
103.880
104.260
104.640
105.010
105.400
105.780
106.170
106.550
106.930
107.310
107.670
108.040
108.420
108.790
109.170
109.550
109.920
110.300
110.670
111.070
111.440
111.820
112.200
112.580
112.960
113.340
113.720
114.080
114.450
114.820
115.180
115.550
115.930
116.300
116.670
117.040
117.420
117.790
118.180
118.550
118.930
119.320
119.680
120.060
120.430
120.810
121.210
121.610
121.990
122.350
122.730
123.110
123.490
123.880
124.260
124.630
125.020
125.410
125.780
126.170
126.540
126.910
127.270
127.650
128.020
128.380
128.750
129.130
129.500
129.880
130.260
130.640
131.020
131.410
131.780
132.160
132.540
132.920
133.270
133.650
134.030
134.400
134.780
135.170
135.540
135.910
136.290
136.660
137.040
137.420
137.790
138.170
138.550
138.930
139.300
139.690
140.070
140.440
140.820
141.200
141.580
141.960
142.330
142.710
143.090
143.460
143.820
144.180
144.520
144.880
145.250
145.600
146.000
146.390
146.800
147.200
147.600
148.010
148.380
148.760
149.150
149.520
149.900
150.280
150.660
151.030
151.420
151.800
152.190
152.560
152.960
153.340
153.730
154.110
154.480
154.850
155.230
155.590
155.960
156.340
156.720
157.090
157.470
157.850
158.230
158.600
158.990
159.360
159.740
160.120
160.500
160.870
161.240
161.610
161.970
162.350
162.730
163.100
163.470
163.850
164.220
164.600
164.980
165.350
165.730
166.100
166.470
166.830
167.210
167.580
167.950
168.330
168.710
169.090
169.480
169.890
170.280
170.670
171.040
171.430
171.820
172.200
172.580
172.960
173.350
173.720
174.090
174.480
174.870
175.250
175.630
176.000
176.370
176.730
177.090
177.460
177.840
178.220
178.610
178.980
179.360
179.740
180.120
180.490
180.880
181.250
181.630
182.000
182.380
182.750
183.130
183.510
183.900
184.280
184.660
185.030
185.410
185.780
186.150
186.530
186.900
187.280
187.650
188.020
188.400
188.780
189.170
189.540
189.930
190.300
190.680
191.070
191.450
191.820
192.200
192.560
192.950
193.330
193.720
194.100
194.480
194.850
195.220
195.600
195.990
196.360
196.750
197.130
197.510
197.890
198.270
198.630
199.010
199.380
199.770
200.140
200.520
200.900
201.260
201.630
202.010
202.380
202.760
203.140
203.510
203.890
204.250
204.620
204.990
205.360
205.730
206.110
206.490
206.860
207.240
207.620
208.000
208.380
208.760
209.140
209.520
209.890
210.260
210.640
211.010
211.380
211.750
212.130
212.500
212.870
213.260
213.630
214.010
214.390
214.770
215.140
215.510
215.880
216.250
216.620
217.000
217.380
217.770
218.180
218.570
218.950
219.320
219.700
220.090
220.480
220.880
221.260
221.650
222.040
222.400
222.780
223.180
223.560
223.940
224.310
224.700
225.060
225.450
225.820
226.190
226.570
226.930
227.310
227.690
228.060
228.440
228.810
229.190
229.570
229.950
230.330
230.710
231.090
231.460
231.840
232.230
232.610
232.990
233.360
233.740
234.110
234.480
234.840
235.240
235.600
235.990
236.350
236.730
237.110
237.480
237.860
238.250
238.620
239.000
239.380
239.760
240.120
240.510
240.870
241.260
241.640
242.010
242.380
242.760
243.150
243.540
243.920
244.330
244.700
245.110
245.480
245.860
246.240
246.630
247.020
247.410
247.790
248.160
248.540
248.930
249.310
249.690
250.080
250.460
250.830
251.210
251.580
251.960
252.330
252.710
253.090
253.460
253.830
254.200
254.590
254.970
255.360
255.720
256.080
256.460
256.850
257.240
257.610
257.980
258.340
258.720
259.080
259.470
259.830
260.210
260.570
260.940
261.300
261.680
262.060
262.430
262.800
263.170
263.550
263.930
264.290
264.680
265.040
265.410
265.770
266.160
266.520
266.910
267.280
267.660
268.030
268.400
268.770
269.140
269.510
269.890
270.260
270.640
271.020
271.390
271.760
272.140
272.510
272.880
273.250
273.620
274.000
274.370
274.740
275.110
275.480
275.850
276.210
276.580
276.950
277.320
277.680
278.050
278.410
278.770
279.140
279.510
279.870
280.240
280.600
280.970
281.330
281.680
282.040
282.410
282.770
283.130
283.490
283.860
284.220
284.590
284.950
285.320
285.680
286.030
286.400
286.780
287.140
287.510
287.890
288.250
288.590
288.950
289.320
289.690
290.060
290.450
290.820
291.200
291.610
292.000
292.360
292.750
293.110
293.480
293.860
294.220
294.590
294.970
295.330
295.700
296.070
296.430
296.820
297.180
297.550
297.920
298.290
298.670
299.030
299.400
299.760
300.120
300.480
300.860
301.220
301.600
301.970
302.340
302.710
303.080
303.450
303.820
304.190
304.550
304.910
305.290
305.660
306.030
306.400
306.770
307.140
307.510
307.870
308.250
308.620
308.980
309.340
309.710
310.070
310.430
310.800
311.180
311.550
311.900
312.270
312.640
313.030
313.400
313.790
314.170
314.550
314.930
315.310
315.700
316.080
316.450
316.830
317.200
317.570
317.930
318.300
318.660
319.020
319.370
319.730
320.100
320.470
320.840
321.210
321.590
321.960
322.320
322.700
323.070
323.440
323.800
324.170
324.540
324.910
325.280
325.650
326.030
326.400
326.770
327.150
327.520
327.890
328.270
328.650
329.030
329.390
329.780
330.140
330.520
330.890
331.260
331.640
332.020
332.390
332.770
333.150
333.550
333.910
334.300
334.680
335.050
335.430
335.810
336.200
336.580
336.950
337.350
337.720
338.110
338.490
338.870
339.230
339.620
339.980
340.350
340.700
341.060
341.400
341.750
342.060
342.380
342.700
343.020
343.350
343.670
343.990
