0.000
0.540
1.100
1.670
2.220
2.760
3.300
3.850
4.390
4.930
5.480
6.020
6.550
7.090
7.620
8.150
8.670
9.200
9.720
10.240
10.750
11.210
11.690
12.170
12.730
13.290
13.840
14.380
14.900
15.430
15.990
16.550
17.100
17.670
18.200
18.730
19.250
19.770
20.280
20.790
21.310
21.820
22.330
22.850
23.350
23.860
24.360
24.860
25.360
25.870
26.370
26.860
27.360
27.870
28.370
28.860
29.350
29.870
30.380
30.880
31.380
31.880
32.380
32.880
33.380
33.890
34.380
34.870
35.360
35.860
36.350
36.840
37.330
37.810
38.300
38.800
39.290
39.780
40.270
40.770
41.270
41.770
42.260
42.750
43.250
43.760
44.260
44.770
45.280
45.790
46.310
46.800
47.290
47.810
48.310
48.800
49.300
49.810
50.310
50.810
51.310
51.810
52.310
52.800
53.310
53.820
54.340
54.850
55.350
55.860
56.350
56.870
57.370
57.870
58.390
58.890
59.390
59.880
60.400
60.870
61.360
61.860
62.360
62.860
63.370
63.880
64.370
64.850
65.370
65.870
66.380
66.890
67.370
67.870
68.360
68.860
69.370
69.870
70.370
70.880
71.390
71.890
72.380
72.890
73.400
73.910
74.400
74.910
75.420
75.930
76.440
76.950
77.460
77.950
78.450
78.940
79.450
79.950
80.440
80.930
81.420
81.910
82.390
82.890
83.380
83.870
84.360
84.850
85.340
85.820
86.310
86.800
87.290
87.790
88.280
88.770
89.260
89.760
90.250
90.730
91.220
91.710
92.210
92.710
93.200
93.690
94.160
94.640
95.120
95.600
96.080
96.560
97.040
97.520
98.010
98.490
98.970
99.450
99.930
100.420
100.900
101.390
101.880
102.360
102.850
103.330
103.820
104.300
104.780
105.270
105.750
106.230
106.710
107.200
107.670
108.140
108.630
109.100
109.590
110.070
110.550
111.020
111.510
111.990
112.490
112.980
113.460
113.950
114.430
114.910
115.400
115.880
116.380
116.860
117.340
117.810
118.300
118.790
119.260
119.740
120.210
120.680
121.150
121.630
122.100
122.580
123.060
123.540
124.010
124.490
124.970
125.460
125.940
126.420
126.890
127.380
127.850
128.320
128.810
129.290
129.770
130.240
130.720
131.190
131.670
132.150
132.640
133.110
133.600
134.080
134.560
135.040
135.520
135.990
136.480
136.950
137.430
137.910
138.390
138.870
139.340
139.810
140.290
140.770
141.250
141.730
142.210
142.690
143.160
143.640
144.120
144.580
145.060
145.530
146.010
146.500
146.960
147.430
147.910
148.390
148.860
149.340
149.810
150.290
150.760
151.230
151.690
152.160
152.630
153.120
153.590
154.060
154.540
155.000
155.460
155.940
156.420
156.880
157.360
157.830
158.290
158.750
159.220
159.700
160.170
160.640
161.120
161.600
162.070
162.530
163.010
163.480
163.950
164.420
164.880
165.340
165.810
166.280
166.740
167.200
167.670
168.140
168.600
169.070
169.540
170.000
170.470
170.940
171.430
171.900
172.370
172.840
173.300
173.770
174.250
174.720
175.190
175.670
176.140
176.610
177.080
177.550
178.010
178.470
178.960
179.420
179.880
180.360
180.830
181.300
181.780
182.250
182.720
183.180
183.650
184.120
184.600
185.070
185.540
186.000
186.470
186.930
187.410
187.880
188.340
188.810
189.280
189.750
190.210
190.670
191.140
191.600
192.070
192.530
192.990
193.460
193.930
194.410
194.880
195.350
195.820
196.290
196.770
197.230
197.690
198.160
198.630
199.080
199.550
200.010
200.480
200.930
201.380
201.850
202.320
202.780
203.230
203.680
204.140
204.610
205.080
205.540
205.990
206.440
206.910
207.380
207.840
208.300
208.760
209.220
209.670
210.130
210.580
211.040
211.500
211.960
212.420
212.880
213.340
213.810
214.260
214.700
215.160
215.620
216.070
216.540
216.990
217.450
217.900
218.360
218.820
219.270
219.730
220.190
220.640
221.100
221.550
222.010
222.460
222.920
223.370
223.820
224.270
224.730
225.180
225.640
226.090
226.540
227.000
227.460
227.900
228.360
228.820
229.270
229.720
230.180
230.630
231.090
231.540
231.990
232.440
232.900
233.350
233.810
234.250
234.700
235.150
235.610
236.060
236.530
236.990
237.440
237.910
238.370
238.820
239.270
239.720
240.170
240.620
241.070
241.510
241.970
242.410
242.860
243.310
243.760
244.210
244.660
245.110
245.550
246.000
246.450
246.900
247.350
247.810
248.270
248.720
249.180
249.630
250.080
250.530
250.980
251.440
251.890
252.340
252.790
253.240
253.700
254.160
254.610
255.060
255.500
255.950
256.410
256.860
257.310
257.760
258.210
258.670
259.120
259.580
260.030
260.490
260.950
261.410
261.850
262.300
262.760
263.210
263.640
264.090
264.540
264.990
265.430
265.880
266.340
266.790
267.230
267.680
268.130
268.580
269.030
269.480
269.930
270.380
270.830
271.290
271.740
272.190
272.650
273.100
273.550
274.010
274.440
274.890
275.340
275.790
276.240
276.680
277.130
277.600
278.040
278.480
278.930
279.370
279.810
280.250
280.700
281.150
281.610
282.070
282.530
282.990
283.440
283.900
284.350
284.820
285.270
285.720
286.170
286.620
287.070
287.510
287.960
288.410
288.850
289.300
289.760
290.200
290.640
291.080
291.540
292.000
292.440
292.890
293.340
293.780
294.230
294.680
295.130
295.580
296.040
296.480
296.930
297.380
297.830
298.280
298.730
299.180
299.630
300.080
300.540
301.000
301.450
301.890
302.350
302.810
303.260
303.710
304.150
304.600
305.050
305.500
305.950
306.390
306.840
307.290
307.730
308.190
308.640
309.090
309.530
309.980
310.430
310.880
311.330
311.770
312.210
312.640
313.100
313.560
314.000
314.450
314.890
315.350
315.810
316.250
316.700
317.150
317.580
318.030
318.480
318.930
319.380
319.830
320.270
320.720
321.160
321.610
322.060
322.510
322.950
323.400
323.850
324.300
324.740
325.190
325.640
326.080
326.520
326.970
327.420
327.870
328.310
328.770
329.210
329.660
330.110
330.560
331.010
331.470
331.910
332.360
332.800
333.250
333.690
334.140
334.590
335.040
335.480
335.930
336.370
336.820
337.280
337.730
338.180
338.630
339.070
339.520
339.980
340.430
340.880
341.320
341.770
342.230
342.680
343.140
343.590
344.060
344.510
344.960
345.410
345.860
346.320
346.770
347.220
347.680
348.120
348.580
349.030
349.480
349.930
350.380
350.820
351.270
351.720
352.170
352.620
353.070
353.510
353.970
354.420
354.880
355.340
355.790
356.240
356.680
357.130
357.590
358.040
358.480
358.930
359.370
359.820
360.260
360.700
361.160
361.610
362.060
362.500
362.950
363.400
363.850
364.300
364.760
365.220
365.670
366.130
366.580
367.020
367.470
367.910
368.360
368.810
369.270
369.710
370.160
370.610
371.060
371.520
371.960
372.420
372.870
373.310
373.770
374.220
374.670
375.120
375.570
376.030
376.480
376.930
377.380
377.830
378.290
378.750
379.210
379.670
380.140
380.590
381.050
381.510
381.980
382.440
382.910
383.370
383.840
384.300
384.760
385.230
385.680
386.130
386.580
387.040
387.500
387.960
388.420
388.870
389.330
389.790
390.250
390.710
391.160
391.620
392.060
392.510
392.960
393.420
393.870
394.330
394.780
395.240
395.690
396.140
396.600
397.040
397.500
397.960
398.400
398.860
399.330
399.780
400.240
400.690
401.150
401.590
402.040
402.480
402.950
403.410
403.870
404.310
404.770
405.220
405.670
406.120
406.580
407.020
407.470
407.920
408.360
408.820
409.280
409.730
410.180
410.630
411.080
411.520
411.990
412.450
412.910
413.360
413.810
414.240
414.700
415.150
415.590
416.050
416.500
416.960
417.400
417.840
418.300
418.760
419.220
419.670
420.110
420.570
421.020
421.470
421.930
422.380
422.830
423.270
423.720
424.170
424.620
425.060
425.510
425.950
426.400
426.840
427.290
427.730
428.180
428.630
429.080
429.530
429.990
430.440
430.890
431.350
431.810
432.270
432.730
433.190
433.640
434.100
434.550
435.000
435.460
435.920
436.370
436.840
437.290
437.740
438.190
438.650
439.090
439.540
439.990
440.450
440.900
441.360
441.820
442.250
442.690
443.130
443.580
444.050
444.500
444.960
445.410
445.870
446.330
446.780
447.250
447.700
448.160
448.620
449.090
449.550
450.010
450.460
450.920
451.370
451.830
452.290
452.740
453.200
453.650
454.120
454.580
455.030
455.490
455.950
456.390
456.850
457.310
457.750
458.200
458.660
459.110
459.560
460.010
460.460
460.910
461.380
461.830
462.290
462.740
463.190
463.640
464.110
464.580
465.040
465.490
465.950
466.410
466.840
467.300
467.750
468.200
468.650
469.090
469.540
470.000
470.440
470.890
471.330
471.800
472.250
472.680
473.140
473.590
474.030
474.480
474.930
475.390
475.830
476.280
476.740
477.190
477.640
478.090
478.560
479.030
479.480
479.930
480.390
480.850
481.300
481.750
482.210
482.660
483.120
483.570
484.020
484.490
484.940
485.390
485.830
486.290
486.750
487.220
487.680
488.150
488.610
489.080
489.540
490.010
490.460
490.930
491.380
491.840
492.290
492.750
493.210
493.670
494.120
494.590
495.040
495.490
495.960
496.420
496.860
497.310
497.760
498.210
498.670
499.130
499.600
500.060
500.500
500.970
501.430
501.900
502.350
502.810
503.270
503.720
504.190
504.620
505.080
505.540
505.980
506.440
506.900
507.350
507.800
508.260
508.700
509.160
509.610
510.070
510.510
510.960
511.420
511.870
512.320
512.770
513.230
513.670
514.130
514.580
515.040
515.480
515.930
516.390
516.830
517.290
517.750
518.210
518.650
519.090
519.550
520.010
520.460
520.930
521.370
521.830
522.270
522.740
523.190
523.650
524.110
524.560
525.010
525.460
525.920
526.380
526.840
527.290
527.760
528.210
528.660
529.100
529.530
529.990
530.440
530.900
531.350
531.800
532.260
532.720
533.170
533.640
534.090
534.540
534.980
535.450
535.900
536.350
536.800
537.260
537.710
538.160
538.610
539.070
539.540
540.000
540.460
540.910
541.370
541.810
542.290
542.750
543.190
543.660
544.110
544.570
545.030
545.490
545.930
546.390
546.850
547.300
547.760
548.220
548.680
549.140
549.590
550.060
550.520
550.970
551.430
551.890
552.340
552.790
553.260
553.700
554.160
554.610
555.070
555.520
555.960
556.420
556.880
557.330
557.800
558.250
558.700
559.170
559.620
560.070
560.530
560.990
561.450
561.910
562.380
562.830
563.280
563.740
564.190
564.640
565.090
565.550
566.000
566.450
566.910
567.370
567.830
568.280
568.730
569.210
569.660
570.120
570.580
571.050
571.510
571.960
572.430
572.880
573.350
573.800
574.260
574.730
575.180
575.640
576.090
576.540
576.990
577.440
577.880
578.340
578.790
579.230
579.690
580.130
580.580
581.030
581.490
581.940
582.400
582.860
583.300
583.750
584.210
584.670
585.110
585.570
586.020
586.480
586.920
587.360
587.820
588.270
588.730
589.170
589.620
590.070
590.520
590.970
591.420
591.860
592.310
592.780
593.230
593.680
594.140
594.590
595.060
595.510
595.980
596.440
596.890
597.350
597.800
598.260
598.710
599.170
599.630
600.090
600.540
600.990
601.460
601.910
602.360
602.820
603.280
603.720
604.180
604.630
605.080
605.550
605.980
606.440
606.890
607.330
607.790
608.230
608.700
609.150
609.620
610.090
610.550
611.000
611.440
611.890
612.330
612.770
613.210
613.650
614.100
614.550
615.000
615.440
615.880
616.330
616.760
617.200
617.640
618.110
618.560
619.010
619.470
619.910
620.360
620.820
621.260
621.710
622.160
622.610
623.060
623.510
623.960
624.400
624.850
625.320
625.760
626.210
626.670
627.120
627.580
628.040
628.490
628.950
629.390
629.830
630.280
630.730
631.180
631.640
632.080
632.530
632.980
633.430
633.870
634.320
634.770
635.240
635.690
636.130
636.590
637.040
637.490
637.970
638.420
638.880
639.330
639.790
640.240
640.710
641.170
641.610
642.030
642.460
642.910
643.350
643.800
644.240
644.680
645.130
645.580
646.040
646.470
646.910
647.360
647.800
648.240
648.690
649.140
649.600
650.060
650.520
651.000
651.470
651.930
652.410
652.870
653.350
653.790
654.260
654.720
655.190
655.640
656.110
656.570
657.040
657.490
657.940
658.420
658.880
659.320
659.810
660.260
660.740
661.210
661.670
662.150
662.610
663.090
663.560
664.030
664.500
664.960
665.440
665.900
666.350
666.810
667.280
667.750
668.210
668.670
669.130
669.580
670.030
670.510
670.980
671.440
671.930
672.380
672.850
673.340
673.800
674.250
674.720
675.160
675.630
676.100
676.580
677.060
677.550
