0.000
0.580
1.140
1.680
2.200
2.750
3.300
3.810
4.350
4.880
5.450
5.980
6.530
7.060
7.610
8.150
8.700
9.260
9.780
10.290
10.790
11.190
11.600
12.000
12.430
12.840
13.270
13.680
14.090
14.490
14.920
15.310
15.740
16.130
16.560
16.950
17.510
18.070
18.620
19.170
19.720
20.270
20.820
21.360
21.910
22.460
23.010
23.560
24.120
24.660
25.210
25.760
26.300
26.840
27.390
27.930
28.480
29.030
29.580
30.140
30.680
31.220
31.790
32.320
32.860
33.440
33.970
34.520
35.060
35.620
36.200
36.770
37.310
37.870
38.450
39.000
39.520
40.100
40.660
41.220
41.760
42.330
42.870
43.430
43.960
44.500
45.070
45.620
46.210
46.770
47.330
47.910
48.460
49.010
49.560
50.130
50.680
51.260
51.810
52.380
52.950
53.490
54.040
54.630
55.190
55.730
56.280
56.860
57.390
57.940
58.490
59.030
59.600
60.160
60.700
61.250
61.810
62.350
62.900
63.450
64.000
64.540
65.080
65.640
66.160
66.730
67.280
67.810
68.380
68.910
69.480
70.010
70.550
71.100
71.650
72.220
72.750
73.330
73.880
74.410
74.980
75.550
76.100
76.650
77.170
77.750
78.300
78.830
79.400
79.930
80.470
81.030
81.610
82.170
82.710
83.290
83.820
84.390
84.920
85.480
86.050
86.600
87.160
87.730
88.280
88.830
89.390
89.960
90.520
91.070
91.600
92.150
92.700
93.280
93.830
94.380
94.930
95.450
96.020
96.580
97.110
97.680
98.210
98.770
99.330
99.880
100.400
100.970
101.530
102.090
102.640
103.210
103.770
104.310
104.880
105.420
106.000
106.560
107.110
107.670
108.240
108.760
109.350
109.910
110.460
111.020
111.570
112.140
112.700
113.240
113.830
114.370
114.910
115.450
116.010
116.570
117.130
117.700
118.260
118.820
119.360
119.920
120.440
121.020
121.570
122.120
122.640
123.190
123.780
124.340
124.890
125.450
126.020
126.560
127.100
127.680
128.240
128.800
129.360
129.900
130.470
131.010
131.580
132.150
132.690
133.270
133.830
134.380
134.940
135.490
136.060
136.600
137.180
137.750
138.320
138.880
139.440
140.010
140.590
141.150
141.700
142.260
142.830
143.360
143.930
144.510
145.060
145.650
146.190
146.750
147.300
147.890
148.460
149.000
149.570
150.120
150.650
151.230
151.760
152.320
152.900
153.450
154.010
154.580
155.130
155.730
156.270
156.850
157.380
157.960
158.530
159.070
159.660
160.230
160.780
161.350
161.940
162.510
163.040
163.610
164.190
164.740
165.300
165.860
166.410
166.970
167.540
168.100
168.620
169.180
169.740
170.320
170.890
171.440
171.990
172.540
173.100
173.660
174.250
174.790
175.370
175.930
176.480
177.030
177.580
178.160
178.730
179.270
179.840
180.380
180.940
181.520
182.070
182.640
183.200
183.760
184.330
184.910
185.460
186.030
186.590
187.130
187.680
188.250
188.810
189.410
189.980
190.510
191.080
191.650
192.210
192.760
193.290
193.850
194.400
194.990
195.540
196.090
196.660
197.220
197.740
198.290
198.840
199.370
199.910
200.460
200.990
201.560
202.110
202.660
203.220
203.760
204.300
204.870
205.440
206.020
206.590
207.150
207.720
208.250
208.810
209.370
209.930
210.490
211.050
211.590
212.160
212.720
213.290
213.850
214.410
214.990
215.540
216.110
216.680
217.220
217.790
218.360
218.900
219.460
220.010
220.560
221.110
221.670
222.230
222.770
223.300
223.870
224.450
225.000
225.560
226.140
226.690
227.230
227.790
228.330
228.890
229.440
229.980
230.530
231.110
231.650
232.210
232.760
233.290
233.860
234.420
234.980
235.530
236.070
236.630
237.200
237.730
238.290
238.870
239.410
239.960
240.550
241.080
241.640
242.210
242.760
243.320
243.870
244.430
244.990
245.530
246.080
246.660
247.200
247.790
248.310
248.850
249.390
249.970
250.530
251.080
251.630
252.190
252.740
253.300
253.870
254.400
254.950
255.500
256.070
256.630
257.170
257.750
258.300
258.840
259.410
259.950
260.510
261.070
261.590
262.170
262.700
263.250
263.810
264.350
264.920
265.460
266.030
266.590
267.150
267.700
268.260
268.830
269.380
269.940
270.500
271.080
271.630
272.200
272.750
273.320
273.870
274.420
274.980
275.550
276.100
276.670
277.220
277.780
278.350
278.900
279.460
280.000
280.540
281.100
281.670
282.210
282.750
283.340
283.870
284.430
284.980
285.540
286.100
286.660
287.210
287.770
288.330
288.900
289.460
290.040
290.600
291.150
291.700
292.280
292.830
293.370
293.940
294.460
294.970
295.540
296.140
296.700
297.260
297.830
298.390
298.950
299.510
300.090
300.630
301.180
301.770
302.310
302.890
303.440
304.010
304.580
305.150
305.720
306.280
306.840
307.390
307.970
308.510
309.090
309.630
310.180
310.760
311.310
311.870
312.430
313.000
313.580
314.140
314.700
315.250
315.820
316.380
316.960
317.500
318.090
318.660
319.220
319.750
320.330
320.910
321.470
322.030
322.610
323.150
323.720
324.280
324.850
325.420
325.950
326.540
327.090
327.670
328.240
328.820
329.360
329.940
330.480
331.040
331.610
332.170
332.720
333.280
333.860
334.410
334.980
335.530
336.120
336.680
337.220
337.780
338.350
338.920
339.450
340.030
340.580
341.130
341.720
342.340
342.990
343.620
344.260
344.880
345.530
346.260
347.000
347.770
348.560
349.410
350.250
350.990
351.770
352.530
353.290
354.030
354.750
355.350
355.930
356.490
357.040
357.610
358.170
358.730
359.280
359.830
360.380
360.920
361.490
362.060
362.610
363.140
363.690
364.260
364.790
365.290
365.850
366.340
366.890
367.380
367.920
368.440
368.960
369.450
369.930
370.440
370.970
371.460
371.970
372.500
373.050
373.610
374.170
374.740
375.290
375.860
376.440
376.990
377.570
378.130
378.670
379.240
379.790
380.350
380.910
381.460
382.020
382.570
383.130
383.680
384.250
384.820
385.370
385.940
386.500
387.070
387.640
388.190
388.740
389.300
389.870
390.420
390.970
391.560
392.110
392.670
393.240
393.790
394.360
394.930
395.500
396.070
396.620
397.180
397.740
398.280
398.840
399.310
399.800
400.260
400.770
401.270
401.830
402.400
402.930
403.500
404.070
404.610
405.170
405.710
406.250
406.840
407.460
408.050
408.610
409.200
409.810
410.380
410.950
411.510
412.080
412.670
413.240
413.800
414.360
414.950
415.510
416.080
416.630
417.210
417.770
418.320
418.880
419.420
419.980
420.580
421.150
421.730
422.290
422.890
423.480
424.060
424.630
425.190
425.790
426.390
426.940
427.520
428.090
428.670
429.220
429.780
430.350
430.960
431.530
432.110
432.670
433.250
433.850
434.430
435.010
435.580
436.180
436.740
437.310
437.910
438.480
439.060
439.660
440.230
440.850
441.420
442.010
442.610
443.200
443.800
444.390
444.980
445.570
446.140
446.730
447.350
448.000
448.590
449.210
449.860
