0.170
0.780
1.370
1.980
2.590
3.190
3.780
4.380
4.950
5.530
6.130
6.710
7.320
7.920
8.520
9.110
9.700
10.300
10.900
11.480
12.090
12.660
13.260
13.860
14.480
15.120
15.720
16.340
16.980
17.570
18.210
18.810
19.410
20.030
20.650
21.260
21.900
22.510
23.130
23.730
24.360
25.000
25.600
26.210
26.820
27.440
28.040
28.640
29.250
29.880
30.480
31.090
31.710
32.320
32.950
33.550
34.140
34.770
35.380
35.980
36.590
37.220
37.800
38.420
39.040
39.640
40.260
40.870
41.480
42.080
42.700
43.300
43.900
44.530
45.160
45.760
46.370
46.970
47.580
48.200
48.810
49.410
50.010
50.630
51.220
51.830
52.420
53.020
53.630
54.210
54.830
55.470
56.080
56.710
57.300
57.880
58.490
59.110
59.730
60.340
60.950
61.560
62.160
62.790
63.380
63.980
64.590
65.200
65.820
66.420
67.040
67.640
68.250
68.860
69.460
70.080
70.670
71.300
71.910
72.520
73.120
73.730
74.360
74.980
75.580
76.190
76.820
77.430
78.050
78.650
79.270
79.880
80.490
81.100
81.720
82.330
82.950
83.570
84.190
84.820
85.420
86.030
86.650
87.260
87.890
88.530
89.130
89.750
90.370
91.010
91.620
92.240
92.860
93.470
94.080
94.680
95.330
95.940
96.550
97.160
97.790
98.380
98.990
99.600
100.210
100.820
101.440
102.040
102.660
103.260
103.890
104.490
105.100
105.710
106.330
106.960
107.560
108.160
108.780
109.400
110.010
110.660
111.260
111.890
112.500
113.090
113.720
114.340
114.930
115.550
116.190
116.790
117.410
118.020
118.650
119.280
119.890
120.490
121.110
121.730
122.330
122.960
123.580
124.170
124.790
125.440
126.040
126.660
127.290
127.890
128.500
129.130
129.750
130.340
130.940
131.580
132.180
132.800
133.420
134.030
134.670
135.290
135.890
136.510
137.120
137.750
138.360
138.970
139.580
140.200
140.810
141.430
142.040
142.650
143.270
143.860
144.460
145.080
145.710
146.300
146.900
147.500
148.120
148.730
149.350
149.970
150.540
151.150
151.770
152.380
152.980
153.610
154.240
154.820
155.460
156.050
156.670
157.280
157.870
158.490
159.090
159.700
160.320
160.920
161.530
162.140
162.760
163.390
163.980
164.600
165.210
165.820
166.440
167.060
167.690
168.290
168.930
169.540
170.140
170.760
171.390
171.990
172.640
173.220
173.860
174.450
175.070
175.690
176.310
176.950
177.570
178.200
178.800
179.420
180.050
180.650
181.280
181.890
182.510
183.130
183.750
184.390
185.000
185.610
186.200
186.830
187.410
188.050
188.640
189.260
189.880
190.500
191.120
191.760
192.390
193.010
193.640
194.260
194.900
195.510
196.160
196.780
197.390
198.010
198.650
199.250
199.860
200.480
201.100
201.720
202.340
202.970
203.610
204.230
204.840
205.460
206.060
206.690
207.310
207.930
208.550
209.170
209.800
210.420
211.030
211.640
212.260
212.890
213.510
214.120
214.740
215.350
215.970
216.590
217.200
217.820
218.430
219.040
219.670
220.280
220.900
221.510
222.150
222.760
223.400
224.020
224.620
225.240
225.850
226.490
227.110
227.720
228.320
228.950
229.540
230.190
230.780
231.380
232.000
232.630
233.230
233.860
234.480
235.090
235.700
236.310
236.960
237.570
238.190
238.810
239.440
240.060
240.650
241.270
241.880
242.490
243.110
243.750
244.340
244.950
245.560
246.170
246.770
247.420
248.020
248.640
249.230
249.830
250.420
251.050
251.690
252.310
252.910
253.540
254.140
254.760
255.370
256.010
256.620
257.210
257.820
258.430
259.070
259.660
260.300
260.920
261.510
262.130
262.740
263.350
263.950
264.590
265.180
265.790
266.400
267.030
267.640
268.280
268.890
269.530
270.140
270.750
271.370
271.980
272.580
273.190
273.810
274.420
275.040
275.660
276.260
276.880
277.500
278.120
278.740
279.360
279.970
280.580
281.210
281.850
282.480
283.110
283.730
284.370
284.980
285.580
286.200
286.810
287.430
288.070
288.680
289.270
289.900
290.510
291.100
291.710
292.320
292.920
293.550
294.170
294.800
295.410
296.020
296.660
297.280
297.900
298.530
299.150
299.760
300.410
301.030
301.670
302.280
302.910
303.540
304.160
