0.420
0.860
1.290
1.720
2.180
2.600
3.060
3.480
3.920
4.360
4.790
5.210
5.640
6.060
6.490
6.920
7.340
7.760
8.190
8.610
9.030
9.450
9.880
10.310
10.740
11.140
11.570
12.000
12.420
12.860
13.280
13.700
14.120
14.550
14.980
15.410
15.840
16.280
16.710
17.130
17.550
17.990
18.420
18.860
19.290
19.700
20.120
20.540
20.980
21.400
21.840
22.260
22.690
23.120
23.550
23.970
24.400
24.830
25.260
25.680
26.100
26.520
26.960
27.370
27.790
28.220
28.650
29.080
29.500
29.930
30.350
30.780
31.210
31.620
32.050
32.480
32.900
33.330
33.760
34.190
34.610
35.050
35.480
35.900
36.320
36.750
37.190
37.610
38.040
38.470
38.890
39.320
39.770
40.180
40.600
41.020
41.450
41.870
42.300
42.730
43.140
43.580
44.000
44.440
44.870
45.300
45.720
46.140
46.580
47.010
47.440
47.850
48.290
48.720
49.150
49.580
50.030
50.460
50.880
51.310
51.740
52.170
52.590
53.020
53.440
53.860
54.290
54.720
55.160
55.580
56.010
56.440
56.870
57.300
57.700
58.120
58.560
59.020
59.460
59.890
60.320
60.760
61.210
61.640
62.070
62.490
62.910
63.340
63.780
64.200
64.640
65.070
65.490
65.920
66.350
66.780
67.230
67.650
68.090
68.540
68.970
69.390
69.820
70.240
70.670
71.100
71.510
71.950
72.370
72.810
73.250
73.660
74.090
74.520
74.980
75.410
75.850
76.270
76.700
77.130
77.560
77.990
78.420
78.840
79.300
79.730
80.150
80.550
80.970
81.390
81.800
82.210
82.640
83.060
83.490
83.920
84.340
84.760
85.200
85.630
86.080
86.530
86.940
87.370
87.810
88.240
88.670
89.110
89.540
89.960
90.390
90.810
91.230
91.640
92.050
92.480
92.910
93.330
93.760
94.180
94.600
95.030
95.460
95.900
96.330
96.770
97.200
97.630
98.070
98.490
98.930
99.370
99.810
100.240
100.680
101.110
101.550
101.980
102.420
102.850
103.280
103.710
104.140
104.570
105.010
105.440
105.870
106.310
106.750
107.190
107.620
108.050
108.490
108.920
109.350
109.780
110.220
110.650
111.080
111.520
111.950
112.390
112.810
113.250
113.690
114.140
114.580
115.000
115.430
115.890
116.320
116.770
117.200
117.640
118.090
118.520
118.950
119.380
119.820
120.270
120.720
121.160
121.600
122.040
122.470
122.890
123.330
123.770
124.210
124.640
125.070
125.520
125.960
126.400
126.840
127.290
127.720
128.160
128.610
129.030
129.470
129.910
130.340
130.780
131.210
131.650
132.090
132.520
132.960
133.400
133.830
134.280
134.710
135.150
135.570
136.020
136.460
136.890
137.340
137.770
138.230
138.650
139.100
139.540
139.970
140.430
140.860
141.290
141.730
142.180
142.630
143.060
143.490
143.940
144.370
144.810
145.240
145.680
146.110
146.560
146.990
147.420
147.860
148.320
148.740
149.170
149.620
150.050
150.480
150.920
151.380
151.810
152.240
152.680
153.120
153.580
154.020
154.470
154.910
155.350
155.780
156.210
156.670
157.100
157.540
157.970
158.410
158.860
159.300
159.720
160.170
160.600
161.030
161.480
161.900
162.350
162.780
163.240
163.670
164.110
164.550
165.080
165.640
166.230
166.910
167.540
168.250
168.960
169.650
170.310
171.000
171.680
172.350
173.030
173.700
174.430
175.140
175.890
176.610
177.430
178.210
178.990
179.730
180.530
181.290
182.090
182.890
183.630
