0.330
1.020
1.720
2.420
3.120
3.810
4.550
5.260
5.990
6.750
7.460
8.130
8.850
9.510
10.240
10.940
11.660
12.380
13.140
13.840
14.590
15.280
16.050
16.760
17.510
18.240
18.980
19.700
20.400
21.130
21.860
22.570
23.260
23.980
24.690
25.430
26.180
26.890
27.640
28.380
29.090
29.810
30.550
31.240
31.990
32.720
33.460
34.170
34.950
35.680
36.430
37.130
37.830
38.530
39.250
39.940
40.700
41.380
42.120
42.860
43.560
44.280
44.960
45.660
46.380
47.120
47.810
48.530
49.240
49.980
50.710
51.460
52.170
52.930
53.630
54.350
55.060
55.740
56.460
57.160
57.920
58.620
59.350
60.060
60.780
61.490
62.200
62.920
63.660
64.350
65.070
65.830
66.520
67.260
67.970
68.680
69.420
70.130
70.870
71.600
72.350
73.050
73.810
74.490
75.220
75.920
76.610
77.330
78.020
78.750
79.440
80.150
80.860
81.590
82.300
83.020
83.780
84.500
85.190
85.920
86.610
87.310
88.050
88.750
89.480
90.190
90.910
91.640
92.330
93.050
93.770
94.500
95.240
95.950
96.700
97.420
98.120
98.840
99.560
100.290
101.010
101.750
102.470
103.220
103.940
104.700
105.410
106.130
106.880
107.600
108.320
109.050
109.750
110.470
111.190
111.940
112.640
113.360
114.090
114.800
115.520
116.270
117.050
117.770
118.450
119.160
119.910
120.620
121.340
122.080
122.800
123.480
124.220
124.930
125.660
126.380
127.100
127.800
128.520
129.210
129.940
130.660
131.380
132.060
132.780
133.490
134.200
134.940
135.630
136.360
137.090
137.810
138.520
139.240
140.000
140.750
141.450
142.110
142.820
143.550
144.230
144.940
145.640
146.380
147.110
147.840
148.540
149.280
149.990
150.690
151.430
152.120
152.890
153.640
154.380
155.080
155.790
156.510
157.240
157.990
158.730
159.440
160.140
160.860
161.630
162.340
163.070
163.800
164.520
165.240
165.940
166.640
167.340
168.070
168.810
169.500
170.230
170.920
171.650
172.330
173.070
173.760
174.510
175.230
175.920
176.630
177.310
178.000
178.710
179.450
180.150
180.840
181.570
182.270
182.990
183.700
184.420
185.160
185.840
186.550
187.300
188.000
188.690
189.400
190.130
190.830
191.530
192.250
192.980
193.660
194.390
195.100
195.810
196.510
197.240
197.940
198.670
199.410
200.090
200.800
201.520
202.230
202.950
203.660
204.360
205.110
205.830
206.510
207.210
207.910
208.640
209.390
210.110
210.790
211.540
212.250
212.950
213.660
214.380
215.090
215.820
216.510
217.200
217.910
218.650
219.340
220.040
220.750
221.470
222.180
222.880
223.610
224.300
225.030
225.750
226.430
227.140
227.840
228.550
229.270
229.970
230.660
231.360
232.080
232.800
233.530
234.260
234.950
235.690
236.390
237.110
237.840
238.570
239.260
239.970
240.670
241.390
242.130
242.830
243.540
244.250
245.000
245.700
246.410
247.150
247.860
248.600
249.300
250.020
250.750
251.440
252.140
252.840
253.570
254.300
255.020
255.710
256.390
257.080
257.790
258.500
259.210
259.930
260.640
261.330
262.060
262.780
263.490
264.210
264.920
265.650
266.370
267.060
267.780
268.440
269.150
269.870
270.580
271.260
271.980
272.700
273.370
274.100
274.810
275.520
276.240
276.930
277.650
278.360
279.080
279.790
280.500
281.170
281.870
282.600
283.300
284.010
284.700
285.410
286.130
286.830
287.510
288.210
288.910
289.610
290.310
291.010
291.710
292.400
293.100
293.830
294.510
295.220
295.910
296.610
297.300
298.020
298.730
299.430
300.140
300.860
301.550
302.230
302.940
303.640
304.320
305.060
305.740
306.420
307.130
307.800
308.470
309.160
309.890
310.590
311.330
312.050
312.760
313.430
314.160
314.860
315.570
316.290
316.960
317.670
318.360
319.070
319.770
320.480
321.180
321.920
322.620
323.300
324.020
324.690
325.390
326.090
326.820
327.490
328.210
328.900
329.600
330.290
330.970
331.670
332.310
333.000
333.670
334.430
335.150
335.900
336.600
337.320
337.990
338.710
339.420
340.130
340.860
341.550
342.310
343.000
343.710
344.420
345.130
345.850
346.580
347.290
347.980
348.700
349.420
350.120
350.820
351.520
352.210
352.910
353.600
354.310
355.080
355.800
356.560
357.340
358.110
358.850
359.610
360.310
361.020
361.710
362.460
363.160
363.830
364.540
365.240
365.950
366.670
367.400
368.120
368.860
369.590
370.270
371.020
371.710
372.430
373.110
373.790
374.530
375.230
375.900
376.600
377.340
378.030
378.750
379.450
380.150
380.860
381.570
382.270
383.000
383.680
384.360
385.110
385.820
386.540
387.240
387.860
388.520
389.170
389.800
390.470
391.120
391.790
392.420
393.050
393.700
394.380
395.020
395.660
396.300
396.910
397.650
398.350
399.060
399.760
400.460
401.170
401.840
402.620
403.390
404.120
404.910
405.660
406.420
407.130
407.870
408.530
409.190
409.870
410.580
411.190
411.850
412.480
412.960
413.480
413.980
414.530
415.020
415.570
416.080
416.600
417.070
417.600
418.070
418.600
419.080
419.590
420.090
420.630
421.140
421.650
422.140
422.680
423.350
424.040
424.740
425.430
426.150
426.840
427.520
428.160
428.850
429.540
430.210
430.860
431.540
432.190
432.880
433.530
434.240
434.940
435.640
436.320
436.960
437.620
438.320
438.990
439.620
440.310
440.950
441.610
442.260
442.940
443.610
444.280
444.920
445.560
446.140
446.760
447.430
448.110
448.770
449.460
450.140
450.870
451.530
452.230
452.870
453.530
454.190
454.840
455.560
456.310
457.020
457.710
458.400
459.070
459.780
460.440
461.100
461.750
462.410
463.050
463.670
464.410
465.080
465.840
466.590
467.290
467.990
468.720
469.410
470.050
470.700
471.360
472.060
472.740
473.410
474.050
474.740
475.450
476.140
476.720
477.360
477.950
478.550
479.260
479.940
480.620
481.270
481.930
482.680
483.380
484.090
484.790
485.410
486.040
486.690
487.350
488.010
488.660
489.330
490.000
490.680
491.360
492.000
492.680
493.360
494.000
494.680
495.360
496.030
496.620
497.220
497.880
498.540
499.230
499.910
500.600
501.340
502.040
502.720
503.470
504.180
504.880
505.590
506.320
507.040
507.850
508.630
509.400
510.060
510.750
511.380
512.050
512.770
513.410
514.120
514.810
515.540
516.240
516.910
517.600
518.270
518.930
519.620
520.290
520.990
521.630
522.320
522.980
523.680
524.360
525.060
525.760
526.420
527.110
527.800
528.500
529.190
529.840
530.510
531.180
531.850
532.550
533.240
533.890
534.570
535.240
535.890
536.550
537.250
537.940
538.620
539.330
539.990
540.670
541.350
542.050
542.710
543.400
544.090
544.760
545.400
546.080
546.770
547.440
548.100
548.810
549.480
550.180
550.880
551.580
552.310
552.970
553.660
554.320
555.000
555.700
556.380
557.070
557.780
558.490
559.170
559.850
560.480
561.150
561.870
562.550
563.200
563.900
564.560
565.220
565.910
566.600
567.280
567.950
568.650
569.330
569.980
570.750
571.470
572.240
572.950
573.710
574.490
575.220
576.050
576.880
577.720
578.570
579.460
580.320
581.170
581.990
582.790
583.590
584.420
585.220
585.990
586.830
587.510
588.170
588.840
589.510
590.210
590.860
591.560
592.190
592.860
593.570
594.220
594.850
595.570
596.290
597.010
597.700
598.380
599.110
599.800
600.460
601.190
601.860
602.510
603.230
603.870
604.590
605.230
605.930
606.610
607.300
607.970
608.650
609.310
609.970
610.650
611.320
611.990
612.670
613.400
614.100
614.860
615.580
616.270
