0.180
0.590
1.000
1.430
1.860
2.320
2.760
3.180
3.630
4.070
4.520
4.950
5.400
5.830
6.270
6.700
7.140
7.590
8.040
8.490
8.920
9.350
9.800
10.250
10.680
11.120
11.570
12.020
12.480
12.930
13.370
13.810
14.260
14.730
15.180
15.620
16.070
16.510
16.950
17.390
17.850
18.300
18.750
19.190
19.640
20.090
20.560
21.030
21.490
21.940
22.400
22.860
23.300
23.740
24.190
24.660
25.120
25.570
26.040
26.480
26.930
27.370
27.830
28.280
28.740
29.210
29.670
30.130
30.560
31.020
31.460
31.930
32.400
32.860
33.320
33.770
34.230
34.680
35.140
35.600
36.090
36.550
37.000
37.480
37.930
38.390
38.850
39.300
39.780
40.230
40.700
41.150
41.620
42.070
42.530
42.990
43.460
43.920
44.410
44.850
45.320
45.770
46.240
46.700
47.170
47.640
48.110
48.560
49.040
49.500
49.970
50.450
50.920
51.390
51.860
52.320
52.790
53.250
53.700
54.150
54.620
55.090
55.570
56.030
56.490
56.940
57.400
57.870
58.340
58.810
59.280
59.750
60.220
60.670
61.120
61.600
62.080
62.540
63.030
63.490
63.980
64.440
64.910
65.370
65.840
66.330
66.800
67.270
67.720
68.180
68.660
69.130
69.610
70.090
70.550
71.020
71.480
71.960
72.430
72.900
73.380
73.850
74.320
74.810
75.290
75.760
76.230
76.700
77.180
77.680
78.150
78.620
79.110
79.580
80.050
80.530
81.010
81.500
82.010
82.480
82.950
83.410
83.900
84.380
84.870
85.340
85.830
86.310
86.770
87.240
87.720
88.200
88.670
89.120
89.600
90.090
90.560
91.030
91.530
92.000
92.460
92.950
93.410
93.890
94.380
94.860
95.340
95.850
96.330
96.830
97.330
97.810
98.270
98.740
99.220
99.700
100.180
100.670
101.150
101.620
102.100
102.580
103.070
103.550
104.050
104.530
105.020
105.510
105.980
106.470
106.950
107.440
107.930
108.410
108.900
109.400
109.900
110.390
110.880
111.360
111.840
112.340
112.820
113.300
113.780
114.250
114.740
115.220
115.710
116.200
116.670
117.140
117.640
118.110
118.590
119.070
119.550
120.050
120.530
121.010
121.510
122.000
122.470
122.950
123.450
123.940
124.420
124.920
125.420
125.890
126.380
126.890
127.390
127.890
128.390
128.870
129.360
129.840
130.340
130.840
131.330
131.810
132.300
132.790
133.270
133.750
134.220
134.700
135.200
135.690
136.200
136.710
137.190
137.680
138.150
138.650
139.140
139.640
140.130
140.630
141.120
141.620
142.110
142.590
143.090
143.580
144.090
144.580
145.080
145.550
146.040
146.530
147.030
147.520
148.020
148.510
149.000
149.480
149.960
150.450
150.940
151.440
151.950
152.430
152.920
153.400
153.910
154.390
154.910
155.420
155.920
156.390
156.890
157.370
157.870
158.380
158.880
159.390
159.890
160.390
160.890
161.380
161.900
162.380
162.860
163.320
163.810
164.280
164.780
165.260
165.740
166.220
166.680
167.160
167.660
168.140
168.600
169.100
169.560
170.060
170.520
171.020
171.500
171.980
172.440
172.940
173.400
173.880
174.360
174.840
175.340
175.800
176.280
176.760
177.240
177.740
178.220
178.700
179.180
179.640
180.120
180.620
181.100
