0.000
0.670
1.300
1.960
2.580
3.200
3.800
4.430
5.070
5.670
6.280
6.910
7.510
8.100
8.720
9.350
9.960
10.550
11.180
11.820
12.440
13.040
13.630
14.250
14.870
15.470
16.080
16.710
17.310
17.910
18.520
19.140
19.750
20.370
21.000
21.610
22.220
22.830
23.440
24.050
24.650
25.260
25.890
26.520
27.120
27.710
28.330
28.940
29.550
30.150
30.760
31.370
31.980
32.590
33.210
33.830
34.440
35.040
35.650
36.250
36.860
37.450
38.070
38.690
39.300
39.900
40.540
41.140
41.760
42.340
42.950
43.550
44.150
44.740
45.340
45.940
46.540
47.150
47.750
48.330
48.970
49.570
50.170
50.780
51.380
51.990
52.600
53.200
53.800
54.390
55.010
55.620
56.240
56.850
57.440
58.030
58.640
59.230
59.820
60.450
61.060
61.660
62.250
62.860
63.470
64.080
64.680
65.290
65.890
66.490
67.110
67.710
68.310
68.920
69.520
70.140
70.750
71.360
71.970
72.560
73.190
73.790
74.390
75.030
75.630
76.240
76.820
77.410
78.040
78.630
79.250
79.860
80.450
81.060
81.660
82.250
82.880
83.480
84.100
84.710
85.300
85.920
86.500
87.100
87.700
88.300
88.910
89.520
90.130
90.740
91.360
91.930
92.520
93.120
93.720
94.320
94.920
95.540
96.150
96.730
97.340
97.950
98.550
99.160
99.740
100.340
100.950
101.580
102.180
102.780
103.400
103.990
104.600
105.200
105.770
106.360
106.970
107.590
108.170
108.750
109.340
109.960
110.530
111.130
111.740
112.330
112.910
113.520
114.150
114.730
115.340
115.920
116.520
117.120
117.710
118.320
118.910
119.510
120.110
120.720
121.320
121.920
122.520
123.140
123.740
124.330
124.920
125.520
126.140
126.720
127.340
127.940
128.540
129.140
129.730
130.340
130.940
131.530
132.120
132.720
133.290
133.880
134.480
135.060
135.640
136.210
136.820
137.410
138.000
138.610
139.210
139.810
140.400
140.990
141.580
142.180
142.760
143.350
143.960
144.550
145.130
145.730
146.320
146.900
147.480
148.100
148.690
149.270
149.860
150.460
151.050
151.660
152.240
152.830
153.440
154.050
154.640
155.230
155.840
156.470
157.050
157.640
158.230
158.830
159.440
160.020
160.630
161.220
161.820
162.410
162.990
163.600
164.200
164.790
165.420
166.030
166.620
167.220
167.820
168.410
168.990
169.590
170.180
170.770
171.360
171.940
172.540
173.140
173.740
174.320
174.920
175.500
176.110
176.700
177.300
177.900
178.480
179.080
179.660
180.260
180.850
181.430
182.020
182.620
183.220
183.790
184.410
185.000
185.590
186.180
186.770
187.360
187.960
188.540
189.150
189.710
190.290
190.870
191.480
192.090
192.670
193.270
193.870
194.450
195.040
195.670
196.260
196.850
197.450
198.040
198.650
199.240
199.840
200.420
201.030
201.630
202.220
202.800
203.400
204.010
204.600
205.170
205.760
206.370
206.960
207.540
208.130
208.750
209.330
209.910
210.520
211.110
211.700
212.290
212.900
213.500
214.090
214.670
215.260
215.870
216.450
217.030
217.630
218.210
218.820
219.390
219.980
220.560
221.160
221.740
222.350
222.940
223.550
224.130
224.730
225.330
225.910
226.510
227.100
227.690
228.270
228.870
229.450
230.050
230.620
231.220
231.830
232.410
233.000
233.580
234.190
234.780
235.370
235.970
236.560
237.150
237.740
238.330
238.900
239.490
240.070
240.640
241.220
241.790
242.390
242.980
243.550
244.140
244.720
245.300
245.890
246.490
247.090
247.650
248.240
248.810
249.400
249.980
250.600
251.190
251.780
252.350
252.940
253.510
254.140
254.810
255.440
256.030
256.610
257.180
257.790
258.360
258.920
259.510
260.110
260.700
261.360
261.990
262.590
263.220
263.880
264.510
