0.700
1.620
2.470
3.360
4.270
5.210
6.070
7.040
7.970
8.900
9.950
10.990
12.040
13.040
14.070
15.140
16.130
17.180
18.240
19.160
20.130
21.050
21.930
22.840
23.810
24.720
25.700
26.580
27.510
28.370
29.350
30.310
31.250
32.260
33.240
34.210
35.150
36.060
37.030
37.990
39.060
40.170
41.270
42.350
43.440
44.560
45.600
46.730
47.820
48.910
49.980
51.090
52.140
53.120
54.210
55.200
56.190
57.240
58.240
59.270
60.290
61.260
62.250
63.190
64.190
65.050
65.960
66.900
67.800
68.750
69.720
70.700
71.630
72.540
73.510
74.490
75.410
76.400
77.340
78.290
79.200
80.150
81.050
81.960
82.930
83.840
84.610
85.420
86.280
87.070
87.870
88.730
89.520
90.360
91.160
92.070
92.890
93.790
94.640
95.490
96.400
97.300
98.230
99.130
100.050
100.980
101.890
102.830
103.710
104.650
105.590
106.490
107.410
108.370
109.320
110.200
111.140
112.060
112.990
113.860
114.740
115.630
116.400
117.200
118.010
118.780
119.600
120.320
121.010
121.590
122.060
122.510
123.000
123.450
123.920
124.400
124.860
125.310
125.790
126.230
126.700
127.190
127.660
128.130
128.590
129.050
129.530
130.000
130.470
130.930
131.370
131.840
132.310
132.760
133.270
133.730
134.260
134.760
135.240
135.680
136.150
136.600
137.040
137.490
137.960
138.410
138.880
139.330
139.800
140.250
140.710
141.190
141.660
142.130
142.600
143.060
143.530
144.000
144.490
144.970
145.440
145.910
146.390
146.840
147.290
147.760
148.240
148.760
149.240
149.710
150.200
150.650
151.140
151.610
152.070
152.530
152.990
153.430
153.890
154.360
154.840
155.320
155.780
156.230
156.700
157.170
157.610
158.060
158.520
158.960
159.430
159.870
160.340
160.780
161.250
161.710
162.170
162.610
163.080
163.520
163.970
164.410
164.850
165.280
165.720
166.210
166.670
167.130
167.620
168.080
168.580
169.050
169.520
170.020
170.480
170.960
171.420
171.880
172.360
172.820
173.300
173.800
174.280
174.730
175.210
175.690
176.150
176.630
177.090
177.560
178.040
178.510
178.960
179.400
179.870
180.320
180.750
181.200
181.670
182.110
182.550
183.020
183.480
183.930
184.390
184.850
185.300
185.740
186.190
186.610
187.050
187.510
187.990
188.450
188.900
189.370
189.810
190.260
190.710
191.150
191.620
192.070
192.540
193.000
193.470
193.930
194.390
194.860
195.310
195.780
196.260
196.740
197.210
197.670
198.140
198.610
199.080
199.540
199.990
200.470
200.910
201.400
201.850
202.340
202.790
203.260
203.710
204.180
204.630
205.100
205.560
205.990
206.440
206.900
207.340
207.780
208.230
208.650
209.090
209.560
209.990
210.450
210.910
211.390
211.840
212.300
212.770
213.250
213.720
214.190
214.680
215.160
215.650
216.110
216.580
217.050
217.490
217.960
218.440
218.910
219.370
219.830
220.330
220.830
221.290
221.790
222.240
222.700
223.160
223.610
224.070
224.550
225.010
225.460
225.910
226.380
226.850
227.300
227.790
228.280
228.740
229.220
229.700
230.200
230.670
231.130
231.610
232.070
232.520
232.990
233.450
233.920
234.370
234.840
235.280
235.750
236.220
236.660
237.140
237.580
238.040
238.520
238.960
239.430
239.890
240.340
240.800
241.270
241.770
242.240
242.710
243.210
243.660
244.140
244.600
245.070
245.510
245.980
246.460
246.940
247.400
247.870
248.330
248.790
249.240
249.700
250.150
250.610
251.090
251.570
252.020
252.470
252.930
253.390
253.850
254.320
254.780
255.250
255.720
256.170
256.660
257.130
257.580
258.060
258.520
258.990
259.480
259.940
260.390
260.850
261.320
261.790
262.240
262.680
263.140
263.570
264.020
264.470
264.900
265.350
265.800
266.260
266.740
267.200
267.650
268.080
268.530
269.000
269.450
269.900
270.360
270.820
271.290
271.760
272.220
272.710
273.180
273.630
274.090
274.530
274.990
275.420
275.890
276.350
276.800
277.250
277.710
278.180
278.650
279.100
279.570
280.040
280.500
280.980
281.480
281.960
282.420
282.890
283.340
283.790
284.250
284.720
285.170
285.640
286.100
286.540
286.960
287.430
287.880
288.310
288.760
289.230
289.680
290.130
290.580
291.030
291.460
291.930
292.360
292.820
293.310
293.780
294.240
294.700
295.170
295.640
296.110
296.590
297.070
297.540
298.000
298.480
298.940
299.380
299.870
300.340
300.840
301.310
301.810
302.300
302.780
303.240
303.730
304.210
304.700
305.170
305.640
306.090
306.570
307.030
307.520
308.000
308.490
308.970
309.460
309.940
310.410
310.890
311.340
311.810
312.290
312.770
313.240
313.720
314.180
314.680
315.130
315.600
316.080
316.560
317.020
317.460
317.920
318.420
318.940
319.480
320.060
320.630
321.180
321.730
322.340
322.950
323.550
324.160
324.750
325.340
325.940
326.610
327.230
327.880
328.510
329.140
329.830
330.480
331.180
331.910
332.590
333.190
333.800
334.360
334.960
335.570
336.150
336.810
337.460
338.060
338.670
339.250
339.840
340.480
341.080
341.730
342.330
342.950
343.590
344.210
344.810
345.420
346.070
346.750
347.400
348.020
348.660
349.300
349.890
350.490
351.070
351.670
352.250
352.900
353.630
354.350
355.050
355.850
356.720
357.610
358.370
359.210
359.990
360.880
361.720
362.550
363.370
364.220
365.040
366.000
366.940
367.880
368.770
369.700
370.550
371.440
372.310
373.260
374.160
375.120
376.010
376.930
377.890
378.770
379.650
380.690
381.640
382.570
383.510
384.420
385.370
386.310
387.210
388.210
389.150
390.100
391.090
392.030
392.920
393.870
394.780
395.720
396.640
397.640
398.570
399.540
400.410
401.360
402.220
403.130
404.050
404.950
405.880
406.760
407.570
408.420
409.290
410.190
411.040
411.940
412.850
413.800
414.790
415.740
416.680
417.610
418.550
419.480
420.410
421.330
422.250
423.170
424.120
425.030
425.950
426.820
427.740
428.670
429.540
430.480
431.380
432.320
433.180
434.070
434.990
435.870
436.740
437.670
438.540
439.390
440.270
441.250
442.160
443.070
443.970
444.900
445.850
446.830
447.770
448.770
449.690
450.610
451.560
452.470
453.410
454.330
455.220
456.150
457.010
457.920
458.850
459.740
460.630
461.540
462.440
463.370
464.320
465.070
465.840
466.570
467.340
468.090
468.860
469.610
470.390
471.150
471.920
472.650
473.460
474.230
475.100
476.020
476.970
477.950
478.930
479.840
480.770
481.740
482.670
483.580
484.520
485.420
486.360
487.210
488.110
489.070
489.980
490.940
491.870
492.800
493.750
494.720
495.640
496.550
497.330
498.140
498.920
499.620
500.350
501.110
501.830
502.520
503.230
503.930
504.490
505.050
505.640
506.120
506.580
507.060
507.540
508.020
508.510
508.970
509.430
509.890
510.330
510.800
511.240
511.700
512.140
512.590
513.040
513.510
513.960
514.410
514.880
515.340
515.790
516.270
516.710
517.140
517.570
518.040
518.520
519.020
519.500
519.960
520.420
520.870
521.350
521.800
522.280
522.760
523.210
523.670
524.130
524.560
524.990
525.430
525.900
526.340
526.800
527.270
527.710
528.160
528.620
529.080
529.530
529.970
530.420
530.860
531.310
531.750
532.210
532.640
533.080
533.510
533.970
534.390
534.850
535.270
535.710
536.170
536.630
537.100
537.570
538.030
538.480
538.920
539.390
539.830
540.280
540.750
541.230
541.680
542.130
542.600
543.060
543.510
544.000
544.470
544.930
545.410
545.860
546.340
546.800
547.260
547.730
548.190
548.640
549.090
549.560
550.030
550.470
550.930
551.350
551.790
552.220
552.670
553.110
553.600
554.070
554.540
554.990
555.460
555.940
556.380
556.850
557.310
557.770
558.240
558.690
559.130
559.560
559.980
560.400
560.840
561.280
561.730
562.230
562.710
563.220
563.690
564.180
564.640
565.070
565.520
565.980
566.440
566.900
567.370
567.840
568.290
568.750
569.220
569.680
570.140
570.610
571.070
571.530
572.000
572.470
572.940
573.410
573.890
574.370
574.830
575.260
575.710
576.170
576.630
577.080
577.520
577.940
578.400
578.820
579.290
579.770
580.230
580.690
581.190
581.650
582.150
582.630
583.080
583.540
584.020
584.480
584.930
585.360
585.810
586.260
586.750
587.210
587.690
588.150
588.620
589.140
589.690
590.220
590.710
591.240
591.780
592.300
592.790
593.340
593.850
594.340
594.840
595.360
595.840
596.390
596.950
597.580
598.340
599.020
599.760
600.470
601.250
602.050
602.810
603.620
604.390
605.170
605.930
606.720
607.540
608.310
609.140
610.000
610.770
611.600
612.400
613.180
613.970
614.780
615.530
616.320
617.100
617.900
618.680
619.470
620.250
621.020
621.820
622.640
623.430
624.190
624.930
625.620
626.350
627.070
627.780
628.530
629.280
630.020
630.790
631.500
632.280
633.060
633.770
634.540
635.310
636.020
636.780
637.520
638.270
638.990
639.690
640.450
641.200
641.880
642.560
643.210
643.880
644.550
645.200
645.880
646.540
647.180
647.870
648.560
649.210
649.860
650.500
651.180
651.910
652.570
653.280
653.960
654.690
655.320
655.990
656.650
657.320
658.010
658.660
659.340
660.030
660.640
661.310
661.950
662.570
663.210
663.870
664.460
665.090
665.720
666.250
666.810
667.350
667.920
668.490
669.090
669.710
670.290
670.890
671.520
672.080
672.700
673.300
673.870
674.480
675.090
675.670
676.290
676.850
677.370
677.850
678.370
678.910
679.460
679.990
680.490
681.050
681.580
682.100
682.690
683.250
683.810
684.450
685.130
685.790
686.460
687.100
687.730
688.350
689.060
689.690
690.400
691.020
691.620
692.240
692.810
693.410
694.010
694.630
695.250
695.910
696.560
697.180
697.840
698.450
699.120
699.720
700.360
701.000
701.710
702.400
703.160
703.950
704.670
705.470
706.230
706.940
707.690
708.470
709.230
710.030
710.860
711.610
712.380
713.190
713.810
714.480
715.110
715.750
716.360
716.980
717.600
718.200
718.790
719.430
720.100
720.740
721.400
722.070
722.740
723.490
724.270
725.050
725.820
726.560
727.310
728.090
728.880
729.610
730.410
731.110
731.840
732.540
733.300
734.020
734.800
735.540
736.310
737.020
737.800
738.560
739.300
740.080
740.860
741.630
742.370
743.160
743.970
744.750
745.470
746.230
746.950
747.660
748.430
749.160
749.850
750.620
751.400
752.120
752.910
753.730
754.610
755.460
756.290
757.180
758.220
759.250
760.270
761.220
762.210
763.250
764.230
765.220
766.250
767.180
768.110
769.070
769.850
770.620
771.370
772.160
772.890
773.660
774.430
775.200
775.920
776.710
777.460
778.230
779.030
779.790
780.520
781.250
782.030
782.750
783.470
784.240
785.010
785.720
786.550
787.310
788.100
788.980
789.870
790.830
791.720
792.630
793.510
794.420
795.330
796.190
797.110
798.070
798.960
799.870
800.870
801.830
802.720
803.540
804.390
805.160
805.950
806.780
807.540
808.300
809.090
810.040
811.040
812.030
812.950
813.860
814.820
815.770
816.730
817.640
818.570
819.500
820.510
821.540
822.560
823.470
824.410
825.350
826.400
827.460
828.410
829.380
830.350
831.350
832.310
833.230
834.150
835.130
836.020
836.960
837.970
838.920
840.020
841.150
842.160
843.160
844.190
845.220
846.160
847.150
848.010
848.820
849.660
850.470
851.250
852.100
852.880
853.670
854.570
855.480
856.360
857.320
858.180
859.110
859.980
860.920
861.800
862.710
863.640
864.560
865.510
866.450
867.430
868.390
869.300
870.210
871.180
872.000
872.890
873.770
874.600
875.470
876.390
877.230
878.120
879.030
879.840
880.600
881.390
882.090
882.740
883.370
883.970
884.590
885.230
885.790
886.360
886.940
887.500
888.040
888.600
889.180
889.740
890.290
890.830
891.380
891.930
892.470
893.040
893.630
894.190
894.770
895.340
895.700
896.090
896.480
896.830
897.220
897.580
897.950
898.310
898.670
899.030
899.380
899.750
900.140
900.510
900.870
901.220
901.580
901.960
902.320
902.660
903.020
903.400
903.760
904.120
904.470
904.830
905.190
905.550
905.910
906.290
906.650
907.020
907.410
907.780
908.140
908.510
908.870
909.240
909.630
910.000
910.360
910.720
911.060
911.410
911.770
912.130
912.490
912.860
913.220
913.580
913.920
914.280
914.640
915.010
915.380
915.750
916.140
916.500
916.880
917.250
917.610
917.980
918.340
918.680
919.040
919.430
919.800
920.140
920.520
920.870
921.220
921.590
921.950
922.310
922.660
923.020
923.380
923.710
924.020
924.350
924.710
925.050
925.410
925.760
926.100
926.470
926.830
927.180
927.540
927.910
928.270
928.640
929.000
929.360
929.720
930.100
930.470
930.860
931.250
931.660
932.030
932.390
932.760
933.110
933.490
933.850
934.190
934.570
934.930
935.280
935.640
936.020
936.410
936.820
937.210
937.580
937.940
938.280
938.650
939.010
939.370
939.720
940.100
940.450
940.830
941.190
941.550
941.930
942.290
942.640
943.010
943.350
943.710
944.080
944.440
944.820
945.170
945.550
945.950
946.330
946.690
947.040
947.400
947.770
948.140
948.490
948.840
949.180
949.540
949.880
950.230
950.600
950.950
951.300
951.660
952.030
952.400
952.760
953.100
953.490
953.870
954.240
954.610
954.990
955.380
955.770
956.140
956.500
956.870
957.260
957.630
957.980
958.330
958.690
959.070
959.420
959.790
960.110
960.430
960.740
961.070
961.440
961.800
962.170
962.530
962.900
963.290
963.660
964.030
964.380
964.750
965.120
965.520
965.900
966.270
966.630
967.000
967.380
967.740
968.130
968.500
968.860
969.230
969.620
970.010
970.380
970.740
971.110
971.470
971.830
972.200
972.560
972.930
973.280
973.630
974.030
974.410
974.780
975.160
975.530
975.910
976.310
976.680
977.070
977.450
977.810
978.210
978.570
978.940
979.310
979.680
980.050
980.410
980.780
981.130
981.520
981.900
982.290
982.660
983.040
983.410
983.780
984.170
984.540
984.910
985.260
985.630
986.020
986.380
986.760
987.130
987.490
987.850
988.240
988.630
988.990
989.350
989.730
990.110
990.480
990.830
991.180
991.550
991.910
992.280
992.660
993.030
993.410
993.800
994.190
994.560
994.920
995.300
995.640
996.010
996.370
996.740
997.080
997.470
997.830
998.210
998.580
998.950
999.310
999.680
1000.060
1000.420
1000.780
1001.160
1001.520
1001.890
1002.260
1002.630
1003.010
1003.370
1003.750
1004.110
1004.490
1004.850
1005.240
1005.630
1005.980
1006.340
1006.700
1007.070
1007.420
1007.810
1008.180
1008.550
1008.900
1009.270
1009.650
1010.010
1010.380
1010.750
1011.090
1011.450
1011.810
1012.170
1012.530
1012.910
1013.260
1013.620
1013.980
1014.330
1014.690
1015.070
1015.430
1015.780
1016.150
1016.510
1016.880
1017.250
1017.630
1017.990
1018.360
1018.740
1019.110
1019.490
1019.850
1020.220
1020.600
1020.970
1021.320
1021.690
1022.070
1022.430
1022.800
1023.170
1023.550
1023.910
1024.280
1024.650
1025.030
1025.410
1025.770
1026.140
1026.500
1026.860
1027.220
1027.580
1027.960
1028.320
1028.660
1029.030
1029.390
1029.760
1030.120
1030.480
1030.830
1031.190
1031.560
1031.910
1032.270
1032.620
1032.990
1033.360
1033.740
1034.120
1034.480
1034.860
1035.200
1035.560
1035.940
1036.290
1036.640
1037.020
1037.380
1037.730
1038.090
1038.440
1038.840
1039.200
1039.580
1039.960
1040.350
1040.740
1041.110
1041.480
1041.830
1042.190
1042.560
1042.930
1043.310
1043.660
1044.050
1044.400
1044.760
1045.130
1045.500
1045.880
1046.240
1046.600
1046.980
1047.360
1047.730
1048.130
1048.640
1049.210
1049.770
1050.300
1050.830
1051.400
1051.920
1052.500
1053.050
1053.590
1054.150
1054.670
1055.230
1055.850
1056.520
1057.230
1058.000
1058.700
1059.450
1060.220
1060.980
1061.780
1062.530
1063.310
1064.040
1064.770
1065.500
1066.280
1067.060
1067.800
1068.540
1069.300
1070.100
1070.840
1071.620
1072.350
1073.090
1073.880
1074.610
1075.340
1076.110
1076.860
1077.660
1078.420
1079.220
1080.070
1081.000
1082.030
1083.020
1084.080
1085.150
1086.300
1087.330
1088.470
1089.560
1090.530
1091.500
1092.520
1093.520
1094.440
1095.350
1096.240
1097.150
1098.090
1098.970
1099.900
1100.850
1101.770
1102.650
1103.570
1104.520
1105.520
1106.460
1107.550
1108.590
1109.700
1110.750
1111.790
1112.800
1113.780
1114.720
1115.690
1116.690
1117.640
1118.470
1119.280
1120.150
1120.980
1121.850
1122.610
1123.460
1124.240
1125.050
1125.880
1126.590
1127.320
1128.060
1128.810
1129.590
1130.360
1131.190
1132.040
1132.850
1133.700
1134.650
1135.650
1136.670
1137.740
1138.730
1139.770
1140.800
1141.770
1142.820
1143.790
1144.700
1145.660
1146.650
1147.610
1148.630
1149.560
1150.410
1151.390
1152.320
1153.300
1154.200
1155.170
1156.060
1157.000
1157.920
1158.870
1159.870
1160.760
1161.660
1162.640
1163.560
1164.290
1165.070
1165.810
1166.570
1167.290
1168.030
1168.740
1169.410
1170.160
1170.860
1171.540
1172.270
1173.010
1173.760
1174.460
1175.200
1175.900
1176.620
1177.340
1178.090
1178.800
1179.480
1180.230
1180.940
1181.610
1182.360
1183.050
1183.740
1184.430
1185.130
1185.860
1186.570
1187.280
1188.010
1188.750
1189.530
1190.260
1191.000
1191.760
1192.490
1193.270
1194.030
1194.780
1195.530
1196.320
1197.090
1197.880
1198.650
1199.390
1200.150
1200.980
1201.820
1202.610
1203.410
1204.210
1204.980
1205.780
1206.590
