0.820
1.610
2.290
3.000
3.770
4.600
5.510
6.380
7.180
7.980
8.760
9.560
10.310
11.110
11.910
12.710
13.480
14.270
15.080
15.870
16.630
17.400
18.210
19.010
19.790
20.620
21.430
22.230
23.010
23.810
24.580
25.410
26.200
27.010
27.820
28.610
29.410
30.200
30.960
31.730
32.570
33.400
34.230
35.040
35.870
36.670
37.490
38.340
39.150
39.960
40.790
41.630
42.450
43.270
44.110
44.970
45.810
46.670
47.520
48.340
49.180
50.020
50.900
51.700
52.490
53.310
54.090
54.890
55.680
56.490
57.280
58.070
58.930
59.750
60.550
61.320
62.160
62.950
63.800
64.610
65.440
66.220
67.060
67.840
68.600
69.390
70.180
70.980
71.760
72.620
73.420
74.250
75.050
75.910
76.740
77.550
78.400
79.220
80.020
80.830
81.610
82.430
83.260
84.100
84.930
85.800
86.660
87.470
88.310
89.140
89.960
90.790
91.610
92.480
93.320
94.180
94.970
95.840
96.690
97.550
98.370
99.240
100.140
100.980
101.800
102.670
103.490
104.310
105.190
106.010
106.810
107.640
108.430
109.230
110.070
110.920
111.760
112.600
113.390
114.230
115.090
115.960
116.810
117.610
118.430
119.280
120.090
120.910
121.740
122.600
123.450
124.260
125.050
125.880
126.710
127.550
128.400
129.210
130.050
130.910
131.750
132.640
133.510
134.300
135.130
136.000
136.880
137.720
138.570
139.420
140.290
141.100
141.940
142.840
143.670
144.510
145.350
146.210
147.040
147.900
148.760
149.610
150.470
151.360
152.170
153.050
153.900
154.750
155.610
156.440
157.300
158.120
158.890
159.680
160.470
161.270
162.050
162.820
163.620
164.430
165.210
166.030
166.840
167.630
168.430
169.280
170.080
170.900
171.690
172.490
173.370
174.190
175.040
175.870
176.720
177.580
178.400
179.220
180.030
180.850
181.670
182.490
183.340
184.170
185.000
185.830
186.670
187.500
188.310
189.150
189.980
190.820
191.630
192.540
193.400
194.240
195.110
195.970
196.850
197.700
198.630
199.510
200.380
201.290
202.200
203.050
204.000
204.890
205.800
206.780
207.730
208.730
209.700
210.640
211.570
212.490
213.340
214.270
215.140
216.060
216.940
217.880
218.810
219.710
220.620
221.510
222.340
223.250
224.110
224.970
