0.670
1.450
2.210
2.920
3.690
4.450
5.210
5.880
6.550
7.170
7.820
8.450
9.120
9.760
10.380
10.980
11.620
12.210
12.860
13.450
14.100
14.720
15.370
16.000
16.530
17.090
17.650
18.230
18.780
19.350
19.890
20.450
20.990
21.550
22.090
22.650
23.190
23.740
24.280
24.830
25.360
25.920
26.450
27.010
27.550
28.100
28.650
29.200
29.720
30.270
30.810
31.360
31.900
32.460
33.000
33.550
34.090
34.630
35.200
35.730
36.270
36.840
37.390
37.920
38.440
39.000
39.520
40.060
40.590
41.130
41.670
42.230
42.750
43.300
43.860
44.400
44.940
45.470
46.030
46.560
47.070
47.620
48.150
48.690
49.230
49.780
50.310
50.870
51.400
51.960
52.490
53.020
53.580
54.130
54.680
55.220
55.770
56.310
56.830
57.380
57.930
58.450
58.980
59.510
60.040
60.570
61.100
61.640
62.190
62.740
63.270
63.800
64.320
64.860
65.390
65.920
66.460
66.960
67.490
68.010
68.550
69.060
69.620
70.130
70.680
71.210
71.760
72.290
72.810
73.350
73.890
74.430
74.970
75.520
76.040
76.590
77.110
77.660
78.200
78.750
79.290
79.830
80.360
80.910
81.440
81.990
82.520
83.070
83.620
84.160
84.700
85.240
85.770
86.320
86.860
87.400
87.940
88.480
89.030
89.560
90.090
90.610
91.170
91.700
92.250
92.800
93.340
93.860
94.400
94.930
95.500
96.050
96.610
97.140
97.710
98.240
98.770
99.270
99.810
100.300
100.830
101.390
101.920
102.470
103.030
103.580
104.130
104.670
105.230
105.790
106.340
106.870
107.400
107.950
108.520
109.060
109.600
110.150
110.700
111.260
111.800
112.350
112.900
113.450
113.990
114.550
115.090
115.620
116.160
116.720
117.250
117.810
118.360
118.910
119.450
120.010
120.570
121.110
121.650
122.210
122.740
123.290
123.830
124.370
124.920
125.470
126.000
126.540
127.100
127.630
128.160
128.700
129.240
129.780
130.310
130.850
131.410
131.940
132.470
133.010
133.550
134.090
134.620
135.170
135.710
136.230
136.750
137.290
137.810
138.360
138.870
139.420
139.970
140.520
141.060
141.600
142.150
142.700
143.230
143.780
144.320
144.880
145.420
145.970
146.500
147.050
147.590
148.160
148.700
149.260
149.820
150.360
150.900
151.460
152.000
152.540
153.090
153.620
154.160
154.700
155.220
155.760
156.310
156.840
157.390
157.940
158.470
159.030
159.580
160.160
160.720
161.270
161.850
162.440
163.020
163.580
164.200
164.800
165.460
166.080
166.700
167.330
167.970
168.580
169.190
169.810
170.430
171.050
