0.870
1.770
2.710
3.690
4.720
5.600
6.570
7.470
8.360
9.280
10.220
11.060
11.860
12.700
13.540
14.410
15.250
16.060
16.930
17.730
18.510
19.350
20.250
21.080
21.860
22.640
23.430
24.180
25.090
25.980
26.810
27.790
28.720
29.500
30.300
31.120
32.010
32.890
33.710
34.540
35.440
36.220
37.040
37.850
38.640
39.480
40.270
41.120
41.940
42.690
43.470
44.320
45.160
45.960
46.810
47.710
48.530
49.310
50.120
50.870
51.680
52.500
53.270
54.100
54.910
55.730
56.610
57.470
58.250
59.080
59.860
60.620
61.390
62.210
62.970
63.790
64.660
65.460
66.290
67.070
67.930
68.720
69.600
70.450
71.210
71.970
72.700
73.470
74.240
74.970
75.700
76.570
77.390
78.210
79.000
79.840
80.720
81.560
82.430
83.280
84.100
84.970
85.840
86.690
87.510
88.300
89.170
89.980
90.760
91.620
92.440
93.250
94.120
94.990
95.830
96.650
97.490
98.310
99.190
100.010
100.850
101.630
102.460
103.280
104.060
104.810
105.560
106.390
107.180
107.990
108.750
109.560
110.370
111.160
111.930
112.690
113.460
114.210
115.010
115.790
116.640
117.430
118.300
119.090
119.920
120.700
121.510
122.330
123.120
123.880
124.630
125.390
126.140
126.850
127.620
128.350
129.110
129.880
130.640
131.440
132.300
133.070
133.880
134.740
135.560
136.340
137.120
137.900
138.660
139.470
140.220
141.050
141.890
142.710
143.500
144.450
145.330
146.290
147.180
148.110
149.000
149.970
150.890
151.860
152.860
153.920
154.880
155.840
156.750
157.710
158.660
159.620
160.530
161.480
162.440
163.330
164.270
165.210
166.150
167.140
