0.240
0.550
0.870
1.190
1.520
1.860
2.210
2.540
2.890
3.230
3.590
3.940
4.290
4.630
4.990
5.330
5.670
6.020
6.370
6.740
7.090
7.430
7.780
8.130
8.490
8.860
9.220
9.570
9.920
10.280
10.640
10.990
11.350
11.710
12.080
12.440
12.790
13.150
13.510
13.860
14.220
14.580
14.940
15.310
15.680
16.040
16.400
16.760
17.120
17.480
17.840
18.190
18.560
18.910
19.260
19.620
19.990
20.360
20.710
21.080
21.440
21.780
22.140
22.500
22.880
23.220
23.600
23.960
24.310
24.670
25.020
25.390
25.750
26.120
26.490
26.860
27.220
27.580
27.940
28.300
28.640
29.000
29.360
29.720
30.100
30.450
30.820
31.180
31.540
31.890
32.250
32.600
32.960
33.320
33.700
34.060
34.400
34.760
35.110
35.460
35.810
36.170
36.520
36.860
37.220
37.570
37.930
38.290
38.630
39.000
39.360
39.720
40.070
40.440
40.790
41.150
41.530
41.870
42.240
42.590
42.960
43.330
43.670
44.030
44.390
44.720
45.070
45.430
45.790
46.140
46.490
46.850
47.200
47.560
47.930
48.280
48.630
49.000
49.340
49.700
50.060
50.400
50.750
51.110
51.460
51.830
52.200
52.540
52.900
53.280
53.640
54.000
54.360
54.720
55.080
55.430
55.800
56.150
56.520
56.870
57.220
57.580
57.940
58.300
58.660
59.040
59.370
59.720
60.080
60.440
60.780
61.130
61.490
61.850
62.210
62.580
62.950
63.310
63.680
64.050
64.410
64.760
65.120
65.480
65.830
66.200
66.570
66.950
67.320
67.670
68.040
68.400
68.770
69.130
69.490
69.840
70.210
70.560
70.940
71.280
71.650
72.000
72.360
72.740
73.090
73.450
73.810
74.170
74.530
74.890
75.250
75.610
75.980
76.330
76.700
77.050
77.410
77.780
78.150
78.500
78.890
79.250
79.600
79.970
80.310
80.680
81.040
81.400
81.770
82.140
82.510
82.860
83.240
83.600
83.980
84.350
84.710
85.090
85.440
85.810
86.180
86.540
86.910
87.270
87.640
88.000
88.370
88.740
89.120
89.480
89.830
90.190
90.560
90.950
91.320
91.670
92.040
92.390
92.750
93.110
93.480
93.840
94.220
94.570
94.950
95.310
95.690
96.030
96.400
96.750
97.130
97.490
97.840
98.200
98.570
98.930
99.280
99.650
100.000
100.350
100.730
101.070
101.450
101.810
102.160
102.530
102.880
103.240
103.600
103.950
104.330
104.670
105.060
105.410
105.800
106.160
106.520
106.870
107.230
107.590
107.960
108.300
108.680
109.020
109.400
109.740
110.110
110.460
110.830
111.200
111.560
111.920
112.280
112.640
113.000
113.360
113.720
114.060
114.420
114.790
115.140
115.500
115.860
116.220
116.600
116.960
117.320
117.680
118.040
118.400
118.760
119.110
119.460
119.840
120.200
120.570
120.960
121.330
121.670
122.050
122.410
122.770
123.110
123.470
123.830
124.180
124.530
124.880
125.240
125.600
125.950
126.300
126.670
127.040
127.400
127.750
128.120
128.470
128.830
129.190
129.540
129.900
130.270
130.620
130.990
131.380
131.750
132.100
132.490
132.860
133.210
133.540
133.890
134.240
134.610
134.970
135.330
135.680
136.050
136.420
136.780
137.140
137.500
137.850
138.180
138.530
138.890
139.250
139.610
139.970
140.340
140.700
141.070
141.430
141.780
142.150
142.510
142.850
143.200
143.560
143.920
144.260
144.620
144.980
145.350
145.700
146.060
146.430
146.790
147.150
147.510
147.860
148.220
148.580
148.940
149.300
149.650
150.010
150.390
150.730
151.090
151.450
151.810
152.160
152.530
152.880
153.250
153.600
153.960
154.310
154.670
155.040
155.390
155.770
156.100
156.460
156.810
157.170
157.520
157.880
158.240
158.600
158.960
159.320
159.680
160.030
160.390
160.760
161.110
161.470
161.830
162.190
162.550
162.920
163.270
163.630
163.990
164.350
164.710
165.070
165.420
165.780
166.140
166.500
166.860
167.220
167.610
167.980
168.340
168.680
169.040
169.410
169.780
170.130
170.500
170.850
171.210
171.550
171.920
172.270
172.630
172.990
173.350
173.710
174.070
174.440
174.810
175.160
175.520
175.890
176.240
176.610
176.980
177.330
177.690
178.050
178.420
178.780
179.140
179.490
179.860
180.220
180.570
180.930
181.300
181.650
182.020
182.380
182.740
183.090
183.460
183.820
184.170
184.530
184.900
185.250
185.620
185.970
186.330
186.680
187.040
187.400
187.780
188.140
188.480
188.840
189.220
189.570
189.950
190.310
190.670
191.040
191.400
191.760
192.130
192.480
192.850
193.210
193.580
193.930
194.300
194.640
195.000
195.370
195.720
196.080
196.460
196.800
197.170
197.530
197.890
198.250
198.610
198.960
199.330
199.690
200.060
200.410
200.780
201.130
201.470
201.830
202.180
202.530
202.890
203.260
203.610
203.980
204.330
204.690
205.060
205.400
205.770
206.120
206.490
206.840
207.210
207.560
207.920
208.260
208.620
208.980
209.340
209.700
210.060
210.410
210.770
211.130
211.500
211.850
212.220
212.570
212.940
213.280
213.650
214.010
214.370
214.720
215.090
215.440
215.790
216.140
216.500
216.860
217.210
217.560
217.910
218.270
218.630
219.000
219.360
219.710
220.080
220.430
220.800
221.140
221.500
221.870
222.240
222.590
222.950
223.310
223.670
224.020
224.380
224.740
225.110
225.470
225.840
226.190
226.540
226.890
227.250
227.600
227.960
228.320
228.670
229.030
229.400
229.740
230.100
230.450
230.810
231.160
231.520
231.890
232.240
232.600
232.970
233.310
233.670
234.030
234.390
234.750
235.100
235.460
235.810
236.170
236.530
236.880
237.240
237.590
237.940
238.290
238.640
239.000
239.370
239.720
240.070
240.430
240.770
241.130
241.490
241.860
242.230
242.570
242.930
243.290
243.670
244.030
244.390
244.750
245.100
245.460
245.810
246.150
246.510
246.860
247.220
247.570
247.930
248.290
248.650
248.990
249.340
249.690
250.060
250.410
250.760
251.110
251.470
251.820
252.180
252.530
252.890
253.230
253.590
253.930
254.280
254.650
255.000
255.350
255.690
256.040
256.380
256.730
257.090
257.440
257.810
258.170
258.540
258.900
259.260
259.600
259.950
260.300
260.660
261.010
261.360
261.700
262.070
262.410
262.780
263.150
263.510
263.870
264.230
264.570
264.930
265.280
265.630
265.990
266.340
266.690
267.050
267.400
267.750
268.100
268.470
268.820
269.180
269.530
269.900
270.250
270.610
270.970
271.330
271.680
272.040
272.390
272.750
273.100
273.450
273.780
274.130
274.500
274.850
275.230
275.590
275.950
276.310
276.670
277.030
277.370
277.730
278.060
278.420
278.770
279.110
279.460
279.810
280.180
280.550
280.900
281.270
281.630
281.980
282.310
282.660
283.020
283.370
283.750
284.110
284.470
284.830
285.180
285.530
285.880
286.210
286.580
286.920
287.270
287.620
287.980
288.330
288.690
289.040
289.400
289.760
290.120
290.480
290.830
291.190
291.540
291.890
292.250
292.600
292.960
293.300
293.650
294.000
294.360
294.720
295.080
295.450
295.790
296.150
296.530
296.890
297.220
297.590
297.930
298.270
298.630
298.980
299.340
299.680
300.040
300.410
300.770
301.120
301.500
301.840
302.210
302.560
302.910
303.260
303.620
303.960
304.330
304.700
305.050
305.420
305.780
306.120
306.490
306.860
307.200
307.560
307.920
308.290
308.650
309.030
309.420
309.820
310.210
310.600
310.970
311.380
311.750
312.140
312.560
312.990
313.400
313.840
314.310
314.760
315.200
315.640
316.100
316.560
316.990
317.450
317.900
318.360
318.840
319.300
319.740
320.210
320.660
321.120
321.600
322.040
322.520
322.980
323.420
