0.190
0.500
0.800
1.100
1.400
1.700
2.000
2.300
2.590
2.890
3.190
3.490
3.790
4.100
4.400
4.690
4.990
5.300
5.600
5.900
6.200
6.500
6.800
7.090
7.390
7.690
7.990
8.290
8.590
8.920
9.230
9.560
9.880
10.200
10.520
10.840
11.150
11.480
11.810
12.140
12.450
12.780
13.120
13.460
13.790
14.100
14.450
14.770
15.110
15.430
15.770
16.080
16.450
16.830
17.210
17.560
17.950
18.300
18.690
19.060
19.430
19.780
20.170
20.520
20.900
21.280
21.650
22.000
22.370
22.710
23.090
23.420
23.790
24.140
24.470
24.820
25.180
25.540
25.890
26.240
26.590
26.920
27.270
27.630
27.990
28.330
28.690
29.030
29.370
29.690
30.040
30.380
30.720
31.070
31.400
31.740
32.090
32.420
32.760
33.100
33.430
33.770
34.110
34.450
34.800
35.140
35.470
35.780
36.120
36.480
36.820
37.190
37.540
37.910
38.260
38.600
38.960
39.300
39.650
40.010
40.360
40.720
41.070
41.420
41.770
42.110
42.460
42.830
43.200
43.550
43.890
44.250
44.610
44.970
45.320
45.670
46.020
46.370
46.730
47.090
47.440
47.800
48.150
48.520
48.860
49.220
49.570
49.910
50.270
50.630
50.980
51.360
51.710
52.070
52.430
52.780
53.120
53.480
53.830
54.180
54.530
54.880
55.230
55.590
55.940
56.310
56.660
57.000
57.360
57.690
58.000
58.350
58.700
59.060
59.430
59.790
60.150
60.490
60.850
61.210
61.560
61.910
62.260
62.620
62.970
63.340
63.680
64.040
64.390
64.750
65.110
65.480
65.820
66.190
66.550
66.910
67.260
67.620
67.960
68.280
68.590
68.910
69.240
69.610
69.980
70.360
70.750
71.120
71.480
71.840
72.180
72.540
72.900
73.280
73.640
73.990
74.340
74.700
75.050
75.410
75.760
76.110
76.480
76.850
77.190
77.570
77.910
78.290
78.660
79.040
79.390
79.740
80.090
80.430
80.800
81.160
81.520
81.880
82.260
82.620
82.970
83.340
83.700
84.080
84.430
84.800
85.150
85.530
85.880
86.240
86.610
86.980
87.340
87.710
88.060
88.420
88.770
89.140
89.500
89.860
90.210
90.580
90.930
91.290
91.650
92.020
92.370
92.740
93.100
93.470
93.830
94.200
94.540
94.910
95.270
95.620
95.970
96.330
96.690
97.050
97.410
97.780
98.130
98.510
98.870
99.250
99.600
99.960
100.330
100.700
101.050
101.430
101.800
102.160
102.520
102.870
103.230
103.580
103.940
104.290
104.650
105.020
105.380
105.730
106.100
106.460
106.810
107.160
107.510
107.870
108.220
108.600
108.960
109.310
109.680
110.040
110.390
110.750
111.110
111.470
111.820
112.190
112.550
112.910
113.260
113.630
113.990
114.340
114.690
115.060
115.410
115.770
116.130
116.490
116.850
117.210
117.570
117.940
118.300
118.670
119.020
119.380
119.730
120.080
120.420
120.780
121.130
121.470
121.840
122.200
122.550
122.900
123.260
123.620
123.980
124.350
124.710
125.070
125.420
125.800
126.150
126.520
126.880
127.240
127.590
127.960
128.310
128.680
129.020
129.390
129.750
130.110
130.440
130.810
131.160
131.520
131.880
132.250
132.610
132.950
133.330
133.690
134.030
134.410
134.750
135.110
135.480
135.830
136.210
136.560
136.930
137.280
137.640
138.000
138.360
138.720
139.090
139.450
139.820
140.180
140.540
140.900
141.270
141.610
141.960
142.320
142.690
143.040
143.410
143.790
144.150
144.510
144.880
145.230
145.590
145.950
146.320
146.660
147.020
147.380
147.750
148.120
148.470
148.820
149.180
149.550
149.900
150.260
150.640
150.980
151.360
151.720
152.050
152.410
152.750
153.110
153.470
153.820
154.180
154.540
154.900
155.250
155.610
155.970
156.340
156.700
157.040
157.400
157.750
158.120
158.470
158.830
159.200
159.550
159.890
160.250
160.620
160.980
161.340
161.710
162.070
162.430
162.770
163.130
163.500
163.860
164.220
164.590
164.950
165.310
165.660
166.020
166.390
166.740
167.080
167.440
167.790
168.150
168.510
168.880
169.240
169.600
169.940
170.320
170.660
171.040
171.390
171.760
172.110
172.470
172.830
173.200
173.560
173.920
174.290
174.650
175.000
175.370
175.710
176.080
176.450
176.820
177.180
177.550
177.910
178.280
178.640
179.000
179.370
179.740
180.090
180.470
180.840
181.200
181.560
181.920
182.260
182.610
182.930
183.300
183.640
184.000
184.340
184.680
185.060
185.430
185.790
186.150
186.510
186.860
187.220
187.560
187.920
188.290
188.650
189.000
189.360
189.710
190.070
190.440
190.800
191.160
191.530
191.880
192.230
192.590
192.930
193.280
193.630
193.990
194.350
194.720
195.060
195.440
195.790
196.150
196.490
196.840
197.210
197.580
197.950
198.310
198.660
199.020
199.400
199.760
200.140
200.500
200.830
201.210
201.570
201.910
202.280
202.640
202.990
203.370
203.740
204.100
204.450
204.820
205.170
205.520
205.850
206.220
206.560
206.910
207.280
207.630
208.000
208.360
208.730
209.090
209.440
209.770
210.130
210.510
210.860
211.230
211.580
211.930
212.280
212.630
212.990
213.360
213.700
214.050
214.410
214.770
215.130
215.500
215.860
216.220
216.560
216.930
217.280
217.640
218.010
218.380
218.750
219.100
219.470
219.830
220.210
220.560
220.920
221.270
221.630
221.980
222.330
222.680
223.040
223.400
223.750
224.120
224.470
224.820
225.170
225.540
225.890
226.260
226.620
226.990
227.350
227.710
228.070
228.430
228.800
229.150
229.510
229.870
230.230
230.580
230.940
231.300
231.670
232.030
232.380
232.740
233.100
233.480
233.830
234.190
234.560
234.950
235.300
235.660
236.020
236.370
236.720
237.090
237.440
237.820
238.170
238.540
238.900
239.260
239.600
239.960
240.310
240.680
241.040
241.400
241.750
242.130
242.480
242.850
243.200
243.560
243.910
244.250
244.590
244.970
245.310
245.690
246.050
246.390
246.760
247.120
247.460
247.820
248.190
248.580
248.950
249.280
249.650
249.990
250.350
250.710
251.070
251.430
251.770
252.140
252.490
252.860
253.220
253.560
253.920
254.300
254.650
255.020
255.360
255.730
256.080
256.450
256.790
257.160
257.500
257.860
258.210
258.570
258.950
259.310
259.660
260.020
260.360
260.730
261.080
261.450
261.790
262.170
262.510
262.840
263.190
263.550
263.890
264.230
264.590
264.930
265.300
265.630
265.990
266.350
266.730
267.090
267.440
267.810
268.160
268.520
268.870
269.230
269.570
269.940
270.290
270.650
271.000
271.390
271.750
272.170
272.560
272.910
273.290
273.630
273.970
274.300
274.650
274.970
275.310
275.670
276.000
276.360
276.710
277.040
277.390
277.750
278.100
278.460
278.820
279.180
279.530
279.880
280.240
280.570
280.950
281.300
281.670
282.030
282.410
282.780
283.190
283.570
283.940
284.330
284.710
285.070
285.470
285.850
286.190
286.560
286.920
287.290
287.630
287.990
288.350
288.710
289.060
289.410
289.740
290.100
290.450
290.820
291.200
291.550
291.910
292.280
292.660
293.010
293.370
293.740
294.100
294.450
294.790
295.130
295.500
295.830
296.190
296.510
296.850
297.200
297.580
297.960
298.310
298.660
299.010
299.350
299.700
300.070
300.440
300.790
301.160
301.520
301.890
302.260
302.630
302.990
303.350
303.720
304.100
304.470
304.840
305.220
305.580
305.960
306.310
306.670
307.040
307.400
307.750
308.100
308.480
308.840
309.190
309.520
309.850
310.210
310.610
310.980
311.350
311.710
312.100
312.450
312.800
313.170
313.510
313.850
314.190
314.540
314.870
315.200
315.560
315.890
316.220
316.560
316.910
317.240
317.590
317.960
318.310
318.660
318.990
319.360
319.690
320.020
320.370
320.730
321.080
321.420
321.770
322.140
322.500
322.830
323.190
323.550
323.890
324.250
324.580
324.960
325.320
325.720
326.090
326.470
326.840
327.190
327.570
327.930
328.260
328.610
328.980
329.310
329.650
329.960
330.290
330.630
330.950
331.270
331.590
331.910
332.240
332.550
332.850
333.160
333.490
333.830
334.180
334.550
334.890
335.230
335.600
335.910
336.220
336.530
336.840
337.160
337.460
337.770
338.100
338.430
338.750
339.080
339.390
339.720
340.040
340.360
340.680
340.990
341.360
341.710
342.080
342.430
342.790
343.130
343.500
343.830
344.180
344.530
344.880
345.230
345.550
345.870
346.220
346.560
346.880
347.220
347.580
347.910
348.220
348.550
348.860
349.180
349.510
349.830
350.140
350.490
350.810
351.150
351.500
351.830
352.170
352.530
352.870
353.210
353.580
353.930
354.270
354.610
354.980
355.310
355.700
356.070
356.440
356.790
357.160
357.520
357.910
358.270
358.630
359.020
359.390
359.750
360.120
360.480
360.860
361.220
361.600
361.980
362.370
362.740
363.110
363.470
363.840
364.200
364.570
364.940
365.320
365.690
366.060
366.440
366.800
367.160
367.520
367.880
368.250
368.620
368.990
369.350
369.720
370.090
370.470
370.850
371.220
371.600
371.960
372.310
372.670
373.060
373.410
373.790
374.160
374.530
374.890
375.240
375.610
375.980
376.350
376.700
377.070
377.440
377.790
378.110
378.450
378.770
379.090
379.430
379.810
380.200
380.580
380.940
381.320
381.670
382.040
382.410
382.780
383.170
383.560
383.910
384.300
384.670
385.020
385.390
385.790
386.170
386.550
386.910
387.290
387.690
388.070
388.430
388.780
389.150
389.520
389.870
390.230
390.590
390.960
391.330
391.710
392.080
392.440
392.800
393.180
393.540
393.920
394.290
394.670
395.050
395.420
395.810
396.190
396.560
396.950
397.330
397.710
398.100
398.460
398.840
399.230
399.590
399.960
400.340
400.700
401.070
401.430
401.800
402.140
402.510
402.860
403.190
403.540
403.900
404.260
404.600
404.950
405.320
405.670
406.040
406.420
406.770
407.160
407.510
407.890
408.300
408.690
409.080
409.460
409.860
410.240
410.620
410.980
411.360
411.730
412.120
412.500
412.870
413.240
413.620
414.020
414.390
414.750
415.120
415.480
415.890
416.270
416.650
417.050
417.430
417.790
418.180
418.570
418.940
419.330
419.710
420.070
420.460
420.840
421.230
421.610
422.000
422.390
422.770
423.160
423.540
423.920
424.290
424.680
425.050
425.420
425.810
426.170
426.540
426.920
427.280
427.660
428.020
428.380
428.770
429.140
429.520
429.900
430.280
430.670
431.040
431.410
431.810
432.190
432.570
432.940
433.300
433.660
434.030
434.420
434.820
435.220
435.600
435.960
436.350
436.720
437.100
437.500
437.880
438.240
438.610
438.970
439.340
439.720
440.110
440.480
440.870
441.270
441.650
442.020
442.410
442.790
443.180
443.570
443.960
444.350
444.750
445.130
445.510
445.900
446.290
446.660
447.050
447.430
447.800
448.180
448.570
448.950
449.340
449.720
450.110
450.500
450.900
451.270
451.660
452.040
452.430
452.800
453.180
453.570
453.920
454.300
454.670
455.070
455.440
455.820
456.200
456.580
456.970
457.330
457.730
458.110
458.500
458.900
459.270
459.680
460.060
460.420
460.800
461.190
461.570
461.950
462.330
462.740
463.130
463.490
463.880
464.270
464.640
465.050
465.440
465.800
466.180
466.540
466.920
467.310
467.680
468.060
468.430
468.840
469.230
469.600
470.010
470.390
470.800
471.190
471.610
472.000
472.400
472.810
473.240
473.650
474.060
474.450
474.880
475.270
475.700
476.110
476.500
476.930
477.340
477.720
478.100
478.390
478.670
478.950
479.230
479.510
479.790
480.070
480.350
480.620
480.900
481.180
481.460
481.750
482.030
482.310
482.600
482.900
483.190
483.470
483.770
484.080
484.380
484.700
485.000
485.330
485.650
485.970
486.290
486.600
486.940
487.270
487.590
487.910
488.230
488.550
488.880
489.220
489.530
489.870
490.230
490.590
490.940
491.280
491.590
491.910
492.240
492.550
492.880
493.200
493.520
493.830
494.150
494.470
494.790
495.110
495.430
495.760
496.070
496.390
496.710
497.030
497.360
497.680
498.000
498.320
498.640
498.960
499.280
499.600
499.920
500.240
500.560
500.880
501.200
501.510
501.830
502.150
502.470
502.800
503.110
