0.290
1.020
1.740
2.540
3.370
4.160
4.970
5.780
6.570
7.430
8.250
9.040
9.870
10.650
11.400
12.220
12.960
13.770
14.580
15.400
16.210
17.020
17.830
18.640
19.440
20.240
21.040
21.860
22.650
23.470
24.280
25.120
25.930
26.750
27.490
28.290
29.070
29.870
30.650
31.450
32.240
33.050
33.840
34.630
35.440
36.230
37.020
37.810
38.590
39.390
40.180
40.990
41.740
42.540
43.310
44.050
44.860
45.590
46.390
47.190
47.990
48.790
49.560
50.370
51.150
51.890
52.710
53.470
54.250
55.040
55.810
56.600
57.380
58.170
58.950
59.740
60.520
61.320
62.120
62.890
63.650
64.450
65.240
66.020
66.790
67.550
68.300
69.100
69.870
70.670
71.440
72.210
72.980
73.760
74.540
75.320
76.080
76.860
77.640
78.430
79.180
79.990
80.750
81.540
82.310
83.090
83.870
84.650
85.420
86.200
86.980
87.750
88.520
89.320
90.070
90.860
91.620
92.390
93.180
93.960
94.740
95.520
96.280
97.070
97.840
98.640
99.390
100.200
100.950
101.750
102.540
103.350
104.140
104.920
105.700
106.490
107.280
108.070
108.870
109.670
110.470
111.250
112.110
112.970
113.770
114.500
115.270
116.050
116.840
117.670
118.450
119.250
120.020
120.820
121.610
122.420
123.180
123.980
124.760
125.600
126.400
127.150
127.960
128.730
129.500
130.290
131.080
131.850
132.650
133.450
134.220
135.020
135.790
136.550
137.330
138.130
138.920
139.700
140.510
141.300
142.100
142.860
143.680
144.490
145.290
146.050
146.850
147.650
148.430
149.220
150.000
150.820
151.580
152.330
153.160
153.930
154.760
155.540
156.330
157.120
157.970
158.820
159.590
160.450
161.240
162.090
162.900
163.720
164.500
165.360
166.130
166.940
167.740
168.550
169.310
170.140
170.910
171.720
172.510
173.330
174.120
174.920
175.720
176.500
177.300
178.100
178.910
179.730
180.500
181.360
182.120
182.960
183.770
184.590
185.370
186.170
186.960
187.770
188.560
189.330
190.170
190.980
191.760
192.590
193.370
194.130
194.930
195.710
196.480
197.280
198.090
198.910
199.700
200.520
201.280
202.080
202.930
203.720
204.540
205.320
206.160
206.980
207.780
208.620
209.420
210.250
211.080
211.930
212.730
213.560
214.340
215.120
215.890
216.730
217.620
218.460
219.350
220.200
221.080
221.870
222.680
223.520
224.350
225.200
226.000
226.840
227.640
228.510
229.290
230.140
230.950
231.800
232.590
233.470
234.270
235.110
235.920
236.770
237.590
238.440
239.240
240.090
240.910
241.780
242.570
243.420
244.250
245.090
245.910
246.750
247.560
248.420
249.280
250.070
250.960
251.760
252.580
253.430
254.230
255.090
255.930
256.790
257.600
258.480
259.280
260.150
260.940
261.830
262.620
263.480
264.310
265.190
266.030
266.870
267.710
268.580
269.420
270.210
271.020
271.880
272.700
273.510
274.310
275.140
275.980
276.790
277.580
278.420
279.230
280.040
280.820
281.620
282.470
283.360
284.150
285.000
285.800
286.620
287.440
288.290
289.120
289.940
290.760
291.620
292.440
293.260
294.100
294.950
295.760
296.550
297.340
298.150
299.010
299.780
300.630
301.490
302.340
303.150
303.960
304.820
305.660
306.450
307.240
308.120
308.920
309.800
310.640
311.500
312.310
313.120
313.960
314.870
315.720
316.640
317.470
318.330
319.210
320.050
320.910
321.820
322.780
323.710
324.640
325.570
326.490
327.370
328.310
329.220
330.200
331.190
332.110
333.110
334.070
334.990
335.950
336.930
337.890
338.840
339.830
