0.290
0.600
0.940
1.300
1.630
2.000
2.390
2.760
3.110
3.510
3.890
4.270
4.650
5.030
5.400
5.770
6.150
6.520
6.890
7.250
7.620
7.970
8.320
8.670
9.030
9.400
9.780
10.150
10.510
10.870
11.240
11.610
11.980
12.350
12.720
13.080
13.420
13.760
14.130
14.480
14.850
15.200
15.570
15.930
16.300
16.680
17.050
17.410
17.780
18.160
18.530
18.890
19.270
19.630
20.000
20.360
20.750
21.110
21.480
21.830
22.210
22.590
22.960
23.320
23.680
24.050
24.420
24.790
25.170
25.540
25.920
26.290
26.660
27.030
27.400
27.770
28.150
28.530
28.900
29.270
29.630
30.010
30.370
30.740
31.120
31.490
31.850
32.220
32.590
32.960
33.340
33.710
34.100
34.480
34.850
35.240
35.610
35.990
36.380
36.770
37.140
37.510
37.880
38.250
38.630
39.030
39.400
39.790
40.160
40.530
40.910
41.310
41.690
42.070
42.440
42.810
43.210
43.560
43.950
44.310
44.680
45.040
45.430
45.780
46.160
46.540
46.920
47.290
47.670
48.040
48.430
48.800
49.190
49.560
49.920
50.300
50.670
51.030
51.400
51.790
52.150
52.530
52.910
53.280
53.660
54.040
54.410
54.750
55.120
55.500
55.870
56.250
56.610
56.980
57.360
57.730
58.100
58.470
58.820
59.210
59.580
59.980
60.360
60.720
61.090
61.450
61.840
62.220
62.610
62.980
63.340
63.720
64.090
64.440
64.810
65.200
65.560
65.920
66.310
66.670
67.050
67.390
67.760
68.120
68.490
68.860
69.250
69.620
70.010
70.370
70.740
71.120
71.490
71.870
72.260
72.640
73.020
73.390
73.780
74.150
74.540
74.920
75.280
75.660
76.050
76.430
76.820
77.200
77.570
77.960
78.340
78.700
79.080
79.460
79.860
80.240
80.600
81.000
81.380
81.730
82.110
82.480
82.870
83.250
83.640
84.010
84.380
84.780
85.150
85.530
85.910
86.300
86.680
87.050
87.430
87.790
88.170
88.530
88.920
89.300
89.670
90.060
90.440
90.830
91.210
91.590
91.950
92.310
92.690
93.090
93.470
93.850
94.230
94.590
94.980
95.370
95.740
96.080
96.440
96.820
97.180
97.520
97.900
98.250
98.590
98.930
99.290
99.680
100.050
100.420
100.790
101.150
101.510
101.910
102.270
102.660
103.050
103.420
103.800
104.160
104.540
104.910
105.300
105.680
106.070
106.460
106.850
107.230
107.610
108.010
108.400
108.770
109.160
109.540
109.910
110.280
110.640
111.010
111.380
111.770
112.150
112.510
112.880
113.250
113.630
114.000
114.370
114.740
115.100
115.460
115.820
116.170
116.550
116.900
117.270
117.620
117.990
118.360
118.720
119.090
119.450
119.830
120.200
120.580
120.930
121.320
121.670
122.030
122.390
122.750
123.120
123.480
123.840
124.210
124.580
124.940
125.330
125.680
126.050
126.420
126.790
127.140
127.510
127.880
128.250
128.620
128.980
129.370
129.710
130.070
130.460
130.830
131.190
131.550
131.930
132.300
132.680
133.060
133.430
133.790
134.160
134.530
134.910
135.310
135.700
136.080
136.430
136.800
137.170
137.560
137.930
138.300
138.650
139.030
139.390
139.750
140.120
140.490
140.840
141.220
141.580
141.950
142.310
142.680
143.050
143.420
143.780
144.140
144.510
144.890
145.270
145.650
146.050
146.440
146.810
147.170
147.530
147.880
148.240
148.600
148.980
149.360
149.710
150.070
150.440
150.800
151.150
151.540
151.910
152.280
152.630
153.020
153.360
153.730
154.090
154.460
154.810
155.210
155.590
155.960
156.350
156.730
157.090
157.490
157.870
158.230
158.600
158.990
159.370
159.750
160.120
160.500
160.870
161.270
161.660
162.040
162.420
162.820
163.200
163.610
163.980
164.380
164.750
165.150
165.520
165.910
166.300
166.690
167.090
167.460
167.880
168.280
168.670
169.070
169.470
169.870
170.270
170.640
171.030
171.450
171.840
172.240
172.620
173.020
173.400
173.790
174.200
174.580
174.960
175.360
175.730
176.130
176.500
176.880
177.260
177.650
178.020
178.410
178.780
179.150
179.530
179.920
180.300
180.670
181.060
181.450
181.830
182.240
182.600
182.990
183.360
183.730
184.110
184.480
184.850
185.250
185.640
186.010
186.400
186.810
187.190
187.580
187.980
188.370
188.740
189.130
189.520
189.920
190.320
190.710
191.100
191.470
191.870
192.260
192.630
193.020
193.400
193.780
194.170
194.570
194.970
195.350
195.750
196.140
196.540
196.940
197.330
197.730
198.110
198.500
198.900
199.280
199.670
200.090
200.470
200.860
201.230
201.620
202.000
202.390
202.780
203.160
203.540
203.950
204.340
204.720
205.120
205.500
205.900
206.270
206.670
207.050
207.440
207.840
208.230
208.630
209.010
209.380
209.770
210.140
210.520
210.900
211.300
211.670
212.050
212.440
212.800
213.200
213.590
213.970
214.360
214.770
215.160
215.550
215.940
216.330
216.720
217.120
217.520
217.900
218.310
218.690
219.080
219.480
219.870
220.250
220.640
221.040
221.430
221.810
222.210
222.580
222.980
223.360
223.760
224.160
224.560
224.960
225.370
225.770
226.150
226.550
226.940
227.340
227.730
228.130
228.520
228.930
229.320
229.720
230.130
230.520
230.920
231.310
231.700
232.090
232.480
232.900
233.290
233.690
234.080
234.480
234.880
235.290
235.690
236.080
236.450
236.840
237.240
237.630
238.040
238.440
238.840
239.230
239.620
240.030
240.440
240.810
241.200
241.570
241.930
242.280
242.610
242.960
243.340
243.720
244.090
244.490
244.890
245.280
245.700
246.070
246.470
246.850
247.250
247.790
248.310
248.830
249.350
249.970
250.590
251.140
251.690
252.250
252.840
253.410
253.960
254.450
254.950
255.410
255.890
256.390
256.860
257.350
257.820
258.310
258.770
259.270
259.730
260.230
260.690
261.190
261.670
262.140
262.610
