0.580
0.865
1.150
1.455
1.760
2.040
2.320
2.630
2.940
3.200
3.460
3.725
3.990
4.250
4.510
4.775
5.040
5.305
5.570
5.835
6.100
6.360
6.620
6.875
7.130
7.405
7.680
7.930
8.180
8.410
8.640
8.880
9.120
9.365
9.610
9.865
10.120
10.380
10.640
10.890
11.140
11.385
11.630
11.885
12.140
12.410
12.680
12.925
13.170
13.405
13.640
13.895
14.150
14.380
14.610
14.845
15.080	1
15.310
15.540
15.760
15.980	1
16.210
16.440
16.670
16.900	1
17.130
17.360
17.585
17.810	1
18.035
18.260
18.485
18.710	1
18.940
19.170
19.400
19.630	1
19.855
20.080
20.305
20.530	1
20.760
20.990
21.215
21.440	1
21.670
21.900
22.130
22.360	1
22.590
22.820
23.055
23.290	1
23.515
23.740
23.970
24.200	1
24.435
24.670
24.900
25.130	1
25.355
25.580
25.805
26.030	1
26.260
26.490
26.720
26.950	1
27.180
27.410
27.640
27.870	1
28.095
28.320
28.550
28.780	1
29.010
29.240
29.470
29.700	1
29.930
30.160
30.395
30.630	1
30.865
31.100
31.335
31.570	1
31.800
32.030
32.260
32.490	1
32.720
32.950
33.185
33.420	1
33.650
33.880
34.115
34.350	1
34.580
34.810
35.045
35.280	1
35.510
35.740
35.980
36.220	1
36.450
36.680
36.915
37.150	1
37.385
37.620
37.845
38.070	1
38.305
38.540
38.765
38.990	1
39.225
39.460
39.690
39.920	1
40.155
40.390
40.620
40.850	1
41.085
41.320
41.550
41.780	1
42.015
42.250
42.480
42.710	1
42.950
43.190
43.420
43.650	1
43.880
44.110
44.340
44.570	1
44.805
45.040
45.280
45.520	1
45.750
45.980
46.215
46.450	1
46.690
46.930
47.170
47.410	1
47.650
47.890
48.125
48.360	1
48.595
48.830
49.065
49.300	1
49.540
49.780
50.010
50.240	1
50.480
50.720
50.945
51.170	1
51.410
51.650
51.880
52.110	1
52.345
52.580
52.810
53.040	1
53.275
53.510
53.745
53.980	1
54.225
54.470
54.700
54.930	1
55.165
55.400
55.645
55.890	1
56.120
56.350
56.590
56.830	1
57.055
57.280
57.520
57.760	1
57.995
58.230
58.470
58.710	1
58.940
59.170
59.410
59.650	1
59.885
60.120
60.355
60.590	1
60.820
61.050
61.295
61.540	1
61.775
62.010
62.250
62.490	1
62.725
62.960
63.200
63.440	1
63.680
63.920
64.150
64.380	1
64.620
64.860
65.095
65.330	1
65.565
65.800
66.040
66.280	1
66.510
66.740
66.980
67.220	1
67.460
67.700
67.925
68.150	1
68.390
68.630
68.870
69.110	1
69.345
69.580
69.820
70.060	1
70.295
70.530
70.775
71.020	1
71.255
71.490
71.720
71.950	1
72.185
72.420
72.655
72.890	1
73.125
73.360
73.595
73.830	1
74.065
74.300
74.535
74.770	1
75.005
75.240
75.470
75.700	1
75.935
76.170
76.400
76.630	1
76.870
77.110
77.340
77.570	1
77.805
78.040
78.280
78.520	1
78.745
78.970
79.200
79.430	1
79.665
79.900
80.130
80.360	1
80.590
80.820
81.055
81.290	1
81.510
81.730
81.965
82.200	1
82.430
82.660
82.890
83.120	1
83.355
83.590
83.815
84.040	1
84.270
84.500
84.735
84.970	1
85.200
85.430
85.665
85.900	1
86.130
86.360
86.595
86.830	1
87.070
87.310
87.545
87.780	1
88.015
88.250
88.490
88.730	1
88.970
89.210
89.455
89.700	1
89.930
90.160
90.390
90.620	1
90.870
91.120
91.360
91.600	1
91.840
92.080
92.320
92.560	1
92.800
93.040
93.275
93.510	1
93.755
94.000
94.240
94.480	1
94.720
94.960
95.195
95.430	1
95.670
95.910
96.145
96.380	1
96.625
96.870
97.105
97.340	1
97.580
97.820
98.055
98.290	1
98.530
98.770
99.010
99.250	1
99.485
99.720
99.965
100.210	1
100.445
100.680
100.915
101.150	1
101.390
101.630
101.870
102.110	1
102.340
102.570
102.810
103.050	1
103.295
103.540
103.775
104.010	1
104.250
104.490
104.730
104.970	1
105.210
105.450
105.690
105.930	1
106.170
106.410
106.645
106.880	1
107.110
107.340
107.590
107.840	1
108.075
108.310
108.550
108.790	1
109.030
109.270
109.500
109.730	1
109.970
110.210
110.455
110.700	1
110.940
111.180
111.425
111.670	1
111.915
112.160
112.400
112.640	1
112.885
113.130
113.370
113.610	1
113.845
114.080
114.325
114.570	1
114.810
115.050
115.290
115.530	1
115.770
116.010
116.255
116.500	1
116.735
116.970
117.215
117.460	1
117.700
117.940
118.180
118.420	1
118.670
118.920
119.165
119.410	1
119.655
119.900
120.145
120.390	1
120.635
120.880
121.120
121.360	1
121.595
121.830
122.070
122.310	1
122.550
122.790
123.035
123.280	1
123.520
123.760
124.000
124.240	1
124.480
124.720
124.960
125.200	1
125.440
125.680
125.925
126.170	1
126.415
126.660
126.905
127.150	1
127.400
127.650
127.895
128.140	1
128.390
128.640
128.880
129.120	1
129.365
129.610
129.860
130.110	1
130.350
130.590
130.835
131.080	1
131.325
131.570
131.815
132.060	1
132.305
132.550
132.790
133.030	1
133.280
133.530
133.775
134.020	1
134.270
134.520
134.765
135.010	1
135.255
135.500
135.745
135.990	1
136.235
136.480
136.725
136.970	1
137.220
137.470
137.710
137.950	1
138.195
138.440
138.680
138.920	1
139.160
139.400
139.645
139.890	1
140.140
140.390
140.635
140.880	1
141.130
141.380
141.625
141.870	1
142.110
142.350
142.595
142.840	1
143.090
143.340
143.585
143.830	1
144.075
144.320
144.570
144.820	1
145.070
145.320
145.565
145.810	1
146.055
146.300
146.550
146.800	1
147.045
147.290
147.530
147.770	1
148.020
148.270
148.515
148.760	1
149.000
149.240
149.495
149.750	1
149.995
150.240
150.485
150.730	1
150.975
151.220
151.470
151.720	1
151.975
152.230
152.480
152.730	1
152.980
153.230
153.480
153.730	1
153.980
154.230
154.475
154.720	1
154.965
155.210
155.460
155.710	1
155.960
156.210
156.455
156.700	1
156.950
157.200
157.445
157.690	1
157.940
158.190
158.430
158.670	1
158.920
159.170
159.420
159.670	1
159.920
160.170
160.415
160.660	1
160.910
161.160
161.410
161.660	1
161.910
162.160
162.405
162.650	1
162.895
163.140
163.385
163.630	1
163.880
164.130
164.375
164.620	1
164.865
165.110
165.370
165.630	1
165.880
166.130
166.375
166.620	1
166.865
167.110
167.360
167.610	1
167.860
168.110
168.355
168.600	1
168.845
169.090
169.340
169.590	1
169.840
170.090
170.330
170.570	1
170.805
171.040
171.300
171.560	1
171.805
172.050
172.295
172.540	1
172.785
173.030
173.275
173.520	1
173.775
174.030
174.275
174.520	1
174.760
175.000
175.280
175.560	1
175.875
176.190
176.505
176.820	1
177.140
177.460
177.780
178.100	1
