0.150
0.760
1.360
2.030
2.670
3.290
4.030
4.760
5.490
6.210
6.870
7.560
8.180
8.850
9.470
10.130
10.810
11.520
12.160
12.840
13.510
14.170
14.780
15.420
16.050
16.700
17.290
17.920
18.650
19.450
20.340
21.190
22.070
22.910
23.820
24.590
25.340
26.070
26.820
27.580
28.410
29.210
30.000
30.830
31.650
32.420
33.310
34.150
34.980
35.820
36.610
37.470
38.320
39.100
39.980
40.810
41.620
42.490
43.350
44.140
45.020
45.890
46.710
47.570
48.440
49.290
50.090
50.960
51.880
52.730
53.590
54.370
55.230
56.080
56.860
57.720
58.520
59.420
60.240
61.120
61.960
62.790
63.660
64.460
65.300
66.140
66.940
67.800
68.670
69.470
70.280
71.110
71.900
72.740
73.570
74.430
75.310
76.120
77.020
77.810
78.630
79.490
80.290
81.100
81.980
82.760
83.660
84.510
85.330
86.170
87.090
87.940
88.810
89.690
90.510
91.360
92.260
93.150
94.020
94.890
95.740
96.570
97.430
98.310
99.180
100.070
100.920
101.740
102.610
103.450
104.260
105.110
105.940
106.780
107.660
108.520
109.350
110.150
110.980
111.850
112.720
113.530
114.350
115.190
116.090
116.890
117.760
118.630
119.450
120.320
121.180
122.040
122.880
123.710
124.620
125.460
126.320
127.130
127.990
128.830
129.660
130.460
131.290
132.100
132.990
133.850
134.710
135.550
136.350
137.200
138.130
138.980
139.880
140.790
141.650
142.540
143.570
144.590
145.570
146.540
147.580
148.570
149.580
150.470
151.410
152.300
153.130
154.010
154.880
155.710
156.610
157.430
158.260
159.160
159.980
160.820
161.700
162.620
163.460
164.350
165.280
166.140
167.030
167.870
168.720
169.530
170.400
171.250
172.160
173.020
173.890
174.780
175.680
176.560
177.420
178.280
179.130
179.980
180.850
181.780
182.600
183.510
184.300
185.150
185.990
186.790
187.660
188.440
189.150
189.900
190.670
191.400
192.120
192.870
193.600
194.340
195.100
195.850
196.620
197.420
198.190
198.920
199.700
200.490
201.260
201.990
202.770
203.560
204.320
205.080
205.870
206.630
207.400
208.120
208.900
209.660
210.460
211.200
211.950
212.660
213.430
214.110
214.780
215.490
216.180
216.760
217.360
217.980
218.540
219.130
219.740
220.320
220.920
221.520
222.150
222.770
223.370
224.000
224.630
225.250
225.840
226.480
227.110
227.730
228.350
228.940
229.590
230.210
230.800
231.430
232.060
232.680
233.270
233.880
234.510
235.120
235.700
236.310
236.970
237.600
238.200
238.820
239.400
240.040
240.620
241.230
241.880
242.500
243.110
243.710
244.330
244.980
245.560
246.180
246.810
247.390
248.000
248.610
249.230
249.860
250.450
251.070
251.700
252.330
252.960
253.580
254.170
254.800
255.410
256.040
256.670
257.110
257.550
258.000
258.450
258.900
259.350
259.820
260.260
260.700
261.170
261.600
262.070
262.520
262.970
263.400
263.850
264.300
264.750
265.200
265.660
266.090
266.520
266.970
267.400
267.860
268.310
268.780
269.270
269.740
270.210
270.710
271.170
271.650
272.150
272.630
273.100
273.570
274.070
274.550
275.010
275.490
275.960
276.440
276.910
277.390
277.860
278.330
278.780
279.270
279.730
280.190
280.660
281.150
281.620
282.070
