0.200
0.680
1.160
1.650
2.130
2.590
3.080
3.560
4.050
4.550
5.040
5.520
6.020
6.500
6.970
7.460
7.940
8.420
8.900
9.370
9.850
10.330
10.810
11.290
11.770
12.220
12.720
13.200
13.700
14.190
14.660
15.150
15.630
16.120
16.610
17.090
17.580
18.070
18.560
19.040
19.510
20.010
20.490
20.980
21.470
21.970
22.450
22.930
23.410
23.910
24.400
24.880
25.370
25.870
26.340
26.840
27.340
27.840
28.310
28.790
29.290
29.790
30.270
30.750
31.250
31.730
32.210
32.700
33.200
33.690
34.180
34.670
35.170
35.660
36.140
36.630
37.120
37.620
38.100
38.590
39.100
39.580
40.070
40.530
41.020
41.530
42.030
42.540
43.030
43.530
44.020
44.500
44.980
45.490
45.970
46.480
46.960
47.470
47.950
48.430
48.920
49.430
49.930
50.430
50.920
51.420
51.920
52.420
52.920
53.430
53.920
54.430
54.930
55.440
55.920
56.420
56.890
57.410
57.900
58.400
58.890
59.390
59.900
60.390
60.890
61.380
61.890
62.380
62.890
63.390
63.880
64.370
64.870
65.370
65.870
66.380
66.860
67.350
67.850
68.350
68.840
69.330
69.840
70.350
70.820
71.320
71.800
72.270
72.750
73.260
73.750
74.240
74.720
75.210
75.690
76.200
76.690
77.200
77.700
78.210
78.700
79.200
79.710
80.200
80.710
81.210
81.700
82.210
82.700
83.210
83.710
84.200
84.710
85.230
85.730
86.210
86.750
87.240
87.750
88.240
88.750
89.240
89.730
90.240
90.740
91.250
91.760
92.270
92.780
93.300
93.790
94.310
94.800
95.300
95.800
96.290
96.800
97.300
97.790
98.320
98.830
99.320
99.800
100.300
100.810
101.310
101.810
102.320
102.810
103.310
103.790
104.300
104.820
105.330
105.820
106.320
106.820
107.340
107.840
108.340
108.870
109.370
109.880
110.400
110.880
111.400
111.900
112.400
112.910
113.400
113.890
114.410
114.910
115.420
115.910
116.420
116.920
117.430
117.920
118.430
118.930
119.440
119.950
120.450
120.970
121.470
121.980
122.470
122.980
123.500
124.010
124.510
125.030
125.530
126.040
126.540
127.040
127.550
128.050
128.550
129.040
129.550
130.050
130.560
131.040
131.550
132.050
132.550
133.070
133.570
134.050
134.570
135.050
135.560
136.060
136.540
137.020
137.520
138.030
138.550
139.060
139.570
140.090
140.590
141.110
141.620
142.110
142.630
143.130
143.650
144.170
144.650
145.180
145.680
146.170
146.680
147.180
147.710
148.210
148.710
149.220
149.710
150.220
150.730
151.250
151.750
152.270
152.770
153.300
153.800
154.310
154.820
155.340
155.850
156.370
156.840
157.360
157.860
158.360
158.870
159.340
159.870
160.380
160.880
161.390
161.880
162.380
162.860
163.380
163.890
164.380
164.880
165.390
165.880
166.380
166.880
167.380
167.900
168.390
168.900
169.410
169.920
170.420
170.920
171.430
171.950
172.450
172.960
173.470
173.970
174.470
174.990
175.490
176.000
176.510
177.000
177.510
178.010
178.520
179.010
179.510
180.040
180.530
181.050
181.540
182.070
182.570
183.080
183.590
184.110
184.600
185.100
185.620
186.130
186.630
187.120
187.650
188.140
188.650
189.170
189.680
190.180
190.680
191.190
191.690
192.210
192.710
193.190
193.690
194.200
194.690
195.170
195.690
196.200
196.710
197.210
197.710
198.220
198.710
199.210
199.720
200.230
200.740
201.240
201.740
202.270
202.770
203.270
203.770
204.280
204.790
205.280
205.790
206.290
206.790
207.280
207.790
208.300
208.790
209.280
209.760
210.240
210.720
211.240
211.740
212.260
212.760
213.270
213.780
214.280
214.770
215.290
215.780
216.290
216.780
217.290
217.790
218.310
218.810
219.310
219.820
220.330
220.820
221.310
221.800
222.320
222.820
223.320
223.820
224.340
224.850
225.340
225.850
226.330
226.840
227.320
227.840
228.340
228.840
229.340
229.860
230.360
230.860
231.370
231.860
232.370
232.900
233.400
233.880
234.380
234.880
235.400
235.900
236.390
236.900
237.410
237.910
238.420
238.910
239.420
239.910
240.430
240.940
241.440
241.950
242.460
242.970
243.460
243.970
244.480
245.000
245.500
246.010
246.520
247.020
247.530
248.040
248.560
249.050
249.560
250.070
250.550
251.050
251.560
252.070
252.580
253.080
253.590
254.080
254.570
255.050
255.560
256.060
256.570
257.070
257.570
258.060
258.570
259.060
259.550
260.070
260.580
261.080
261.590
262.110
262.610
263.100
263.610
264.110
264.630
265.130
265.630
266.140
266.640
267.140
267.640
268.140
268.640
269.160
269.650
270.150
270.650
271.140
271.640
272.130
272.620
273.100
273.580
274.070
274.570
275.050
275.550
276.070
276.570
277.070
277.580
278.080
278.590
279.080
279.580
280.090
280.600
281.110
281.610
282.130
282.640
283.130
283.620
284.130
284.620
285.150
285.650
286.160
286.680
287.170
287.680
288.180
288.660
289.190
289.700
290.210
290.730
291.220
291.720
292.220
292.740
293.250
293.760
294.260
294.780
295.270
295.780
296.280
296.810
297.330
297.820
298.320
298.840
299.340
299.850
300.370
300.890
301.390
301.900
302.400
302.930
303.440
303.950
304.470
304.970
305.460
305.970
306.500
306.990
307.500
308.000
308.520
309.030
309.540
310.060
310.580
311.080
311.570
312.070
312.580
313.110
313.610
314.100
314.610
315.140
315.640
316.160
316.700
317.230
317.750
318.260
318.790
319.310
319.840
320.370
320.880
321.400
321.920
322.430
322.940
323.460
323.970
324.490
324.990
325.530
326.050
326.550
327.070
327.590
328.090
328.610
329.120
329.640
330.160
330.670
331.180
331.710
332.220
332.740
333.260
333.770
334.290
334.820
335.330
335.850
336.350
336.870
337.390
337.930
338.430
338.940
339.440
339.960
340.490
341.010
341.530
342.060
342.580
343.080
343.590
344.130
344.640
345.150
345.650
346.160
346.650
347.150
347.650
348.180
348.660
349.170
349.690
350.220
350.720
351.230
351.770
352.290
352.820
353.360
353.870
354.400
354.900
355.410
355.910
356.440
356.960
357.480
357.990
358.520
359.030
359.550
360.070
360.590
361.090
361.620
362.120
362.640
363.160
363.670
364.180
364.730
365.230
365.750
366.270
366.800
367.310
367.830
368.340
368.870
369.360
369.880
370.400
370.910
371.430
371.930
372.450
372.970
373.460
373.980
374.520
375.040
375.540
376.050
376.570
377.070
377.570
378.100
378.580
379.090
379.590
380.090
380.610
381.110
381.620
382.130
382.640
383.170
383.670
384.170
384.690
385.190
385.710
386.230
386.750
387.270
387.790
388.290
388.810
389.300
389.840
390.330
390.840
391.370
391.870
392.390
392.920
393.450
393.950
394.470
394.960
395.450
395.960
396.460
396.990
397.500
398.010
398.500
399.010
399.520
400.050
400.560
401.080
401.590
402.110
402.610
403.120
403.640
404.160
404.660
405.180
405.700
406.200
406.700
407.230
407.750
408.270
408.790
409.300
409.830
410.330
410.840
411.370
411.890
412.400
412.900
413.410
413.930
414.450
414.970
415.500
416.030
416.560
417.070
417.600
418.120
418.630
419.160
419.670
420.180
420.710
421.220
421.740
422.250
422.750
423.270
423.790
424.320
424.830
425.350
425.880
426.400
426.890
427.420
427.940
428.460
428.980
429.480
430.000
430.510
431.020
431.530
432.050
432.570
433.100
433.600
434.120
434.650
435.160
435.670
436.170
436.700
437.200
437.710
438.220
438.740
439.250
439.740
440.260
440.780
441.310
441.820
442.340
442.860
443.360
443.870
444.390
444.910
445.420
445.950
446.480
446.980
447.510
448.000
448.500
449.060
449.590
450.090
450.620
451.120
451.630
452.110
452.630
453.160
453.680
454.180
454.700
455.200
455.700
456.210
456.730
457.240
457.780
458.270
458.790
459.300
459.790
460.290
460.800
461.330
461.850
462.360
462.880
463.400
463.920
464.430
464.930
465.460
465.970
466.480
467.000
467.510
468.020
468.510
469.020
469.530
470.030
470.540
471.050
471.560
472.060
472.540
473.060
473.560
474.050
474.580
475.120
475.700
476.200
476.690
477.160
477.660
478.140
478.600
479.100
479.560
480.060
480.520
481.000
481.460
481.920
482.390
482.880
483.350
483.810
484.270
484.740
485.230
485.680
