0.180
0.790
1.420
2.000
2.630
3.220
3.880
4.480
5.160
5.820
6.460
7.150
7.820
8.460
9.060
9.690
10.340
10.980
11.580
12.340
13.020
13.770
14.470
15.210
15.940
16.690
17.370
18.120
18.820
19.620
20.450
21.270
21.980
22.650
23.400
24.110
24.820
25.500
26.230
26.920
27.600
28.300
29.100
29.850
30.620
31.380
32.170
32.960
33.790
34.570
35.280
36.050
36.770
37.450
38.120
38.780
39.500
40.180
40.830
41.520
42.210
42.950
43.630
44.310
45.040
45.740
46.610
47.440
48.220
49.090
49.920
50.780
51.690
52.450
53.250
54.030
54.840
55.620
56.400
57.150
57.840
58.530
59.210
59.860
60.610
61.420
62.230
63.070
63.890
64.760
65.570
66.450
67.320
68.220
69.040
69.940
70.850
71.780
72.740
73.750
74.700
75.670
76.620
77.590
78.510
79.380
80.340
81.240
82.210
83.120
84.020
84.920
85.890
86.770
87.740
88.650
89.600
90.490
91.460
92.350
93.300
94.220
95.170
96.130
97.040
97.960
98.910
99.830
100.790
101.660
102.610
103.520
104.460
105.370
106.340
107.310
108.310
109.190
110.130
111.040
111.980
112.880
113.830
114.780
115.700
116.620
117.530
118.480
119.450
120.380
121.340
122.270
123.190
124.100
125.060
125.970
126.870
127.830
128.750
129.610
130.510
131.440
132.410
133.300
134.300
135.220
136.200
137.140
138.120
139.040
140.030
140.950
141.900
142.840
143.810
144.760
145.720
146.630
147.620
148.590
149.550
150.530
151.460
152.450
153.430
154.390
155.350
156.290
157.210
158.190
159.170
160.130
161.070
162.000
162.960
163.900
164.860
165.820
166.800
167.770
168.780
169.750
170.720
171.670
172.700
173.620
174.640
175.630
176.550
177.450
178.440
179.380
180.330
181.330
182.260
183.210
184.130
185.000
185.940
186.840
187.810
188.740
189.670
190.660
191.640
192.600
193.540
194.520
195.430
196.390
197.370
198.290
199.250
200.240
201.270
202.230
203.110
204.030
204.980
205.940
206.890
207.840
208.790
209.710
210.700
211.680
212.590
213.540
214.450
215.410
216.340
217.250
218.210
219.170
220.180
221.120
222.070
222.960
223.920
224.860
225.780
226.720
227.760
228.750
229.680
230.580
231.570
232.460
233.400
234.390
235.300
236.220
237.210
238.130
239.070
240.010
240.950
241.890
242.890
243.990
245.080
246.160
247.220
248.230
249.290
250.330
251.330
252.360
253.480
254.520
255.560
256.670
257.740
258.780
259.800
260.840
261.850
262.930
263.910
264.950
265.920
266.950
267.970
268.960
269.960
270.980
271.920
273.010
274.020
275.030
276.150
277.200
278.230
279.300
