0.000
0.700
1.390
2.050
2.730
3.420
4.070
4.740
5.390
6.080
6.760
7.390
8.090
8.740
9.420
10.090
10.760
11.440
12.070
12.770
13.400
14.070
14.730
15.400
16.060
16.740
17.390
18.050
18.710
19.360
20.030
20.700
21.350
22.020
22.670
23.310
23.970
24.640
25.250
25.910
26.590
27.220
27.880
28.570
29.210
29.840
30.480
31.120
31.770
32.420
33.080
33.740
34.390
35.050
35.700
36.340
36.990
37.650
38.290
38.940
39.590
40.260
40.920
41.570
42.220
42.870
43.540
44.190
44.800
45.450
46.100
46.760
47.390
48.030
48.700
49.330
49.980
50.620
51.250
51.900
52.560
53.180
53.850
54.510
55.160
55.800
56.440
57.100
57.750
58.410
59.030
59.680
60.320
60.920
61.570
62.190
62.810
63.440
64.080
64.710
65.350
66.000
66.620
67.270
67.910
68.530
69.170
69.820
70.440
71.090
71.730
72.340
72.980
73.630
74.280
74.910
75.590
76.210
76.860
77.510
78.130
78.770
79.430
80.060
80.710
81.350
81.980
82.630
83.260
83.900
84.530
85.180
85.830
86.460
87.110
87.730
88.370
89.020
89.670
90.280
90.920
91.550
92.190
92.840
93.450
94.100
94.730
95.350
95.970
96.630
97.250
97.840
98.480
99.100
99.720
100.350
100.950
101.560
102.180
102.800
103.440
104.060
104.680
105.290
105.920
106.540
107.170
107.780
108.390
109.010
109.640
110.250
110.860
111.500
112.100
112.720
113.330
113.970
114.570
115.180
115.790
116.400
117.030
117.660
118.270
118.910
119.540
120.170
120.800
121.390
122.010
122.640
123.280
123.890
124.550
125.140
125.780
126.390
127.030
127.630
128.270
128.900
129.520
130.140
130.760
131.340
131.990
132.600
133.200
133.840
134.440
135.060
135.660
136.290
136.900
137.490
138.090
138.680
139.320
139.940
140.530
141.160
141.780
142.400
143.000
143.620
144.220
144.860
145.460
146.070
146.700
147.290
147.900
148.540
149.160
149.770
150.390
150.970
151.590
152.200
152.810
153.400
154.020
154.600
155.230
155.850
156.460
157.040
157.660
158.280
158.880
159.510
160.110
160.730
161.360
161.960
162.590
163.220
163.840
164.460
165.080
165.700
166.320
166.950
167.550
168.170
168.800
169.400
170.010
170.640
171.240
171.860
172.490
173.100
173.700
174.300
174.930
175.520
176.140
176.770
177.390
178.000
178.580
179.190
179.830
180.440
181.040
181.660
182.290
182.920
183.520
184.140
184.730
185.350
185.960
186.580
187.180
187.800
188.380
189.020
189.640
190.260
190.860
191.510
192.100
192.720
193.320
193.940
194.560
195.190
195.780
196.400
197.020
197.610
198.210
198.820
199.420
200.040
200.640
201.250
201.860
202.470
203.090
203.700
204.300
204.910
205.530
206.150
206.770
207.380
208.020
208.620
209.230
209.850
210.470
211.110
211.700
212.330
212.970
213.570
214.190
214.800
215.410
216.010
216.640
217.240
217.850
218.470
219.090
219.700
220.320
220.930
221.540
222.140
222.770
223.360
223.990
224.590
225.190
225.790
226.400
227.000
227.620
228.220
228.850
229.450
230.070
230.670
231.290
231.900
232.500
233.100
233.720
234.310
234.940
235.540
236.160
236.760
237.390
238.010
238.640
239.230
239.830
240.460
241.070
241.660
242.290
242.880
243.470
244.090
244.700
245.290
245.880
246.510
247.110
247.740
248.330
248.960
249.570
250.190
250.800
251.400
252.020
252.650
253.260
253.870
254.510
255.130
255.750
256.360
256.980
257.580
258.190
258.790
259.400
260.010
260.630
261.240
261.870
262.470
263.090
263.700
264.290
264.910
265.530
266.130
266.730
267.340
267.980
268.590
269.200
269.780
270.390
271.010
271.640
272.240
272.850
273.460
274.050
274.660
275.280
275.890
276.490
277.080
277.680
278.250
278.870
279.480
280.080
280.690
281.300
281.910
282.520
283.120
283.720
284.350
284.970
285.580
286.200
286.810
287.450
288.080
288.700
289.270
289.870
290.490
291.070
291.700
292.300
292.880
293.490
294.090
294.690
295.300
295.920
296.520
297.120
297.730
298.350
298.980
299.580
300.190
300.820
301.430
302.040
302.660
303.270
303.900
304.520
305.130
305.740
306.350
306.960
307.550
308.180
308.790
309.410
310.040
310.640
311.260
311.860
312.480
313.100
313.700
314.310
314.910
315.550
316.160
316.780
317.410
318.010
318.660
319.270
319.890
320.510
321.110
321.710
322.320
322.950
323.550
324.150
324.780
325.400
326.000
326.630
327.220
327.830
328.450
329.060
329.630
330.250
330.860
331.470
332.090
332.690
333.290
333.900
334.510
335.110
335.720
336.340
336.930
337.540
338.150
338.770
339.390
340.010
340.600
341.230
341.830
342.430
343.060
343.660
344.250
344.880
345.490
346.110
346.720
347.340
347.950
348.570
349.190
349.780
350.390
350.980
351.570
352.210
352.810
353.420
354.040
354.640
355.230
355.860
356.460
357.050
357.680
358.280
358.880
359.510
360.120
360.720
361.350
361.940
362.530
363.160
363.770
364.350
364.990
365.590
366.190
366.810
367.420
368.020
368.640
369.250
369.860
370.470
371.080
371.650
372.290
372.900
373.490
374.100
374.710
375.330
375.940
376.540
377.160
377.750
378.360
378.960
379.560
380.180
380.780
381.400
382.010
382.610
383.220
383.820
384.430
385.030
385.620
386.230
386.810
387.410
388.020
388.620
389.240
389.820
390.440
391.040
391.630
392.240
392.830
393.430
394.030
394.620
395.220
395.820
396.450
397.070
397.650
398.250
398.840
399.450
400.050
400.650
401.270
401.880
402.470
403.080
403.690
404.280
404.870
405.470
406.080
406.670
407.280
407.890
408.480
409.100
409.710
410.300
410.890
411.480
412.100
412.680
413.280
413.890
414.530
415.130
415.720
416.330
416.890
417.510
418.090
418.720
419.320
419.900
420.500
421.110
421.690
422.290
422.880
423.480
424.070
424.670
425.260
425.840
426.460
427.050
427.640
428.260
428.850
429.430
430.040
430.640
431.230
431.830
432.420
433.010
433.600
434.200
434.790
435.400
436.000
436.610
437.200
437.790
438.360
438.960
439.530
440.110
440.710
441.340
441.940
442.530
443.100
443.690
444.300
444.890
445.450
446.050
446.640
447.230
447.820
448.400
448.970
449.570
450.160
450.750
451.340
451.940
452.520
453.120
453.720
454.310
454.900
455.480
456.050
456.650
457.240
457.870
458.460
459.030
459.620
460.240
460.830
461.420
462.000
462.590
463.170
463.780
464.360
464.940
465.550
466.170
466.750
467.350
467.910
468.500
469.100
469.670
470.260
470.860
471.430
472.020
472.600
473.190
473.740
474.360
474.940
475.520
476.120
476.720
477.310
477.910
478.530
479.110
479.690
480.290
480.870
481.460
482.060
482.640
483.240
483.830
484.390
484.990
485.580
486.170
486.750
487.360
487.960
488.530
489.120
489.730
490.320
490.920
491.500
492.100
492.700
493.280
493.880
494.480
495.080
495.680
496.270
496.870
497.460
498.050
498.650
499.250
499.860
500.470
501.050
501.640
502.210
502.820
503.380
503.970
504.560
505.160
505.760
506.350
506.940
507.540
508.130
508.730
509.280
509.880
510.480
511.060
511.660
512.240
512.850
513.440
514.040
514.610
515.210
515.800
516.360
516.940
517.540
518.120
518.700
519.280
519.840
520.430
521.020
521.620
522.230
522.840
523.430
524.020
524.610
525.200
525.820
526.400
526.980
527.570
528.170
528.760
529.380
529.960
530.570
531.180
531.800
532.410
533.000
533.610
534.220
534.820
535.430
536.030
536.630
537.240
537.810
538.430
539.000
539.620
540.220
540.810
541.420
541.990
542.610
543.190
543.780
544.360
544.960
545.570
546.180
546.740
547.360
547.930
548.520
549.130
549.720
550.300
550.870
551.500
552.080
552.700
553.270
553.870
554.460
555.050
555.630
556.210
556.810
557.410
558.000
558.570
559.150
559.740
560.320
560.900
561.480
562.090
562.650
563.220
563.810
564.400
564.990
565.560
566.150
566.740
567.330
567.910
568.500
569.090
569.690
570.300
570.870
571.450
572.050
572.630
573.200
573.780
574.360
574.950
575.530
576.130
576.690
577.280
577.870
578.460
579.040
579.600
580.190
580.790
581.360
581.960
582.540
583.150
583.710
584.300
584.900
585.480
586.050
586.610
587.200
587.790
588.380
588.950
589.550
590.120
590.710
591.300
591.880
592.470
593.080
593.670
594.260
594.860
595.440
596.070
596.670
597.290
597.890
598.500
599.120
599.730
600.350
600.930
601.570
602.180
602.800
603.420
604.050
604.640
605.270
605.870
606.480
607.070
607.690
608.300
608.890
609.500
610.130
610.730
611.350
611.980
612.570
613.200
613.790
614.420
615.060
615.670
616.270
616.920
617.520
618.120
618.720
619.330
619.930
620.550
621.150
621.750
622.380
622.970
623.590
624.200
624.830
625.450
626.060
626.660
627.290
627.910
628.480
629.100
629.690
630.300
630.910
631.530
632.130
632.720
633.320
633.940
634.540
635.150
635.760
636.380
637.010
637.620
638.250
638.860
639.500
640.120
640.710
641.330
641.930
642.550
643.130
643.750
644.340
644.970
645.600
646.230
646.840
647.450
648.040
648.620
649.230
649.830
650.460
651.050
651.650
652.260
652.900
653.490
654.100
654.700
655.290
655.900
656.510
657.090
657.670
658.250
658.850
659.410
660.010
660.590
661.190
661.780
662.340
662.890
663.500
664.110
664.700
665.330
665.910
666.540
667.120
667.690
668.300
668.870
669.430
670.020
670.620
671.200
671.790
672.370
672.920
673.530
674.080
674.680
675.290
675.860
676.470
677.080
677.680
678.260
678.890
679.500
680.100
680.710
681.310
681.930
682.560
683.170
683.780
684.340
684.910
685.490
686.030
686.600
687.220
687.820
688.410
689.000
689.630
690.260
690.850
691.480
692.110
692.710
693.340
693.970
694.550
695.170
