0.170
0.470
0.790
1.100
1.400
1.720
2.020
2.330
2.640
2.940
3.240
3.540
3.850
4.150
4.450
4.750
5.040
5.350
5.650
5.960
6.260
6.570
6.860
7.160
7.460
7.770
8.070
8.370
8.670
8.980
9.280
9.590
9.880
10.190
10.490
10.790
11.090
11.400
11.700
12.010
12.320
12.630
12.930
13.230
13.540
13.840
14.150
14.470
14.780
15.090
15.400
15.710
16.020
16.320
16.630
16.940
17.250
17.560
17.860
18.170
18.480
18.790
19.110
19.420
19.720
20.040
20.340
20.650
20.960
21.270
21.580
21.900
22.200
22.520
22.810
23.120
23.430
23.740
24.060
24.370
24.670
24.990
25.290
25.590
25.910
26.210
26.520
26.840
27.140
27.460
27.750
28.050
28.370
28.670
28.990
29.300
29.600
29.910
30.200
30.500
30.810
31.130
31.430
31.740
32.030
32.330
32.630
32.940
33.240
33.550
33.850
34.170
34.480
34.790
35.090
35.400
35.700
36.000
36.300
36.610
36.920
37.230
37.530
37.840
38.150
38.470
38.770
39.090
39.390
39.700
39.990
40.300
40.590
40.910
41.220
41.520
41.840
42.140
42.440
42.750
43.050
43.360
43.660
43.970
44.280
44.570
44.880
45.190
45.490
45.810
46.110
46.430
46.720
47.020
47.320
47.620
47.920
48.230
48.530
48.840
49.150
49.460
49.760
50.070
50.390
50.690
51.000
51.310
51.620
51.930
52.240
52.560
52.860
53.170
53.500
53.820
54.130
54.440
54.750
55.070
55.370
55.690
56.000
56.320
56.630
56.960
57.260
57.580
57.890
58.200
58.500
58.820
59.120
59.440
59.740
60.050
60.360
60.670
60.980
61.300
61.610
61.920
62.230
62.540
62.840
63.150
63.460
63.780
64.090
64.400
64.700
65.020
65.330
65.640
65.950
66.260
66.570
66.880
67.190
67.500
67.810
68.140
68.450
68.770
69.090
69.420
69.720
70.030
70.340
70.650
70.970
71.280
71.590
71.910
72.220
72.540
72.850
73.160
73.470
73.790
74.090
74.410
74.720
75.030
75.340
75.650
75.970
76.280
76.600
76.910
77.220
77.540
77.850
78.160
78.460
78.780
79.090
79.410
79.720
80.040
80.350
80.660
80.970
81.290
81.600
81.910
82.220
82.540
82.850
83.180
83.490
83.800
84.110
84.420
84.740
85.060
85.370
85.690
85.990
86.310
86.610
86.930
87.230
87.550
87.870
88.190
88.500
88.810
89.120
89.440
89.750
90.060
90.370
90.680
90.980
91.300
91.610
91.930
92.240
92.570
92.870
93.180
93.490
93.800
94.110
94.420
94.730
95.040
95.360
95.670
95.990
96.310
96.620
96.940
97.260
97.570
97.880
98.200
98.510
98.820
99.130
99.450
99.760
100.090
100.400
100.720
101.040
101.350
101.660
101.970
102.280
102.600
102.910
103.220
103.520
103.840
104.150
104.450
104.770
105.100
105.410
105.730
106.050
106.360
106.670
106.990
107.290
107.610
107.920
108.240
108.550
108.880
109.180
109.500
109.810
110.130
110.450
110.770
111.080
111.400
111.710
112.020
112.330
112.650
112.960
113.270
113.580
113.900
114.210
114.530
114.860
115.160
115.470
115.790
116.090
116.400
116.710
117.030
117.350
117.660
117.970
118.280
118.590
118.900
119.210
119.530
119.840
120.160
120.470
120.800
121.110
121.430
121.730
122.040
122.350
122.660
122.970
123.290
123.600
123.910
124.220
124.530
124.840
125.150
125.460
125.770
126.090
126.400
126.710
127.020
127.320
127.640
127.940
128.260
128.560
128.880
129.190
129.500
129.820
130.140
130.450
130.780
131.090
131.410
131.720
132.030
132.340
132.650
132.970
133.280
133.580
133.900
134.210
134.520
134.830
135.140
135.450
135.760
136.060
136.370
136.680
136.990
137.300
137.610
137.920
138.230
138.540
138.870
139.170
139.480
139.800
140.110
140.410
140.720
141.040
141.360
141.670
141.980
142.290
142.600
142.910
143.230
143.540
143.850
144.160
144.470
144.780
145.090
145.390
145.710
146.020
146.330
146.630
146.950
147.250
147.560
147.870
148.190
148.500
148.810
149.120
149.450
149.760
150.070
150.380
150.690
151.010
151.320
151.630
151.940
152.240
152.550
152.860
153.180
153.480
153.790
154.100
154.410
154.730
155.030
155.340
155.640
155.940
156.250
156.550
156.860
157.170
157.480
157.780
158.100
158.400
158.720
159.030
159.340
159.650
159.960
160.270
160.570
160.880
161.190
161.500
161.810
162.120
162.430
162.740
163.050
163.360
163.670
163.980
164.300
164.600
164.920
165.230
165.540
165.850
166.160
166.460
166.780
167.080
167.400
167.710
168.030
168.340
168.670
168.970
169.280
169.590
169.910
170.220
170.530
170.850
171.180
171.490
171.800
172.110
172.420
172.730
173.050
173.350
173.670
173.980
174.280
174.590
174.910
175.210
175.530
175.840
176.150
176.460
176.770
177.080
177.400
177.710
178.030
178.330
178.650
178.950
179.260
179.570
179.890
180.200
180.510
180.820
181.130
181.440
181.750
182.050
182.370
182.680
182.990
183.300
183.610
183.910
184.230
184.540
184.850
185.160
185.470
185.770
186.080
186.390
186.700
187.020
187.330
187.630
187.950
188.250
188.560
188.870
189.180
189.490
189.810
190.110
190.430
190.740
191.050
191.350
191.660
191.960
192.270
192.570
192.890
193.200
193.500
193.810
194.130
194.440
194.740
195.050
195.370
195.680
195.990
196.300
196.610
196.920
197.230
197.540
197.850
198.160
198.470
198.770
199.080
199.390
199.710
200.020
200.330
200.630
200.950
201.260
201.580
201.890
202.200
202.510
202.830
203.140
203.450
203.760
204.060
204.370
204.680
204.990
205.300
205.620
205.950
206.250
206.570
206.870
207.190
207.500
207.830
208.140
208.460
208.770
209.080
209.400
209.710
210.020
210.320
210.630
210.950
211.260
211.560
211.880
212.200
212.500
212.810
213.120
213.440
213.740
214.050
214.370
214.680
214.990
215.300
215.610
215.920
216.230
216.540
216.850
217.160
217.470
217.780
218.090
218.400
218.700
219.010
219.320
219.630
219.940
220.250
220.560
220.880
221.180
221.500
221.810
222.120
222.430
222.740
223.040
223.360
223.660
223.970
224.280
224.590
224.900
225.210
225.530
225.830
226.140
226.440
226.740
227.050
227.350
227.650
227.940
228.260
228.570
228.870
229.180
229.490
229.810
230.120
230.430
230.730
231.050
231.360
231.670
231.980
232.280
232.600
232.900
233.220
233.520
233.830
234.140
234.460
234.750
235.060
235.360
235.670
235.980
236.290
236.600
236.910
237.220
237.540
237.840
238.150
238.460
238.770
239.080
239.400
239.710
240.020
240.330
240.640
240.940
241.250
241.560
241.870
242.190
242.490
242.800
243.100
243.400
243.700
244.010
244.320
244.640
244.950
245.250
245.570
245.870
246.190
246.490
246.810
247.110
247.430
247.740
248.050
248.370
248.700
249.000
249.310
249.620
249.930
250.240
250.550
250.860
251.180
251.480
251.790
252.100
252.420
252.720
253.020
253.310
253.620
253.930
254.250
254.550
254.860
255.170
255.480
255.790
256.110
256.420
256.730
257.060
257.380
257.690
258.020
258.340
258.660
258.980
259.300
259.610
259.930
260.240
260.560
260.870
261.170
261.490
261.810
262.130
262.460
262.780
263.100
263.420
263.740
264.050
264.380
264.690
265.010
265.330
265.650
265.970
266.290
266.610
266.940
267.250
267.560
267.870
268.190
268.500
268.830
269.140
269.470
269.770
270.090
270.390
270.710
271.020
271.330
271.640
271.970
272.280
272.600
272.920
273.240
273.560
273.880
274.210
274.520
274.840
275.150
275.470
275.770
276.090
276.410
276.730
277.050
277.360
277.690
278.010
278.320
278.640
278.950
279.260
279.590
279.910
280.230
280.550
280.860
281.180
281.500
281.810
282.120
282.450
282.760
283.090
283.410
283.720
284.020
284.350
284.660
284.990
285.310
285.620
285.950
286.260
286.590
286.900
287.210
287.520
287.840
288.150
288.480
288.790
289.120
289.440
289.760
290.070
290.370
290.690
290.990
291.300
291.620
291.920
292.230
292.550
292.860
293.170
293.480
293.790
294.110
294.430
294.740
295.060
295.380
295.690
296.000
296.310
296.630
296.940
297.260
297.580
297.900
298.210
298.520
298.830
299.140
299.460
299.770
300.080
300.400
300.710
301.040
301.350
301.680
301.980
302.290
302.600
302.920
303.230
303.540
303.850
304.150
304.470
304.780
305.090
305.420
305.730
306.060
306.370
306.690
307.000
307.320
307.620
307.940
308.250
308.580
308.900
309.210
309.530
309.850
310.170
310.490
310.800
311.110
311.420
311.740
312.050
312.360
312.660
312.970
313.280
313.600
313.910
314.230
314.540
314.850
315.160
315.460
315.780
316.090
316.390
316.700
317.020
317.350
317.660
317.980
318.280
318.600
318.900
319.210
319.520
319.830
320.140
320.450
320.770
321.080
321.390
321.700
322.010
322.330
322.640
322.960
323.270
323.590
323.890
324.210
324.520
324.830
325.130
325.440
325.740
326.050
326.350
326.650
326.960
327.260
327.580
327.890
328.200
328.520
328.840
329.150
329.470
329.790
330.100
330.420
330.720
331.040
331.340
331.660
331.970
332.280
332.580
332.900
333.210
333.520
333.830
334.140
334.450
334.760
335.060
335.370
335.680
336.000
336.310
336.610
336.930
337.240
337.550
337.860
338.170
338.480
338.790
339.100
339.410
339.710
340.030
340.340
340.650
340.960
341.260
341.570
341.870
342.180
342.480
342.780
343.080
343.400
343.710
344.010
344.320
344.630
344.940
345.260
345.560
345.870
346.190
346.490
346.810
347.110
347.420
347.730
348.040
348.350
348.660
348.970
349.270
349.580
349.880
350.180
350.490
350.810
351.120
351.430
351.730
352.040
352.350
352.660
352.980
353.300
353.610
353.940
354.260
354.570
354.880
355.190
355.500
355.810
356.120
356.430
356.740
357.050
357.360
357.670
357.980
358.300
358.610
358.920
359.230
359.540
359.840
360.150
360.460
360.780
361.090
361.400
361.700
362.010
362.320
362.640
362.940
363.260
363.570
363.880
364.190
364.500
364.820
365.140
365.450
365.780
366.080
366.400
366.710
367.010
367.330
367.650
367.960
368.280
368.600
368.920
369.240
369.560
369.880
370.200
370.520
370.830
371.140
371.450
371.760
372.080
372.390
372.700
373.020
373.340
373.650
373.970
374.290
374.620
374.920
375.240
375.550
375.860
376.180
376.510
376.820
377.150
377.460
377.780
378.100
378.430
378.740
379.050
379.350
379.670
379.980
380.300
380.620
380.930
381.260
381.570
381.870
382.190
382.500
382.820
383.140
383.460
383.770
384.090
384.410
384.730
385.050
385.370
385.680
386.000
386.310
386.620
386.940
387.250
387.570
387.890
388.220
388.540
388.850
389.170
389.480
389.800
390.110
390.420
390.730
391.040
391.370
391.690
392.010
392.330
392.650
392.970
393.280
393.600
393.910
394.220
394.540
394.860
395.180
395.500
395.810
396.130
396.450
396.760
397.070
397.390
397.700
398.010
398.330
398.650
398.970
399.290
399.610
399.920
400.240
400.550
400.860
401.180
401.490
401.810
402.130
402.460
402.780
403.090
403.400
403.720
404.030
404.330
404.650
404.970
405.290
405.610
405.920
406.250
406.560
406.880
407.200
407.530
407.840
408.160
408.480
408.790
409.100
409.420
409.730
410.050
410.360
410.680
410.990
411.300
411.620
411.930
412.240
412.570
412.890
413.210
413.510
413.830
414.130
414.440
414.760
415.070
415.380
415.690
416.010
416.330
416.640
416.960
417.290
417.610
417.920
418.230
418.540
418.850
419.160
419.460
419.770
420.090
420.410
420.720
421.050
421.360
421.680
422.000
422.320
422.640
422.960
423.280
423.600
423.920
424.240
424.570
424.880
425.210
