0.150
0.440	1
0.720
1.000
1.280
1.560	1
1.840
2.120
2.400
2.680	1
2.960
3.230
3.510
3.790	1
4.070
4.350
4.640
4.920	1
5.210
5.500
5.790
6.070	1
6.360
6.650
6.930
7.210	1
7.490
7.770
8.050
8.330	1
8.620
8.900
9.180
9.460	1
9.750
10.040
10.330
10.620	1
10.900
11.180
11.470
11.750	1
12.020
12.310
12.580
12.870	1
13.140
13.420
13.700
13.980	1
14.260
14.550
14.830
15.120	1
15.390
15.680
15.960
16.240	1
16.510
16.800
17.070
17.360	1
17.640
17.920
18.210
18.500	1
18.780
19.070
19.350
19.630	1
19.910
20.190
20.470
20.750	1
21.040
21.320
21.600
21.880	1
22.150
22.440
22.710
22.990	1
23.290
23.580
23.870
24.140	1
24.430
24.700
24.990
25.270	1
25.560
25.840
26.130
26.410	1
26.680
26.960
27.240
27.520	1
27.810
28.080
28.370
28.650	1
28.930
29.210
29.490
29.760	1
30.040
30.320
30.600
30.880	1
31.160
31.440
31.720
32.000	1
32.280
32.560
32.840
33.130	1
33.410
33.680
33.960
34.240	1
34.520
34.810
35.090
35.380	1
35.660
35.950
36.240
36.510	1
36.800
37.070
37.350
37.640	1
37.930
38.210
38.510
38.780	1
39.070
39.340
39.620
39.910	1
40.180
40.470
40.750
41.030	1
41.310
41.590
41.870
42.170	1
42.450
42.740
43.020
43.300	1
43.570
43.850
44.130
44.410	1
44.690
44.970
45.260
45.530	1
45.810
46.090
46.390
46.680	1
46.950
47.230
47.510
47.790	1
48.090
48.370
48.650
48.940	1
49.220
49.490
49.770
50.050	1
50.330
50.620
50.900
51.180	1
51.460
51.740
52.020
52.300	1
52.590
52.870
53.160
53.430	1
53.710
53.990
54.280
54.560	1
54.840
55.130
55.420
55.700	1
55.990
56.270
56.550
56.830	1
57.120
57.400
57.670
57.950	1
58.230
58.510
58.790
59.070	1
59.360
59.640
59.920
60.190	1
60.470
60.760
61.030
61.310	1
61.587
61.863
62.140
62.410	1
62.680
62.955
63.230
63.490	1
63.750
64.035
64.320
64.590	1
64.860
65.140
65.420
65.690	1
65.960
66.240
66.520
66.795	1
67.070
67.345
67.620
67.895	1
68.170
68.445
68.720
68.995	1
69.270
69.555
69.840
70.135	1
70.430
70.715
71.000
71.285	1
71.570
71.845
72.120
72.395	1
72.670
72.955
73.240
73.520	1
73.800
74.075
74.350
74.620	1
74.890
75.165
75.440
75.715	1
75.990
76.275
76.560
76.840	1
77.120
77.405
77.690
77.980	1
78.270
78.555
78.840
79.120	1
79.400
79.690
79.980
80.270	1
80.560
80.835
81.110
81.395	1
81.680
81.965
82.250
82.535	1
82.820
83.100
83.380
83.650	1
83.920
84.200
84.480
84.765	1
85.050
85.325
85.600
85.880	1
86.160
86.440
86.720
87.010	1
87.300
87.580
87.860
88.145	1
88.430
88.715
89.000
89.285	1
89.570
89.855
90.140
90.410	1
90.680
90.965
91.250
91.525	1
91.800
92.080
92.360
92.645	1
92.930
93.215
93.500
93.775	1
94.050
94.330
94.610
94.895	1
95.180
95.465
95.750
96.025	1
96.300
96.580
96.860
97.145	1
97.430
97.720
98.010
98.285	1
98.560
98.860
99.160
99.440	1
99.720
100.015
100.310
100.595	1
100.880
101.165
101.450
101.735	1
102.020
102.305
102.590
102.870	1
103.150
103.430
103.710
103.990	1
104.270
104.555
104.840
105.120	1
105.400
105.680
105.960
106.240	1
106.520
106.805
107.090
107.365	1
107.640
107.920
108.200
108.480	1
108.760
109.045
109.330
109.610	1
109.890
110.160
110.430
110.715	1
111.000
111.280
111.560
111.845	1
112.130
112.400
112.670
112.955	1
113.240
113.530
113.820
114.100	1
114.380
114.660
114.940
115.220	1
115.500
115.775
116.050
116.335	1
116.620
116.895
117.170
117.455	1
117.740
118.020
118.300
118.585	1
118.870
119.150
119.430
119.700	1
119.970
120.255
120.540
120.810	1
121.080
121.360
121.640
121.920	1
122.200
122.475
122.750
123.030	1
123.310
123.590
123.870
124.150	1
124.430
124.715
125.000
125.285	1
125.570
125.845
126.120
126.395	1
126.670
126.955
127.240
127.515	1
127.790
128.065
128.340
128.620	1
128.900
129.175
129.450
129.720	1
129.990
130.265
130.540
130.815	1
131.090
131.370
131.650
131.925	1
132.200
132.470
132.740
133.015	1
133.290
133.555
133.820
134.095	1
134.370
134.640
134.910
135.180	1
135.450
135.720
135.990
136.255	1
136.520
136.780
137.040
137.305	1
137.570
137.830
138.090
138.350	1
138.610
138.885
139.160
139.445	1
139.730
140.005
140.280
140.555	1
140.830
141.110
141.390
141.665	1
141.940
142.220
142.500
142.760	1
143.020
143.310
143.600
143.880	1
144.160
144.445
144.730
145.010	1
145.290
145.575
145.860
146.140	1
146.420
146.700
146.980
147.265	1
147.550
147.825
148.100
148.380	1
148.660
148.945
149.230
149.510	1
149.790
150.075
150.360
150.645	1
150.930
151.215
151.500
151.780	1
152.060
152.340
152.620
152.905	1
153.190
153.475
153.760
154.050	1
154.340
154.620
154.900
155.180	1
155.460
155.740
156.020
156.290	1
156.560
156.835
157.110
157.390	1
157.670
157.955
158.240
158.520	1
158.800
159.085
159.370
159.650	1
159.930
160.215
160.500
160.790	1
161.080
161.360
161.640
161.925	1
162.210
162.490
162.770
163.050	1
163.330
163.620
163.910
164.185	1
164.460
164.740
165.020
165.300	1
165.580
165.860
166.140
166.425	1
166.710
166.990
167.270
167.550	1
167.830
168.115
168.400
168.685	1
168.970
169.250
169.530
169.805	1
170.080
170.365
170.650
170.925	1
171.200
171.475
171.750
172.030	1
172.310
172.590
172.870
173.150	1
173.430
173.710
173.990
174.270	1
174.550
174.830
175.110
175.390	1
175.670
175.945
176.220
176.500	1
176.780
177.065
177.350
177.630	1
177.910
178.185
178.460
178.735	1
179.010
179.290
179.570
179.855	1
180.140
180.415
180.690
180.965	1
181.240
181.520
181.800
182.070	1
182.340
182.610
182.880
183.150	1
183.420
183.700
183.980
184.265	1
184.550
184.835
185.120
185.400	1
185.680
185.960
186.240
186.520	1
186.800
187.080
187.360
187.640	1
187.920
188.195
188.470
188.755	1
189.040
189.315
189.590
189.875	1
190.160
190.430
190.700
190.985	1
191.270
191.545
191.820
192.090	1
192.360
192.635
192.910
193.180	1
193.450
193.730
194.010
194.295	1
194.580
194.860
195.140
195.420	1
195.700
195.980
196.260
196.540	1
196.820
197.105
197.390
197.665	1
197.940
198.220
198.500
198.780	1
199.060
199.340
199.620
199.890	1
200.160
200.445
200.730
200.995	1
201.260
201.545
201.830
202.120	1
