0.040
1.120
2.150
3.190
4.300
5.300
6.360
7.410
8.400
9.460
10.430
11.370
12.330
13.280
14.160
15.090
16.100
17.070
18.040
19.110
20.110
21.070
21.910
22.830
23.660
24.540
25.420
26.240
27.030
27.840
28.650
29.350
30.040
30.730
31.450
32.190
32.890
33.530
34.230
34.920
35.560
36.270
36.910
37.580
38.170
38.820
39.440
40.050
40.650
41.280
41.940
42.540
43.180
43.800
44.450
45.030
45.630
46.230
46.800
47.400
48.010
48.630
49.240
49.870
50.460
51.070
51.650
52.270
52.870
53.440
54.060
54.650
55.270
55.900
56.500
57.110
57.710
58.330
58.950
59.530
60.140
60.770
61.370
62.000
62.600
63.210
63.820
64.420
65.050
65.640
66.230
66.820
67.460
68.040
68.650
69.270
69.900
70.470
71.100
71.670
72.300
72.900
73.480
74.070
74.690
75.270
75.870
76.500
77.080
77.700
78.280
78.870
79.490
80.120
80.730
81.300
81.900
82.500
83.140
83.740
84.340
84.990
85.610
86.210
86.820
87.440
88.100
88.730
89.390
90.000
90.630
91.260
91.910
92.510
93.150
93.790
94.390
95.020
95.650
96.250
96.880
97.530
98.170
98.800
99.430
100.070
100.700
101.310
101.930
102.590
103.190
103.810
104.450
105.040
105.690
106.300
106.920
107.530
108.160
108.800
109.430
110.070
110.680
111.300
111.940
112.570
113.220
113.810
114.420
115.050
115.640
116.240
116.880
117.490
118.150
118.780
119.410
120.020
120.640
121.240
121.880
122.490
123.090
123.690
124.350
125.000
125.640
126.260
126.880
127.510
128.140
128.810
129.460
130.120
130.760
131.370
132.020
132.650
133.210
133.820
134.400
134.970
135.530
136.090
136.660
137.250
137.830
138.400
139.020
139.680
140.300
140.890
141.530
142.120
142.720
143.360
143.940
144.580
145.180
145.770
146.410
147.020
147.610
148.250
148.890
149.550
150.260
150.930
151.660
152.290
152.960
153.600
154.230
154.870
155.490
156.140
156.750
157.340
157.960
158.560
159.160
159.790
160.400
161.010
161.630
162.240
162.840
163.440
164.100
164.710
165.340
165.960
166.600
167.210
167.830
168.450
169.110
169.730
170.370
171.010
171.640
172.270
172.940
173.580
174.190
174.830
175.480
176.160
176.810
177.460
178.080
178.730
179.390
180.040
180.670
181.310
181.950
182.580
183.240
183.920
184.530
185.180
185.820
186.470
187.120
187.740
188.370
189.010
189.660
190.300
190.940
191.600
192.250
192.910
193.540
194.180
194.830
195.480
196.120
196.760
197.390
198.030
198.630
199.250
199.900
200.510
201.180
201.810
202.470
203.100
203.770
204.430
205.060
205.700
206.320
206.990
207.600
208.230
208.890
209.510
210.180
210.790
211.440
212.050
212.710
213.310
213.950
214.570
215.210
215.840
216.480
217.110
217.740
218.330
218.950
219.580
220.170
220.810
221.430
222.080
222.700
223.330
223.970
224.600
225.210
225.830
226.500
227.140
227.750
228.390
229.050
229.680
230.270
230.920
231.520
232.160
232.800
233.430
234.060
234.670
235.310
235.930
236.560
237.200
237.840
238.490
239.100
239.730
240.390
241.010
241.670
242.270
242.920
243.560
244.190
244.800
245.450
246.040
246.650
247.260
247.890
248.520
249.160
249.790
250.420
251.020
251.650
252.250
252.890
253.510
254.120
254.750
255.400
256.020
256.650
257.260
257.880
258.500
259.130
259.740
260.370
260.980
261.580
262.200
262.820
263.440
264.050
264.650
265.290
265.910
266.550
267.190
267.830
268.440
269.060
269.690
270.350
270.960
271.610
272.190
272.800
273.460
274.080
274.700
275.330
275.960
276.590
277.210
277.850
278.480
279.130
279.760
280.360
280.990
281.600
282.210
282.850
283.470
284.080
284.650
285.260
285.920
286.540
287.160
287.800
288.410
289.040
289.650
290.260
290.890
291.490
292.110
292.750
293.370
294.000
294.610
295.270
295.900
296.540
297.160
297.810
298.420
299.070
299.680
300.310
300.950
301.560
302.200
302.840
303.450
304.140
304.770
305.430
306.070
306.740
307.360
308.000
308.630
309.290
309.920
310.550
311.200
311.830
312.450
313.050
313.680
314.280
314.900
315.520
316.140
316.760
317.380
318.000
318.610
319.260
319.860
320.480
321.100
321.740
322.360
322.980
323.570
324.200
324.840
325.470
326.090
326.710
327.320
327.930
328.540
329.160
329.780
330.420
331.030
331.630
332.250
332.880
333.500
334.120
334.750
335.360
335.970
336.590
337.190
337.810
338.430
339.030
339.640
340.260
340.860
341.470
342.070
342.670
343.300
343.920
344.530
345.140
345.740
346.360
346.940
347.570
348.200
348.850
349.470
350.110
350.740
351.380
352.030
352.660
353.280
353.880
354.530
355.130
355.790
356.410
357.030
357.660
358.290
358.940
359.560
360.190
360.800
361.460
362.070
362.690
363.350
363.960
364.620
365.230
365.880
366.540
367.160
367.800
368.450
369.060
369.690
370.310
370.950
371.580
372.220
372.850
373.490
374.110
374.730
375.380
376.010
376.650
377.280
377.920
378.560
379.160
379.810
380.450
381.080
381.750
382.390
383.010
383.640
384.270
384.940
385.550
386.210
386.850
387.470
388.120
388.750
389.420
390.050
390.700
391.340
391.980
392.600
393.230
393.880
394.520
395.110
395.760
396.360
397.010
397.620
398.270
398.910
399.550
400.190
400.830
401.450
402.110
402.720
403.340
403.980
404.650
405.290
405.900
406.540
407.220
407.850
408.530
409.150
409.830
410.450
411.080
411.740
412.360
413.030
413.660
414.300
414.930
415.520
416.170
416.760
417.390
418.000
418.580
419.220
419.840
420.490
421.110
421.770
422.380
423.020
423.660
424.330
424.930
425.570
426.210
426.850
427.470
428.070
428.700
429.310
429.950
430.580
431.210
431.890
432.550
433.220
433.850
434.470
435.100
435.710
436.370
437.020
437.650
438.300
438.980
439.660
440.310
440.930
441.570
442.210
442.920
443.600
444.270
444.890
445.550
446.190
446.800
447.460
448.110
448.720
449.390
450.030
450.670
451.310
451.940
452.590
453.210
453.850
454.490
455.150
455.760
456.430
457.040
457.710
458.340
458.960
459.580
460.210
460.840
461.470
462.110
462.720
463.360
464.000
464.660
465.280
465.950
466.560
467.220
467.870
468.500
469.120
469.780
470.420
471.050
471.750
472.410
473.040
473.690
474.340
474.990
475.650
476.280
476.890
477.490
478.110
478.690
479.280
479.900
480.480
481.060
481.680
482.270
482.850
483.470
484.080
484.680
485.330
486.020
486.740
487.470
488.150
488.800
489.440
490.140
490.780
491.460
492.090
492.780
493.450
494.010
494.580
495.190
495.760
496.300
496.880
497.470
498.120
498.740
499.350
499.940
500.570
501.160
501.740
502.380
503.030
503.640
504.260
504.890
505.550
506.170
506.780
507.390
508.040
508.660
509.290
509.900
510.580
511.220
511.910
512.680
513.410
514.050
514.710
515.350
515.990
516.640
517.280
517.920
518.560
519.190
519.840
520.460
521.130
521.790
522.420
523.040
523.690
524.330
524.960
525.590
526.200
526.830
527.460
528.120
528.760
529.380
530.010
530.660
531.310
531.920
532.570
533.230
533.890
534.530
535.170
535.820
536.470
537.150
537.810
538.430
539.110
539.780
540.440
541.040
541.690
542.310
542.950
543.560
544.220
544.860
545.490
546.150
546.790
547.420
548.090
548.710
549.380
550.030
550.680
551.340
551.980
552.620
553.240
553.870
554.560
555.220
555.860
556.520
557.170
557.830
558.470
559.130
559.770
560.400
561.050
561.710
562.370
563.020
563.640
564.320
564.930
565.600
566.230
566.860
567.500
568.190
568.820
569.440
570.060
570.720
571.320
571.960
572.610
573.210
573.840
574.490
575.170
575.810
576.420
577.070
577.700
578.360
579.030
579.780
580.470
581.160
581.870
582.590
583.300
584.030
584.650
585.290
585.880
586.490
587.080
587.740
588.360
589.060
589.710
590.400
591.050
591.700
592.410
593.100
593.840
594.480
595.110
595.730
596.370
597.040
597.650
598.320
598.930
599.570
600.230
600.870
601.520
602.140
602.770
603.390
604.000
604.600
605.230
605.880
606.540
607.180
607.810
608.500
609.210
609.940
610.630
611.340
612.060
612.730
613.390
614.140
614.820
615.560
616.280
617.000
617.730
618.430
