0.600
1.520
2.410
3.190
4.030
4.860
5.750
6.570
7.480
8.330
9.280
10.170
11.130
11.940
12.810
13.630
14.530
15.330
16.200
17.000
17.870
18.850
19.850
20.840
21.850
22.840
23.880
24.840
25.890
26.860
27.760
28.830
29.830
30.860
31.870
32.880
33.930
34.860
35.710
36.410
37.060
37.670
38.320
38.960
39.560
40.210
40.820
41.380
41.990
42.560
43.170
43.710
44.220
44.730
45.230
45.620
46.010
46.370
46.750
47.120
47.480
47.850
48.240
48.630
49.000
49.360
49.740
50.120
50.470
50.840
51.230
51.600
52.000
52.380
52.730
53.110
53.490
53.850
54.220
54.600
54.950
55.300
55.670
56.050
56.420
56.780
57.140
57.510
57.860
58.220
58.570
58.940
59.290
59.670
60.030
60.390
60.740
61.090
61.460
61.830
62.200
62.560
62.920
63.300
63.660
64.020
64.370
64.740
65.100
65.480
65.850
66.210
66.600
66.960
67.340
67.710
68.080
68.420
68.800
69.150
69.520
69.890
70.250
70.620
70.980
71.350
71.720
72.080
72.450
72.810
73.190
73.560
73.940
74.300
74.670
75.050
75.420
75.780
76.150
76.540
76.910
77.290
77.670
78.030
78.400
78.780
79.160
79.510
79.900
80.270
80.640
81.000
81.380
81.750
82.100
82.460
82.830
83.200
83.570
83.940
84.310
84.670
85.050
85.420
85.780
86.150
86.520
86.890
87.240
87.610
87.980
88.360
88.730
89.110
89.490
89.860
90.250
90.620
91.010
91.420
91.800
92.200
92.610
93.000
93.390
93.780
94.190
94.590
94.990
95.380
95.780
96.170
96.560
96.940
97.340
97.740
98.130
98.530
98.930
99.320
99.710
100.100
100.500
100.890
101.290
101.690
102.090
102.500
102.890
103.270
103.650
104.050
104.440
104.820
105.220
105.590
105.980
106.360
106.750
107.120
107.510
107.890
108.290
108.690
109.070
109.470
109.870
110.260
110.650
111.040
111.440
111.830
112.220
112.620
113.010
113.390
113.770
114.170
114.570
114.950
115.340
115.730
116.120
116.500
116.890
117.280
117.680
118.060
118.460
118.850
119.240
119.630
120.030
120.410
120.810
121.190
121.590
121.980
122.370
122.760
123.160
123.550
123.930
124.310
124.710
125.090
125.490
125.870
126.280
126.650
127.050
127.440
127.830
128.220
128.620
129.010
129.410
129.800
130.190
130.580
130.980
131.360
131.750
132.140
132.540
132.930
133.320
133.710
134.100
134.480
134.870
135.260
135.660
136.040
136.430
136.810
137.200
137.590
137.970
138.360
138.750
139.140
139.530
139.910
140.300
140.680
141.080
141.460
141.850
142.240
142.630
143.010
143.400
143.780
144.180
144.560
144.960
145.350
145.740
146.120
146.520
146.910
147.310
147.690
148.090
148.470
148.860
149.260
149.660
150.040
150.430
150.820
151.210
151.610
152.000
152.390
152.770
153.170
153.550
153.950
154.330
154.730
155.110
155.500
155.900
156.290
156.680
157.060
157.450
157.830
158.220
158.600
159.000
159.390
159.780
160.170
160.560
160.960
161.340
161.740
162.140
162.530
162.930
163.320
163.720
164.110
164.510
164.900
165.290
165.670
166.070
166.450
166.840
167.230
167.620
168.010
168.400
168.790
169.180
169.570
169.960
170.350
170.750
171.140
171.530
171.910
172.310
172.690
173.080
173.470
173.870
174.260
174.650
175.040
175.440
175.830
176.230
176.620
177.010
177.390
177.800
178.180
178.590
178.980
179.370
179.760
180.150
180.530
180.940
181.330
181.730
182.120
182.520
182.910
183.310
183.700
184.100
184.490
184.880
185.290
185.690
186.080
186.480
186.870
187.260
187.650
188.050
188.430
188.830
189.220
189.610
190.010
190.390
190.780
191.180
191.560
191.950
192.350
192.730
193.130
193.510
193.910
194.300
194.690
195.080
195.470
195.870
196.250
196.650
197.030
197.430
197.820
198.210
198.600
198.990
199.390
199.790
200.180
200.580
200.970
201.360
201.760
202.160
202.550
202.950
203.350
203.750
204.160
204.550
204.940
205.340
205.730
206.130
206.520
206.920
207.310
207.720
208.130
208.500
208.910
209.280
209.670
210.050
210.430
210.810
211.170
211.560
211.960
212.370
212.750
213.130
213.530
213.930
214.330
214.720
215.110
215.510
215.900
216.280
216.660
217.060
217.460
217.850
218.240
218.630
219.010
219.410
219.800
220.180
220.570
220.950
221.340
221.730
222.130
222.520
222.920
223.300
223.680
224.060
224.450
224.830
225.230
225.610
226.000
226.400
226.820
227.220
227.610
228.020
228.410
228.800
229.190
229.600
230.010
230.410
230.800
231.190
231.590
231.980
232.380
232.780
233.160
233.570
233.960
234.360
234.730
235.120
235.480
235.870
236.250
236.640
237.020
237.400
237.750
238.130
238.490
238.900
239.280
239.670
240.070
240.440
240.830
241.220
241.580
241.950
242.330
242.720
243.090
243.470
243.870
244.260
244.640
245.040
245.420
245.790
246.130
246.510
246.860
247.240
247.600
247.980
248.340
248.710
249.070
249.480
249.860
250.240
250.630
251.030
251.420
251.810
252.210
252.600
252.990
253.360
253.760
254.140
254.510
254.890
255.270
255.660
256.030
256.400
256.770
257.150
257.520
257.900
258.290
258.670
259.040
259.430
259.810
260.170
260.540
260.910
261.270
261.650
262.040
262.420
262.790
263.170
263.560
263.940
264.330
264.740
265.120
265.510
265.890
266.290
266.670
267.080
267.470
267.860
268.250
268.640
269.030
269.420
269.800
270.190
270.580
270.970
271.350
271.730
272.120
272.490
272.890
273.270
273.640
274.010
274.400
274.790
275.170
275.550
275.950
276.340
276.720
277.110
277.500
277.890
278.280
278.670
279.060
279.460
279.860
280.260
280.650
281.050
281.440
281.850
282.250
282.660
283.040
283.450
283.840
284.230
284.620
285.020
285.400
285.800
286.190
286.590
286.980
287.370
287.760
288.160
288.540
288.950
289.360
289.760
290.150
290.530
290.930
291.300
291.690
292.080
292.480
292.850
293.250
293.610
293.990
294.390
294.760
295.170
295.570
295.960
296.350
296.760
297.190
297.600
298.010
298.400
298.830
299.220
299.650
300.040
300.460
300.890
301.300
301.720
302.140
302.560
303.010
303.440
303.860
304.290
304.730
305.160
305.570
306.000
306.440
306.860
307.320
307.760
308.180
308.660
309.140
309.590
310.080
310.530
311.020
311.470
311.940
312.410
312.880
313.350
313.840
314.310
314.760
