0.470
1.100
1.770
2.390
3.050
3.670
4.350
5.010
5.630
6.320
7.040
7.720
8.380
9.080
9.770
10.450
11.070
11.730
12.400
13.030
13.670
14.390
15.140
15.870
16.600
17.320
18.070
18.750
19.460
20.180
20.920
21.640
22.410
23.200
23.980
24.720
25.520
26.320
27.130
27.980
28.870
29.770
30.630
31.490
32.480
33.470
34.410
35.440
36.550
37.620
38.610
39.690
40.710
41.750
42.750
43.830
44.850
45.900
46.990
48.070
49.100
50.110
51.090
52.120
53.140
54.150
55.130
56.130
57.150
58.020
58.910
59.830
60.750
61.640
62.510
63.470
64.460
65.440
66.370
67.400
68.370
69.290
70.250
71.230
72.190
72.990
73.850
74.710
75.550
76.380
77.380
78.440
79.440
80.420
81.430
82.500
83.480
84.390
85.370
86.260
87.220
88.090
88.990
89.810
90.690
91.620
92.570
93.550
94.520
95.380
96.280
97.250
98.140
99.110
100.060
100.980
101.950
102.870
103.830
104.750
105.660
106.600
107.540
108.530
109.470
110.390
111.340
112.310
113.230
114.190
115.140
116.050
116.960
