0.460
0.920
1.390
1.860
2.330
2.810
3.260
3.740
4.200
4.730
5.210
5.730
6.230
6.710
7.190
7.680
8.140
8.610
9.060
9.530
9.980
10.440
10.910
11.370
11.830
12.280
12.740
13.220
13.680
14.140
14.600
15.080
15.530
16.000
16.450
16.920
17.380
17.840
18.300
18.770
19.230
19.700
20.170
20.650
21.110
21.570
22.030
22.500
22.960
23.420
23.870
24.330
24.800
25.250
25.710
26.170
26.630
27.100
27.560
28.020
28.480
28.930
29.400
29.860
30.310
30.790
31.250
31.710
32.170
32.640
33.110
33.580
34.030
34.510
34.970
35.440
35.910
36.370
36.840
37.300
37.760
38.220
38.670
39.140
39.600
40.060
40.510
40.980
41.430
41.890
42.350
42.820
43.280
43.740
44.210
44.670
45.130
45.600
46.070
46.540
46.990
47.460
47.920
48.390
48.850
49.300
49.770
50.230
50.720
51.180
51.650
52.120
52.590
53.050
53.520
53.980
54.470
54.930
55.400
55.870
56.320
56.790
57.260
57.730
58.200
58.660
59.140
59.610
60.090
60.570
61.030
61.520
61.990
62.470
62.930
63.400
63.860
64.340
64.810
65.280
65.770
66.250
66.720
67.190
67.660
68.140
68.600
69.060
69.510
69.980
70.430
70.890
71.340
71.800
72.250
72.720
73.180
73.630
74.090
74.550
75.000
75.470
75.930
76.380
76.830
77.300
77.750
78.210
78.670
79.130
79.590
80.060
80.520
80.970
81.430
81.890
82.350
82.810
83.270
83.750
84.210
84.670
85.120
85.580
86.020
86.480
86.930
87.390
87.850
88.300
88.760
89.220
89.670
90.140
90.590
91.060
91.520
91.970
92.420
92.890
93.340
93.790
94.260
94.720
95.190
95.660
96.120
96.590
97.040
97.510
97.970
98.430
98.920
99.390
99.850
100.320
100.780
101.250
101.710
102.180
102.640
103.100
103.560
104.030
104.490
104.950
105.400
105.880
106.340
106.800
107.260
107.730
108.170
108.620
109.080
109.550
110.010
110.480
110.940
111.410
111.870
112.340
112.800
113.270
113.730
114.210
114.670
115.120
115.580
116.030
116.490
116.960
117.410
117.860
118.320
118.780
119.250
119.720
120.180
120.640
121.100
121.560
122.030
122.500
122.960
123.420
123.890
124.340
124.810
125.270
125.730
126.200
126.640
127.120
127.580
128.060
128.530
129.000
129.440
129.910
130.370
130.820
131.290
131.760
132.220
132.670
133.130
133.580
134.040
134.500
134.960
135.420
135.890
136.340
136.800
137.270
137.730
138.190
138.640
139.100
139.560
140.030
140.480
140.940
141.390
141.860
142.330
142.820
143.280
143.750
144.220
144.680
145.160
145.610
146.080
146.540
147.010
147.470
147.940
148.400
148.880
149.370
149.860
150.330
150.810
151.270
151.760
152.230
152.700
153.180
153.670
154.140
154.610
155.080
155.550
156.030
156.490
156.970
157.440
157.880
158.360
158.810
159.280
159.720
160.180
160.640
161.100
161.560
162.040
