0.490
1.050
1.570
2.130
2.670
3.210
3.750
4.330
4.860
5.450
6.040
6.600
7.180
7.800
8.400
9.010
9.550
10.080
10.630
11.160
11.680
12.220
12.770
13.310
13.850
14.390
14.920
15.430
15.990
16.520
17.060
17.580
18.130
18.660
19.200
19.700
20.260
20.780
21.300
21.840
22.390
22.920
23.440
23.990
24.550
25.090
25.630
26.150
26.680
27.220
27.790
28.300
28.840
29.370
29.880
30.400
30.920
31.450
31.970
32.470
33.010
33.550
34.070
34.620
35.130
35.660
36.220
36.770
37.300
37.810
38.360
38.870
39.430
39.970
40.490
41.030
41.550
42.090
42.620
43.170
43.710
44.210
44.770
45.280
45.800
46.340
46.870
47.410
47.940
48.440
48.990
49.510
50.020
50.570
51.090
51.640
52.200
52.790
53.370
53.920
54.430
54.990
55.530
56.070
56.580
57.140
57.670
58.210
58.790
59.330
59.860
60.400
60.930
61.470
62.010
62.550
63.060
63.590
64.120
64.660
65.180
65.730
66.260
66.780
67.300
67.820
68.350
68.880
69.400
69.920
70.450
70.980
71.490
72.030
72.550
73.090
73.610
74.150
74.680
75.190
75.700
76.230
76.770
77.300
77.810
78.330
78.870
79.390
79.910
80.440
80.970
81.480
81.990
82.520
83.040
83.560
84.080
84.610
85.140
85.660
86.190
86.700
87.230
87.750
88.290
88.820
89.350
89.880
90.410
90.930
91.480
91.990
92.520
93.060
93.580
94.110
94.640
95.160
95.690
96.210
96.730
97.260
97.780
98.300
98.830
99.360
99.890
100.410
100.930
101.460
101.980
102.500
103.030
103.550
104.080
104.600
105.120
105.650
106.170
106.700
107.230
107.750
108.280
108.780
109.300
109.820
110.330
110.850
111.370
111.880
112.400
112.940
113.440
113.960
114.470
115.000
115.520
116.040
116.560
117.090
117.610
118.140
118.680
119.190
119.720
120.240
120.770
121.290
121.810
122.330
122.840
123.360
123.880
124.410
124.920
125.430
125.940
126.480
127.000
127.530
128.050
128.580
129.100
129.620
130.150
130.680
131.210
131.730
132.250
132.780
133.320
133.830
134.360
134.880
135.400
135.920
136.430
136.960
137.480
138.000
138.530
139.060
139.560
140.090
140.600
141.130
141.650
142.180
142.710
143.230
143.760
144.280
144.790
145.310
145.840
146.360
146.880
147.410
147.930
148.450
148.960
149.480
150.000
150.540
151.050
151.580
152.090
152.630
153.140
153.680
154.200
154.710
155.230
155.750
156.290
156.820
157.350
157.880
158.410
158.930
159.450
159.970
160.490
161.010
161.530
162.050
162.570
163.090
163.610
164.140
164.650
165.160
165.680
166.200
166.710
167.230
167.750
168.260
168.790
169.290
169.800
170.330
170.840
171.360
171.870
172.390
172.900
173.420
173.930
174.440
174.980
175.480
175.990
176.520
177.040
177.550
178.060
178.570
179.070
179.570
180.070
180.580
181.100
181.610
182.120
182.640
183.150
183.670
184.180
184.700
185.200
185.730
186.250
186.760
187.290
187.820
188.330
188.850
189.350
189.860
190.380
190.910
191.410
191.940
192.450
192.950
193.480
193.980
194.500
195.020
195.510
196.050
196.570
197.080
197.610
198.110
198.620
199.140
199.680
200.200
200.720
201.240
201.770
202.310
202.830
203.360
203.860
204.390
204.910
205.430
205.950
206.470
206.980
207.510
208.020
208.550
209.070
209.590
210.100
210.630
211.130
211.680
212.190
212.710
213.230
213.760
214.270
214.760
215.280
215.810
216.320
216.860
217.360
217.870
218.400
218.910
219.430
219.970
220.460
220.980
221.500
222.020
222.550
223.060
223.570
224.100
224.590
225.120
225.640
226.120
226.640
227.180
227.700
228.220
228.730
229.250
229.760
230.280
230.800
231.320
231.840
232.360
232.870
233.400
233.910
234.430
234.950
235.460
236.000
236.530
237.050
237.570
238.090
238.620
239.150
239.660
240.160
240.680
241.210
241.730
242.240
242.750
243.280
243.800
244.320
244.840
245.360
245.900
246.420
246.940
247.470
247.970
248.490
249.000
249.520
250.030
250.550
251.060
251.560
252.080
252.590
253.110
253.630
254.140
254.650
255.180
255.700
256.190
256.720
257.230
257.750
258.280
258.800
259.320
259.840
260.350
260.860
261.380
261.910
262.420
262.940
263.460
264.010
264.610
265.130
265.650
266.200
266.700
267.180
267.690
268.220
268.740
269.290
269.810
270.300
270.810
271.320
271.830
272.300
272.750
273.240
273.760
274.290
274.800
275.360
275.890
276.390
276.910
277.400
277.890
278.430
278.920
279.430
279.970
280.490
281.010
281.540
282.090
282.620
283.120
283.660
284.160
284.640
285.140
285.640
286.180
286.710
287.210
287.740
288.310
288.850
289.370
289.890
290.420
290.960
291.470
291.940
292.440
292.970
293.480
294.020
294.510
295.050
295.560
296.190
296.790
297.420
297.910
298.450
298.960
299.490
300.000
300.520
301.050
301.550
302.020
302.440
302.860
303.250
303.680
304.070
304.500
304.890
305.330
305.750
306.170
306.590
306.990
307.420
307.830
308.270
308.690
309.090
309.510
309.930
310.370
310.780
311.210
