0.540	1
0.855
1.170
1.475
1.780	1
2.080
2.380
2.690
3.000	1
3.305
3.610
3.915
4.220	1
4.530
4.840
5.140
5.440	1
5.745
6.050
6.360
6.670	1
6.965
7.260
7.560
7.860	1
8.170
8.480
8.780
9.080	1
9.374
9.669
9.963
10.258	1
10.576
10.894
11.212
11.530	1
11.820
12.130
12.440
12.740	1
13.040
13.350
13.660
13.970	1
14.280
14.580
14.880
15.175	1
15.470
15.775
16.080
16.400	1
16.720
17.020
17.320
17.625	1
17.930
18.240
18.550
18.850	1
19.150
19.455
19.760
20.065	1
20.370
20.675
20.980
21.275	1
21.570
21.880
22.190
22.490	1
22.790
23.095
23.400
23.705	1
24.010
24.305
24.600
24.915	1
25.230
25.530
25.830
26.140	1
26.450
26.750
27.050
27.360	1
27.670
27.980
28.290
28.585	1
28.880
29.185
29.490
29.795	1
30.100
30.405
30.710
31.015	1
31.320
31.630
31.940
32.245	1
32.550
32.855
33.160
33.460	1
33.760
34.065
34.370
34.670	1
34.970
35.265
35.560
35.860	1
36.160
36.460
36.760
37.065	1
37.370
37.670
37.970
38.270	1
38.570
38.870
39.170
39.475	1
39.780
40.080
40.380
40.675	1
40.970
41.270
41.570
41.880	1
42.190
42.490
42.790
43.080	1
43.370
43.670
43.970
44.270	1
44.570
44.880
45.190
45.510	1
45.830
46.130
46.430
46.740	1
47.050
47.350
47.650
47.955	1
48.260
48.550
48.840
49.140	1
49.440
49.740
50.040
50.345	1
50.650
50.950
51.250
51.550	1
51.850
52.150
52.450
52.750	1
53.050
53.345
53.640
53.940	1
54.240
54.545
54.850
55.155	1
55.460
55.760
56.060
56.360	1
56.660
56.965
57.270
57.570	1
57.870
58.175
58.480
58.780	1
59.080
59.380
59.680
59.980	1
60.280
60.575
60.870
61.170	1
61.470
61.770
62.070
62.375	1
62.680
62.970
63.260
63.550	1
63.840
64.145
64.450
64.750	1
65.050
65.345
65.640
65.940	1
66.240
66.535
66.830
67.135	1
67.440
67.735
68.030
68.320	1
68.610
68.910
69.210
69.510	1
69.810
70.100
70.390
70.690	1
70.990
71.290
71.590
71.885	1
72.180
72.470
72.760
73.065	1
73.370
73.665
73.960
74.255	1
74.550
74.850
75.150
75.450	1
75.750
76.035
76.320
76.620	1
76.920
77.220
77.520
77.810	1
78.100
78.395
78.690
78.980	1
79.270
79.565
79.860
80.160	1
80.460
80.755
81.050
81.345	1
81.640
81.950
82.260
82.545	1
82.830
83.135
83.440
83.745	1
84.050
84.355
84.660
84.960	1
85.260
85.560
85.860
86.165	1
86.470
86.770
87.070
87.380	1
87.690
87.990
88.290
88.595	1
88.900
89.205
89.510
89.810	1
90.110
90.415
90.720
91.025	1
91.330
91.630
91.930
92.225	1
92.520
92.820
93.120
93.425	1
93.730
94.025
94.320
94.620	1
94.920
95.220
95.520
95.815	1
96.110
96.410
96.710
97.000	1
97.290
97.590
97.890
98.190	1
98.490
98.775
99.060
99.360	1
99.660
99.955
100.250
100.540	1
100.830
101.135
101.440
101.730	1
102.020
102.315
102.610
102.910	1
103.210
103.505
103.800
104.100	1
104.400
104.695
104.990
105.280	1
105.570
105.875
106.180
106.465	1
106.750
107.045
107.340
107.640	1
107.940
108.240
108.540
108.835	1
109.130
109.420
109.710
110.015	1
110.320
110.610
110.900
111.195	1
111.490
111.790
112.090
112.385	1
112.680
112.980
113.280
113.575	1
113.870
114.170
114.470
114.775	1
115.080
115.380
115.680
115.980	1
116.280
116.575
116.870
117.170	1
117.470
117.770
118.070
118.365	1
118.660
118.970
119.280
119.565	1
119.850
120.120
120.390
120.700	1
121.010
121.320
121.630
121.930	1
122.230
122.535
122.840
123.130	1
123.420
123.720
124.020
124.315	1
124.610
124.915
125.220
125.520	1
125.820
126.120
126.420
126.725	1
127.030
127.325
127.620
127.915	1
128.210
128.510
128.810
129.110	1
129.410
129.705
130.000
130.300	1
130.600
130.895
131.190
131.490	1
131.790
132.095
132.400
132.690	1
132.980
133.285
133.590
133.880	1
134.170
134.470
134.770
135.070	1
135.370
135.665
135.960
136.255	1
136.550
136.850
137.150
137.440	1
137.730
138.020
138.310
138.605	1
138.900
139.205
139.510
139.795	1
140.080
140.385
140.690
140.975	1
141.260
141.555
141.850
142.155	1
142.460
142.755
143.050
143.335	1
143.620
143.915
144.210
144.505	1
144.800
145.100
145.400
145.700	1
146.000
146.290
146.580
146.870	1
147.160
147.460
147.760
148.050	1
148.340
148.630
148.920
149.220	1
149.520
149.810
150.100
150.400	1
150.700
150.995
151.290
151.580	1
151.870
152.160
152.450
152.745	1
153.040
153.330
153.620
153.920	1
154.220
154.515
154.810
155.105	1
155.400
155.695
155.990
156.280	1
156.570
156.860
157.150
157.435	1
157.720
158.010
158.300
158.590	1
158.880
159.180
159.480
159.775	1
160.070
160.360
160.650
160.950	1
161.250
161.550
161.850
162.150	1
162.450
162.735
163.020
163.315	1
163.610
163.905
164.200
164.495	1
164.790
165.085
165.380
165.670	1
165.960
166.250
166.540
166.835	1
167.130
167.425
167.720
168.010	1
168.300
168.595
168.890
169.195	1
169.500
169.780
170.060
170.365	1
170.670
170.970
171.270
171.560	1
171.850
172.140
172.430
172.720	1
173.010
173.305
173.600
173.895	1
174.190
174.485
174.780
175.080	1
175.380
175.670
175.960
176.250	1
176.540
176.845
177.150
177.425	1
177.700
177.995
178.290
178.585	1
178.880
179.165
179.450
179.740	1
180.030
180.315
180.600
180.900	1
181.200
181.490
181.780
182.065	1
182.350
182.645
182.940
183.235	1
183.530
183.815
184.100
184.395	1
184.690
184.965
185.240
185.540	1
185.840
186.125
186.410
186.705	1
187.000
187.280
187.560
187.850	1
188.140
188.435
188.730
189.020	1
189.310
189.595
189.880
190.170	1
190.460
190.745
191.030
191.325	1
191.620
191.905
192.190
192.475	1
192.760
193.050
193.340
193.610	1
193.880
194.170
194.460
194.735	1
195.010
195.300
195.590
195.875	1
196.160
196.450
196.740
197.035	1
197.330
197.615
197.900
198.190	1
198.480
198.770
199.060
199.345	1
199.630
199.925
200.220
200.515	1
200.810
201.080
201.350
201.640	1
201.930
202.220
202.510
202.790	1
203.070
203.360
203.650
203.935	1
204.220
204.500
204.780
205.060	1
205.340
205.635
205.930
206.215	1
206.500
206.785
207.070
207.360	1
207.650
207.930
208.210
208.500	1
208.790
209.075
209.360
209.650	1
209.940
210.235
210.530
210.815	1
211.100
211.390
211.680
211.965	1
212.250
212.535
212.820
213.110	1
213.400
213.695
213.990
214.265	1
214.540
214.830
215.120
215.410	1
215.700
215.990
216.280
216.565	1
216.850
217.140
217.430
217.715	1
218.000
218.290
218.580
218.855	1
219.130
219.415
219.700
219.985	1
220.270
220.560
220.850
221.120	1
221.390
221.680
221.970
222.255	1
222.540
222.830
223.120
223.405	1
223.690
223.975
224.260
224.550	1
224.840
225.120
225.400
225.685	1
225.970
226.250
226.530
226.815	1
227.100
227.385
227.670
227.945	1
228.220
228.505
228.790
229.085	1
229.380
229.660
229.940
230.220	1
230.500
230.785
231.070
231.355	1
231.640
231.925
232.210
232.500	1
232.790
233.080
233.370
233.650	1
233.930
234.215
234.500
234.780	1
235.060
235.350
235.640
235.935	1
236.230
236.500
236.770
237.060	1
237.350
237.635
237.920
238.205	1
238.490
238.775
239.060
239.340	1
239.620
239.900
240.180
240.460	1
240.740
241.020
241.300
241.575	1
241.850
242.145
242.440
242.720	1
243.000
243.275
243.550
243.830	1
244.110
244.395
244.680
244.965	1
245.250
245.535
245.820
246.100	1
246.380
246.660
246.940
247.225	1
247.510
247.795
248.080
248.370	1
248.660
248.950
249.240
249.520	1
249.800
250.085
250.370
250.655	1
250.940
251.230
251.520
251.810	1
252.100
252.390
252.680
252.960	1
253.240
253.530
253.820
254.105	1
254.390
254.675
254.960
255.245	1
255.530
255.810
256.090
256.380	1
256.670
256.945
257.220
257.520	1
257.820
258.090
258.360
258.645	1
258.930
259.215
259.500
259.785	1
260.070
260.350
260.630
260.920	1
261.210
261.495
261.780
262.055	1
262.330
262.610
262.890
263.170	1
263.450
263.725
264.000
264.280	1
264.560
264.840
265.120
265.405	1
265.690
265.980
266.270
266.545	1
266.820
267.100
267.380
267.665	1
267.950
268.235
268.520
268.800	1
269.080
269.370
269.660
269.955	1
270.250
270.545
270.840
271.125	1
271.410
271.700
271.990
272.280	1
272.570
272.855
273.140
273.425	1
273.710
274.000
274.290
274.565	1
274.840
275.110
275.380
275.670	1
275.960
276.260
276.560
276.845	1
277.130
277.430
277.730
278.010	1
278.290
278.595
278.900
279.190	1
279.480
279.775
280.070
280.360	1
280.650
280.935
281.220
281.520	1
281.820
282.095
282.370
282.670	1
282.970
283.255
283.540
283.840	1
284.140
284.430
284.720
285.020	1
285.320
285.600
285.880
286.165	1
286.450
286.745
287.040
287.335	1
287.630
287.915
288.200
288.490	1
288.780
289.070
289.360
289.660	1
289.960
290.255
290.550
290.835	1
291.120
291.405
291.690
291.970	1
292.260
292.550
292.840
293.129	1
293.417
293.704
293.991
294.279	1
294.561
294.844
295.127
295.409	1
295.682
295.955
296.227
296.500	1
296.790
297.100
297.390
297.700	1
297.990
298.270
298.570
298.860	1
299.150
299.430
299.720
300.030	1
300.320
300.640
300.940
301.250	1
301.514
301.778
302.043
302.307	1
302.584
302.861
303.139
303.416	1
303.704
303.992
304.280
304.568	1
304.861
305.154
305.447
305.740	1
306.050
306.350
306.640
306.940	1
307.240
307.540
307.850
308.140	1
308.440
308.740
309.040
309.350	1
309.650
309.940
310.220
310.510	1
310.820
311.120
311.420
311.720	1
312.020
312.310
312.610
312.910	1
313.210
313.520
313.810
314.110	1
314.400
314.690
314.980
315.270	1
315.550
315.860
316.160
316.460	1
316.760
317.060
317.350
317.660	1
317.950
318.240
318.530
318.820	1
319.110
319.410
319.700
320.000	1
320.300
320.600
320.890
321.190	1
321.490
321.780
322.070
322.360	1
322.650
322.950
323.230
323.530	1
323.810
324.110
324.400
324.690	1
324.990
325.290
325.580
325.880	1
326.180
326.470
326.770
327.060	1
327.340
327.640
327.920
328.220	1
328.500
328.800
329.080
329.370	1
329.660
329.960
330.240
330.540	1
330.840
331.140
331.420
331.720	1
332.010
332.300
332.580
332.880	1
333.170
333.460
333.740
334.040	1
334.320
334.630
334.920
335.220	1
335.500
335.790
336.090
336.370	1
336.660
336.960
337.240
337.540	1
337.840
338.140
338.430
338.720	1
339.000
339.300
339.600
339.900	1
340.200
340.500
340.800
341.090	1
341.390
341.700
342.020
342.350	1
