0.470
1.570
2.620
3.630
4.490
5.430
6.310
7.150
8.100
9.000
10.010
10.920
11.930
12.780
13.580
14.460
15.290
16.130
17.070
17.980
18.860
19.800
20.710
21.660
22.530
23.470
24.440
25.380
26.290
27.250
28.170
29.090
29.970
30.880
31.800
32.700
33.640
34.530
35.390
36.300
37.210
38.110
39.030
39.910
40.840
41.730
42.640
43.550
44.410
45.300
46.260
47.150
48.010
48.920
49.860
50.720
51.650
52.510
53.440
54.360
55.230
56.150
57.040
57.880
58.810
59.690
60.620
61.500
62.440
63.290
64.220
65.080
65.930
66.820
67.700
68.610
69.520
70.390
71.340
72.190
73.110
73.990
74.920
75.840
76.690
77.610
78.530
79.460
80.320
81.300
82.260
83.250
84.180
85.130
86.050
86.920
87.800
88.680
89.610
90.460
91.360
92.240
93.130
94.060
94.910
95.790
96.670
97.560
98.500
99.390
100.250
101.120
102.050
102.950
103.810
104.690
105.580
106.490
107.380
108.280
109.200
110.120
111.020
111.870
112.820
113.690
114.570
115.520
116.390
117.300
118.230
119.100
120.040
120.940
121.820
122.730
123.620
124.470
125.370
126.290
127.180
128.100
128.950
129.840
130.750
131.650
132.550
133.470
134.350
135.250
136.170
137.090
137.990
138.870
139.800
140.720
141.570
142.480
143.430
144.410
145.340
146.260
147.170
148.130
148.980
149.830
150.590
151.430
152.270
153.180
154.020
154.920
155.800
156.700
157.580
158.480
159.380
160.300
161.190
162.100
162.990
163.880
164.770
165.640
166.530
167.400
168.280
169.180
170.060
170.810
171.630
172.420
173.180
174.060
174.960
175.870
176.740
177.650
178.550
179.440
180.330
181.270
182.170
183.060
183.930
184.850
185.760
186.680
187.630
188.470
189.390
190.220
191.150
191.990
192.840
193.700
194.560
195.460
196.290
197.170
198.100
198.940
199.830
200.740
201.580
202.460
203.330
204.190
205.040
205.940
206.840
207.700
208.570
209.430
210.340
211.250
212.170
213.080
214.030
214.930
215.880
216.790
217.650
218.560
219.450
220.360
221.290
222.160
223.070
223.920
224.820
225.720
226.600
227.490
228.380
229.260
230.170
231.080
231.940
232.850
233.770
234.650
235.570
236.450
237.280
238.220
239.100
240.020
240.880
241.790
242.710
243.590
244.440
245.380
246.280
247.220
248.080
249.000
249.930
250.830
251.770
252.630
253.520
254.420
255.320
256.210
257.070
258.010
258.900
259.810
260.690
261.570
262.490
263.340
264.230
265.170
266.070
266.920
267.840
268.730
269.790
270.800
271.730
272.630
273.560
274.490
275.410
276.360
277.340
278.290
279.240
280.120
280.980
281.900
282.730
283.610
284.520
285.440
286.340
287.240
288.090
288.990
289.950
290.820
291.760
292.670
293.610
294.580
295.470
