0.370
0.800
1.200
1.640
2.040
2.460
2.900
3.320
3.720
4.140
4.560
5.000
5.440
5.890
6.320
6.780
7.230
7.690
8.130
8.570
9.010
9.440
9.880
10.310
10.730
11.180
11.630
12.070
12.510
12.940
13.380
13.820
14.250
14.700
15.130
15.580
16.000
16.440
16.880
17.320
17.750
18.180
18.630
19.080
19.520
19.950
20.390
20.820
21.270
21.710
22.140
22.590
23.030
23.470
23.900
24.340
24.780
25.230
25.680
26.110
26.550
26.980
27.420
27.850
28.290
28.720
29.170
29.620
30.060
30.500
30.950
31.400
31.850
32.280
32.730
33.180
33.620
34.080
34.520
34.960
35.410
35.860
36.310
36.750
37.180
37.640
38.080
38.540
38.980
39.430
39.890
40.330
40.770
41.210
41.660
42.100
42.550
42.990
43.430
43.880
44.320
44.770
45.210
45.660
46.100
46.550
47.000
47.460
47.910
48.360
48.820
49.270
49.720
50.160
50.620
51.070
51.500
51.960
52.410
52.860
53.290
53.740
54.190
54.630
55.070
55.520
55.960
56.400
56.850
57.290
57.750
58.200
58.650
59.110
59.570
60.020
60.450
60.890
61.340
61.800
62.230
62.690
63.140
63.580
64.010
64.470
64.900
65.340
65.780
66.220
66.660
67.110
67.540
67.990
68.430
68.880
69.310
69.750
70.200
70.630
71.080
71.530
71.970
72.400
72.840
73.300
73.730
74.180
74.630
75.060
75.510
75.950
76.390
76.820
77.260
77.700
78.140
78.570
79.000
79.440
79.880
80.320
80.750
81.200
81.650
82.080
82.520
82.960
83.390
83.830
84.270
84.710
85.150
85.590
86.020
86.460
86.910
87.330
87.770
88.200
88.640
89.090
89.510
89.960
90.400
90.830
91.280
91.700
92.140
92.570
93.010
93.430
93.880
94.340
94.780
95.220
95.680
96.110
96.570
97.000
97.440
97.880
98.320
98.780
99.210
99.670
100.120
100.570
101.010
101.450
101.880
102.320
102.760
103.190
103.640
104.080
104.510
104.950
105.390
105.830
106.260
106.710
107.140
107.590
108.040
108.480
108.910
109.350
109.780
110.220
110.690
111.130
111.580
112.010
112.450
112.880
113.330
113.770
114.210
114.640
115.080
115.510
115.930
116.370
116.820
117.260
117.680
118.120
118.570
119.000
119.430
119.860
120.290
120.730
121.190
121.620
122.070
122.510
122.960
123.390
123.850
124.300
124.750
125.200
125.630
126.070
126.510
126.950
127.390
127.830
128.260
128.700
129.140
129.580
130.010
130.440
130.890
131.320
131.760
132.210
132.640
133.060
133.510
133.940
134.380
134.820
135.270
135.700
136.150
136.600
137.020
137.460
137.910
138.350
138.790
139.240
139.680
140.110
140.550
140.980
141.430
141.850
142.300
142.740
143.190
143.630
144.080
144.530
144.970
145.410
145.840
146.280
146.740
147.170
147.640
148.090
148.530
148.960
149.410
149.850
150.300
150.730
151.180
151.620
152.060
152.490
152.930
153.370
153.810
154.250
154.670
155.090
155.540
155.980
156.430
156.870
157.320
157.750
158.200
158.640
159.080
159.510
159.950
160.390
160.820
161.260
161.700
162.140
162.590
163.020
163.460
163.890
164.340
164.770
165.220
165.660
166.100
166.520
166.960
167.390
167.820
168.270
168.700
169.140
169.590
170.020
170.460
170.900
171.340
171.780
172.210
172.650
173.090
173.520
173.970
174.410
174.840
175.290
175.710
176.150
176.600
177.030
177.490
177.910
178.370
178.810
179.270
179.690
180.140
180.580
181.040
181.480
181.920
182.380
182.830
183.260
183.700
184.150
184.590
185.040
185.480
185.920
186.340
186.780
187.210
187.620
188.080
188.500
188.960
189.390
189.840
190.300
190.730
191.160
191.620
192.060
192.490
192.920
193.360
193.810
194.240
194.680
195.130
195.570
196.000
196.450
196.900
197.340
197.780
198.210
198.650
199.090
199.540
199.990
200.450
200.880
201.320
201.760
202.200
202.650
203.090
203.540
203.970
204.400
204.830
205.260
205.700
206.160
206.600
207.040
207.490
207.910
208.340
208.780
209.230
209.670
210.110
210.530
210.980
211.420
211.860
212.310
212.740
213.180
213.620
214.070
214.500
214.960
215.390
215.830
216.270
216.720
217.140
217.590
218.030
218.470
218.900
219.340
219.780
220.200
220.650
221.090
221.530
221.960
222.400
222.840
223.290
223.750
224.170
224.620
225.060
225.510
225.950
226.380
226.820
227.260
227.700
228.110
228.560
229.010
229.450
229.880
230.320
230.750
231.200
231.630
232.090
232.510
232.950
233.370
233.810
234.230
234.670
235.100
235.530
235.970
236.400
236.840
237.280
237.720
238.150
238.580
239.010
239.450
239.880
240.300
240.750
241.190
241.630
242.060
242.480
242.920
243.360
243.790
244.220
244.660
245.090
245.520
245.960
246.380
246.810
247.260
247.690
248.130
248.540
248.970
249.400
249.840
250.270
250.700
251.150
251.580
252.020
252.450
252.890
253.320
253.760
254.180
254.630
255.050
255.490
255.910
256.350
256.780
257.220
257.650
258.090
258.510
258.940
259.380
259.830
260.250
260.680
261.100
261.540
261.960
262.410
262.850
263.290
263.720
264.190
264.630
265.080
265.520
265.970
266.390
266.820
267.250
267.700
268.150
268.590
269.030
269.480
269.920
270.360
270.790
271.220
271.660
272.100
272.540
272.980
273.400
273.830
274.270
274.700
275.140
275.580
276.010
276.450
276.890
277.330
277.760
278.190
278.640
279.090
279.520
279.960
280.390
280.830
281.260
281.700
282.130
282.590
283.030
283.470
283.910
284.350
284.790
285.230
285.660
286.110
286.560
287.000
287.430
287.860
288.300
288.720
289.150
289.590
290.030
290.460
290.900
291.330
291.770
292.200
292.630
293.080
293.510
293.930
294.380
294.800
295.240
295.670
296.090
296.530
296.960
297.400
297.830
298.270
298.710
299.140
299.560
300.000
300.440
300.870
301.300
301.740
302.170
302.600
303.050
303.470
303.910
304.350
304.770
305.210
305.660
306.090
306.520
306.940
307.390
307.820
308.240
308.690
309.110
309.550
309.980
310.430
310.850
311.300
311.720
312.160
312.610
313.050
313.480
313.910
314.340
314.790
315.230
315.640
316.090
316.520
316.940
317.380
317.810
318.260
318.680
319.120
319.550
319.970
320.390
320.830
321.280
321.700
322.150
322.600
323.020
323.460
323.880
324.320
324.750
325.180
325.620
326.050
326.470
326.900
327.330
327.770
328.220
328.660
329.080
329.530
329.950
330.390
330.810
331.240
331.680
332.110
332.550
333.000
333.440
333.870
334.300
334.740
335.170
335.590
336.030
336.460
336.890
337.320
337.740
338.180
338.610
339.040
339.480
339.920
340.350
340.790
341.230
341.660
342.100
342.540
342.980
343.410
343.840
344.270
344.700
345.150
345.590
346.030
346.470
346.910
347.350
347.790
348.230
348.660
349.100
349.540
349.960
350.390
350.840
351.270
351.690
352.140
352.560
352.990
353.410
353.850
354.270
354.730
355.160
355.610
356.040
356.470
356.900
357.340
357.770
358.200
358.630
359.070
359.500
359.940
360.370
360.810
361.230
361.680
362.100
362.540
362.970
363.410
363.830
364.270
364.690
365.120
365.540
365.980
366.410
366.850
367.280
367.730
368.160
368.590
369.020
369.460
369.910
370.340
370.770
371.210
371.640
372.070
372.500
372.940
373.360
373.790
374.230
374.670
375.100
375.540
375.970
376.410
376.840
377.270
377.710
378.140
378.580
379.030
379.450
379.900
380.340
380.770
381.190
381.640
382.070
382.510
382.950
383.390
383.830
384.260
384.700
385.150
385.580
386.020
386.450
386.890
387.330
387.760
388.180
388.610
389.040
389.480
389.900
390.330
390.760
391.190
391.610
392.040
392.470
392.910
393.340
393.770
394.200
394.610
395.040
395.480
395.900
396.350
396.780
397.220
397.660
398.090
398.530
398.970
399.400
399.850
400.280
400.690
401.110
401.500
401.910
402.340
402.760
403.190
403.600
404.030
404.430
404.850
405.290
405.720
406.150
406.570
406.980
407.410
407.830
408.240
408.640
409.070
409.480
409.890
410.290
410.700
411.120
411.550
411.960
412.380
412.780
413.190
413.610
414.030
414.440
414.850
415.270
415.690
416.120
416.530
416.930
417.360
417.780
418.200
418.620
419.050
419.470
419.900
420.310
420.730
421.140
421.550
421.960
422.400
422.820
423.250
423.670
424.080
424.510
424.930
425.390
425.820
426.260
426.680
427.120
427.560
428.010
428.430
428.850
429.290
429.730
430.170
430.590
431.020
431.450
431.870
432.300
432.730
433.180
433.610
434.030
434.460
434.900
435.330
435.740
436.170
436.600
437.030
437.460
437.890
438.320
438.730
439.150
439.570
440.000
440.400
440.830
441.260
441.680
442.090
442.500
442.920
443.320
443.720
444.140
444.560
444.970
445.370
445.790
446.220
446.630
447.030
447.450
447.860
448.300
448.690
449.110
449.520
449.940
450.350
450.760
451.180
451.600
452.020
452.450
452.840
453.260
453.690
454.090
454.500
454.920
455.320
455.730
456.140
456.550
456.960
457.360
457.760
458.180
458.580
458.980
459.410
459.810
460.230
460.650
461.050
461.470
461.880
462.310
462.710
463.110
463.540
463.940
464.360
464.790
465.190
465.600
466.030
466.460
466.890
467.300
467.730
468.160
468.550
468.970
469.380
469.790
470.200
470.610
471.010
471.410
471.810
472.220
472.640
473.070
473.470
473.880
474.290
474.690
475.080
475.490
475.900
476.320
476.720
477.120
477.550
477.970
478.380
478.800
479.210
479.620
480.050
480.470
480.920
481.370
481.810
482.250
482.700
483.140
483.570
484.000
484.430
484.870
485.310
485.730
486.170
486.600
487.030
487.460
487.880
488.320
488.750
489.180
489.620
490.050
490.470
490.910
491.330
491.770
492.200
492.620
493.060
493.480
493.900
494.340
494.770
495.210
495.640
496.080
496.520
496.950
497.370
497.810
498.250
498.680
499.110
499.530
499.970
500.400
500.830
501.260
501.700
502.130
502.560
502.970
503.400
503.840
504.280
504.720
505.170
505.600
506.030
506.450
506.890
507.320
507.750
508.160
508.590
509.020
509.450
509.880
510.300
510.750
511.170
511.620
512.090
512.540
512.990
513.440
513.880
514.340
514.810
515.250
515.710
516.150
516.620
517.060
517.500
517.970
518.420
518.840
519.280
519.720
520.170
520.600
521.060
521.500
521.930
522.360
522.810
523.260
523.680
524.130
524.580
525.010
525.420
525.850
526.290
526.720
527.180
527.650
528.110
528.600
529.070
529.540
