0.050
0.530
0.980
1.430
1.910
2.370
2.810
3.250
3.700
4.170
4.610
5.050
5.520
5.960
6.390
6.850
7.280
7.710
8.170
8.590
9.030
9.470
9.920
10.370
10.810
11.240
11.680
12.120
12.580
13.020
13.490
13.930
14.390
14.820
15.300
15.750
16.220
16.660
17.140
17.600
18.060
18.490
18.940
19.400
19.860
20.290
20.750
21.210
21.660
22.090
22.540
23.000
23.440
23.900
24.330
24.780
25.220
25.640
26.100
26.540
26.970
27.410
27.850
28.290
28.740
29.180
29.610
30.060
30.500
30.940
31.370
31.810
32.260
32.680
33.140
33.560
34.000
34.440
34.890
35.360
35.800
36.260
36.710
37.160
37.590
38.040
38.500
38.950
39.380
39.810
40.270
40.690
41.150
41.600
42.040
42.490
42.940
43.380
43.820
44.260
44.700
45.130
45.570
46.040
46.470
46.910
47.350
47.790
48.230
48.680
49.100
49.540
49.980
50.420
50.870
51.300
51.730
52.150
52.590
53.040
53.480
53.900
54.340
54.760
55.190
55.640
56.050
56.500
56.920
57.370
57.800
58.240
58.680
59.120
59.560
60.010
60.420
60.850
61.290
61.710
62.150
62.590
63.010
63.440
63.880
64.300
64.750
65.190
65.620
66.060
66.490
66.930
67.380
67.850
68.300
68.720
69.120
69.500
69.900
70.350
70.780
71.210
71.640
72.060
72.490
72.920
73.340
73.780
74.210
74.640
75.070
75.480
75.900
76.330
76.760
77.170
77.610
78.040
78.480
78.920
79.350
79.810
80.230
80.670
81.120
81.560
81.980
82.390
82.810
83.250
83.670
84.070
84.530
84.970
85.430
85.920
86.390
86.840
87.330
87.760
88.190
88.620
89.060
89.500
89.910
90.360
90.770
91.210
91.650
92.070
92.510
92.920
93.360
93.810
94.240
94.690
95.130
95.560
95.960
96.390
96.820
97.230
97.670
98.090
98.540
98.960
99.380
99.830
100.270
100.710
101.160
101.600
102.020
102.470
102.900
103.310
103.750
104.180
104.620
105.050
105.480
105.940
106.370
106.790
107.230
107.650
108.070
108.510
108.940
109.350
109.760
110.200
110.630
111.060
111.500
111.930
112.360
112.770
113.190
113.590
113.990
114.430
114.830
115.260
115.690
116.090
116.520
116.950
117.350
117.780
118.230
118.650
119.080
119.510
119.970
120.400
120.870
121.320
121.770
122.200
122.660
123.060
123.490
123.910
124.330
124.760
125.180
125.580
126.020
126.440
126.850
127.270
127.680
128.100
128.540
128.940
129.370
129.800
130.230
130.660
131.080
131.520
131.940
132.380
132.820
133.260
133.690
134.120
134.560
135.010
135.440
135.860
136.270
136.700
137.140
137.570
137.990
138.420
138.860
139.280
139.710
140.140
140.580
141.000
141.430
141.860
142.290
142.710
143.130
143.540
143.980
144.400
144.850
145.280
145.710
146.140
146.540
146.970
147.380
147.810
148.240
148.630
149.020
149.440
149.820
150.200
150.560
150.950
151.310
151.680
152.080
152.500
152.940
153.360
153.780
154.200
154.610
155.050
155.470
155.910
156.330
156.760
157.200
157.650
158.070
158.500
158.930
159.370
159.790
160.220
160.660
161.110
161.530
161.970
162.410
162.840
163.270
163.700
164.130
164.570
165.010
165.430
165.890
166.310
166.770
167.210
167.640
168.080
168.490
168.930
169.380
169.820
170.260
170.680
171.140
171.560
171.990
172.410
172.840
173.270
173.740
174.180
174.620
175.090
175.580
176.050
176.510
176.940
177.370
177.790
178.210
178.630
179.060
179.500
179.910
180.350
180.770
181.180
181.590
182.020
182.450
182.860
183.270
183.710
184.130
184.560
184.970
185.410
185.850
186.260
186.680
187.090
187.530
187.940
188.350
188.770
189.200
189.620
190.040
190.460
190.890
191.310
191.750
192.160
192.570
192.990
193.450
193.880
194.330
194.740
195.170
195.610
196.050
196.480
196.920
197.350
197.780
198.220
198.640
199.070
199.490
199.950
200.380
200.820
201.250
201.660
202.090
202.510
202.950
203.390
203.830
204.270
204.720
205.140
205.580
206.020
206.440
206.880
207.330
207.780
208.210
208.650
209.100
209.540
209.980
210.410
210.860
211.310
211.740
212.180
212.600
213.010
213.430
213.840
214.270
214.710
215.140
215.550
215.970
216.410
216.830
217.250
217.670
218.100
218.520
218.940
219.360
219.780
220.200
220.610
221.040
221.470
221.890
222.320
222.740
223.160
223.590
224.010
224.410
224.840
225.250
225.660
226.070
226.480
226.890
227.310
227.700
228.130
228.520
228.930
229.370
229.810
230.240
230.660
231.100
231.520
231.950
232.370
232.790
233.200
233.640
234.060
234.480
234.910
235.330
235.760
236.180
236.620
237.030
237.470
237.880
238.300
238.720
239.140
239.560
239.980
240.390
240.800
241.210
241.640
242.040
242.480
242.910
243.330
243.770
244.170
244.610
245.030
245.450
245.850
246.280
246.690
247.110
247.540
247.960
248.390
248.810
249.220
249.620
250.030
250.450
250.880
251.290
251.700
252.110
252.530
252.940
253.350
253.770
254.180
254.590
254.990
255.410
255.830
256.250
256.670
257.080
257.490
257.910
258.310
258.690
259.110
259.520
259.960
260.370
260.780
261.200
261.620
262.040
262.460
262.890
263.310
263.720
264.160
264.570
265.000
265.430
265.860
266.270
266.710
267.130
267.550
267.980
268.400
268.830
269.250
269.680
270.090
270.520
270.940
271.370
271.790
272.210
272.610
273.030
273.450
273.870
274.280
274.700
275.120
275.560
275.980
276.410
276.820
277.250
277.680
278.100
278.500
278.910
279.320
279.760
280.180
280.600
281.030
281.430
281.860
282.270
282.690
283.100
283.510
283.920
284.340
284.760
285.170
285.580
286.000
286.410
286.820
287.230
287.650
288.050
288.470
288.870
289.300
289.730
290.140
290.560
290.980
291.410
291.840
292.260
292.680
293.100
293.530
293.940
294.350
294.790
295.210
295.640
296.060
296.500
296.910
297.340
297.760
298.190
298.610
299.010
299.450
299.850
300.270
300.680
301.100
301.510
301.920
302.310
302.720
303.150
303.550
303.960
304.380
304.790
305.200
305.620
306.040
306.450
306.850
307.260
307.690
308.080
308.500
308.910
309.330
309.730
310.150
310.560
310.970
311.390
311.810
312.210
312.640
313.060
313.490
313.890
314.330
314.730
315.160
315.580
316.000
316.430
316.850
317.280
317.720
318.150
318.570
319.020
319.440
319.860
320.280
320.690
321.110
321.540
321.970
322.410
322.850
323.280
323.710
324.160
324.590
325.020
325.460
325.870
326.300
326.740
327.160
327.590
328.030
328.460
328.890
329.320
329.750
330.180
330.610
331.050
331.500
331.930
332.350
332.780
333.220
333.650
334.070
334.490
334.940
335.360
335.790
336.220
336.640
337.040
337.480
337.880
338.310
338.740
339.140
339.560
339.920
340.280
340.620
340.950
341.290
341.650
341.990
342.320
342.650
343.010
343.340
343.650
343.980
344.300
344.620
344.940
345.260
345.570
345.900
346.220
346.530
346.850
347.170
347.490
347.820
348.170
348.500
348.830
349.150
349.470
349.820
350.130
350.490
350.820
351.200
351.550
351.940
352.310
352.660
353.030
353.410
353.770
354.160
354.510
354.880
355.280
355.680
356.070
356.460
356.840
357.240
357.670
358.070
358.500
358.910
359.340
359.760
360.180
360.590
361.010
361.450
361.890
362.310
362.740
363.170
363.600
364.030
364.470
364.900
365.320
365.740
366.150
366.570
367.000
367.420
367.830
368.240
368.670
369.110
369.540
369.960
370.380
370.820
371.240
371.670
372.080
372.520
372.930
373.350
373.770
374.190
374.600
375.010
375.430
375.860
376.280
376.700
377.120
377.540
377.950
378.370
378.780
379.200
379.610
380.030
380.450
380.860
381.280
381.680
382.080
382.500
382.920
383.350
383.770
384.190
384.600
385.030
385.440
385.860
386.270
386.680
387.090
387.500
387.920
388.330
388.740
389.140
389.560
389.960
390.370
390.800
391.210
391.620
392.030
392.430
392.850
393.250
393.650
394.070
394.490
394.900
395.310
395.730
396.140
396.550
396.960
397.370
397.770
398.170
398.580
399.000
399.420
399.820
400.240
400.650
401.060
401.460
401.880
402.300
402.710
403.120
403.520
403.930
404.340
404.740
405.140
405.550
405.970
406.380
406.790
407.200
407.590
407.990
408.390
408.800
409.210
409.630
410.020
410.440
410.840
411.270
411.680
412.070
412.480
412.910
413.310
413.720
414.130
414.550
414.940
415.350
415.760
416.170
416.560
416.970
417.360
417.770
418.170
418.560
418.970
419.370
419.780
420.180
420.570
420.960
421.370
421.780
422.180
422.570
422.960
423.360
423.760
424.160
424.590
424.980
425.410
425.810
426.220
426.600
427.010
427.430
427.840
428.240
428.650
429.070
429.480
429.900
430.290
430.720
431.140
431.560
431.970
432.400
432.820
433.230
433.640
434.030
434.460
434.860
435.270
435.680
436.090
436.500
436.900
437.320
437.740
438.150
438.560
438.970
439.390
439.800
440.210
440.620
441.030
441.450
441.850
442.260
442.670
443.080
443.490
443.910
444.310
444.720
445.120
445.530
445.950
446.350
446.770
447.190
447.580
447.990
448.400
448.810
449.210
449.610
450.010
450.440
450.840
451.230
451.640
452.030
452.440
452.840
453.250
453.650
454.030
454.410
454.820
455.230
455.610
456.040
456.440
456.850
457.240
457.650
458.050
458.460
458.860
459.280
459.670
460.090
460.490
460.890
461.300
461.730
462.150
462.650
463.150
463.670
464.160
464.700
465.190
465.760
466.320
466.850
467.420
468.000
468.530
469.140
469.700
470.300
470.870
471.430
472.050
472.720
473.330
473.980
474.580
475.150
475.730
476.320
476.900
477.500
478.100
478.650
479.170
479.730
480.320
480.910
481.490
482.070
482.680
483.280
483.830
484.430
484.850
485.250
485.690
486.090
486.510
486.940
487.360
487.780
488.210
488.620
489.050
489.470
489.870
490.270
490.690
491.090
491.500
491.930
492.330
492.740
493.150
493.550
493.950
494.340
494.740
495.140
495.560
495.960
496.380
496.810
497.210
497.620
498.040
498.440
498.860
499.290
499.710
500.140
500.560
500.990
501.420
501.840
502.280
502.700
503.140
503.590
504.020
504.460
504.870
505.300
505.740
506.170
506.600
507.050
507.480
507.910
508.350
508.800
509.230
509.660
510.090
510.510
510.950
511.380
511.810
512.230
512.630
513.080
513.530
513.960
514.400
514.820
515.270
515.690
516.110
516.570
517.010
517.440
517.860
518.300
518.730
519.150
519.570
520.010
520.440
520.860
521.280
521.710
522.140
522.590
523.030
523.470
523.900
524.330
524.760
525.210
525.630
526.070
526.490
526.910
527.340
527.770
528.180
528.620
529.040
529.490
529.920
530.340
530.780
531.210
531.630
532.070
532.490
532.920
533.360
533.770
534.230
534.670
535.090
535.510
535.960
536.390
536.810
537.230
537.680
538.100
538.520
538.960
539.380
539.830
540.260
540.680
541.120
541.550
541.990
542.430
542.880
543.310
543.740
544.170
544.620
545.050
545.470
545.900
546.340
546.770
547.190
547.650
548.090
548.510
548.970
549.400
549.850
550.290
550.710
551.160
551.730
552.440
553.200
554.080
554.940
555.860
556.710
557.600
558.480
559.350
560.290
561.280
562.210
563.180
564.100
565.060
566.000
566.930
567.870
568.840
569.800
570.780
571.780
572.760
573.730
574.680
575.620
576.560
577.470
578.430
579.390
580.330
581.240
582.220
583.170
584.140
585.080
586.060
586.990
587.940
588.840
589.790
590.720
591.640
592.550
593.500
594.340
595.090
595.830
596.580
597.340
598.140
598.880
599.690
600.450
601.220
602.010
602.780
603.590
604.300
604.940
605.560
606.200
606.830
607.450
608.100
608.730
609.350
609.990
610.620
611.240
611.870
612.520
613.140
613.760
614.380
614.990
615.630
616.240
616.850
617.480
618.110
