0.560
1.180
1.920
2.610
3.320
4.030
4.790
5.500
6.180
6.920
7.600
8.340
9.070
9.850
10.640
11.440
12.220
13.060
13.760
14.510
15.270
15.980
16.710
17.540
18.320
19.160
19.990
20.830
21.620
22.430
23.230
23.990
24.760
25.530
26.250
26.940
27.660
28.410
29.230
30.020
30.800
31.600
32.410
33.200
34.030
34.870
35.680
36.470
37.300
38.130
38.980
39.770
40.470
41.210
41.970
42.660
43.420
44.140
44.790
45.480
46.230
46.900
47.640
48.340
49.050
49.770
50.450
51.100
51.810
52.460
53.100
53.760
54.320
54.830
55.380
55.920
56.480
56.990
57.560
58.070
58.620
59.180
59.770
60.330
60.900
61.450
62.010
62.560
63.120
63.670
64.190
64.760
65.300
65.870
66.430
66.990
67.550
68.130
68.680
69.240
69.790
70.320
70.890
71.450
72.000
72.520
73.080
73.650
74.170
74.720
75.310
75.840
76.430
76.950
77.510
78.060
78.620
79.190
79.740
80.290
80.850
81.370
81.890
82.460
83.000
83.530
84.100
84.640
85.180
85.760
86.300
86.870
87.400
87.960
88.520
89.060
89.600
90.140
90.680
91.250
91.790
92.360
92.940
93.500
94.050
94.620
95.160
95.710
96.260
96.800
97.360
97.900
98.420
98.970
99.530
100.090
100.640
101.180
101.760
102.280
102.830
103.410
103.950
104.480
105.030
105.600
106.150
106.680
107.230
107.800
108.370
108.910
109.490
110.060
110.600
111.150
111.720
112.310
112.860
113.410
113.990
114.550
115.110
115.650
116.210
116.760
117.340
117.900
118.450
119.020
119.580
120.100
120.660
121.210
121.760
122.290
122.860
123.370
123.930
124.470
125.010
125.550
126.120
126.640
127.210
127.730
128.280
128.810
129.390
129.970
130.520
131.100
131.650
132.260
132.870
133.440
134.060
134.660
135.310
136.000
136.680
137.460
138.180
138.930
139.720
140.540
141.340
142.200
143.110
144.000
144.870
145.740
146.630
147.520
148.450
149.300
150.220
151.130
151.960
152.820
153.620
154.400
155.190
156.010
