0.440
1.340
2.180
3.000
3.820
4.660
5.470
6.260
7.120
7.910
8.760
9.600
10.400
11.290
12.170
13.050
13.950
14.790
15.640
16.570
17.430
18.350
19.200
20.110
20.970
21.850
22.710
23.560
24.410
25.230
26.080
26.910
27.750
28.580
29.400
30.280
31.150
31.980
32.760
33.640
34.460
35.300
36.140
37.020
37.870
38.740
39.550
40.400
41.240
42.060
42.930
43.780
44.600
45.440
46.310
47.120
47.990
48.820
49.690
50.500
51.330
52.180
53.040
53.960
54.800
55.700
56.530
57.370
58.260
59.140
59.950
60.790
61.640
62.420
63.340
64.270
65.270
66.270
67.220
68.250
69.250
70.160
71.120
72.050
72.920
73.890
74.770
75.690
76.670
77.580
78.540
79.400
80.280
81.110
81.970
82.860
83.720
84.590
85.400
86.250
87.100
88.030
88.910
89.760
90.700
91.670
92.560
93.390
94.180
94.980
95.780
96.590
97.390
98.180
99.000
99.770
100.590
101.420
102.240
103.050
103.790
104.570
105.380
106.200
106.990
107.770
108.570
109.370
110.170
110.990
111.790
112.580
113.360
114.180
114.970
115.760
116.580
117.340
118.190
118.980
119.800
120.620
121.420
122.220
123.000
123.800
124.610
125.430
126.240
127.040
127.840
128.660
129.490
130.290
131.100
131.900
132.710
133.550
134.360
135.180
135.970
136.770
137.570
138.360
139.200
140.030
140.840
141.650
142.490
143.310
144.140
145.020
145.940
146.830
147.730
148.710
149.630
150.570
151.640
152.710
153.750
154.740
155.820
156.840
157.920
158.960
159.970
161.040
162.140
163.200
164.290
165.390
166.450
167.580
168.570
169.550
170.550
171.560
172.690
173.790
174.880
175.940
176.970
177.930
178.980
179.910
180.870
181.810
182.740
183.710
184.640
185.550
186.490
187.440
188.400
189.360
190.320
191.290
192.290
193.250
194.210
195.120
196.080
197.090
