0.450
0.960
1.480
1.990
2.480
2.970
3.430
3.930
4.400
4.880
5.380
5.870
6.350
6.850
7.320
7.820
8.340
8.810
9.330
9.820
10.350
10.850
11.360
11.850
12.350
12.850
13.340
13.830
14.350
14.850
15.330
15.810
16.300
16.810
17.320
17.820
18.280
18.800
19.280
19.770
20.250
20.740
21.240
21.720
22.220
22.710
23.200
23.660
24.150
24.640
25.140
25.620
26.110
26.580
27.090
27.570
28.050
28.540
29.040
29.530
30.020
30.510
30.990
31.470
31.960
32.490
32.990
33.470
33.950
34.450
34.960
35.440
35.940
36.450
36.950
37.450
37.950
38.450
38.960
39.440
39.930
40.440
40.940
41.440
41.950
42.450
42.950
43.450
43.950
44.440
44.950
45.460
45.970
46.480
46.970
47.470
47.980
48.510
49.010
49.520
50.030
50.530
51.050
51.560
52.070
52.580
53.080
53.590
54.110
54.600
55.120
55.620
56.130
56.640
57.140
57.660
58.170
58.670
59.190
59.690
60.200
60.700
61.220
61.720
62.230
62.730
63.240
63.730
64.230
64.740
65.250
65.760
66.280
66.790
67.290
67.800
68.310
68.810
69.310
69.820
70.320
70.820
71.340
71.840
72.350
72.860
73.380
73.890
74.390
74.910
75.420
75.940
76.430
76.960
77.470
77.960
78.470
78.980
79.480
79.980
80.490
81.010
81.510
82.020
82.530
83.030
83.550
84.050
84.550
85.050
85.560
86.050
86.550
87.050
87.550
88.040
88.540
89.040
89.540
90.050
90.540
91.030
91.530
92.030
92.530
93.020
93.530
94.030
94.520
95.030
95.520
96.020
96.510
97.010
97.510
98.010
98.510
99.000
99.480
99.980
100.490
100.980
101.480
101.980
102.480
102.980
103.470
103.960
104.440
104.940
105.450
105.940
106.450
106.950
107.450
107.940
108.450
108.940
109.430
109.940
110.440
110.940
111.440
111.930
112.410
112.930
113.430
113.930
114.430
114.920
115.410
115.890
116.390
116.900
117.400
117.830
118.240
118.670
119.180
119.670
120.160
120.670
121.180
121.670
122.170
122.690
123.190
123.690
124.180
124.680
125.170
125.680
126.170
126.660
127.170
127.660
128.150
128.650
129.160
129.670
130.160
130.670
131.170
131.670
132.170
132.670
133.180
133.680
134.170
134.670
135.170
135.660
136.150
136.660
137.150
137.640
138.150
138.640
139.140
139.630
140.120
140.620
141.120
141.620
142.120
142.620
143.120
143.610
144.100
144.610
145.110
145.610
146.110
146.620
147.130
147.630
148.130
148.630
149.140
149.640
150.140
150.640
151.140
151.640
152.140
152.630
153.130
153.640
154.130
154.630
155.130
155.630
156.130
156.630
157.110
157.590
158.080
158.580
159.070
159.560
160.060
160.550
161.050
161.550
162.040
162.550
163.050
163.560
164.060
164.570
165.070
165.580
166.070
166.580
167.080
167.580
168.070
168.570
169.060
169.570
170.070
170.570
171.070
171.570
172.070
172.560
173.070
173.560
174.060
174.550
175.060
175.540
176.040
176.540
177.040
177.530
178.030
178.530
179.020
179.520
180.000
180.520
181.000
181.500
181.990
182.480
182.980
183.470
183.960
184.470
184.970
185.460
185.960
186.450
186.950
187.450
187.950
188.440
188.940
189.440
189.920
190.420
190.900
191.390
191.890
192.360
192.850
193.340
193.840
194.340
194.850
195.340
195.840
196.330
196.830
197.330
197.820
198.320
198.810
199.300
199.790
200.290
200.800
201.300
201.790
202.300
202.790
203.290
203.780
204.280
204.780
205.290
205.780
206.280
206.780
207.280
207.760
208.260
208.770
209.280
209.780
210.300
210.810
211.290
211.790
212.300
212.800
213.300
213.820
214.320
214.830
215.340
215.820
216.330
216.830
217.330
217.840
218.350
218.850
219.360
219.860
220.360
220.870
221.370
221.870
222.370
222.880
223.390
223.880
224.400
224.900
225.410
225.920
226.420
226.930
227.440
227.940
228.440
228.960
229.460
229.960
230.460
230.980
231.490
231.990
232.490
232.990
233.500
234.000
234.520
235.010
235.520
236.020
236.520
237.020
237.520
238.020
238.530
239.030
239.520
240.030
240.520
241.030
241.530
242.040
242.550
243.040
243.560
244.050
244.550
245.060
245.560
246.070
246.570
247.080
247.580
248.080
248.580
249.100
249.610
250.120
250.620
251.120
251.620
252.130
252.620
253.120
253.620
254.140
254.640
255.140
255.650
256.150
256.660
257.150
257.660
258.170
258.670
259.170
259.680
260.180
260.680
261.180
261.680
262.200
262.680
263.180
263.690
264.210
264.710
265.210
265.730
266.240
266.740
267.250
267.760
268.260
268.760
269.260
269.760
270.270
270.760
271.270
271.770
272.270
272.780
273.280
273.790
274.290
274.800
275.300
275.810
276.310
276.810
277.310
277.810
278.320
278.820
279.320
279.830
280.330
280.820
281.330
281.840
282.340
282.850
283.350
283.850
284.350
284.860
285.370
285.870
286.370
286.880
287.380
287.880
288.370
288.880
289.390
289.900
290.410
290.920
291.410
291.910
292.400
292.910
293.420
293.920
294.430
294.930
295.440
295.920
296.410
296.930
297.420
297.930
298.440
298.940
299.460
299.970
300.470
300.960
301.470
301.960
302.450
302.960
303.470
303.960
304.450
304.950
305.460
305.970
306.470
306.970
307.490
307.990
308.500
309.000
309.510
310.020
310.530
311.040
311.550
312.060
312.570
313.080
313.590
314.110
314.610
315.140
315.660
316.170
316.690
317.200
317.710
318.220
318.730
319.250
319.770
320.270
320.770
321.290
321.800
322.310
322.820
323.320
323.840
324.340
324.840
325.340
325.850
326.360
326.870
327.380
327.890
328.380
328.880
329.390
329.910
330.420
330.930
331.430
331.940
332.450
332.950
333.460
333.970
334.470
334.990
335.500
336.000
336.500
337.010
337.520
338.040
338.550
339.060
339.580
340.080
340.590
341.090
341.600
342.110
342.630
343.150
343.660
344.170
344.680
345.220
345.700
346.210
346.730
347.250
347.750
348.260
348.770
349.280
349.800
350.310
350.820
351.340
351.840
352.360
352.870
353.360
353.880
354.370
