0.360
1.030
1.740
2.440
3.140
3.870
4.550
5.240
5.930
6.670
7.360
8.050
8.770
9.420
10.130
10.820
11.550
12.220
12.910
13.610
14.300
14.980
15.630
16.240
16.900
17.560
18.210
18.920
19.660
20.430
21.180
21.880
22.570
23.250
23.920
24.580
25.280
25.960
26.640
27.290
27.990
28.680
29.350
30.020
30.700
31.380
32.080
32.730
33.400
34.080
34.750
35.450
36.140
36.790
37.460
38.120
38.800
39.470
40.110
40.770
41.430
42.080
42.740
43.390
44.040
44.720
45.360
46.030
46.700
47.350
48.020
48.670
49.340
50.020
50.670
51.310
51.990
52.630
53.300
53.960
54.620
55.280
55.920
56.590
57.240
57.860
58.510
59.170
59.810
60.480
61.130
61.790
62.430
63.090
63.750
64.420
65.070
65.730
66.390
67.020
67.670
68.310
68.960
69.610
70.260
70.910
71.570
72.190
72.850
73.460
74.100
74.730
75.370
76.020
76.630
77.260
77.890
78.540
79.160
79.800
80.410
81.040
81.690
82.300
82.950
83.590
84.230
84.840
85.490
86.120
86.750
87.370
88.030
88.670
89.300
89.940
90.580
91.230
91.870
92.490
93.140
93.760
94.400
95.040
95.660
96.300
96.930
97.550
98.190
98.830
99.450
100.090
100.740
101.380
102.010
102.640
103.270
103.900
104.520
105.150
105.790
106.440
107.060
107.680
108.310
108.930
109.570
110.190
110.810
111.420
112.030
112.650
113.290
113.900
114.520
115.130
115.750
116.370
117.010
117.640
118.240
118.870
119.480
120.100
120.710
121.340
121.950
122.590
123.210
123.810
124.410
125.010
125.640
126.230
126.840
127.450
128.090
128.720
129.340
129.990
130.610
131.240
131.870
132.480
133.120
133.730
134.350
134.950
135.590
136.220
136.850
137.470
138.090
138.710
139.370
139.970
140.580
141.170
141.780
142.390
143.010
143.600
144.220
144.820
145.430
146.080
146.700
147.330
147.930
148.530
149.170
149.810
150.420
151.060
151.660
152.270
152.880
153.480
154.080
154.720
155.300
155.900
156.520
157.130
157.730
158.320
158.930
159.540
160.150
160.780
161.390
162.020
162.620
163.230
163.840
164.460
165.040
165.600
166.200
166.790
167.400
167.990
168.630
169.260
169.880
170.500
171.100
171.720
172.330
172.950
173.560
174.160
174.770
175.380
175.990
176.590
177.190
177.790
178.410
178.990
179.610
180.220
180.840
181.450
182.060
182.670
183.280
183.880
184.480
185.080
185.680
186.290
186.900
187.500
188.100
188.720
189.340
189.960
190.580
191.200
191.820
192.420
193.020
193.610
194.220
194.840
195.460
196.070
196.690
197.310
197.950
198.580
199.220
199.800
200.430
201.040
201.660
202.280
202.920
203.510
204.170
204.780
205.410
206.030
206.670
207.270
207.900
208.530
209.170
209.760
210.410
211.000
211.620
212.260
212.870
213.490
214.100
214.720
215.340
215.980
216.590
217.190
217.810
218.380
219.010
219.610
220.240
220.830
221.430
222.060
222.680
223.300
223.900
224.490
225.120
225.730
226.340
226.960
227.560
228.150
228.770
229.360
229.970
230.580
231.200
231.790
232.410
233.040
233.650
234.230
234.870
235.450
236.080
236.690
237.280
237.900
238.530
239.120
239.690
240.290
240.860
241.460
242.050
242.640
243.230
243.840
244.420
