0.660
1.530
2.430
3.360
4.220
5.160
6.070
6.940
7.780
8.670
9.470
10.260
11.030
11.790
12.550
13.310
14.080
14.830
15.600
16.390
17.120
17.960
18.740
19.630
20.460
21.300
22.190
23.060
23.910
24.760
25.590
26.480
27.280
28.070
28.880
29.660
30.480
31.280
32.060
32.900
33.730
34.510
35.400
36.230
37.190
38.100
39.030
39.990
41.060
42.150
43.220
44.320
45.460
46.520
47.580
48.570
49.480
50.460
51.380
52.310
53.320
54.320
55.350
56.260
57.250
58.240
59.310
60.300
61.310
62.390
63.280
64.200
65.060
65.960
66.960
67.870
68.840
69.830
70.790
71.740
72.780
73.790
74.820
75.810
76.890
77.890
78.930
79.950
80.970
81.990
83.080
84.140
85.180
86.280
87.330
88.380
89.350
90.410
91.430
92.460
93.490
94.510
95.470
96.560
97.660
98.690
99.780
100.880
101.940
102.950
104.060
105.100
106.070
107.170
108.200
109.250
110.200
111.170
112.190
113.130
114.090
115.050
115.960
116.820
117.700
118.580
119.420
120.340
121.160
122.060
122.930
123.780
124.610
125.450
126.270
127.170
128.090
129.130
130.150
131.150
132.180
133.140
134.210
135.310
136.380
137.340
138.290
139.200
140.190
141.100
142.190
143.180
144.240
145.340
146.380
147.500
148.600
149.630
150.600
151.690
152.670
153.690
154.760
155.750
156.750
157.760
158.710
159.680
160.660
161.640
162.470
163.330
164.110
164.920
165.700
166.500
167.330
168.100
168.860
169.680
170.440
171.200
171.980
172.780
173.570
174.320
175.150
175.940
176.730
177.480
178.320
179.210
180.030
180.900
181.740
182.520
183.360
184.280
185.140
186.070
186.880
187.720
188.590
189.450
190.360
191.320
192.280
193.210
194.190
195.200
196.170
197.210
198.270
199.340
200.460
201.540
202.650
203.380
204.140
204.910
205.670
206.450
207.160
207.950
208.660
209.460
210.190
211.110
212.010
212.900
213.660
214.430
215.240
216.000
216.740
217.530
218.290
219.130
219.930
220.800
221.640
222.420
223.190
223.950
224.710
225.460
226.260
227.030
227.800
228.550
229.300
230.110
230.890
231.690
232.590
233.410
234.310
235.140
235.890
236.700
237.490
238.230
238.970
239.770
240.510
241.300
242.050
242.900
243.800
244.620
245.540
246.400
247.250
248.100
248.870
249.690
250.460
251.290
251.970
252.710
253.390
254.100
254.720
255.400
256.070
256.710
257.310
257.880
258.490
259.050
259.640
260.280
260.980
261.700
262.450
263.170
263.840
264.560
265.170
265.800
266.420
267.010
267.660
268.260
268.900
269.490
270.150
270.790
271.410
272.040
272.710
273.340
273.990
274.590
275.250
275.870
276.490
277.110
277.770
278.370
279.000
279.630
280.260
