0.100
0.390
0.680
0.960
1.260
1.560
1.860
2.150
2.450
2.760
3.060
3.390
3.710
4.030
4.340
4.660
4.990
5.300
5.620
5.950
6.270
6.580
6.890
7.190
7.510
7.820
8.120
8.440
8.740
9.050
9.340
9.640
9.940
10.240
10.550
10.850
11.140
11.450
11.750
12.050
12.350
12.650
12.950
13.250
13.550
13.850
14.140
14.450
14.740
15.050
15.340
15.630
15.910
16.210
16.510
16.810
17.100
17.410
17.700
18.000
18.290
18.590
18.880
19.170
19.450
19.750
20.050
20.350
20.640
20.940
21.240
21.540
21.840
22.140
22.440
22.750
23.050
23.350
23.640
23.950
24.230
24.530
24.820
25.120
25.420
25.720
26.010
26.310
26.610
26.910
27.200
27.500
27.780
28.080
28.370
28.660
28.950
29.250
29.550
29.850
30.140
30.450
30.750
31.050
31.340
31.640
31.940
32.240
32.540
32.830
33.120
33.420
33.710
34.000
34.300
34.600
34.900
35.210
35.500
35.810
36.100
36.410
36.700
37.000
37.280
37.580
37.870
38.160
38.450
38.740
39.030
39.330
39.620
39.920
40.220
40.520
40.830
41.140
41.430
41.740
42.040
42.340
42.640
42.940
43.230
43.540
43.830
44.130
44.450
44.760
45.060
45.370
45.690
45.990
46.300
46.620
46.930
47.230
47.550
47.860
48.170
48.480
48.790
49.100
49.400
49.710
50.020
50.330
50.640
50.950
51.260
51.570
51.870
52.160
52.460
52.760
53.070
53.380
53.690
54.010
54.320
54.630
54.930
55.240
55.550
55.860
56.170
56.470
56.770
57.070
57.370
57.680
57.980
58.280
58.580
58.880
59.190
59.510
59.800
60.110
60.410
60.700
61.000
61.310
61.620
61.930
62.230
62.540
62.830
63.140
63.430
63.740
64.040
64.340
64.640
64.940
65.250
65.560
65.860
66.180
66.480
66.800
67.100
67.420
67.720
68.030
68.320
68.620
68.920
69.230
69.520
69.830
70.120
70.430
70.730
71.050
71.350
71.670
71.970
72.280
72.580
72.880
73.180
73.480
73.780
74.090
74.390
74.690
74.990
75.300
75.600
75.910
76.220
76.530
76.830
77.140
77.430
77.740
78.030
78.340
78.640
78.950
79.250
79.570
79.870
80.170
80.460
80.770
81.070
81.370
81.670
81.960
82.280
82.580
82.880
83.190
83.480
83.790
84.080
84.390
84.690
84.990
85.280
85.590
85.880
86.190
86.480
86.790
87.080
87.390
87.680
87.990
88.290
88.610
88.910
89.230
89.520
89.830
90.130
90.430
90.740
91.050
91.360
91.660
91.970
92.290
92.590
92.900
93.190
93.490
93.790
94.100
94.390
94.700
94.990
95.300
95.600
95.900
96.200
96.500
96.800
97.100
97.400
97.710
98.010
98.310
98.610
98.920
99.220
99.520
99.820
100.120
100.410
100.720
101.010
101.310
101.610
101.910
102.210
102.510
102.810
103.110
103.410
103.700
104.000
104.290
104.580
104.890
105.180
105.490
105.780
106.090
106.380
106.690
106.990
107.290
107.580
107.880
108.180
108.490
108.780
109.080
109.390
109.690
109.980
110.280
110.580
110.880
111.180
111.480
111.780
112.080
112.380
112.680
112.980
113.290
113.580
113.880
114.180
114.480
114.780
115.090
115.390
115.690
115.990
116.290
116.590
116.890
117.200
117.510
117.810
118.120
118.420
118.730
119.020
119.330
119.630
119.930
120.230
120.530
120.830
121.130
121.430
121.730
122.020
122.330
122.620
122.930
123.230
123.530
123.820
124.120
124.420
124.720
125.020
125.320
125.600
125.900
126.190
126.470
126.780
127.070
127.380
127.690
128.000
128.300
128.610
128.910
129.210
129.510
129.810
130.120
130.410
130.720
131.010
131.320
131.610
131.920
132.220
132.530
132.840
133.150
133.450
133.760
134.060
134.370
134.660
134.970
135.270
135.570
135.870
136.170
136.470
136.770
137.070
137.360
137.660
137.960
138.260
138.560
138.860
139.160
139.450
139.760
140.050
140.360
140.650
140.950
141.250
141.560
141.850
142.150
142.450
142.760
143.050
143.340
143.630
143.930
144.210
144.520
144.810
145.120
145.410
145.720
146.010
146.320
146.610
146.910
147.210
147.510
147.810
148.110
148.410
148.710
149.010
149.320
149.610
149.910
150.210
150.510
150.810
151.110
151.410
151.720
152.010
152.310
152.620
152.910
153.200
153.480
153.790
154.090
154.390
154.690
154.980
155.280
155.580
155.890
156.190
156.500
156.800
157.120
157.410
157.710
158.010
158.310
158.610
158.920
159.210
159.520
159.820
160.120
160.420
160.730
161.040
161.340
161.640
161.950
162.250
162.550
162.850
163.150
163.440
163.740
164.040
164.350
164.640
164.940
165.240
165.550
165.860
166.180
166.490
166.790
167.110
167.420
167.730
168.050
168.370
168.690
169.010
169.320
169.640
169.970
170.290
170.610
170.920
171.250
171.550
171.860
172.170
172.490
172.790
173.100
173.420
173.720
174.030
174.350
174.650
174.940
175.240
175.550
175.860
176.160
176.480
176.790
177.090
177.390
177.680
177.990
178.280
178.580
178.880
179.200
179.500
179.810
180.120
180.430
180.730
181.040
181.330
181.630
181.930
182.230
182.540
182.840
183.140
183.440
183.740
184.040
184.340
184.650
184.960
185.310
185.820
186.390
186.960
187.560
188.130
188.720
189.300
189.870
190.430
191.030
191.610
192.200
192.780
193.360
193.940
194.510
195.130
195.720
196.290
196.890
197.470
198.070
198.660
199.240
199.840
200.430
201.020
201.600
202.200
202.770
203.360
203.920
204.520
205.120
205.690
206.280
206.880
207.450
208.040
208.620
209.230
209.810
210.410
211.000
211.590
212.170
212.760
213.340
213.950
214.540
215.130
215.740
216.320
216.910
217.500
218.090
218.690
219.290
219.870
220.450
221.050
221.650
222.230
222.820
223.410
223.980
224.580
225.160
225.750
226.340
226.920
227.480
228.050
228.640
229.220
229.790
230.380
230.950
231.530
232.100
232.690
233.270
233.850
234.450
235.050
235.650
236.220
236.780
237.370
237.960
238.540
239.120
239.710
240.280
240.860
241.440
242.040
242.620
243.220
243.800
244.390
244.970
245.550
246.130
246.710
247.310
247.880
248.460
249.040
249.620
250.210
250.780
251.380
251.960
252.560
253.140
253.730
254.310
254.910
255.510
256.090
256.650
257.230
257.790
258.390
258.970
259.560
260.160
260.730
261.310
261.900
262.470
263.060
263.630
264.220
264.820
265.390
265.980
266.550
267.120
267.730
268.320
268.880
269.490
270.060
270.650
271.230
271.820
272.390
272.970
273.570
274.170
274.740
275.330
275.880
276.470
277.060
277.620
278.220
278.810
279.400
279.980
280.540
281.130
281.720
282.280
282.890
283.500
284.180
284.910
285.590
286.310
287.040
287.770
288.450
289.170
289.890
290.630
291.360
292.100
292.820
293.580
294.330
295.080
295.810
296.560
297.290
298.060
298.810
299.560
300.300
301.060
301.760
302.410
303.010
303.660
304.260
304.880
305.500
306.150
306.730
307.350
308.010
308.620
309.290
309.900
310.550
311.200
311.820
312.460
313.100
