0.470
0.950
1.410
1.850
2.320
2.790
3.230
3.690
4.170
4.600
5.060
5.510
5.950
6.420
6.870
7.300
7.730
8.180
8.630
9.080
9.540
9.980
10.410
10.860
11.300
11.770
12.240
12.700
13.140
13.600
14.020
14.460
14.920
15.340
15.780
16.230
16.660
17.110
17.560
17.990
18.440
18.880
19.320
19.770
20.230
20.660
21.090
21.530
21.980
22.430
22.890
23.320
23.770
24.210
24.640
25.070
25.530
25.960
26.420
26.870
27.310
27.780
28.210
28.660
29.100
29.550
29.980
30.440
30.930
31.400
31.860
32.340
32.760
33.210
33.640
34.060
34.500
34.960
35.390
35.840
36.280
36.700
37.140
37.590
38.060
38.510
38.960
39.400
39.860
40.310
40.750
41.220
41.680
42.130
42.580
43.020
43.440
43.890
44.340
44.760
45.210
45.670
46.110
46.550
47.010
47.450
47.900
48.370
48.810
49.270
49.750
50.200
50.660
51.120
51.570
52.030
52.480
52.910
53.360
53.830
54.270
54.730
55.200
55.660
56.120
56.570
57.020
57.500
57.960
58.420
58.870
59.320
59.780
60.250
60.740
61.200
61.680
62.150
62.580
63.030
63.480
63.950
64.390
64.840
65.280
65.730
66.190
66.610
67.050
67.490
67.940
68.370
68.820
69.270
69.710
70.140
70.580
71.040
71.470
71.940
72.400
72.860
73.310
73.740
74.190
74.620
75.050
75.520
75.980
76.450
76.890
77.310
77.750
78.200
78.630
79.090
79.520
79.960
80.400
80.850
81.320
81.770
82.220
82.650
83.090
83.520
83.970
84.410
84.850
85.300
85.760
86.220
86.660
87.100
87.550
87.970
88.410
88.870
89.310
89.780
90.230
90.680
91.120
91.580
92.010
92.480
92.920
93.350
93.800
94.250
94.690
95.130
95.600
96.050
96.500
96.960
97.430
97.890
98.350
98.780
99.240
99.690
100.150
100.590
101.050
101.480
101.930
102.380
102.850
103.340
103.810
104.280
104.750
105.220
105.660
106.120
106.560
107.020
107.470
107.920
108.390
108.860
109.320
109.780
110.230
110.680
111.110
111.560
112.030
112.500
112.950
113.410
113.840
114.290
114.730
115.180
115.620
116.050
116.470
116.890
117.320
117.760
118.200
118.630
119.060
119.480
119.920
120.380
120.820
121.240
121.690
122.130
122.570
122.990
123.410
123.840
124.280
124.720
125.170
125.610
126.060
126.500
126.940
127.380
127.820
128.240
128.680
129.120
129.570
130.030
130.460
130.930
131.350
131.800
132.230
132.680
133.110
133.540
133.970
134.410
134.830
135.240
135.670
136.100
136.530
136.980
137.410
137.850
138.290
138.740
139.170
139.610
140.040
140.460
140.920
141.340
141.790
142.240
142.680
143.090
143.520
143.960
144.400
144.860
145.290
145.740
146.170
146.620
147.070
147.510
147.960
148.430
148.870
149.310
149.740
150.190
150.610
151.050
151.470
151.890
152.320
152.770
153.200
153.630
154.060
154.480
154.920
155.360
155.800
156.230
156.680
157.110
157.530
157.960
158.390
158.830
159.280
159.700
160.130
160.570
161.010
161.440
161.900
162.330
162.770
163.200
163.630
164.040
164.480
164.910
165.350
165.790
166.240
166.690
167.140
167.580
168.020
168.460
168.910
169.360
169.810
170.260
170.700
171.140
171.590
172.050
172.510
172.940
173.420
173.880
174.340
174.790
175.250
175.690
176.120
176.560
176.990
177.430
177.870
178.340
178.770
179.220
179.690
180.140
180.570
181.030
181.470
181.910
182.340
182.790
183.240
183.700
184.140
184.580
185.020
185.450
185.880
186.330
186.780
187.230
187.680
188.130
188.580
189.020
189.470
189.920
190.370
190.820
191.280
191.740
192.190
192.640
193.090
193.520
193.940
194.360
194.810
195.260
195.700
196.130
196.570
197.020
197.450
197.900
198.360
198.800
199.240
199.710
200.160
200.610
201.050
201.500
201.960
202.400
202.840
203.270
203.710
204.150
204.600
205.040
205.490
205.930
206.380
206.850
207.280
207.750
208.200
208.630
209.060
209.520
209.950
210.400
210.830
211.260
211.710
212.150
212.590
213.020
213.430
213.870
214.290
214.730
215.160
215.610
216.060
216.500
216.960
217.400
217.850
218.280
218.710
219.170
219.600
220.030
220.480
220.920
221.360
221.810
222.240
222.670
223.140
223.570
224.040
224.460
224.880
225.320
225.760
226.190
226.610
227.030
227.480
227.930
228.370
228.810
229.240
229.650
230.090
230.520
230.960
231.400
231.850
232.290
232.750
233.190
233.640
234.100
234.530
234.980
235.430
235.890
236.330
236.750
237.190
237.630
238.070
238.510
238.960
239.400
239.840
240.290
240.740
241.180
241.640
242.090
242.530
242.990
243.440
243.870
244.330
244.780
245.220
245.680
246.120
246.560
247.010
247.430
247.870
248.310
248.750
249.210
249.640
250.080
250.520
250.970
251.390
251.830
252.270
252.700
253.110
253.550
253.970
254.410
254.870
255.300
255.730
256.190
256.630
257.060
257.510
257.940
258.380
258.800
259.260
259.680
260.130
260.560
261.000
261.440
261.890
262.340
262.780
263.200
263.640
264.060
264.490
264.920
265.350
265.790
266.200
266.660
267.090
267.540
267.970
268.410
268.840
269.250
269.680
270.130
270.540
271.000
271.420
271.860
272.310
272.760
273.200
273.620
274.080
274.540
274.980
275.420
275.890
276.310
276.750
277.210
277.630
278.090
278.530
278.940
279.390
279.820
280.230
280.660
281.090
281.530
282.000
282.440
282.900
283.330
283.790
284.250
284.720
285.170
285.610
286.060
286.530
286.960
287.390
287.840
288.290
288.750
289.190
289.650
290.100
290.540
291.000
291.470
291.920
292.390
292.850
293.300
293.750
294.210
294.670
295.130
295.580
296.020
296.460
296.920
297.350
297.800
298.240
298.660
299.100
299.520
299.970
300.400
300.850
301.300
301.720
302.170
302.600
303.040
303.490
303.950
304.390
304.830
305.270
305.710
306.120
306.550
307.020
307.450
307.910
308.350
308.820
309.250
309.680
310.140
310.580
311.000
311.460
311.900
312.320
312.750
313.190
313.620
314.070
314.540
314.960
315.410
315.860
316.280
316.730
317.160
317.610
318.030
318.450
318.850
319.270
319.710
320.120
320.560
320.990
321.400
321.830
322.270
322.690
323.130
323.550
323.990
324.420
324.860
325.280
325.730
326.170
326.620
327.050
327.480
327.900
328.330
328.760
329.180
329.600
330.020
330.450
330.880
331.320
331.760
332.200
332.650
333.080
333.540
333.970
334.410
334.860
335.280
335.710
336.140
336.590
337.030
337.460
337.890
338.330
338.780
339.220
339.690
340.140
340.590
341.020
341.470
341.940
342.390
342.860
343.300
343.750
344.210
344.660
345.110
345.560
346.010
346.470
346.930
347.400
347.860
348.350
348.860
349.350
349.890
350.410
350.960
351.490
352.110
352.720
353.380
354.030
354.660
355.280
355.940
356.500
357.010
357.550
358.050
358.550
359.060
359.600
360.090
360.590
361.070
361.610
362.090
362.610
363.140
363.680
364.160
364.690
365.200
365.680
366.160
366.630
367.120
367.580
368.080
368.550
369.040
369.500
370.000
370.460
370.940
371.430
371.920
372.400
372.880
373.340
373.840
374.320
374.780
375.260
375.740
376.220
376.700
377.180
377.660
378.150
378.640
379.120
379.600
380.080
380.560
381.020
381.500
381.980
382.460
382.940
383.420
383.920
384.400
384.860
