0.090
0.840
1.590
2.330
3.070
3.860
4.570
5.400
6.180
6.980
7.710
8.500
9.250
10.040
10.750
11.530
12.280
12.950
13.660
14.370
15.100
15.780
16.430
17.100
17.770
18.360
18.990
19.620
20.220
20.870
21.490
22.130
22.750
23.390
23.990
24.590
25.180
25.740
26.290
26.890
27.520
28.110
28.720
29.330
29.930
30.540
31.150
31.730
32.300
32.790
33.260
33.760
34.260
34.730
35.230
35.720
36.230
36.710
37.170
37.670
38.150
38.630
39.080
39.550
40.030
40.480
40.920
41.370
41.840
42.280
42.740
43.170
43.630
44.090
44.540
44.990
45.440
45.880
46.360
46.810
47.260
47.730
48.200
48.650
49.100
49.570
50.040
50.520
50.990
51.450
51.910
52.370
52.840
53.300
53.770
54.240
54.710
55.160
55.640
56.130
56.600
57.090
57.570
58.100
58.660
59.160
59.710
60.190
60.670
61.150
61.650
62.130
62.630
63.100
63.590
64.100
64.600
65.090
65.560
66.050
66.540
67.040
67.510
68.000
68.480
68.960
69.450
69.940
70.430
70.920
71.390
71.910
72.420
72.930
73.430
73.910
74.380
74.880
75.360
75.860
76.350
76.840
77.320
77.810
78.300
78.810
79.290
79.770
80.280
80.790
81.280
81.780
82.290
82.780
83.280
83.790
84.260
84.750
85.250
85.740
86.240
86.760
87.260
87.780
88.290
88.780
89.260
89.740
90.220
90.720
91.220
91.710
92.180
92.680
93.160
93.640
94.130
94.640
95.110
95.600
96.080
96.580
97.070
97.560
98.060
98.530
99.030
99.500
99.980
100.460
100.940
101.430
101.910
102.390
102.860
103.350
103.840
104.320
104.800
105.280
105.770
106.240
106.720
107.210
107.680
108.170
108.650
109.140
109.610
110.090
110.570
111.060
111.540
112.030
112.500
112.990
113.480
113.970
114.460
114.930
115.410
115.890
116.380
116.870
117.360
117.840
118.320
118.800
119.290
119.770
120.260
120.720
121.210
121.680
122.160
122.640
123.120
123.610
124.090
124.580
125.050
125.530
126.000
126.480
126.970
127.450
127.930
128.410
128.890
129.370
129.870
130.340
130.820
131.300
131.780
132.270
132.760
133.250
133.730
134.210
134.700
135.180
135.670
136.140
136.620
137.100
137.580
138.060
138.540
139.030
139.510
140.000
140.500
140.960
141.440
141.920
142.400
142.890
143.370
143.850
144.330
144.810
145.280
145.760
146.250
146.730
147.210
147.700
148.200
148.670
149.150
149.650
150.140
150.620
151.110
151.590
152.060
152.560
153.040
153.540
154.050
154.520
155.000
155.470
155.950
156.420
156.890
157.360
157.850
158.330
158.800
159.280
159.750
160.220
160.690
161.170
161.660
162.150
162.640
163.120
163.600
164.090
164.550
165.050
165.520
166.010
166.490
166.970
167.470
167.940
168.420
168.900
169.390
169.870
170.340
170.820
171.290
171.770
172.250
172.730
173.210
173.680
174.160
174.630
175.110
175.580
176.060
176.530
177.020
177.490
177.970
178.440
178.920
179.410
179.890
180.370
180.870
181.340
181.840
182.320
182.800
183.280
183.770
184.250
184.730
185.210
185.690
186.170
186.640
187.130
187.610
188.090
188.570
189.060
189.530
190.020
190.490
190.970
191.450
191.920
192.400
192.870
193.360
193.830
194.320
194.780
195.270
195.730
196.190
196.670
197.130
197.620
198.090
198.550
199.020
199.500
199.980
200.450
200.930
201.400
201.870
202.340
202.810
203.290
203.760
204.230
204.720
205.190
205.670
206.140
206.630
207.100
207.580
208.060
208.540
209.030
209.500
209.960
210.420
210.910
211.400
211.890
212.370
212.850
213.320
213.790
214.270
214.750
215.230
215.700
216.180
216.650
217.130
217.620
218.090
218.570
219.050
219.530
220.010
220.480
220.950
221.440
221.900
222.370
222.850
223.330
223.810
224.300
224.770
225.240
225.740
226.200
226.680
227.170
227.640
228.110
228.570
229.050
229.540
230.010
230.480
230.950
231.430
231.910
232.390
232.860
233.340
233.810
234.290
234.760
235.240
235.710
236.200
236.670
237.150
237.640
238.100
238.570
239.050
239.520
239.990
240.470
240.960
241.430
241.910
242.380
242.860
243.350
243.810
244.280
244.740
245.230
245.690
246.170
246.630
247.100
247.590
248.060
248.540
249.010
249.490
249.950
250.420
250.900
251.390
251.870
252.320
252.800
253.270
253.740
254.220
254.690
255.150
255.630
256.110
256.560
257.050
257.520
258.000
258.470
258.950
259.420
259.920
260.390
260.850
261.320
261.790
262.270
262.740
263.210
263.680
264.140
264.610
265.080
265.550
266.000
266.470
266.920
267.400
267.870
268.330
268.810
269.280
269.740
270.210
270.660
271.150
271.600
272.080
272.540
273.020
273.500
273.970
274.440
274.900
275.370
275.850
276.330
276.810
277.280
277.750
278.220
278.680
279.150
279.600
280.080
280.530
280.990
281.450
281.910
282.360
282.830
283.280
283.730
284.200
284.660
285.120
285.570
286.020
286.490
286.960
287.430
287.900
288.360
288.840
289.310
289.790
290.240
290.710
291.190
291.660
292.130
292.600
293.070
293.550
294.020
294.500
294.970
295.460
295.920
296.380
296.860
297.330
297.810
298.290
298.770
299.250
299.730
300.210
300.690
301.180
301.660
302.140
302.610
303.090
303.570
304.040
304.520
304.990
305.460
305.930
306.390
306.860
307.350
307.810
308.270
308.770
309.280
309.750
310.220
310.680
311.140
311.620
312.070
312.540
313.020
313.500
313.970
314.440
314.910
315.380
315.840
316.320
316.790
317.260
317.730
318.190
318.660
319.130
319.590
320.070
320.530
320.990
321.460
321.930
322.380
322.850
323.300
323.770
324.220
324.700
325.160
325.630
326.100
326.560
327.020
327.490
327.970
328.430
328.910
329.360
329.820
330.270
330.740
331.210
331.680
332.160
332.630
333.100
333.570
334.040
334.500
334.970
335.450
335.910
336.390
336.840
337.310
337.780
338.240
338.710
339.180
339.640
340.110
340.560
341.020
341.490
341.960
342.420
342.880
343.340
343.790
344.240
344.710
345.170
345.610
346.070
346.530
347.000
347.450
347.910
348.370
348.830
349.280
349.750
350.200
350.660
351.130
351.580
352.030
352.410
352.830
353.230
353.610
354.050
354.510
354.960
355.420
355.890
356.330
356.810
357.260
357.730
358.190
358.640
359.100
359.560
360.030
360.490
360.960
361.440
361.900
362.360
362.820
363.280
363.740
364.200
364.670
365.130
365.600
366.050
366.520
366.980
367.450
367.910
368.380
368.840
369.300
369.770
370.230
370.690
371.160
371.610
372.080
372.540
373.000
373.470
373.930
374.390
374.840
375.310
375.770
376.240
376.700
377.170
377.630
378.090
378.550
379.020
379.470
379.940
380.390
380.860
381.310
381.770
382.220
382.670
383.130
383.590
384.040
384.500
384.960
385.420
385.860
386.310
386.770
387.220
387.670
388.120
388.570
389.030
389.480
389.940
390.390
390.860
391.320
391.790
392.240
392.690
393.160
393.610
394.050
394.510
394.960
395.410
395.860
396.320
396.770
397.220
397.670
398.130
398.580
399.040
399.500
399.950
400.410
400.860
401.340
401.790
402.250
402.700
403.160
403.620
404.070
404.530
404.980
405.450
405.900
406.360
406.810
407.270
407.720
408.180
408.640
409.090
409.560
410.020
410.480
410.940
411.390
411.850
412.310
412.770
413.230
413.690
414.150
414.600
415.060
415.510
415.980
416.430
416.890
417.340
417.800
418.270
418.720
419.180
419.640
420.100
420.560
421.020
421.490
421.940
422.410
422.860
423.320
423.770
424.230
424.680
425.140
425.590
426.050
426.510
426.970
427.420
427.880
428.330
428.780
429.250
429.710
430.170
430.610
431.070
431.530
432.000
432.450
432.910
433.370
433.820
434.270
434.730
435.180
435.630
436.080
436.520
436.970
437.420
437.880
438.330
438.810
439.260
439.710
440.190
440.640
441.100
441.550
442.000
442.470
442.920
443.380
443.840
444.300
444.760
445.220
445.680
446.130
446.590
447.040
447.490
447.940
448.390
448.840
449.310
449.760
450.230
450.680
451.140
451.590
452.040
452.490
452.950
453.400
453.850
454.300
454.760
455.200
455.650
456.100
456.550
457.000
457.450
457.900
458.340
458.780
459.220
459.660
460.120
460.570
461.010
461.460
461.900
462.340
462.790
463.240
463.700
464.140
464.590
465.040
465.480
465.930
466.380
466.840
467.290
467.730
468.180
468.630
469.090
469.540
469.990
470.440
470.890
471.340
471.800
472.250
472.690
473.140
473.590
474.040
474.480
474.930
475.380
475.830
476.280
476.720
477.170
477.620
478.070
478.520
478.960
479.410
479.860
480.320
480.760
481.210
481.660
482.090
482.540
482.970
483.420
483.860
484.310
484.760
485.200
485.630
486.070
486.520
486.960
487.410
487.850
488.310
488.760
489.200
489.640
490.080
490.520
490.960
491.400
491.850
492.300
492.730
493.170
493.610
494.040
494.490
494.940
495.380
495.830
496.280
496.710
497.160
497.620
498.060
498.500
498.940
499.390
499.840
500.300
500.730
501.190
501.630
502.060
502.510
502.970
503.420
503.860
504.310
504.730
505.180
505.610
506.040
506.450
506.880
507.330
507.740
508.180
508.640
509.110
509.590
510.050
510.540
510.990
511.470
511.950
512.420
512.880
513.310
513.760
514.220
514.680
515.120
515.570
516.050
516.580
517.080
517.550
518.040
518.500
519.000
519.460
519.910
520.340
520.790
521.260
521.730
522.200
522.680
523.150
523.620
524.090
524.570
525.040
525.510
525.970
526.430
526.910
527.370
527.830
528.300
528.770
529.130
529.510
529.870
530.220
530.590
530.950
531.310
531.670
532.010
532.390
532.730
533.090
533.450
533.810
534.170
534.550
534.910
535.300
535.650
536.040
536.400
536.780
537.150
537.480
537.830
538.170
538.490
538.830
539.190
539.520
539.850
540.210
540.560
540.930
541.280
541.640
542.000
542.360
542.720
543.090
543.450
543.810
544.160
544.520
544.890
545.260
545.620
545.980
546.340
546.700
547.050
547.400
547.760
548.130
548.480
548.840
549.190
549.540
549.890
550.240
550.580
550.940
551.290
551.650
552.000
552.360
552.720
553.080
553.450
553.790
554.150
554.510
554.880
555.220
555.590
555.940
556.270
556.640
557.010
557.350
557.710
558.070
558.440
558.820
559.190
559.560
559.920
560.310
560.660
561.060
561.420
561.820
562.190
562.580
562.960
563.340
563.700
564.100
564.460
564.840
565.230
565.600
