0.700
1.560
2.410
3.300
4.230
5.090
5.970
6.740
7.560
8.350
9.210
10.090
10.960
11.790
12.640
13.510
14.310
15.100
15.800
16.530
17.250
17.980
18.660
19.300
19.940
20.530
21.120
21.690
22.240
22.780
23.340
23.880
24.440
25.020
25.580
26.160
26.710
27.260
27.820
28.380
28.960
29.540
30.110
30.680
31.250
31.820
32.400
32.960
33.550
34.120
34.690
35.260
35.820
36.380
36.980
37.560
38.130
38.710
39.290
39.870
40.440
41.010
41.570
42.140
42.710
43.280
43.850
44.400
44.970
45.530
46.120
46.690
47.260
47.840
48.430
49.010
49.570
50.140
50.710
51.280
51.830
52.400
52.960
53.520
54.090
54.660
55.240
55.830
56.400
56.970
57.530
58.100
58.690
59.210
59.530
59.820
60.090
60.380
60.650
60.940
61.210
61.500
61.770
62.060
62.330
62.620
62.910
63.200
63.490
63.780
64.070
64.350
64.640
64.930
65.220
65.510
65.800
66.100
66.380
66.680
66.960
67.250
67.540
67.830
68.100
68.390
68.660
68.950
69.230
69.510
69.790
70.080
70.360
70.650
70.940
71.220
71.500
71.780
72.060
72.340
72.630
72.910
73.190
73.470
73.760
74.050
74.330
74.630
74.910
75.200
75.480
75.760
76.040
76.320
76.600
76.880
77.160
77.440
77.730
78.010
78.280
78.570
78.850
79.130
79.410
79.690
79.960
80.250
80.520
80.810
81.090
81.370
81.650
81.930
82.210
82.490
82.770
83.060
83.340
83.630
83.920
84.200
84.480
84.760
85.040
85.330
85.600
85.880
86.160
86.450
86.730
87.020
87.300
87.590
87.860
88.150
88.420
88.710
88.980
89.270
89.550
89.830
90.110
90.390
90.670
90.950
91.230
91.510
91.780
92.070
92.340
92.630
92.910
93.190
93.470
93.750
94.030
94.310
94.590
94.870
95.150
95.430
95.710
95.990
96.270
96.550
96.820
97.110
97.390
97.670
97.940
98.230
98.500
98.780
99.060
99.340
99.620
99.900
100.180
100.470
100.750
101.030
101.320
101.600
101.890
102.180
102.450
102.740
103.010
103.300
103.580
103.870
104.150
104.430
104.710
105.000
105.270
105.560
105.830
106.120
106.390
106.680
106.960
107.240
107.510
107.800
108.070
108.360
108.640
108.920
109.210
109.490
109.780
110.060
110.340
110.620
110.900
111.190
111.470
111.750
112.030
112.310
112.590
112.870
113.140
113.430
113.700
113.990
114.260
114.550
114.830
115.110
115.390
115.670
115.950
116.230
116.500
116.790
117.060
117.340
117.620
117.900
118.180
118.460
118.740
119.020
119.300
119.580
119.860
120.160
120.440
120.730
121.010
121.300
121.570
121.860
122.130
122.410
122.690
122.980
123.250
123.540
123.810
124.100
124.370
124.660
124.940
125.220
125.490
125.780
126.050
126.340
126.610
126.900
127.180
127.460
127.730
128.020
128.290
128.570
128.860
129.130
129.530
129.960
130.520
131.060
131.620
132.160
132.700
133.250
133.810
134.370
134.920
135.460
136.020
136.570
137.120
137.700
138.260
138.820
139.380
139.940
140.500
141.060
141.610
142.160
142.720
143.280
143.830
144.390
144.940
145.500
146.060
146.620
147.170
147.740
148.290
148.840
149.400
149.960
150.520
151.070
151.620
152.160
152.710
153.260
153.810
154.360
154.920
155.460
156.010
156.570
157.130
157.670
158.220
158.770
159.320
159.870
160.420
160.970
161.520
162.060
162.600
163.160
163.710
164.260
164.820
165.380
165.930
166.470
167.020
167.580
168.120
168.670
169.220
169.770
170.320
170.860
171.410
171.960
172.520
173.090
173.640
174.200
174.760
175.300
175.860
176.400
176.950
177.500
178.040
178.610
179.140
179.680
180.230
180.790
181.340
181.890
182.450
183.010
183.550
184.090
184.630
185.170
185.720
186.250
186.810
187.340
187.880
188.430
188.970
189.520
190.060
190.610
191.160
191.720
192.260
192.810
193.360
193.910
194.470
195.010
195.560
196.100
196.640
197.190
197.740
198.280
198.830
199.380
199.930
200.480
201.010
201.540
202.080
202.620
203.150
203.700
204.250
204.780
205.320
205.860
206.400
206.950
207.510
208.060
208.610
209.160
209.710
210.270
210.820
211.370
211.910
212.460
213.000
213.550
214.080
214.620
215.150
215.700
216.240
216.800
217.340
217.900
218.430
218.970
219.530
220.060
220.610
221.150
221.700
222.230
222.770
223.320
223.870
224.420
224.980
225.500
226.040
226.590
227.120
227.660
228.200
228.730
229.300
229.820
230.360
230.910
231.450
232.000
232.540
233.090
233.640
234.180
234.730
235.280
235.820
236.370
236.920
237.460
237.990
238.540
239.080
239.620
240.150
240.710
241.250
241.810
242.360
242.920
243.470
244.030
244.580
245.130
245.670
246.220
246.770
247.320
247.870
248.410
248.960
249.510
250.050
250.580
251.100
251.650
252.190
252.730
253.270
253.810
254.350
254.870
255.410
255.970
256.500
257.040
257.570
258.110
258.650
259.190
259.720
260.270
260.810
261.350
261.900
262.440
262.990
263.540
264.080
264.610
265.140
265.680
266.230
266.760
267.290
267.830
268.370
268.920
269.470
270.010
270.540
271.080
271.620
272.170
272.700
273.260
273.790
274.330
274.860
275.400
275.940
276.480
277.030
277.590
278.130
278.680
279.230
279.790
280.330
280.870
281.410
281.960
282.490
283.040
283.580
284.120
284.650
285.200
285.730
286.280
286.830
287.370
287.920
288.450
289.000
289.550
290.090
290.620
291.160
291.690
292.230
292.770
293.280
293.790
294.310
294.860
295.400
295.940
296.470
297.000
297.540
298.070
298.610
299.140
299.670
300.220
300.750
301.280
301.820
302.350
302.900
303.440
303.990
304.530
305.090
305.620
306.160
306.710
307.240
307.780
308.320
308.860
309.390
309.930
310.460
311.000
311.550
312.100
312.660
313.180
313.750
314.270
314.830
315.360
315.900
316.430
316.990
317.540
318.080
318.620
319.170
319.730
320.240
320.730
321.260
321.780
322.260
322.780
323.310
323.860
324.390
324.950
325.490
326.060
326.600
327.140
327.670
328.230
328.780
329.300
329.860
330.410
330.930
331.470
332.010
332.550
333.070
333.600
334.140
334.650
335.170
335.700
336.230
336.740
337.290
337.820
338.330
338.860
339.400
339.910
340.440
340.990
341.510
342.040
342.580
343.120
343.620
344.170
344.680
345.240
345.790
346.320
346.870
347.420
347.950
348.500
349.030
349.560
350.110
350.640
351.170
351.700
352.220
352.740
353.270
353.790
354.300
354.840
355.390
355.930
356.470
356.980
357.480
357.990
358.530
359.040
359.540
360.050
360.560
361.050
361.590
362.070
362.620
363.150
363.680
364.210
364.720
365.240
365.760
366.280
366.810
367.330
367.850
368.380
368.900
369.430
369.950
370.480
371.010
371.550
372.080
372.600
373.130
373.640
374.170
374.670
375.220
375.730
376.230
376.730
377.260
377.760
378.260
378.790
379.320
379.870
380.420
380.960
381.490
382.020
382.550
383.070
383.590
384.110
384.640
385.170
385.690
386.210
386.730
387.250
387.760
388.280
388.800
389.340
389.850
390.370
390.870
391.400
391.910
392.400
392.910
393.420
393.970
394.490
394.990
395.490
396.020
396.550
397.080
397.610
398.140
398.670
399.200
399.730
400.260
400.780
401.310
401.830
402.350
402.890
403.400
403.920
404.460
404.980
405.520
406.040
406.570
407.090
407.650
408.240
408.800
409.330
409.920
410.430
410.960
411.490
411.980
412.480
413.010
413.530
414.070
414.600
415.130
415.660
416.190
416.710
417.240
417.760
418.290
418.810
419.340
419.860
420.400
420.920
421.460
421.960
422.470
423.000
423.520
424.010
424.530
425.030
425.560
426.070
426.560
427.060
427.670
428.250
428.790
429.320
429.870
430.390
430.900
431.430
431.950
432.470
432.990
433.520
434.050
434.570
435.090
435.610
436.130
436.650
437.160
437.700
438.220
438.720
439.230
439.740
440.250
440.760
441.270
441.760
442.230
442.720
443.250
443.790
444.300
444.820
445.350
445.870
446.390
446.930
447.460
447.990
448.520
449.040
449.560
450.080
450.590
451.110
451.620
452.140
452.660
453.180
453.690
454.230
454.730
455.250
455.750
456.280
456.770
457.280
457.820
458.320
458.820
459.320
459.820
460.340
460.840
461.340
461.850
462.410
462.920
463.470
464.020
464.550
465.080
465.620
466.150
466.680
467.220
467.740
468.280
468.810
469.350
469.860
470.420
470.970
471.510
472.070
472.590
473.150
473.670
474.210
474.750
475.290
475.820
476.340
476.890
477.590
478.240
478.890
479.590
480.260
481.000
481.690
482.430
483.220
483.940
484.580
485.190
485.830
486.500
487.130
487.760
488.400
489.020
489.640
490.290
490.920
491.530
492.150
492.900
493.590
494.300
495.010
495.710
496.430
497.160
497.910
