0.260
0.800
1.330
1.900
2.460
3.010
3.580
4.130
4.690
5.250
5.820
6.390
6.940
7.490
8.040
8.620
9.170
9.720
10.290
10.830
11.370
11.930
12.500
13.040
13.570
14.120
14.700
15.250
15.790
16.350
16.870
17.420
17.970
18.550
19.080
19.660
20.200
20.770
21.420
22.020
22.650
23.240
23.780
24.370
24.930
25.490
26.060
26.610
27.170
27.690
28.270
28.800
29.380
29.950
30.510
31.070
31.620
32.160
32.720
33.270
33.830
34.400
34.960
35.520
36.070
36.650
37.230
37.800
38.350
38.920
39.470
40.030
40.600
41.160
41.720
42.270
42.840
43.400
43.960
44.520
45.080
45.650
46.230
46.800
47.360
47.930
48.490
49.040
49.590
50.150
50.700
51.270
51.830
52.380
52.930
53.490
54.050
54.620
55.170
55.710
56.270
56.830
57.380
57.940
58.490
59.060
59.620
60.180
60.740
61.290
61.850
62.420
62.980
63.530
64.120
64.670
65.230
65.780
66.350
66.910
67.470
68.020
68.580
69.150
69.710
70.270
70.830
71.390
71.940
72.490
73.070
73.630
74.190
74.750
75.310
75.860
76.440
76.990
77.550
78.120
78.680
79.240
79.790
80.360
80.920
81.490
82.080
82.640
83.220
83.790
84.360
84.940
85.510
86.080
86.650
87.230
87.800
88.370
88.950
89.530
90.100
90.670
91.240
91.810
92.390
92.970
93.550
94.130
94.710
95.280
95.850
96.420
96.990
97.560
98.130
98.710
99.270
99.820
100.410
100.990
101.570
102.130
102.700
103.270
103.840
104.400
104.950
105.510
106.080
106.650
107.230
107.800
108.360
108.940
109.510
110.070
110.640
111.230
111.810
112.390
112.980
113.560
114.130
114.710
115.280
115.840
116.410
116.990
117.540
118.110
118.710
119.290
119.860
120.450
121.040
121.610
122.190
122.760
123.340
123.920
124.500
125.070
125.650
126.200
126.780
127.350
127.920
128.510
129.070
129.640
130.200
130.770
131.340
131.920
132.490
133.050
133.620
134.200
134.780
135.350
135.910
136.500
137.080
137.660
138.250
138.850
139.440
140.130
140.790
141.430
142.020
142.610
143.180
143.740
144.330
144.920
145.490
146.060
146.640
147.190
147.790
148.360
148.920
149.530
150.080
150.650
151.220
151.800
152.390
152.950
153.520
154.110
154.690
155.290
155.880
156.440
157.040
157.620
158.210
158.790
159.370
159.960
160.540
161.120
161.670
162.250
162.840
163.410
164.020
164.590
165.180
165.760
166.320
166.910
167.500
168.120
168.690
169.270
169.870
170.470
171.060
171.660
172.240
172.840
173.410
173.990
