0.650
1.780
2.840
3.960
5.040
6.130
7.170
8.170
9.120
10.110
11.020
11.960
12.920
13.960
14.900
15.930
16.910
17.890
18.900
19.850
20.740
21.680
22.650
23.630
24.680
25.700
26.650
27.670
28.720
29.700
30.710
31.660
32.570
33.610
34.630
35.660
36.660
37.660
38.690
39.760
40.760
41.700
42.650
43.620
44.550
45.490
46.390
47.320
48.200
49.150
50.040
50.960
51.860
52.790
53.760
54.730
55.730
56.710
57.670
58.650
59.620
60.550
61.520
62.450
63.450
64.390
65.340
66.320
67.280
68.190
68.740
69.200
69.690
70.170
70.650
71.110
71.610
72.080
72.570
73.050
73.550
74.020
74.520
75.000
75.490
75.980
76.450
76.940
77.430
77.920
78.410
78.890
79.360
79.810
80.280
80.760
81.250
81.730
82.200
82.660
83.150
83.610
84.100
84.570
85.060
85.520
86.000
86.480
86.980
87.440
87.950
88.430
88.900
89.400
89.870
90.360
90.840
91.330
91.820
92.290
92.790
93.270
93.760
94.240
94.730
95.210
95.720
96.190
96.710
97.180
97.680
98.160
98.650
99.160
99.650
100.140
100.630
101.120
101.610
102.080
102.600
103.090
103.590
104.070
104.570
105.040
105.530
106.020
106.500
106.990
107.480
107.960
108.450
108.920
109.420
109.890
110.380
110.850
111.330
111.800
112.280
112.740
113.230
113.710
114.200
114.660
115.150
115.610
116.090
116.570
117.070
117.550
118.030
118.500
118.990
119.460
119.940
120.430
120.910
121.400
121.870
122.340
122.830
123.300
123.790
124.250
124.730
125.210
125.680
126.160
126.650
127.130
127.600
128.080
128.560
129.020
129.490
129.990
130.470
130.950
131.410
131.900
132.390
132.880
133.370
133.850
134.340
134.840
135.320
135.800
136.290
136.760
137.260
137.730
138.230
138.720
139.210
139.700
140.190
140.670
141.180
141.680
142.170
142.660
143.160
143.640
144.120
144.600
145.090
145.590
146.080
146.560
147.080
147.560
148.060
148.560
149.050
149.530
150.030
150.520
151.010
151.500
151.980
152.470
152.950
153.430
153.910
154.400
154.870
155.360
155.860
156.350
156.830
157.330
157.830
158.310
158.790
159.300
159.790
160.280
160.770
161.260
161.730
162.240
162.710
163.220
163.710
164.200
164.690
165.200
165.710
166.200
166.680
167.180
167.670
168.140
168.620
169.110
169.590
170.100
170.590
171.080
171.540
172.030
172.500
172.990
173.490
173.980
174.460
174.950
175.430
175.930
176.400
176.890
177.380
177.860
178.340
178.840
179.320
179.810
180.300
180.790
181.290
181.780
182.270
182.760
183.250
183.750
184.240
184.740
185.230
185.710
186.210
186.690
187.170
187.650
188.130
188.620
189.100
189.570
190.060
190.550
191.020
191.510
191.990
192.480
192.960
193.450
193.930
194.420
194.900
195.400
195.880
196.360
196.860
197.340
197.840
198.330
198.820
199.300
199.810
200.290
200.790
201.270
201.770
202.260
202.740
203.230
203.720
204.210
204.710
205.200
205.700
206.200
206.700
207.180
207.660
208.150
208.660
209.160
209.640
210.130
210.610
211.100
211.580
212.060
212.570
213.040
213.520
213.990
214.490
214.980
215.470
215.960
216.440
216.930
217.410
217.890
218.370
218.870
219.360
219.840
220.330
220.820
221.300
221.790
222.280
222.770
223.250
223.760
224.230
224.710
225.210
225.680
226.180
226.680
227.160
227.650
228.130
228.620
229.110
229.600
230.110
230.590
231.060
231.560
232.040
232.540
233.020
233.510
234.010
234.500
234.990
235.480
235.980
236.470
236.970
237.490
237.980
238.460
238.960
239.440
239.930
240.430
240.930
241.420
241.910
242.400
242.890
243.390
243.860
244.370
244.850
245.330
245.820
246.310
246.800
247.280
247.770
248.260
248.740
249.230
249.720
250.240
250.730
251.250
251.730
252.230
252.710
253.190
253.690
254.170
254.680
255.160
255.660
256.160
256.660
257.160
257.660
258.170
258.660
259.160
259.660
260.160
260.650
261.150
261.640
262.120
262.620
263.120
263.600
264.090
264.590
265.080
265.590
266.110
266.600
267.110
267.600
268.100
268.610
269.100
269.590
270.080
270.570
271.070
271.550
272.040
272.540
273.030
273.530
274.040
274.530
275.020
275.520
276.020
276.510
277.000
277.490
277.980
278.490
278.980
279.470
279.970
280.460
280.960
281.440
281.930
282.430
282.920
283.420
283.930
284.420
284.900
285.370
285.840
286.340
286.840
287.330
287.830
288.300
288.780
289.270
289.760
290.250
290.750
291.250
291.750
292.240
292.740
293.240
293.730
294.220
294.720
295.210
295.710
296.210
296.710
297.220
297.710
298.220
298.720
299.220
299.710
300.210
300.700
301.200
301.700
302.200
302.680
303.180
303.700
304.190
304.690
305.170
305.670
306.160
306.650
307.110
307.600
308.080
308.600
309.070
309.560
310.030
310.500
310.980
311.460
311.930
312.420
312.890
313.370
313.850
314.340
314.830
315.310
315.790
316.260
316.750
317.250
317.740
318.240
318.730
319.200
319.670
320.160
320.640
321.140
321.610
322.090
322.570
323.060
323.540
324.020
324.510
324.990
325.470
325.970
326.440
326.950
327.430
327.900
328.400
328.890
329.380
329.860
330.360
330.850
331.360
331.860
332.340
332.860
333.330
333.840
334.330
334.850
335.330
335.820
336.330
336.820
337.310
337.830
338.330
338.800
339.300
339.800
340.290
340.780
341.290
341.820
342.320
342.830
343.330
343.800
344.310
344.770
345.280
345.760
346.260
346.750
347.220
347.700
348.180
348.660
349.150
349.650
350.120
350.620
351.090
351.560
352.060
352.550
353.050
353.540
354.030
354.530
355.010
355.510
355.990
356.510
356.990
357.470
357.990
358.480
358.950
359.450
359.960
360.460
360.940
361.430
361.950
362.440
362.940
363.430
363.920
364.420
364.920
365.410
365.900
366.400
366.870
367.370
367.890
368.390
368.870
369.370
369.890
370.380
370.890
371.400
371.890
372.400
372.870
373.350
373.850
374.340
374.840
375.330
375.820
376.310
376.800
377.280
377.750
378.250
378.750
379.240
379.730
380.220
380.700
381.180
381.650
382.150
382.620
383.090
383.580
384.050
384.560
385.030
385.550
386.040
386.510
387.020
387.490
387.970
388.480
389.000
389.480
389.990
390.480
391.010
391.510
391.990
392.480
392.960
393.450
393.930
394.430
394.900
395.380
395.880
396.370
396.860
397.330
397.820
398.310
398.800
399.270
399.770
400.240
400.730
401.230
401.720
402.200
402.700
403.180
403.680
404.190
404.690
405.170
405.670
406.160
406.640
407.110
407.590
408.100
408.580
409.070
409.540
410.030
410.500
410.970
411.470
411.940
412.430
412.910
413.400
413.870
414.360
414.860
415.350
415.850
416.330
416.810
417.330
417.830
418.300
418.800
419.280
419.780
420.260
420.770
421.270
421.790
422.280
422.780
423.280
423.760
424.260
424.770
425.270
425.780
426.260
426.760
427.270
427.790
428.280
428.790
429.290
429.790
430.300
430.800
431.300
431.820
432.310
432.790
433.290
433.780
434.280
434.770
435.270
435.760
436.250
436.730
437.240
437.730
438.250
438.740
439.240
439.720
440.220
440.700
441.200
441.700
442.210
442.690
443.200
443.680
444.180
444.690
445.190
445.690
446.190
446.680
447.200
447.680
448.190
448.670
449.190
449.650
450.170
450.640
451.140
451.620
452.120
452.620
453.130
453.610
454.110
454.600
455.080
455.550
456.050
456.520
457.010
457.490
457.980
458.460
458.950
459.440
459.910
460.420
460.930
461.420
461.920
462.420
462.900
463.390
463.860
464.360
464.860
465.350
465.830
466.320
466.800
467.290
467.780
468.250
468.740
469.220
469.710
470.200
470.680
471.160
471.650
472.160
472.660
473.140
473.660
474.150
474.650
475.130
475.640
476.160
476.640
477.150
477.620
478.100
478.610
479.100
479.590
480.080
480.600
481.090
481.550
482.070
482.550
483.020
483.520
484.030
484.520
485.040
485.530
486.000
486.490
486.970
487.490
488.000
488.480
489.000
489.500
490.030
490.520
491.030
491.520
492.040
492.520
493.000
493.490
494.030
494.530
495.040
495.520
496.040
496.530
497.020
497.520
498.040
498.530
499.020
499.530
500.040
500.530
501.030
501.520
502.010
502.530
503.030
503.510
504.010
504.530
505.020
505.530
506.020
506.480
506.940
507.440
507.920
508.420
508.900
509.400
509.900
510.390
510.880
511.370
511.830
512.350
512.830
513.320
513.850
514.380
514.910
515.480
516.070
516.710
517.380
518.040
518.750
519.480
520.190
520.930
521.710
522.460
523.200
523.960
524.700
525.390
526.140
526.830
527.540
528.260
529.000
529.730
530.420
531.190
531.910
532.620
533.360
534.110
534.810
535.530
536.280
537.030
537.730
538.460
539.180
539.870
540.530
541.210
541.910
542.550
543.250
543.960
544.680
545.380
546.090
546.790
547.460
548.140
548.840
549.460
550.150
550.800
551.450
552.120
552.750
553.380
554.050
554.740
555.400
556.040
556.680
557.360
558.070
558.760
559.420
560.130
560.840
561.450
562.060
562.690
563.290
563.920
564.530
565.140
565.720
566.330
566.940
567.590
568.210
568.830
569.480
570.100
570.710
