0.340
0.860
1.380
1.930
2.470
3.010
3.550
4.090
4.640
5.190
5.740
6.290
6.820
7.350
7.920
8.460
9.000
9.520
10.080
10.630
11.180
11.730
12.280
12.830
13.380
13.920
14.450
14.980
15.530
16.070
16.610
17.130
17.660
18.230
18.780
19.330
19.890
20.440
20.980
21.510
22.040
22.570
23.100
23.610
24.160
24.710
25.250
25.780
26.310
26.850
27.400
27.940
28.490
29.040
29.580
30.120
30.640
31.150
31.680
32.220
32.760
33.290
33.830
34.350
34.870
35.410
35.950
36.490
37.030
37.560
38.110
38.650
39.190
39.730
40.250
40.770
41.300
41.830
42.370
42.900
43.440
43.980
44.520
45.060
45.600
46.140
46.690
47.230
47.760
48.300
48.840
49.380
49.920
50.470
51.000
51.520
52.050
52.590
53.110
53.630
54.170
54.660
55.200
55.710
56.250
56.770
57.300
57.820
58.360
58.900
59.420
59.950
60.460
60.990
61.510
62.030
62.560
63.080
63.610
64.130
64.660
65.190
65.720
66.270
66.800
67.330
67.850
68.380
68.890
69.410
69.950
70.470
71.000
71.520
72.050
72.570
73.100
73.620
74.150
74.670
75.210
75.740
76.250
76.780
77.290
77.830
78.360
78.900
79.430
79.970
80.500
81.040
81.580
82.110
82.630
83.160
83.700
84.240
84.780
85.300
85.840
86.360
86.900
87.420
87.940
88.480
89.010
89.550
90.080
90.620
91.150
91.670
92.210
92.740
93.270
93.790
94.310
94.830
95.350
95.880
96.410
96.940
97.470
98.000
98.540
99.070
99.600
100.140
100.670
101.200
101.730
102.260
102.780
103.310
103.840
104.370
104.910
105.440
105.990
106.530
107.060
107.590
108.130
108.670
109.200
109.730
110.270
110.790
111.310
111.860
112.390
112.910
113.450
113.970
114.510
115.020
115.550
116.080
116.610
117.140
117.670
118.200
118.740
119.260
119.800
120.340
120.840
121.380
121.910
122.450
122.980
123.500
124.040
124.580
125.100
125.630
126.180
126.670
127.210
127.730
128.240
128.770
129.310
129.840
130.350
130.890
131.410
131.950
132.460
132.990
133.530
134.060
134.580
135.090
135.630
136.140
136.670
137.190
137.730
138.260
138.800
139.330
139.840
140.370
140.890
141.420
141.950
142.480
143.000
143.520
144.040
144.550
145.080
145.590
146.130
146.660
147.190
147.730
148.250
148.780
149.320
149.850
150.400
150.930
151.460
151.990
152.520
153.050
153.560
154.070
154.600
155.120
155.640
156.170
156.690
157.200
157.740
158.260
158.780
159.310
159.830
160.350
160.870
161.400
161.910
162.420
162.940
163.470
164.010
164.540
165.070
165.600
166.110
166.630
167.150
167.680
168.200
168.710
169.230
169.730
170.240
170.770
171.290
171.800
172.320
172.810
173.320
173.820
174.340
174.840
175.360
175.870
176.380
176.900
177.400
177.930
178.440
178.970
179.490
180.020
180.540
181.060
181.590
182.120
182.640
183.180
183.700
184.220
184.730
185.250
185.770
186.290
186.800
187.310
187.710
188.120
188.640
189.160
189.680
190.200
190.730
191.250
191.780
192.310
192.830
193.350
193.870
194.390
194.920
195.450
195.960
196.490
197.020
197.530
198.050
198.570
199.090
199.610
200.120
200.640
201.160
201.670
202.180
202.700
203.200
203.710
204.230
204.750
205.280
205.810
206.330
206.850
207.380
207.900
208.440
208.950
209.470
210.000
210.510
211.030
211.530
212.050
212.600
213.120
213.640
214.190
214.730
215.260
215.790
216.340
216.860
217.360
217.900
218.420
218.940
219.440
219.980
220.500
221.040
221.580
222.120
222.640
223.160
223.680
224.190
224.710
225.230
225.760
226.280
226.810
227.340
227.860
228.400
228.900
229.430
229.980
230.500
231.040
231.580
232.090
232.600
233.130
233.610
234.120
234.650
235.170
235.710
236.210
236.740
237.250
237.780
238.310
238.850
239.370
239.890
240.420
240.950
241.460
241.980
242.470
242.990
243.520
244.180
244.840
245.460
246.120
246.760
247.370
248.040
248.680
249.300
249.960
250.600
251.220
251.870
252.520
253.130
