0.290
0.610
0.950
1.310
1.650
1.980
2.310
2.670
2.990
3.360
3.710
4.060
4.390
4.730
5.070
5.420
5.780
6.120
6.460
6.790
7.140
7.460
7.810
8.170
8.520
8.880
9.230
9.570
9.920
10.260
10.600
10.940
11.290
11.630
11.950
12.290
12.630
12.970
13.300
13.650
14.010
14.380
14.730
15.070
15.410
15.750
16.110
16.450
16.810
17.160
17.500
17.840
18.180
18.540
18.870
19.240
19.580
19.910
20.260
20.610
20.940
21.290
21.630
21.970
22.310
22.650
22.990
23.320
23.660
24.000
24.330
24.680
25.020
25.370
25.710
26.060
26.390
26.730
27.080
27.400
27.720
28.070
28.380
28.740
29.080
29.400
29.740
30.100
30.420
30.780
31.100
31.460
31.780
32.110
32.450
32.780
33.100
33.440
33.770
34.090
34.440
34.780
35.120
35.440
35.760
36.110
36.420
36.740
37.070
37.390
37.720
38.040
38.360
38.700
39.020
39.350
39.690
40.030
40.360
40.700
41.020
41.370
41.700
42.060
42.370
42.710
43.050
43.380
43.700
44.020
44.340
44.670
45.000
45.340
45.680
46.010
46.350
46.710
47.030
47.390
47.710
48.050
48.400
48.740
49.060
49.400
49.730
50.060
50.380
50.700
51.030
51.370
51.690
52.020
52.350
52.690
53.020
53.350
53.660
53.990
54.310
54.640
54.980
55.330
55.660
56.000
56.330
56.670
57.010
57.350
57.690
58.020
58.350
58.690
59.010
59.350
59.680
60.020
60.350
60.680
61.000
61.350
61.680
62.020
62.350
62.690
63.020
63.340
63.680
64.010
64.340
64.680
65.010
65.350
65.670
66.000
66.320
66.660
66.990
67.330
67.660
67.990
68.340
68.670
69.000
69.340
69.680
70.030
70.350
70.670
71.000
71.340
71.680
72.010
72.360
72.700
73.020
73.360
73.720
74.030
74.370
74.710
75.030
75.370
75.700
76.010
76.360
76.680
77.010
77.350
77.680
78.000
78.330
78.660
78.980
79.330
79.680
80.000
80.340
80.690
81.010
81.340
81.670
82.000
82.340
82.670
83.000
83.320
83.640
83.970
84.310
84.640
84.960
85.300
85.630
85.950
86.280
86.600
86.930
87.270
87.600
87.940
88.260
88.590
88.930
89.250
89.580
89.910
90.240
90.580
90.900
91.230
91.550
91.880
92.220
92.550
92.870
93.200
93.540
93.880
94.220
94.550
94.900
95.220
95.560
95.900
96.220
96.560
96.880
97.220
97.560
97.890
98.220
98.570
98.910
99.230
99.560
99.890
100.230
100.570
100.900
101.240
101.580
101.930
102.260
102.590
102.920
103.250
103.600
103.920
104.270
104.600
104.920
105.270
105.610
105.940
106.280
106.620
106.950
107.300
107.620
107.960
108.270
108.620
108.940
109.280
109.610
109.960
110.290
110.630
110.950
111.300
111.630
111.950
112.270
112.600
112.940
113.280
113.600
113.930
114.260
114.620
114.950
115.300
115.620
115.980
116.320
116.650
117.000
117.340
117.670
118.010
118.330
118.680
119.000
119.330
119.670
120.010
120.340
120.680
121.010
121.330
121.670
122.010
122.340
122.680
123.020
123.360
123.700
124.030
124.360
124.710
125.030
125.380
125.720
126.050
126.380
126.730
127.060
127.400
127.740
128.050
128.400
128.740
129.070
129.390
129.730
130.070
130.390
130.740
131.070
131.410
131.750
132.080
132.420
132.760
133.080
133.420
133.740
134.080
134.390
134.710
135.050
135.380
135.690
136.020
136.350
136.690
137.020
137.360
137.690
138.020
138.360
138.680
139.020
139.350
139.680
140.010
140.320
140.660
140.980
141.320
141.650
141.980
142.320
142.650
142.980
143.330
143.650
143.990
144.310
144.650
144.980
145.300
145.640
145.980
146.290
146.630
146.950
147.290
147.630
147.940
148.290
148.630
148.940
149.290
149.620
149.950
150.270
150.610
150.930
151.270
151.590
151.930
152.250
152.580
152.910
153.230
153.560
153.890
154.220
154.550
154.880
155.210
155.530
155.850
156.180
156.520
156.850
157.190
157.510
157.860
158.200
158.550
158.880
159.210
159.550
159.880
160.200
160.550
160.870
161.200
161.540
161.870
162.190
162.550
162.870
163.220
163.550
163.890
164.230
164.560
164.900
165.220
165.560
165.890
166.220
166.550
166.880
167.200
167.520
167.860
168.180
168.520
168.860
169.180
169.510
169.830
170.160
170.480
170.800
171.110
171.450
171.770
172.110
172.440
172.750
173.090
173.410
173.740
174.070
174.400
174.730
175.060
175.390
175.710
176.030
176.350
176.680
177.000
177.310
177.650
177.960
178.290
178.610
178.930
179.240
179.570
179.900
180.220
180.550
180.880
181.210
181.540
181.870
182.180
182.510
182.840
183.180
183.520
183.840
184.180
184.490
184.830
185.150
185.500
185.810
186.150
186.480
186.810
187.130
187.460
187.780
188.130
188.440
188.780
189.100
189.430
189.760
190.100
190.420
190.760
191.090
191.430
191.740
192.060
192.390
192.720
193.040
193.380
193.690
194.030
194.350
194.680
195.010
195.330
195.650
195.980
196.300
196.640
196.950
197.290
197.610
197.940
198.250
198.570
198.900
199.230
199.550
199.880
200.210
200.530
200.860
201.190
201.500
201.830
202.140
202.440
202.760
203.090
203.410
203.720
204.050
204.370
204.690
205.020
205.340
205.670
205.990
206.330
206.660
206.990
207.310
207.640
207.960
208.290
208.600
208.930
209.240
209.560
209.880
210.190
210.510
210.820
211.130
211.450
211.760
212.080
212.410
212.720
213.050
213.370
213.710
214.040
214.360
214.690
215.010
215.320
215.640
215.970
216.280
216.600
216.910
217.230
217.560
217.870
218.190
218.520
218.840
219.160
219.480
219.800
220.120
220.450
220.760
221.090
221.410
221.720
222.050
222.370
222.680
223.000
223.330
223.650
223.970
224.270
224.580
224.900
225.200
225.510
225.830
226.140
226.440
226.740
227.040
227.340
227.630
227.930
228.230
228.560
228.870
229.200
229.510
229.830
230.150
230.470
230.840
231.190
231.510
231.830
232.150
232.460
232.780
233.100
233.430
233.750
234.070
234.390
234.700
235.030
235.340
235.660
235.970
236.280
236.590
236.910
237.220
237.530
237.840
238.160
238.480
238.790
239.110
239.440
239.760
240.080
240.400
240.720
241.040
241.360
241.670
241.990
242.320
242.630
242.960
243.270
243.580
243.900
244.210
244.520
244.840
245.160
245.480
245.800
246.110
246.440
246.750
247.090
247.430
247.770
248.090
248.420
248.770
249.100
249.430
249.760
250.080
250.420
250.740
251.080
251.400
251.720
252.040
252.360
252.690
253.030
253.360
253.690
254.010
254.330
254.650
254.980
255.300
255.620
255.930
256.250
256.570
256.900
257.220
257.530
257.840
258.160
258.470
258.790
259.110
259.430
259.750
260.080
260.400
260.710
261.010
261.330
261.640
261.970
262.310
262.640
262.960
263.290
263.620
263.940
264.260
264.590
264.890
265.200
265.520
265.820
266.140
266.450
266.750
267.070
267.380
267.690
267.990
268.280
268.580
268.880
269.190
269.480
269.780
270.100
270.430
270.750
271.070
271.390
271.710
272.020
272.340
272.660
272.980
273.310
273.620
273.940
274.260
274.590
274.910
275.230
275.550
275.870
276.170
276.490
276.790
277.110
277.410
277.720
278.040
278.350
278.650
278.960
279.270
279.580
279.890
280.210
280.520
280.820
281.130
281.440
281.740
282.050
282.350
282.650
282.940
283.230
283.520
283.800
284.090
284.400
284.700
285.010
285.330
285.640
285.950
286.260
286.560
286.870
287.190
287.500
287.810
288.120
288.440
288.760
289.070
289.390
289.710
290.040
290.360
290.680
291.000
291.320
291.630
291.950
292.270
292.620
292.940
293.270
293.580
293.900
294.200
294.510
294.830
295.150
295.460
295.800
296.140
296.460
296.760
297.080
297.380
297.700
298.010
298.310
298.630
298.960
299.270
299.600
299.920
300.240
300.550
300.880
301.220
301.550
301.880
302.220
302.530
302.850
303.150
303.470
303.790
304.110
304.430
304.760
305.070
305.400
305.740
306.070
306.400
306.730
307.060
307.400
307.720
308.050
308.360
308.680
309.010
309.330
309.660
309.990
310.310
310.630
310.950
311.280
311.600
311.920
312.240
312.560
312.880
313.190
313.520
313.840
314.160
314.480
314.790
315.120
315.430
315.750
316.070
316.380
316.690
317.010
317.330
317.650
317.960
318.260
318.580
318.890
319.190
319.500
319.810
320.120
320.430
320.750
321.070
321.390
321.690
322.000
322.310
322.620
322.930
323.260
323.570
323.890
324.210
324.540
324.860
325.170
325.500
325.820
326.150
326.480
326.800
327.150
327.460
327.780
328.110
328.440
328.750
329.100
329.410
329.740
330.060
330.390
330.710
331.030
331.340
331.670
331.980
332.310
332.620
332.920
333.240
333.560
333.880
334.210
334.530
334.850
335.170
335.490
335.800
336.110
336.420
336.740
337.040
337.350
337.650
337.960
338.270
338.570
338.880
339.190
339.500
339.800
340.100
340.410
340.710
341.010
341.320
341.630
341.930
342.230
342.520
342.840
343.140
343.460
343.770
344.080
344.390
344.700
345.020
345.340
345.660
345.990
346.330
346.640
346.960
347.290
347.600
347.920
348.240
348.560
348.880
349.190
349.490
349.820
350.140
350.460
350.770
351.090
351.400
351.720
352.050
352.360
352.680
353.000
353.320
353.650
353.970
354.290
354.610
354.930
355.250
355.560
355.880
356.180
356.490
356.800
357.120
357.430
357.730
358.040
358.360
358.650
358.950
359.250
359.560
359.880
360.200
360.510
360.840
361.140
361.460
361.760
362.070
362.380
362.690
363.010
363.330
363.640
363.970
364.280
364.600
364.920
365.250
365.570
365.890
366.220
366.540
366.870
367.180
367.500
367.830
368.150
368.460
368.780
369.080
369.400
369.710
370.030
370.350
370.660
370.980
371.310
371.630
371.950
372.270
372.590
372.910
373.230
373.550
373.870
374.180
374.500
374.810
375.130
375.440
375.760
376.080
376.400
376.730
377.030
377.350
377.660
377.970
378.280
378.580
378.890
379.210
379.520
379.830
380.140
380.450
380.750
381.060
381.390
381.710
382.020
382.340
382.670
382.990
383.310
383.630
383.950
384.270
384.580
384.900
385.230
385.540
385.870
386.180
386.530
386.850
387.200
387.520
387.880
388.200
388.560
388.890
389.230
389.570
389.890
390.220
390.550
390.870
391.190
391.520
391.860
392.180
392.520
392.880
393.210
393.550
393.900
394.210
394.550
394.880
395.220
395.530
395.850
396.190
396.520
396.830
397.180
397.510
397.840
398.190
398.530
398.860
399.210
399.530
399.860
400.190
400.520
400.850
401.170
401.500
401.830
402.140
402.480
402.810
403.140
403.490
403.820
404.150
404.490
404.810
405.140
405.470
405.800
406.110
406.440
406.770
407.090
407.430
407.750
408.100
408.420
408.740
409.070
409.410
409.750
410.070
410.400
410.710
411.030
411.360
411.670
412.010
412.330
412.650
413.000
413.330
413.650
413.970
414.290
414.610
414.930
415.260
415.580
415.890
416.220
416.540
416.860
417.180
417.510
417.840
418.160
418.480
418.810
419.140
419.480
419.820
420.160
420.470
420.820
421.140
421.460
421.780
422.100
422.420
422.740
423.060
423.410
423.730
424.050
424.390
424.730
425.050
425.390
425.710
426.040
426.360
426.710
427.020
427.340
427.670
428.000
428.320
428.640
428.960
429.290
429.610
429.930
430.250
430.560
430.880
431.210
431.520
431.850
432.170
432.490
432.800
433.130
433.450
433.760
434.080
434.400
434.730
435.050
435.370
435.690
436.000
436.320
436.640
436.970
437.290
437.600
437.930
438.250
438.570
438.880
