0.320
0.670
1.040
1.380
1.760
2.100
2.460
2.830
3.200
3.560
3.940
4.290
4.680
5.040
5.410
5.770
6.140
6.500
6.870
7.230
7.580
7.920
8.280
8.620
8.970
9.320
9.690
10.040
10.410
10.770
11.150
11.500
11.880
12.230
12.600
12.940
13.280
13.610
13.960
14.280
14.640
14.960
15.320
15.670
16.030
16.360
16.730
17.070
17.440
17.800
18.150
18.500
18.850
19.200
19.550
19.900
20.240
20.600
20.970
21.330
21.680
22.040
22.390
22.730
23.090
23.430
23.790
24.140
24.480
24.810
25.150
25.480
25.850
26.240
26.610
26.970
27.340
27.690
28.060
28.410
28.780
29.130
29.510
29.870
30.240
30.590
30.970
31.320
31.690
32.040
32.410
32.760
33.130
33.490
33.880
34.230
34.600
34.960
35.330
35.680
36.060
36.420
36.790
37.150
37.520
37.880
38.240
38.600
38.960
39.320
39.680
40.040
40.400
40.760
41.120
41.470
41.840
42.190
42.560
42.910
43.280
43.630
44.010
44.360
44.740
45.090
45.460
45.820
46.190
46.530
46.900
47.260
47.630
48.000
48.370
48.720
49.090
49.450
49.820
50.170
50.530
50.890
51.250
51.620
51.970
52.340
52.690
53.050
53.420
53.780
54.140
54.480
54.850
55.210
55.580
55.930
56.290
56.650
57.010
57.360
57.710
58.070
58.440
58.790
59.140
59.490
59.840
60.220
60.570
60.940
61.290
61.640
62.010
62.360
62.740
63.090
63.440
63.790
64.140
64.480
64.830
65.180
65.540
65.910
66.280
66.640
66.990
67.350
67.730
68.090
68.460
68.800
69.190
69.550
69.910
70.290
70.650
71.020
71.380
71.750
72.100
72.470
72.830
73.180
73.560
73.920
74.290
74.660
75.020
75.380
75.740
76.090
76.450
76.810
77.160
77.540
77.900
78.250
78.620
78.960
79.320
79.680
80.040
80.390
80.740
81.090
81.460
81.810
82.170
82.530
82.900
83.250
83.620
83.970
84.330
84.680
85.040
85.390
85.760
86.120
86.470
86.820
87.200
87.540
87.900
88.250
88.630
88.970
89.340
89.690
90.050
90.410
90.770
91.130
91.500
91.850
92.220
92.570
92.940
93.280
93.640
93.990
94.360
94.710
95.080
95.450
95.800
96.170
96.530
96.880
97.250
97.600
97.960
98.330
98.690
99.030
99.400
99.730
100.090
100.440
100.810
101.160
101.520
101.890
102.240
102.600
102.970
103.330
103.690
104.040
104.410
104.760
105.120
105.470
105.840
106.200
106.560
106.910
107.280
107.640
108.010
108.360
108.720
109.080
109.440
109.780
110.150
110.500
110.870
111.220
111.590
111.960
112.310
112.660
113.040
113.390
113.750
114.110
114.470
114.840
115.200
115.540
115.900
116.240
116.580
116.940
117.300
117.650
117.980
118.340
118.690
119.040
119.400
119.750
120.120
120.450
120.820
121.150
121.520
121.860
122.210
122.560
122.900
123.240
123.600
123.930
124.290
124.630
124.990
125.340
125.700
126.040
126.390
126.740
127.110
127.450
127.800
128.150
128.500
128.840
129.180
129.530
129.890
130.240
130.590
130.940
131.300
131.650
132.000
132.370
132.730
133.070
133.430
133.790
134.150
134.490
134.850
135.210
135.570
135.920
136.280
136.630
136.980
137.330
137.700
138.050
138.410
138.770
139.120
139.460
139.800
140.140
140.490
140.840
141.190
141.550
141.900
142.250
142.610
142.960
143.310
143.660
144.020
144.350
144.700
145.050
145.390
145.750
146.090
146.420
146.760
147.100
147.450
147.810
148.160
148.500
148.850
149.200
149.560
149.900
150.260
150.600
150.950
151.290
151.640
151.970
152.330
152.680
153.040
153.370
153.710
154.060
154.400
154.750
155.090
155.430
155.770
156.120
156.460
156.790
157.140
157.500
157.850
158.200
158.540
158.880
159.230
159.570
159.920
160.260
160.620
160.950
161.310
161.640
161.980
162.340
162.670
163.040
163.400
163.730
164.080
164.420
164.780
165.110
165.460
165.820
166.170
166.520
166.880
167.230
167.580
167.950
168.280
168.620
168.960
169.310
169.670
170.010
170.370
170.700
171.080
171.420
171.780
172.150
172.500
172.840
173.190
173.510
173.850
174.200
174.550
174.880
175.230
175.570
175.910
176.260
176.620
176.950
177.310
177.650
178.010
178.350
178.710
179.060
179.410
179.760
180.110
180.460
180.820
181.170
181.530
181.880
182.220
182.560
182.910
183.260
183.600
183.950
184.270
184.630
184.950
185.300
185.650
185.990
186.360
186.700
187.030
187.370
187.710
188.070
188.410
188.760
189.120
189.460
189.810
190.170
190.500
190.860
191.210
191.530
191.890
192.230
192.580
192.930
193.270
193.620
193.970
194.330
194.680
195.010
195.350
195.700
196.050
196.400
196.740
197.090
197.450
197.790
198.140
198.490
198.850
199.210
199.550
199.900
200.250
200.600
200.960
201.300
201.640
202.000
202.340
202.690
203.040
203.400
203.750
204.090
204.430
204.780
205.130
205.470
205.840
206.170
206.510
206.850
207.180
207.540
207.880
208.210
208.570
208.900
209.260
209.590
209.940
210.280
210.640
210.960
211.310
211.660
212.000
212.330
212.660
213.010
213.340
213.680
214.030
214.370
214.730
215.080
215.430
215.770
216.120
216.470
216.830
217.160
217.520
217.870
218.220
218.560
218.930
219.270
219.630
219.970
220.340
220.690
221.030
221.370
221.730
222.090
222.440
222.790
223.150
223.500
223.860
224.210
224.560
224.910
225.270
225.610
225.970
226.320
226.680
227.030
227.380
227.720
228.080
228.430
228.780
229.140
229.500
229.850
230.200
230.550
230.900
231.250
231.610
231.960
232.320
232.670
233.020
233.370
233.720
234.070
234.420
234.770
235.130
235.480
235.830
236.180
236.540
236.890
237.250
237.600
237.960
238.300
238.650
239.000
239.360
239.690
240.060
240.410
240.770
241.130
241.490
241.840
242.200
242.550
242.900
243.250
243.600
243.960
244.320
244.660
245.020
245.360
245.720
246.060
246.420
246.770
247.130
247.460
247.820
248.160
248.530
248.860
249.220
249.560
249.920
250.270
250.620
250.960
251.330
251.680
252.050
252.420
252.760
253.100
253.460
253.810
254.170
254.520
254.880
255.240
255.590
255.930
256.280
256.630
256.980
257.330
257.670
258.030
258.380
258.720
259.090
259.440
259.780
260.130
260.480
260.830
261.180
261.530
261.880
262.240
262.570
262.940
263.310
263.660
264.000
264.350
264.700
265.040
265.380
265.720
266.070
266.420
266.770
267.110
267.460
267.800
268.140
268.460
268.800
269.150
269.500
269.850
270.190
270.540
270.900
271.250
271.610
271.960
272.320
272.660
273.020
273.350
273.660
274.000
274.320
274.660
275.010
275.370
275.720
276.060
276.410
276.750
277.110
277.450
277.800
278.140
278.500
278.840
279.180
279.510
279.850
280.180
280.510
280.830
281.190
281.520
281.860
282.200
282.530
282.880
283.220
283.560
283.900
284.240
284.580
284.910
285.250
285.590
285.950
286.290
286.640
286.980
287.320
287.650
288.010
288.350
288.690
289.040
289.390
289.730
290.090
290.430
290.790
291.140
291.490
291.830
292.190
292.530
292.870
293.220
293.560
293.920
294.260
294.630
294.980
295.330
295.680
296.040
296.400
296.770
297.130
297.460
297.790
298.130
298.460
298.780
299.120
299.480
299.840
300.190
300.520
300.870
301.210
301.570
301.920
302.260
302.620
302.960
303.320
303.660
304.010
304.360
304.710
305.060
305.410
305.770
306.120
306.460
306.790
307.150
307.490
307.830
308.180
308.530
308.900
309.240
309.610
309.950
310.310
310.660
311.010
311.350
311.690
312.050
312.390
312.740
313.100
313.440
313.800
314.140
314.500
314.860
315.200
315.560
315.900
316.260
316.600
316.940
317.280
317.640
317.980
318.310
318.650
318.980
319.320
319.670
320.030
320.360
320.720
321.070
321.420
321.770
322.100
322.460
322.810
323.160
323.510
323.850
324.210
324.560
324.910
325.240
325.600
325.950
326.290
326.630
326.980
327.330
327.670
328.010
328.350
328.680
329.020
329.360
329.710
330.050
330.390
330.740
331.110
331.460
331.810
332.160
332.510
332.860
333.220
333.560
333.910
334.260
334.610
334.950
335.300
335.650
335.990
336.340
336.700
337.040
337.390
337.730
338.080
338.410
338.760
339.090
339.450
339.790
340.130
340.500
340.840
341.180
341.540
341.890
342.230
342.560
342.910
343.260
343.590
343.930
344.290
344.640
345.000
345.340
345.680
346.000
346.360
346.700
347.050
347.380
347.730
348.080
348.450
348.790
349.150
349.480
349.830
350.180
350.520
350.860
351.210
351.550
351.910
352.260
352.600
352.950
353.300
353.640
354.000
354.340
354.700
355.040
355.380
355.720
356.050
356.390
356.750
357.090
357.440
357.780
358.130
358.470
358.830
359.160
359.510
359.850
360.180
360.540
360.890
361.220
361.570
361.910
362.250
362.600
362.960
363.300
363.660
364.000
364.350
364.700
365.030
365.370
365.720
366.060
366.410
366.740
367.080
367.410
367.750
368.080
368.430
368.780
369.140
369.470
369.830
370.150
370.500
370.840
371.170
371.520
371.860
372.210
372.560
372.900
373.240
373.580
373.930
374.260
374.600
374.950
375.290
375.620
375.950
376.310
376.660
376.990
377.330
377.680
378.020
378.360
378.700
379.030
379.360
379.710
380.050
380.390
380.720
381.050
381.380
381.720
382.090
382.440
382.780
383.110
383.450
383.780
384.140
384.480
384.810
385.170
385.510
385.870
386.220
386.540
386.900
387.220
387.580
387.920
388.250
388.560
388.910
389.220
389.550
389.900
390.250
390.580
390.930
391.270
391.600
391.940
392.280
392.620
392.970
393.310
393.660
394.000
394.340
394.660
395.000
395.320
395.660
395.980
396.320
396.650
396.970
397.310
397.650
397.980
398.310
398.650
398.990
399.330
399.670
400.000
400.340
400.680
401.020
401.360
401.700
402.040
402.390
402.730
403.080
403.410
403.750
404.080
404.440
404.770
405.110
405.450
405.790
406.140
406.490
406.820
407.180
407.530
407.880
408.230
408.580
408.910
409.260
409.600
409.950
410.300
410.650
410.980
411.320
411.650
411.980
412.310
412.630
412.980
413.320
413.660
414.010
414.340
414.680
415.010
415.350
415.690
416.030
416.360
416.700
417.050
417.400
417.730
418.080
418.410
418.750
419.080
419.430
419.770
420.110
420.460
420.810
421.140
421.480
421.830
422.150
422.500
422.840
423.170
423.520
423.870
424.180
424.520
424.860
425.190
425.520
425.840
426.170
426.490
426.830
427.170
427.490
427.820
428.140
428.490
428.840
429.170
429.520
429.850
430.190
430.520
430.850
431.180
431.520
431.850
432.210
432.550
432.890
433.210
433.560
433.890
434.240
434.570
434.930
435.260
435.610
435.950
436.280
436.620
436.960
437.280
437.620
437.960
438.310
438.640
438.990
439.320
439.670
440.010
440.360
440.700
441.040
441.370
441.710
442.050
442.410
442.740
443.090
443.420
443.770
444.100
444.440
444.780
445.130
445.460
445.810
446.130
446.480
446.800
447.150
447.480
447.820
448.140
448.490
448.830
449.160
449.500
449.840
450.170
450.510
450.840
451.190
451.530
451.880
452.200
452.550
452.880
453.220
453.550
453.890
454.220
454.550
454.880
455.230
455.560
455.900
456.230
456.570
456.900
457.230
457.560
457.910
458.240
458.590
458.930
459.290
459.630
459.960
460.290
460.630
460.980
461.320
461.650
462.010
462.340
462.680
463.000
463.330
463.660
464.000
464.330
464.670
465.000
465.350
465.680
466.020
466.350
466.680
467.010
467.350
467.680
468.020
468.340
468.680
469.020
469.330
469.670
470.010
470.330
470.670
471.010
471.340
471.680
472.020
472.350
472.700
473.010
473.350
473.680
474.020
474.350
474.680
475.010
475.350
475.690
476.010
476.350
476.680
477.030
477.360
477.700
478.020
478.340
478.680
479.000
479.330
479.660
480.000
480.340
480.670
481.000
481.330
481.650
481.980
482.320
482.670
482.990
483.340
483.670
484.000
484.350
484.680
485.010
485.350
485.680
486.020
486.340
486.670
487.000
487.330
487.660
488.000
488.330
488.660
488.990
489.320
489.640
489.980
490.310
490.640
490.970
491.310
491.650
491.970
492.300
492.640
492.980
493.310
493.630
493.970
494.290
494.610
494.950
495.290
495.610
495.950
496.260
496.590
496.920
497.240
497.560
497.890
498.210
498.550
498.870
499.200
499.520
499.860
500.180
500.520
500.840
501.180
501.500
501.820
502.140
502.460
502.800
503.120
503.480
503.820
504.170
504.510
504.860
505.200
505.520
505.850
506.180
506.510
506.830
507.170
507.500
507.830
508.160
508.490
508.830
509.160
509.490
509.830
510.160
510.500
510.830
511.160
511.470
511.820
512.130
512.470
512.790
513.120
513.470
513.780
514.140
514.480
514.810
515.150
515.470
515.790
516.100
516.430
516.760
517.100
517.440
517.770
518.090
518.420
518.770
519.100
519.450
519.770
520.090
520.440
520.770
521.100
521.420
521.760
522.070
522.400
522.730
523.070
523.410
523.770
524.090
524.450
524.780
525.120
525.450
525.810
526.140
526.490
526.830
527.170
527.500
527.840
528.180
528.530
528.860
529.200
529.540
529.880
530.220
530.550
530.890
531.220
531.540
531.890
532.230
532.570
532.900
533.250
533.560
533.900
534.230
534.560
534.900
535.230
535.560
535.900
536.230
536.580
536.900
537.250
537.580
537.920
538.260
538.590
538.920
539.260
539.590
539.920
540.250
540.570
540.900
541.230
541.550
541.890
542.210
542.550
542.870
543.200
543.530
543.880
544.200
544.530
544.850
545.190
545.530
545.870
546.190
546.520
546.840
547.180
547.520
547.850
548.170
548.500
548.840
549.180
549.510
549.830
550.170
550.530
550.850
551.190
551.530
551.880
552.220
552.570
552.910
553.250
553.580
553.920
554.250
554.600
554.930
555.260
555.600
555.940
556.260
556.600
556.940
557.280
557.610
557.920
558.250
558.590
558.920
559.250
559.590
559.930
560.260
560.600
560.920
561.270
561.590
561.940
562.270
562.600
562.920
563.260
563.580
563.930
564.260
564.610
564.930
565.270
565.590
565.930
566.270
566.600
566.950
567.300
567.610
567.950
568.270
568.620
568.940
569.290
569.640
569.960
570.300
570.640
570.960
571.300
571.630
571.970
572.300
572.640
572.960
573.300
573.620
573.960
574.280
574.620
574.940
575.270
575.600
575.940
576.270
576.610
576.930
577.260
577.570
577.890
578.230
578.560
578.910
579.230
579.570
579.910
580.240
580.560
580.890
581.220
581.550
581.890
582.220
582.540
582.880
583.210
583.530
583.860
584.180
584.520
584.840
585.190
585.510
585.850
586.160
586.500
586.820
587.150
587.480
587.820
588.150
588.470
588.810
589.130
589.470
589.800
590.140
590.480
590.810
591.140
591.480
591.810
592.130
592.470
592.800
593.140
593.460
593.810
594.140
594.490
594.820
595.160
595.490
595.840
596.170
596.510
596.850
597.190
597.500
597.850
598.180
598.500
598.840
599.180
599.510
599.850
600.190
600.520
600.870
601.210
601.550
601.900
602.230
602.560
602.890
603.210
603.520
603.860
604.190
604.510
604.840
605.170
605.490
605.820
606.150
606.490
606.810
607.140
607.470
607.800
608.130
608.480
608.800
609.130
609.460
609.800
610.120
610.470
610.790
611.140
611.460
611.800
612.130
612.460
612.790
613.150
613.470
613.810
614.130
614.480
614.800
615.150
615.470
615.810
616.140
616.490
616.820
617.150
617.480
617.820
618.140
618.470
618.800
619.130
619.450
619.790
620.100
620.430
620.750
621.090
621.410
621.750
622.070
622.410
622.740
623.080
623.410
623.740
624.060
624.380
624.710
625.030
625.350
625.680
626.010
626.340
626.660
627.000
627.330
627.660
627.990
628.320
628.640
628.980
629.320
629.650
629.960
630.300
630.630
630.960
631.300
631.630
631.950
632.290
632.610
632.970
633.300
633.630
633.950
634.280
634.610
634.940
635.260
635.590
635.910
636.240
636.570
636.920
637.250
637.600
637.920
638.270
638.580
638.910
639.260
639.590
639.900
640.230
640.550
640.870
641.190
641.510
641.830
642.160
642.480
642.790
643.120
643.440
643.760
644.080
644.400
644.740
645.050
645.390
645.720
646.040
646.370
646.710
647.040
647.360
647.670
648.000
648.330
648.660
648.980
649.330
649.640
649.980
650.300
650.650
650.970
651.300
651.630
651.970
652.300
652.630
652.950
653.280
653.610
653.950
654.280
654.610
654.940
655.270
655.600
655.940
656.260
656.600
656.930
657.260
657.570
657.910
658.230
658.560
658.880
659.210
659.540
659.870
660.190
660.530
660.860
661.190
661.510
661.830
662.160
662.500
662.820
663.140
663.460
663.800
664.120
664.450
664.780
665.110
665.440
665.760
666.090
666.420
666.750
667.080
667.400
667.730
668.060
668.400
668.720
669.070
669.400
669.720
670.040
670.370
670.680
671.010
671.320
671.660
671.990
672.300
672.630
672.980
673.290
673.620
673.950
674.260
674.600
674.930
675.250
675.570
675.900
676.210
676.530
676.870
677.190
677.530
677.850
678.180
678.520
678.850
679.160
679.500
679.820
680.150
680.480
680.810
681.120
681.450
681.770
682.070
682.380
682.710
683.030
683.350
683.700
684.040
684.380
684.710
685.040
685.380
685.700
686.030
686.350
686.680
687.000
687.330
687.650
687.990
688.310
688.650
688.980
689.320
689.640
689.970
690.280
690.620
690.950
691.280
691.610
691.940
692.270
692.600
692.910
693.230
693.570
693.900
694.210
694.550
694.870
695.180
695.500
695.840
696.170
696.500
696.820
697.170
697.490
697.820
698.150
698.470
698.810
699.140
699.450
699.780
700.090
700.430
700.740
701.090
701.400
701.740
702.060
702.390
702.730
703.050
703.360
703.680
704.010
704.320
704.660
704.980
705.310
705.640
705.950
706.280
706.590
706.910
707.230
707.560
707.880
708.220
708.530
708.860
709.190
709.510
709.830
710.160
710.480
710.800
711.120
711.440
711.760
712.080
712.390
712.730
713.050
713.370
713.700
714.010
714.340
714.650
715.000
715.330
715.650
715.980
716.310
716.640
716.960
717.290
717.610
717.940
718.260
718.590
718.910
719.240
719.580
719.910
720.230
720.570
720.890
721.210
721.540
721.870
722.180
722.520
722.860
723.170
723.510
723.830
724.140
724.480
724.810
725.130
725.480
725.810
726.130
726.470
726.790
727.100
727.420
727.750
728.060
728.390
728.710
729.050
729.360
729.700
730.020
730.360
730.690
731.010
731.340
731.680
732.010
732.350
732.660
733.010
733.330
733.650
733.970
734.290
734.610
734.940
735.260
735.600
735.920
736.260
736.580
736.920
737.250
737.580
737.900
738.230
738.550
738.890
739.210
739.540
739.870
740.200
740.520
740.850
741.170
741.510
741.820
742.160
742.490
742.820
743.150
743.490
743.820
744.160
744.480
744.810
745.140
745.470
745.800
746.120
746.450
746.790
747.120
747.450
747.780
748.120
748.450
748.790
749.110
749.460
749.780
750.120
750.440
750.780
751.090
751.430
751.750
752.080
752.400
752.740
753.070
753.390
753.720
754.050
754.370
754.700
755.020
755.360
755.690
756.020
756.350
756.690
757.020
757.350
757.660
758.010
758.340
758.660
758.990
759.320
759.640
759.980
760.290
760.630
760.950
761.290
761.610
761.940
762.260
762.600
762.930
763.270
763.580
763.920
764.240
764.570
764.890
765.220
765.530
765.860
766.190
766.520
766.830
767.170
767.500
767.830
768.160
768.490
768.820
769.150
769.470
769.810
770.140
770.480
770.810
771.140
771.470
771.810
772.130
772.470
772.790
773.120
773.450
773.790
774.120
774.450
774.770
775.110
775.420
775.770
776.090
776.420
776.740
777.070
777.390
777.720
778.060
778.390
778.720
779.050
779.380
779.720
780.040
780.380
780.700
781.040
781.360
781.700
782.030
782.350
782.670
783.000
783.320
783.650
783.970
784.300
784.630
784.960
785.280
785.620
785.940
786.270
786.580
786.910
787.220
787.550
787.870
788.200
788.520
788.850
789.180
789.510
789.830
790.170
790.500
790.840
791.150
791.490
791.810
792.140
792.470
792.800
793.130
793.460
793.780
794.100
794.430
794.770
795.080
795.420
795.740
796.080
796.420
796.750
797.060
797.390
797.710
798.050
798.370
798.700
799.020
799.360
799.670
800.000
800.320
800.660
800.980
801.320
801.640
801.970
802.300
802.620
802.950
803.270
803.590
803.920
804.240
804.580
804.900
805.230
805.550
805.890
806.210
806.540
806.850
807.190
807.520
807.860
808.170
808.510
808.830
809.160
809.490
809.820
810.140
810.470
810.800
811.130
811.460
811.790
812.110
812.440
812.750
813.080
813.400
813.730
814.050
814.390
814.700
815.040
815.360
815.700
816.020
816.350
816.670
817.000
817.320
817.640
817.970
818.290
818.620
818.950
819.270
819.610
819.930
820.260
820.570
820.900
821.220
821.540
821.860
822.170
822.490
822.810
823.130
823.460
823.770
824.100
824.420
824.740
825.060
825.400
825.720
826.040
826.360
826.680
827.000
827.320
827.630
827.950
828.270
828.600
828.910
829.240
829.560
829.880
830.200
830.530
830.870
831.200
831.520
831.850
832.160
832.500
832.820
833.140
833.460
833.790
834.100
834.420
834.750
835.080
835.400
835.720
836.040
836.360
836.670
836.990
837.320
837.640
837.950
838.280
838.600
838.930
839.250
839.580
839.890
840.220
840.550
840.880
841.190
841.530
841.850
842.180
842.500
842.820
843.130
843.460
843.780
844.100
844.420
844.740
845.050
845.380
845.680
846.000
846.310
846.630
846.940
847.270
847.590
847.910
848.230
848.550
848.870
849.190
849.510
849.840
850.160
850.490
850.830
851.160
851.490
851.830
852.140
852.460
852.780
853.100
853.430
853.750
854.070
854.390
854.710
855.030
855.350
855.660
855.980
856.300
856.630
856.950
857.270
857.590
857.900
858.240
858.550
858.880
859.190
859.520
859.840
860.160
860.480
860.800
861.110
861.440
861.750
862.080
862.390
862.710
863.030
863.350
863.650
863.960
864.280
864.590
864.910
865.230
865.540
865.860
866.190
866.510
866.820
867.160
867.480
867.810
868.130
868.460
868.780
869.100
869.430
869.740
870.070
870.390
870.710
871.040
871.360
871.680
872.000
872.320
872.640
872.950
873.270
873.600
873.910
874.230
874.540
874.840
875.140
875.440
875.740
876.030
876.330
876.630
876.940
877.240
877.540
877.840
878.130
878.440
878.740
879.040
879.340
879.630
879.940
880.240
880.530
880.840
881.170
881.490
881.810
882.130
882.440
882.740
883.070
883.390
883.700
884.030
884.340
884.670
884.980
885.300
885.610
885.940
886.260
886.570
886.900
887.210
887.540
887.860
888.180
888.500
888.830
889.160
889.480
889.820
890.150
890.470
890.800
891.140
891.470
891.800
892.140
892.470
892.790
893.090
893.410
893.720
894.030
894.330
894.650
894.960
895.270
895.570
895.860
896.160
896.520
896.850
897.200
897.540
897.860
898.210
898.560
898.930
899.280
899.630
899.960
900.310
900.680
901.030
901.410
901.830
902.210
902.630
903.030
903.430
903.830
904.230
904.640
905.050
905.450
905.850
906.290
906.690
907.110
907.550
907.970
908.370
908.830
909.260
909.700
910.170
910.620
911.070
911.500
911.960
912.420
912.870
913.300
913.770
914.200
914.660
915.160
915.640
916.100
916.600
917.060
917.560
918.050
918.570
919.050
919.570
