0.320
0.640
0.970
1.300
1.610
1.930
2.240
2.560
2.870
3.180
3.490
3.800
4.090
4.400
4.690
4.990
5.290
5.600
5.890
6.190
6.500
6.810
7.120
7.440
7.750
8.060
8.370
8.680
8.990
9.290
9.590
9.890
10.200
10.490
10.790
11.100
11.400
11.700
12.000
12.310
12.620
12.930
13.230
13.530
13.830
14.130
14.430
14.740
15.030
15.340
15.630
15.930
16.230
16.540
16.830
17.140
17.440
17.740
18.040
18.330
18.630
18.930
19.230
19.530
19.840
20.140
20.450
20.760
21.060
21.370
21.680
22.000
22.300
22.600
22.910
23.210
23.510
23.820
24.130
24.440
24.740
25.050
25.350
25.650
25.950
26.260
26.560
26.860
27.170
27.480
27.770
28.070
28.370
28.680
28.980
29.280
29.580
29.870
30.180
30.490
30.790
31.100
31.400
31.710
32.010
32.310
32.610
32.920
33.220
33.530
33.840
34.150
34.440
34.740
35.060
35.360
35.670
35.980
36.280
36.590
36.890
37.190
37.500
37.820
38.120
38.430
38.730
39.040
39.340
39.660
39.970
40.270
40.580
40.890
41.190
41.500
41.800
42.100
42.400
42.700
43.000
43.300
43.610
43.920
44.220
44.540
44.840
45.150
45.460
45.770
46.070
46.370
46.680
46.980
47.280
47.600
47.900
48.210
48.510
48.820
49.110
49.410
49.720
50.020
50.320
50.620
50.930
51.250
51.560
51.860
52.160
52.470
52.760
53.080
53.380
53.690
54.000
54.310
54.620
54.920
55.220
55.520
55.830
56.130
56.440
56.750
57.060
57.370
57.670
57.980
58.280
58.580
58.880
59.190
59.500
59.810
60.110
60.430
60.730
61.040
61.340
61.640
61.940
62.260
62.560
62.870
63.180
63.490
63.800
64.100
64.400
64.700
65.020
65.320
65.630
65.940
66.240
66.550
66.850
67.140
67.450
67.760
68.070
68.370
68.660
68.970
69.260
69.580
69.880
70.190
70.500
70.820
71.130
71.430
71.730
72.040
72.340
72.660
72.960
73.260
73.550
73.850
74.160
74.470
74.780
75.080
75.400
75.710
76.010
76.320
76.620
76.930
77.230
77.530
77.820
78.130
78.420
78.720
79.020
79.320
79.630
79.930
80.230
80.530
80.850
81.160
81.460
81.750
82.050
82.350
82.660
82.960
83.260
83.560
83.870
84.170
84.480
84.790
85.090
85.390
85.690
86.000
86.290
86.600
86.890
87.200
87.490
87.790
88.100
88.400
88.690
88.990
89.290
89.590
89.900
90.200
90.490
90.780
91.080
91.370
91.660
91.950
92.250
92.550
92.840
93.140
93.450
93.740
94.030
94.310
94.600
94.870
95.150
95.440
95.740
96.030
96.320
96.600
96.890
97.180
97.470
97.780
98.090
98.410
98.720
99.050
99.480
99.980
100.560
101.190
101.810
102.450
103.040
103.660
104.300
104.930
105.520
106.150
106.790
107.400
108.020
108.650
109.290
109.920
110.520
111.150
111.780
112.390
113.010
113.630
114.260
114.900
115.500
116.130
116.760
117.380
117.990
118.630
119.290
119.900
120.520
121.130
121.750
122.380
122.980
123.610
124.250
124.840
125.460
126.070
126.700
127.320
127.940
128.580
129.220
129.850
130.490
131.120
131.750
132.390
133.000
133.640
134.270
134.900
135.500
136.150
136.790
137.410
138.020
138.670
139.300
139.920
140.570
141.200
141.830
142.470
143.090
143.700
144.320
144.940
145.550
146.170
146.780
147.410
148.010
148.620
149.230
149.860
150.470
151.090
151.720
152.340
152.950
153.570
154.200
154.820
155.430
156.040
156.660
157.270
157.880
158.500
159.120
159.720
160.330
160.940
161.550
162.150
162.760
163.370
163.980
164.600
165.190
165.800
166.400
166.990
167.610
168.230
168.830
169.450
170.070
170.690
171.310
171.930
172.540
173.170
173.800
174.430
175.050
175.650
176.270
176.870
177.490
178.120
178.750
179.400
180.020
180.650
181.280
181.910
182.560
183.180
183.810
184.430
185.050
185.660
186.290
186.910
187.520
188.140
188.760
189.390
190.000
190.640
191.270
191.880
192.490
193.110
193.730
194.330
194.950
195.560
196.200
196.800
197.400
198.050
198.680
199.300
199.930
200.530
201.150
201.760
202.390
203.020
203.660
204.260
204.880
205.470
206.100
206.710
207.340
207.970
208.590
209.210
209.830
210.450
211.070
211.680
212.280
212.890
213.510
214.130
214.750
215.330
215.950
216.560
217.120
217.740
218.330
218.940
219.560
220.170
220.800
221.410
222.040
222.660
223.290
223.900
224.520
225.140
225.750
226.380
227.010
227.630
228.260
228.890
229.510
230.130
230.760
231.400
232.010
232.630
233.260
233.870
234.480
235.100
235.710
236.320
236.950
237.570
238.190
238.820
239.430
240.060
240.680
241.300
241.910
242.540
243.150
243.780
244.400
245.020
245.650
246.270
246.860
247.490
248.130
248.750
249.380
249.990
250.610
251.240
251.850
252.460
253.080
253.700
254.300
254.930
255.560
256.180
256.790
257.410
258.040
258.660
259.270
259.900
260.520
261.140
261.760
262.390
263.020
263.650
264.240
264.880
265.500
266.130
266.720
267.340
267.960
268.590
269.220
269.820
270.440
271.060
271.660
272.300
272.920
273.540
274.160
274.780
275.400
275.990
276.620
277.240
277.860
278.480
279.100
279.720
280.320
280.940
281.550
282.190
282.820
283.440
284.060
284.680
285.300
285.900
286.520
287.160
287.800
288.430
289.070
289.700
290.330
290.950
291.550
292.160
292.770
293.390
294.000
294.630
295.240
295.860
296.480
297.110
297.760
298.360
299.010
299.630
300.250
300.840
301.460
302.080
302.690
303.300
303.890
304.510
305.130
305.730
306.350
306.970
307.600
308.210
308.820
309.450
310.050
310.660
311.290
311.910
312.530
313.140
313.760
314.370
314.990
315.610
316.210
316.840
317.460
318.060
318.690
319.300
319.910
320.500
321.120
321.740
322.360
322.940
323.550
324.190
324.790
325.390
326.000
326.620
327.250
327.860
328.470
329.080
329.680
330.290
330.900
331.500
332.110
332.720
333.310
333.900
334.510
335.120
335.710
336.330
336.940
337.570
338.170
338.800
339.410
340.010
340.600
341.200
341.800
342.410
343.020
343.640
344.260
344.880
345.470
346.080
346.670
347.280
347.890
348.490
349.090
349.700
350.300
350.910
351.510
352.110
352.700
353.300
353.890
354.510
355.110
355.710
356.310
356.910
357.490
358.080
358.700
359.300
359.890
360.490
361.080
361.670
362.260
362.840
363.440
364.030
364.620
365.230
365.840
366.440
367.030
367.620
368.230
368.830
369.420
370.030
370.640
371.240
371.860
372.450
373.050
373.650
374.260
374.870
375.470
376.080
376.690
377.300
377.910
378.520
379.140
379.750
380.350
380.960
381.560
382.170
382.780
383.400
384.020
384.630
385.230
385.850
386.460
387.090
387.720
388.330
388.940
389.560
390.160
390.770
391.390
392.000
392.590
393.200
393.810
394.430
395.040
395.650
396.260
396.880
397.490
398.120
398.730
399.320
399.940
400.540
401.150
401.760
402.370
402.990
403.590
404.190
404.800
405.400
406.020
406.620
407.240
407.840
408.450
409.040
409.660
410.250
410.850
411.470
412.080
412.710
413.300
413.910
414.530
415.160
415.770
416.390
417.010
417.610
418.230
418.850
419.480
420.080
420.690
421.300
421.920
422.530
423.130
423.740
424.340
424.960
425.560
426.170
426.790
427.410
428.020
428.630
429.230
429.840
430.450
431.070
431.690
432.320
432.930
433.560
434.170
434.780
435.390
436.010
436.630
437.250
437.850
438.440
439.060
439.680
440.290
440.880
441.490
442.090
442.690
443.300
443.930
444.530
445.150
445.760
446.380
446.990
447.600
448.210
448.810
449.420
450.040
450.640
451.260
451.860
452.490
453.120
453.750
454.370
455.000
455.610
456.240
456.850
457.480
458.090
458.720
459.330
459.970
460.610
461.240
461.850
462.490
463.130
463.780
464.410
465.050
465.690
466.330
466.960
467.600
468.230
468.870
469.480
470.130
470.780
471.410
472.040
472.670
473.300
473.960
474.580
475.210
475.830
476.470
477.100
477.730
478.350
479.000
479.620
480.250
480.870
481.480
482.100
482.730
483.370
484.000
484.640
485.280
485.910
486.530
487.170
487.810
488.440
489.070
489.700
490.350
491.000
491.640
492.280
492.960
493.600
494.250
494.870
495.530
496.160
496.840
497.460
498.140
498.770
499.400
500.100
500.800
501.460
502.150
502.780
503.430
504.040
504.700
505.330
505.960
506.610
507.240
507.890
508.550
509.180
