0.510
0.790
1.070
1.340
1.610
1.875
2.140
2.405
2.670
2.915
3.160
3.425
3.690
3.955
4.220
4.520
4.820
5.100
5.380
5.640
5.900
6.165
6.430
6.690
6.950
7.210
7.470
7.725
7.980
8.245
8.510
8.770
9.030	1
9.305
9.580
9.835
10.090	1
10.365
10.640
10.905
11.170	1
11.425
11.680
11.950
12.220	1
12.470
12.720
12.980
13.240	1
13.510
13.780
14.035
14.290	1
14.555
14.820
15.080
15.340	1
15.605
15.870
16.125
16.380	1
16.640
16.900
17.150
17.400	1
17.675
17.950
18.195
18.440	1
18.710
18.980
19.230
19.480	1
19.755
20.030
20.285
20.540	1
20.795
21.050
21.310
21.570	1
21.835
22.100
22.360
22.620	1
22.880
23.140
23.405
23.670	1
23.930
24.190
24.455
24.720	1
24.980
25.240
25.495
25.750	1
26.020
26.290
26.560
26.830	1
27.080
27.330
27.590
27.850	1
28.115
28.380
28.635
28.890	1
29.140
29.390
29.655
29.920	1
30.165
30.410
30.665
30.920	1
31.181
31.442
31.703
31.964	1
32.226
32.487
32.749
33.010	1
33.270
33.520
33.770
34.030	1
34.290
34.545
34.800
35.050	1
35.300
35.550
35.800
36.055	1
36.310
36.565
36.820
37.080	1
37.340
37.610
37.880
38.140	1
38.400
38.645
38.890
39.160	1
39.430
39.695
39.960
40.220	1
40.480
40.740
41.000
41.250	1
41.500
41.750
42.000
42.260	1
42.520
42.785
43.050
43.310	1
43.570
43.835
44.100
44.355	1
44.610
44.870
45.130
45.390	1
45.650
45.915
46.180
46.440	1
46.700
46.950
47.200
47.465	1
47.730
47.995
48.260
48.520	1
48.780
49.040
49.300
49.565	1
49.830
50.085
50.340
50.600	1
50.860
51.110
51.360
51.615	1
51.870
52.130
52.390
52.650	1
52.910
53.165
53.420
53.680	1
53.940
54.200
54.460
54.715	1
54.970
55.230
55.490
55.745	1
56.000
56.260
56.520
56.780	1
57.040
57.295
57.550
57.810	1
58.070
58.330
58.590
58.850	1
59.110
59.360
59.610
59.880	1
60.150
60.415
60.680
60.940	1
61.200
61.445
61.690
61.950	1
62.210
62.465
62.720
62.975	1
63.230
63.490
63.750
64.005	1
64.260
64.520
64.780
65.030	1
65.280
65.545
65.810
66.075	1
66.340
66.595
66.850
67.105	1
67.360
67.625
67.890
68.145	1
68.400
68.655
68.910
69.155	1
69.400
69.655
69.910
70.165	1
70.420
70.675
70.930
71.175	1
71.420
71.670
71.920
72.190	1
72.460
72.715
72.970
73.220	1
73.470
73.735
74.000
74.255	1
74.510
74.770
75.030
75.280	1
75.530
75.780
76.030
76.295	1
76.560
76.820
77.080
77.330	1
77.580
77.845
78.110
78.365	1
78.620
78.875
79.130
79.385	1
79.640
79.895
80.150
80.405	1
80.660
80.915
81.170
81.435	1
81.700
81.955
82.210
82.460	1
82.710
82.970
83.230
83.485	1
83.740
84.005
84.270
84.520	1
84.770
85.030
85.290
85.545	1
85.800
86.055
86.310
86.550	1
86.790
87.055
87.320
87.575	1
87.830
88.085
88.340
88.590	1
88.840
89.095
89.350
89.610	1
89.870
90.110
90.350
90.605	1
90.860
91.110
91.360
91.615	1
91.870
92.115
92.360
92.610	1
92.860
93.110
93.360
93.605	1
93.850
94.110
94.370
94.630	1
94.890
95.135
95.380
95.640	1
95.900
96.150
96.400
96.655	1
96.910
97.170
97.430
97.690	1
97.950
98.205
98.460
98.710	1
98.960
99.205
99.450
99.710	1
99.970
100.220
100.470
100.725	1
100.980
101.245
101.510
101.765	1
102.020
102.280
102.540
102.790	1
103.040
103.290
103.540
103.800	1
104.060
104.315
104.570
104.825	1
105.080
105.340
105.600
105.855	1
106.110
106.360
106.610
106.865	1
107.120
107.370
107.620
107.890	1
108.160
108.410
108.660
108.925	1
109.190
109.450
109.710
109.970	1
110.230
110.485
110.740
110.990	1
111.240
111.495
111.750
112.005	1
112.260
112.520
112.780
113.040	1
113.300
113.545
113.790
114.045	1
114.300
114.550
114.800
115.045	1
115.290
115.530
115.770
116.030	1
116.290
116.540
116.790
117.050	1
117.310
117.565
117.820
118.075	1
118.330
118.575
118.820
119.080	1
119.340
119.585
119.830
120.085	1
120.340
120.590
120.840
121.085	1
121.330
121.585
121.840
122.090	1
122.340
122.605
122.870
123.115	1
123.360
123.615
123.870
124.115	1
124.360
124.610
124.860
125.105	1
125.350
125.605
125.860
126.110	1
126.360
126.615
126.870
127.120	1
127.370
127.615
127.860
128.120	1
128.380
128.625
128.870
129.125	1
129.380
129.635
129.890
130.140	1
130.390
130.640
130.890
131.135	1
131.380
131.635
131.890
132.135	1
132.380
132.635
132.890
133.155	1
133.420
133.675
133.930
134.180	1
134.430
134.680
134.930
135.185	1
135.440
135.690
135.940
136.200	1
136.460
136.715
136.970
137.230	1
137.490
137.740
137.990
138.245	1
138.500
138.755
139.010
139.265	1
139.520
139.770
140.020
140.280	1
140.540
140.795
141.050
141.295	1
141.540
141.805
142.070
142.330	1
142.590
142.835
143.080
143.335	1
143.590
143.845
144.100
144.355	1
144.610
144.870
145.130
145.380	1
145.630
145.880
146.130
146.390	1
146.650
146.910
147.170
147.415	1
147.660
147.910
148.160
148.410	1
148.660
148.910
149.160
149.405	1
149.650
149.905
150.160
150.425	1
150.690
150.945
151.200
151.460	1
151.720
151.965
152.210
152.460	1
152.710
152.975
153.240
153.485	1
153.730
153.985
154.240
154.500	1
154.760
155.010
155.260
155.510	1
155.760
156.020
156.280
156.530	1
156.780
157.035
157.290
157.540	1
157.790
158.055
158.320
158.580	1
158.840
159.095
159.350
159.610	1
159.870
160.110
160.350
160.615	1
160.880
161.130
161.380
161.630	1
161.880
162.125
162.370
162.635	1
162.900
163.155
163.410
163.670	1
163.930
164.180
164.430
164.665	1
164.900
165.165
165.430
165.665	1
165.900
166.160
166.420
166.680	1
166.940
167.195
167.450
167.700	1
167.950
168.200
168.450
168.705	1
168.960
169.215
169.470
169.725	1
169.980
170.235
170.490
170.740	1
170.990
171.260
171.530
171.790	1
172.050
172.300
172.550
172.805	1
173.060
173.320
173.580
173.820	1
174.060
174.315
174.570
174.840	1
175.110
175.350
175.590
175.840	1
176.090
176.340
176.590
176.850	1
177.110
177.360
177.610
177.855	1
178.100
178.345
178.590
178.840	1
179.090
179.340
179.590
179.840	1
180.090
180.345
180.600
180.855	1
181.110
181.360
181.610
181.860	1
182.110
182.365
182.620
182.875	1
183.130
183.375
183.620
183.880	1
184.140
184.385
184.630
184.885	1
185.140
185.385
185.630
185.885	1
186.140
186.395
186.650
186.905	1
187.160
187.405
187.650
187.910	1
188.170
188.415
188.660
188.915	1
189.170
189.425
189.680
189.940	1
190.200
190.450
190.700
190.960	1
191.220
191.460
191.700
191.965	1
192.230
192.475
192.720
192.975	1
193.230
193.470
193.710
193.970	1
194.230
194.475
194.720
194.970	1
195.220
195.475
195.730
195.975	1
196.220
196.465
196.710
196.960	1
197.210
197.470
197.730
197.975	1
198.220
198.465
198.710
198.965	1
199.220
199.475
199.730
199.985	1
200.240
200.495
200.750
201.005	1
201.260
201.515
201.770
202.020	1
202.270
202.535
202.800
203.055	1
203.310
203.550
203.790
204.050	1
204.310
204.570
204.830
205.080	1
205.330
205.580
205.830
206.075	1
206.320
206.570
206.820
207.075	1
207.330
207.585
207.840
208.095	1
208.350
208.605
208.860
209.130	1
209.400
209.655
209.910
210.165	1
210.420
210.680
210.940
211.195	1
211.450
211.705
211.960
212.220	1
212.480
212.730
212.980
213.240	1
213.500
213.745
213.990
214.245	1
214.500
214.755
215.010
215.260	1
215.510
215.770
216.030
216.280	1
216.530
216.785
217.040
217.295	1
217.550
217.795
218.040
218.295	1
218.550
218.810
219.070
219.315	1
219.560
219.810
220.060
220.315	1
220.570
220.810
221.050
221.305	1
221.560
221.810
222.060
222.305	1
222.550
222.800
223.050
223.305	1
223.560
223.810
224.060
224.315	1
224.570
224.810
225.050
225.305	1
225.560
225.800
226.040
226.300	1
226.560
226.800
227.040
227.295	1
227.550
227.795
228.040
228.290	1
228.540
228.780
229.020
229.275	1
229.530
229.775
230.020
230.275	1
230.530
230.780
231.030
231.280	1
231.530
231.785
232.040
232.295	1
232.550
232.800
233.050
233.300	1
233.550
233.800
234.050
234.300	1
234.550
234.800
235.050
235.300	1
235.550
235.795
236.040
236.295	1
236.550
236.795
237.040
237.285	1
237.530
237.780
238.030
238.270	1
238.510
238.760
239.010
239.250	1
239.490
239.735
239.980
240.225	1
240.470
240.715
240.960
241.195	1
241.430
241.675
241.920
242.160	1
242.400
242.650
242.900
243.150	1
243.400
243.650
243.900
244.140	1
244.380
244.625
244.870
245.115	1
245.360
245.605
245.850
246.100	1
246.350
246.595
246.840
247.095	1
247.350
247.595
247.840
248.080	1
248.320
248.565
248.810
249.055	1
249.300
249.540
249.780
250.025	1
250.270
250.510
250.750
251.000	1
251.250
251.495
251.740
251.980	1
252.220
252.460
252.700
252.950	1
253.200
253.440
253.680
253.920	1
254.160
254.410
254.660
254.900	1
255.140
255.380
255.620
255.855	1
256.090
256.345
256.600
256.840	1
257.080
257.320
257.560
257.805	1
258.050
258.295
258.540
258.785	1
259.030
259.270
259.510
259.755	1
260.000
260.245
260.490
260.735	1
260.980
261.225
261.470
261.715	1
261.960
262.195
262.430
262.675	1
262.920
263.155
263.390
263.635	1
263.880
264.120
264.360
264.610	1
264.860
265.100
265.340
265.580	1
265.820
266.070
266.320
266.560	1
266.800
267.035
267.270
267.520	1
267.770
268.000
268.230
268.480	1
268.730
268.965
269.200
269.445	1
269.690
269.935
270.180
270.420	1
270.660
270.905
271.150
271.395	1
271.640
271.890
272.140
272.380	1
272.620
272.860
273.100
273.345	1
273.590
273.830
274.070
274.310	1
274.550
274.785
275.020
275.265	1
275.510
275.750
275.990
276.225	1
276.460
276.715
276.970
277.215	1
277.460
277.700
277.940
278.180	1
278.420
278.665
278.910
279.145	1
279.380
279.620
279.860
280.095	1
280.330
280.570
280.810
281.060	1
281.310
281.550
281.790
282.030	1
282.270
282.520
282.770
283.015	1
283.260
283.505
283.750
284.000	1
284.250
284.490
284.730
284.975	1
285.220
285.460
285.700
285.950	1
286.200
286.440
286.680
286.925	1
287.170
287.410
287.650
287.900	1
288.150
288.390
288.630
288.870	1
289.110
289.355
289.600
289.830	1
290.060
290.305
290.550
290.795	1
291.040
291.280
291.520
291.770	1
292.020
292.260
292.500
292.740	1
292.980
293.225
293.470
293.705	1
293.940
294.180
294.420
294.665	1
294.910
295.155
295.400
295.650	1
295.900
296.135
296.370
296.610	1
296.850
297.090
297.330
297.575	1
297.820
298.065
298.310
298.560	1
298.810
299.050
299.290
299.535	1
299.780
300.030
300.280
300.510	1
300.740
300.995
301.250
301.495	1
301.740
301.990
302.240
302.485	1
302.730
302.965
303.200
303.445	1
303.690
303.930
304.170
304.405	1
304.640
304.885
305.130
305.370	1
305.610
305.840
306.070
306.300	1
306.530
306.765
307.000
307.245	1
307.490
307.735
307.980
308.230	1
308.480
308.720
308.960
309.200	1
309.440
309.680
309.920
310.170	1
310.420
310.680
310.940
311.220	1
311.439
311.659
311.885
312.111	1
312.363
312.614
312.854
313.094	1
313.314
313.534
313.766
313.998	1
314.234
314.469
314.675
314.880	1
315.125
315.370
315.620
315.870	1
316.110
316.350
316.605
316.860	1
317.100
317.340
317.590
317.840	1
318.080
318.320
318.565
318.810	1
319.045
319.280
319.510
319.740	1
319.980
320.220
320.465
320.710	1
320.940
321.170
321.415
321.660	1
321.890
322.120
322.360
322.600	1
322.855
323.110
323.360
323.610	1
323.850
324.090
324.340
324.590	1
324.835
325.080
325.325
325.570	1
325.815
326.060
326.295
326.530	1
326.765
327.000
327.240
327.480	1
327.720
327.960
328.190
328.420	1
328.645
328.870
329.110
329.350	1
329.580
329.810
330.040
330.270	1
330.515
330.760
331.005
331.250	1
331.490
331.730
331.970
332.210	1
332.460
332.710
332.945
333.180	1
333.430
333.680
333.915
334.150	1
334.385
334.620
334.845
335.070	1
335.300
335.530
335.760
335.990	1
336.215
336.440
336.665
336.890	1
337.120
337.350
337.590
337.830	1
338.080
338.330
338.565
338.800	1
339.045
339.290
339.520
339.750	1
339.995
340.240
340.480
340.720	1
340.940
341.160
341.400
341.640	1
341.865
342.090
342.320
342.550	1
342.780
343.010
343.240
343.470	1
343.700
343.930
344.155
344.380	1
344.625
344.870
345.115
345.360	1
345.610
345.860
346.095
346.330	1
346.565
346.800
347.040
347.280	1
347.530
347.780
348.020
348.260	1
348.500
348.740
348.975
349.210	1
349.450
349.690
349.920
350.150	1
350.380
350.610
350.850
351.090	1
351.320
351.550
351.770
351.990	1
352.225
352.460
352.690
352.920	1
353.175
353.430
353.665
353.900	1
354.135
354.370
354.620
354.870	1
355.100
355.330
355.560
355.790	1
356.030
356.270
356.500
356.730	1
356.969
357.208
357.442
357.675	1
357.913
358.151
358.374
358.598	1
358.825
359.051
359.278
359.504	1
359.723
359.941
360.170
360.400	1
360.650
360.890
361.130
361.375	1
361.620
361.860
362.100
362.345	1
362.590
362.830
363.070
363.330	1
363.590
363.830
364.070
364.315	1
364.560
364.795
365.030
365.275	1
365.520
365.770
366.020
366.255	1
366.490
366.735
366.980
367.230	1
367.480
367.715
367.950
368.185	1
368.420
368.675
368.930
369.160	1
369.390
369.645
369.900
370.150	1
370.400
370.640
370.880
371.120	1
371.360
371.600
371.840
372.075	1
372.310
372.555
372.800
373.040	1
373.280
373.520
373.760
374.005	1
374.250
374.495
374.740
374.985	1
375.230
375.470
375.710
375.950	1
376.190
376.450
376.710
376.945	1
377.180
377.425
377.670
377.905	1
378.140
378.380
378.620
378.860	1
379.100
379.340
379.580
379.825	1
380.070
380.320
380.570
380.805	1
381.040
381.280
381.520
381.760	1
382.000
382.240
382.480
382.720	1
382.960
383.200
383.440
383.675	1
383.910
384.145
384.380
384.625	1
384.870
385.105
385.340
385.580	1
385.820
386.055
386.290
386.540	1
386.790
387.030
387.270
387.510	1
387.750
387.990
388.230
388.465	1
388.700
388.925
389.150
389.395	1
389.640
389.875
390.130
390.395	1
