0.370
1.260
2.130
2.970
3.790
4.560
5.260
6.010
6.780
7.550
8.280
9.050
9.770
10.530
11.270
11.990
12.720
13.550
14.430
15.240
16.080
16.850
17.690
18.470
19.320
20.140
21.000
21.850
22.630
23.440
24.280
25.100
25.880
26.700
27.540
28.370
29.240
30.070
30.900
31.780
32.580
33.470
34.310
35.130
35.910
36.700
37.460
38.180
38.920
39.650
40.480
41.300
42.080
42.910
43.720
44.530
45.310
46.140
46.930
47.720
48.440
49.220
49.950
50.690
51.500
52.330
53.150
53.940
54.710
55.530
56.360
57.170
57.950
58.740
59.550
60.360
61.190
61.920
62.510
63.160
63.780
64.370
65.000
65.630
66.300
66.940
67.540
68.180
68.790
69.400
70.010
70.630
71.270
71.880
72.500
73.110
73.760
74.360
74.990
75.590
76.230
76.850
77.470
78.100
78.730
79.360
80.010
80.650
81.270
81.870
82.520
83.130
83.710
84.350
84.960
85.540
86.170
86.780
87.390
87.990
88.620
89.250
89.880
90.520
91.140
91.770
92.360
92.960
93.580
94.200
94.800
95.430
96.020
96.650
97.230
97.860
98.450
99.090
99.710
100.340
100.950
101.550
102.120
102.720
103.350
103.920
104.550
105.130
105.760
106.340
106.990
107.600
108.210
108.820
109.460
110.050
110.630
111.240
111.800
112.390
113.000
113.580
114.170
114.760
115.380
115.970
116.540
117.120
117.740
118.370
119.000
119.620
120.220
120.790
121.400
122.010
122.610
123.200
123.790
124.420
125.010
125.610
126.210
126.790
127.410
128.020
128.600
129.230
129.810
130.430
131.030
131.620
132.210
132.830
133.460
134.070
134.690
135.350
135.950
136.590
137.180
137.830
138.450
139.040
139.650
140.290
140.890
141.490
142.110
142.700
143.340
143.920
144.510
145.110
145.730
146.320
146.950
147.560
148.180
148.760
149.390
150.000
150.620
151.270
151.870
152.500
153.120
153.690
154.290
154.860
155.450
156.060
156.650
157.240
157.850
158.430
159.050
159.640
160.240
160.820
161.440
162.040
162.620
163.180
163.750
164.370
164.930
165.530
166.180
166.810
167.410
168.040
168.670
169.330
169.940
170.540
171.140
171.740
172.290
172.890
173.450
174.050
174.670
175.280
175.860
176.460
177.080
177.640
178.230
178.830
179.400
179.980
180.550
181.160
181.740
182.290
182.900
183.480
184.050
184.640
185.190
185.770
186.360
186.960
187.560
188.140
188.760
189.360
189.980
190.590
191.200
191.870
192.490
193.150
193.710
194.280
194.830
195.400
196.010
196.610
197.240
197.860
198.440
199.050
199.680
200.300
200.890
201.480
202.070
202.640
203.250
203.870
204.520
205.130
205.730
206.320
206.930
207.550
208.160
208.770
209.370
209.790
210.180
210.590
210.980
211.390
211.780
212.170
212.550
212.950
213.320
213.720
214.100
214.520
214.920
215.320
215.710
216.110
216.500
216.920
217.290
217.680
218.090
218.460
218.850
219.230
219.610
219.980
220.370
220.750
221.120
221.490
221.880
222.290
222.660
223.070
223.460
223.850
224.220
224.620
225.020
225.390
225.780
226.190
226.560
226.980
227.560
228.090
228.710
229.300
229.860
230.440
231.030
231.610
232.190
232.770
233.390
233.970
234.530
235.140
235.710
236.290
236.860
237.440
238.030
238.620
239.170
239.770
240.380
240.960
241.510
242.120
242.710
243.280
243.860
244.450
245.040
245.640
246.210
246.800
247.420
248.070
248.620
249.210
249.770
250.350
250.920
251.500
252.090
252.690
253.270
253.870
254.440
255.020
255.640
256.200
256.800
257.380
257.970
258.570
259.150
259.750
260.350
260.940
261.510
262.100
262.690
263.250
263.830
264.410
264.980
265.570
266.170
266.760
267.330
267.920
268.480
269.010
269.600
270.140
270.730
271.310
271.890
272.480
273.050
273.650
274.260
274.850
275.430
276.010
276.590
277.190
277.730
278.300
278.840
279.450
280.060
280.650
281.220
281.830
282.430
283.000
283.600
284.170
284.760
285.370
285.970
286.540
287.120
287.700
288.260
288.870
289.460
290.060
290.620
291.220
291.830
292.470
293.070
293.690
294.290
294.880
295.500
296.110
296.720
297.310
297.890
298.520
299.090
299.700
300.320
300.980
301.590
302.230
302.870
303.470
304.060
304.660
305.250
305.800
306.410
306.960
307.540
308.130
308.730
309.310
309.870
310.460
311.020
311.640
312.200
312.860
313.520
314.140
314.820
315.520
316.160
316.870
317.570
318.220
318.780
319.370
319.960
320.570
321.160
321.740
322.320
322.920
323.480
324.070
324.660
325.210
325.790
326.370
326.950
327.560
328.160
328.740
329.330
329.900
330.490
331.070
331.630
332.220
332.810
333.390
333.970
334.520
335.100
335.660
336.220
336.820
337.410
338.050
338.650
339.230
339.790
340.340
340.910
341.480
342.050
342.630
343.240
343.810
344.390
344.960
345.530
346.130
346.730
347.310
347.920
348.480
349.100
349.670
350.260
350.860
351.430
351.990
352.590
353.140
353.740
354.320
354.890
355.470
356.040
356.650
357.250
357.830
358.420
359.020
359.580
360.180
360.770
361.360
361.950
362.520
363.100
363.680
364.280
364.880
365.450
366.010
366.610
367.180
367.750
368.370
368.950
369.570
370.150
370.770
371.330
371.910
372.510
373.080
373.640
374.240
374.820
375.410
376.010
376.590
377.180
377.770
378.360
378.920
379.500
380.070
380.670
381.230
381.820
382.400
382.980
383.590
384.180
384.780
385.360
385.930
386.530
387.120
387.720
388.290
388.880
389.500
390.070
390.690
391.260
391.880
392.460
393.030
393.640
394.230
394.800
395.410
395.980
396.610
397.210
397.810
398.380
398.980
399.550
400.140
400.730
401.340
401.970
402.560
403.190
403.780
404.420
405.000
405.640
406.250
