0.080
0.470
0.880
1.310
1.710
2.130
2.530
2.960
3.370
3.790
4.200
4.620
5.030
5.450
5.870
6.290
6.710
7.130
7.560
7.980
8.380
8.800
9.230
9.640
10.060
10.470
10.880
11.290
11.700
12.100
12.510
12.940
13.350
13.790
14.210
14.620
15.040
15.440
15.860
16.270
16.690
17.110
17.520
17.940
18.330
18.760
19.180
19.590
20.020
20.440
20.870
21.290
21.700
22.110
22.530
22.970
23.370
23.790
24.210
24.640
25.050
25.460
25.860
26.280
26.710
27.150
27.570
28.000
28.430
28.870
29.300
29.730
30.160
30.590
31.020
31.450
31.880
32.300
32.730
33.160
33.600
34.020
34.450
34.880
35.320
35.750
36.160
36.600
37.020
37.450
37.870
38.300
38.720
39.140
39.560
39.990
40.420
40.840
41.290
41.710
42.150
42.560
42.990
43.420
43.830
44.260
44.690
45.110
45.530
45.960
46.380
46.800
47.240
47.660
48.100
48.530
48.970
49.390
49.820
50.260
50.680
51.120
51.550
51.970
52.410
52.830
53.260
53.700
54.130
54.580
55.000
55.440
55.860
56.290
56.730
57.170
57.600
58.030
58.440
58.880
59.320
59.750
60.180
60.590
61.030
61.470
61.900
62.330
62.750
63.180
63.600
64.040
64.470
64.900
65.330
65.760
66.190
66.600
67.040
67.460
67.860
68.290
68.730
69.160
69.590
70.020
70.450
70.890
71.330
71.750
72.180
72.620
73.040
73.480
73.910
74.330
74.760
75.200
75.640
76.070
76.490
76.910
77.350
77.780
78.220
78.650
79.090
79.530
79.940
80.380
80.810
81.230
81.660
82.100
82.530
82.970
83.410
83.840
84.270
84.720
85.150
85.590
86.020
86.440
86.880
87.320
87.750
88.170
88.600
89.040
89.480
89.910
90.350
90.780
91.210
91.650
92.090
92.510
92.950
93.380
93.810
94.250
94.680
95.110
95.550
95.980
96.420
96.860
97.300
97.730
98.150
98.590
99.020
99.460
99.900
100.330
100.760
101.210
101.640
102.070
102.500
102.950
103.390
103.830
104.260
104.700
105.140
105.590
106.030
106.460
106.910
107.350
107.770
108.210
108.670
109.130
109.570
110.010
110.470
110.920
111.360
111.810
112.280
112.730
113.180
113.620
114.060
114.510
114.960
115.410
115.860
116.330
116.770
117.210
117.640
118.090
118.550
119.000
119.450
119.910
120.360
120.810
121.260
121.720
122.170
122.620
123.070
123.530
123.970
124.420
124.870
125.320
125.780
126.240
126.700
127.150
127.600
128.050
128.510
128.970
129.430
129.890
130.330
130.780
131.230
131.670
132.120
132.570
133.020
133.480
133.930
134.390
134.830
135.290
135.740
136.210
136.660
137.120
137.560
138.010
138.470
138.940
139.400
139.850
140.310
140.790
141.250
141.680
142.110
142.560
143.000
143.450
143.900
144.360
144.800
145.250
145.700
146.140
146.600
147.020
147.480
147.930
148.390
148.840
149.290
149.730
150.170
150.640
151.080
151.530
151.950
152.400
152.840
153.280
153.740
154.190
154.620
155.070
155.510
155.960
156.410
156.850
157.300
157.750
158.200
158.650
159.100
159.550
160.000
160.440
160.900
161.340
161.790
162.240
162.690
163.150
163.620
164.090
164.550
165.010
165.470
165.920
166.380
166.830
167.290
167.770
168.230
168.670
169.130
169.610
170.090
170.540
171.010
171.490
171.950
172.390
172.870
173.320
173.790
174.230
174.690
