0.540
1.580
2.600
3.550
4.450
5.310
6.170
7.010
7.850
8.690
9.680
10.600
11.580
12.480
13.450
14.420
15.330
16.340
17.390
18.380
19.370
20.320
21.280
22.250
23.200
24.160
25.140
26.180
27.200
28.300
29.270
30.280
31.300
32.290
33.370
34.380
35.420
36.410
37.460
38.460
39.440
40.490
41.490
42.540
43.560
44.560
45.590
46.670
47.700
48.690
49.740
50.720
51.770
52.850
53.810
54.740
55.700
56.690
57.630
58.740
59.780
60.890
61.890
62.980
63.980
65.020
66.120
67.190
68.230
69.270
70.310
71.400
72.430
73.510
74.550
75.570
76.610
77.670
78.730
79.830
80.870
81.940
82.940
84.030
85.050
86.070
87.100
88.120
89.120
90.190
91.180
92.190
93.230
94.300
95.300
96.320
97.370
98.420
99.390
100.460
101.440
102.460
103.450
104.470
105.510
106.520
107.530
108.540
109.520
110.520
111.550
112.560
113.570
114.630
115.600
116.660
117.670
118.720
119.680
120.700
121.700
122.720
123.720
124.740
125.740
126.810
127.810
128.810
129.880
130.910
131.910
132.920
133.940
134.890
135.960
137.030
138.030
139.100
140.190
141.190
142.190
143.030
143.800
144.340
144.880
145.390
145.910
146.440
147.000
147.520
148.030
148.520
149.050
149.540
150.080
150.590
151.100
151.580
152.110
152.600
153.130
153.650
154.170
154.680
155.190
155.690
156.210
156.710
157.240
157.740
158.230
158.730
159.220
159.730
160.210
160.720
161.260
161.760
162.270
162.790
163.330
163.830
164.310
164.820
165.370
165.920
166.460
167.010
167.580
168.100
168.660
169.180
169.740
170.270
170.790
171.340
171.890
172.470
173.020
173.540
174.080
174.650
175.200
175.750
176.340
176.880
177.460
178.050
178.590
179.100
179.660
180.200
180.730
181.280
181.820
182.350
182.880
183.420
183.940
184.460
185.020
185.520
186.100
186.620
187.190
187.730
188.250
188.800
189.350
189.890
190.430
190.970
191.520
192.050
192.590
193.110
193.690
194.220
194.770
195.340
195.860
196.440
196.970
197.490
198.060
198.570
199.100
199.650
200.160
200.680
201.240
201.790
202.330
202.900
203.460
203.980
204.540
205.060
205.620
206.150
206.730
207.280
207.840
208.390
208.940
209.450
210.000
210.550
211.130
211.670
212.220
212.770
213.320
213.850
214.370
214.920
215.470
216.020
216.540
217.070
217.610
218.160
218.730
219.270
219.800
220.350
220.890
221.430
221.980
222.520
223.060
223.570
224.120
224.650
225.170
225.710
226.250
226.780
227.340
227.860
228.420
228.970
229.490
230.020
230.550
231.090
231.580
232.100
232.630
233.130
233.650
234.150
234.640
235.190
235.710
236.220
236.740
237.240
237.760
238.310
238.830
239.350
239.910
240.430
240.910
241.420
241.950
242.450
242.990
243.510
244.020
244.530
245.070
245.590
246.090
246.580
247.100
247.630
248.110
248.650
249.200
249.730
250.250
250.770
251.300
251.840
252.350
252.830
253.370
253.870
254.370
254.880
255.400
255.930
256.450
257.000
257.540
258.040
258.560
259.090
259.620
260.110
260.620
261.160
261.690
262.200
262.810
263.400
264.030
264.740
265.430
266.220
267.080
267.890
268.760
269.660
270.750
271.790
272.840
273.870
274.880
275.960
277.050
278.080
279.130
280.210
281.220
282.280
283.270
284.320
285.330
286.400
287.450
288.440
289.410
290.340
291.300
292.220
293.030
293.860
294.620
295.440
296.200
296.960
297.680
298.350
299.060
299.780
300.510
301.210
301.990
302.710
303.520
304.290
305.090
305.850
306.640
307.460
308.220
309.010
309.820
310.610
311.360
312.120
312.870
313.690
314.500
315.270
316.030
316.740
317.470
318.200
318.920
319.700
320.530
321.280
322.110
