0.240
0.600	1
0.960
1.310
1.650
2.010	1
2.360
2.710
3.070
3.450	1
3.820
4.180
4.550
4.940	1
5.300
5.670
6.040
6.400	1
6.770
7.150
7.510
7.870	1
8.240
8.600
8.960
9.320	1
9.680
10.030
10.380
10.750	1
11.120
11.480
11.830
12.200	1
12.550
12.920
13.280
13.640	1
14.000
14.360
14.700
15.060	1
15.420
15.780
16.150
16.520	1
16.880
17.220
17.590
17.950	1
18.310
18.660
19.030
19.390	1
19.760
20.120
20.460
20.840	1
21.200
21.540
21.900
22.260	1
22.610
22.970
23.310
23.660	1
24.010
24.350
24.700
25.060	1
25.420
25.790
26.160
26.500	1
26.840
27.200
27.550
27.900	1
28.250
28.620
28.980
29.360	1
29.740
30.110
30.450
30.830	1
31.180
31.550
31.910
32.270	1
32.630
32.980
33.340
33.700	1
34.060
34.430
34.780
35.150	1
35.500
35.870
36.220
36.590	1
36.940
37.300
37.670
38.020	1
38.370
38.740
39.070
39.430	1
39.790
40.150
40.510
40.890	1
41.240
41.600
41.950
42.320	1
42.680
43.050
43.400
43.760	1
44.120
44.480
44.820
45.190	1
45.540
45.910
46.270
46.630	1
46.980
47.350
47.710
48.070	1
48.440
48.790
49.140
49.510	1
49.860
50.230
50.580
50.960	1
51.300
51.650
52.010
52.350	1
52.710
53.060
53.430
53.800	1
54.150
54.510
54.850
55.210	1
55.550
55.890
56.250
56.610	1
56.950
57.300
57.650
57.990	1
58.340
58.680
59.020
59.380	1
59.720
60.070
60.420
60.770	1
61.120
61.460
61.800
62.150	1
62.500
62.860
63.210
63.560	1
63.930
64.290
64.650
64.990	1
65.340
65.690
66.050
66.400	1
66.730
67.090
67.440
67.790	1
68.140
68.490
68.840
69.200	1
69.550
69.880
70.260
70.610	1
70.970
71.310
71.650
72.000	1
72.360
72.700
73.050
73.410	1
73.760
74.120
74.460
74.820	1
75.170
75.540
75.900
76.250	1
76.610
76.970
77.330
77.670	1
78.010
78.370
78.730
79.090	1
79.440
79.790
80.150
80.500	1
80.850
81.200
81.570
81.930	1
82.270
82.620
82.970
83.320	1
83.670
84.030
84.380
84.740	1
85.100
85.460
85.800
86.160	1
86.520
86.870
87.230
87.580	1
87.920
88.270
88.640
88.990	1
89.340
89.680
90.040
90.400	1
90.750
91.120
91.460
91.810	1
92.160
92.510
92.850
93.200	1
93.560
93.920
94.260
94.610	1
94.950
95.310
95.660
96.020	1
96.370
96.740
97.080
97.430	1
97.780
98.130
98.490
98.840	1
99.190
99.550
99.910
100.250	1
100.600
100.940
101.290
101.640	1
102.000
102.350
102.710
103.050	1
103.420
103.780
104.130
104.490	1
104.850
105.210
105.560
105.920	1
106.270
106.630
106.980
107.350	1
107.700
108.050
108.400
108.750	1
109.100
109.450
109.810
110.180	1
110.540
110.890
111.230
111.590	1
111.940
112.300
112.640
113.010	1
113.360
113.720
114.080
114.440	1
114.790
115.140
115.490
115.850	1
116.210
116.570
116.920
117.270	1
117.630
117.970
118.320
118.680	1
119.040
119.390
119.760
120.110	1
120.470
120.820
121.180
121.540	1
121.900
122.240
122.600
122.950	1
123.290
123.650
123.990
124.340	1
124.700
125.040
125.390
125.750	1
126.090
126.450
126.800
127.160	1
127.520
127.880
128.230
128.590	1
128.950
129.320
129.660
130.020	1
130.370
130.720
131.070
131.410	1
131.770
132.130
132.470
132.830	1
133.190
133.550
133.910
134.260	1
134.620
134.960
135.320
135.670	1
136.030
136.380
136.740
137.100	1
137.440
137.800
138.150
138.490	1
138.850
139.210
139.550
139.900	1
140.260
140.640
141.000
141.380	1
