0.260
1.300
2.350
3.340
4.350
5.410
6.420
7.250
8.140
9.000
9.980
10.950
11.830
12.720
13.530
14.420
15.230
16.140
16.960
17.840
18.730
19.580
20.460
21.340
22.190
23.030
23.910
24.790
25.650
26.500
27.340
28.180
29.030
29.870
30.860
31.800
32.650
33.490
34.290
35.160
35.980
36.820
37.650
38.360
39.040
39.570
40.150
40.700
41.270
41.830
42.370
42.920
43.470
44.030
44.560
45.120
45.650
46.200
46.780
47.300
47.870
48.420
48.970
49.500
50.060
50.630
51.170
51.730
52.280
52.820
53.370
53.910
54.440
54.980
55.520
56.040
56.610
57.130
57.690
58.220
58.760
59.320
59.850
60.410
60.960
61.490
62.030
62.580
63.130
63.670
64.230
64.770
65.320
65.880
66.400
66.930
67.490
68.040
68.590
69.130
69.680
70.210
70.760
71.310
71.830
72.360
72.910
73.440
73.970
74.500
75.050
75.580
76.130
76.650
77.210
77.740
78.270
78.790
79.330
79.870
80.390
80.940
81.480
82.020
82.560
83.090
83.630
84.170
84.680
85.210
85.740
86.290
86.830
87.350
87.890
88.440
88.970
89.510
90.050
90.590
91.140
91.680
92.220
92.790
93.320
93.830
94.370
94.890
95.430
95.970
96.500
97.030
97.570
98.100
98.640
99.170
99.700
100.230
100.770
101.300
101.830
102.360
102.920
103.450
103.980
104.520
105.050
105.590
106.110
106.650
107.190
107.700
108.230
108.760
109.310
109.820
110.370
110.900
111.430
111.940
112.470
112.980
113.520
114.050
114.560
115.090
115.610
116.160
116.670
117.200
117.710
118.230
118.760
119.260
119.800
120.350
120.850
121.390
121.920
122.470
122.990
123.480
123.990
124.490
125.050
125.570
126.110
126.620
127.150
127.680
128.190
128.730
129.250
129.770
130.290
130.820
131.340
131.850
132.400
132.930
133.460
133.980
134.490
135.010
135.530
136.030
136.560
137.070
137.600
138.140
138.650
139.170
139.670
140.200
140.730
141.260
141.750
142.300
142.810
143.340
143.860
144.370
144.900
145.410
145.920
146.450
146.970
147.490
148.000
148.520
149.050
149.560
150.080
150.610
151.120
151.650
152.170
152.670
153.220
153.730
154.260
154.770
155.300
155.830
156.340
156.850
157.390
157.910
158.430
158.950
159.470
159.990
160.500
161.010
161.520
162.020
162.540
163.050
163.580
164.080
164.610
165.120
165.650
166.170
166.680
167.210
167.720
168.230
168.760
169.270
169.790
170.320
170.850
171.360
171.890
172.390
172.930
173.450
173.980
174.490
175.020
175.520
176.030
176.550
177.050
177.550
178.080
178.590
179.090
179.600
180.120
180.640
181.140
181.660
182.170
182.690
183.200
183.720
184.240
184.740
185.260
185.750
186.280
186.790
187.320
187.840
188.340
188.880
189.400
189.920
190.440
190.950
191.460
191.970
192.500
193.010
193.540
194.060
194.560
195.080
195.610
196.140
196.660
197.170
197.690
198.220
198.740
199.270
199.800
200.320
200.830
201.350
201.870
202.390
202.920
203.430
203.960
204.460
204.980
205.490
206.030
206.540
207.060
207.590
208.110
208.630
209.150
209.670
210.170
210.670
211.200
211.730
212.250
212.780
213.270
213.790
214.320
214.830
215.340
215.900
216.420
216.930
217.460
218.010
218.540
219.070
219.570
220.120
220.640
221.160
221.690
222.220
222.730
223.280
223.820
224.340
224.850
225.390
225.910
226.450
226.980
227.480
228.010
228.520
229.060
229.550
230.090
230.610
231.130
231.640
232.150
232.680
233.170
233.700
234.230
234.740
235.280
235.770
236.310
236.840
237.360
237.850
238.330
238.850
239.370
239.900
240.400
240.950
241.440
241.940
242.450
242.970
243.520
244.030
244.520
245.040
245.540
246.070
246.590
247.120
247.640
248.130
248.640
249.150
249.660
250.180
250.690
251.180
251.710
252.220
252.730
253.210
253.670
254.160
254.640
255.150
255.680
256.190
256.700
257.220
257.750
258.250
258.790
259.290
259.810
260.360
260.880
261.390
261.890
262.420
262.930
263.440
263.940
264.470
264.970
265.500
266.020
266.520
267.070
267.540
268.060
268.550
269.050
269.600
270.090
270.640
271.150
271.660
272.150
272.650
273.110
273.560
274.040
274.480
274.940
275.440
275.930
276.440
276.980
277.480
277.990
278.490
278.990
279.510
280.030
280.530
281.060
281.540
282.080
282.590
283.090
283.590
284.080
284.610
285.100
285.610
286.100
286.600
287.120
287.630
288.140
288.640
289.120
289.650
290.160
290.670
291.180
291.690
292.200
292.710
293.230
293.730
294.230
294.740
295.250
295.730
296.250
296.750
297.250
297.760
298.370
298.950
299.520
300.060
300.580
301.050
301.550
302.030
302.550
303.090
303.620
304.140
304.650
305.160
305.670
306.190
306.680
307.200
307.700
308.180
308.700
309.210
309.710
310.260
310.770
311.270
311.780
312.270
312.780
313.290
313.800
314.290
314.820
315.320
315.820
316.310
316.830
317.320
317.830
318.380
318.900
319.460
319.990
320.530
321.080
321.630
322.140
322.630
323.170
323.660
324.140
324.670
325.160
325.680
326.190
326.690
327.200
327.700
328.200
328.700
329.210
329.710
330.180
330.690
331.210
331.710
332.200
332.720
333.240
333.740
334.240
334.750
335.250
335.740
336.250
336.760
337.240
337.770
338.280
338.790
339.290
339.790
340.300
340.790
341.300
341.820
342.320
342.820
343.330
343.830
344.340
344.840
345.330
345.860
346.360
346.860
347.370
347.870
348.380
348.870
349.370
349.870
350.370
350.850
351.370
351.880
352.390
352.880
353.380
353.870
354.380
354.880
355.380
355.890
356.390
356.900
357.400
357.910
358.410
358.920
359.430
360.040
360.610
361.180
361.690
362.190
362.710
363.240
363.750
364.230
364.720
365.260
365.760
366.260
366.760
367.270
367.780
368.280
368.770
369.270
369.770
370.270
370.810
371.320
371.820
372.320
372.830
373.340
373.840
374.380
374.880
375.360
375.840
376.350
376.840
377.350
377.850
378.360
378.890
379.370
379.880
380.360
380.860
381.390
381.870
382.370
382.870
383.390
383.870
384.390
384.860
385.360
385.880
386.380
386.860
387.380
387.890
388.390
388.910
389.430
389.920
390.430
390.950
391.460
391.960
392.460
392.960
393.450
393.960
394.460
394.970
395.470
395.950
396.450
396.970
397.450
397.950
398.460
398.950
399.470
399.940
400.450
400.930
401.440
401.930
402.440
402.990
403.510
404.020
404.580
405.100
405.620
406.120
406.620
407.100
407.560
408.040
408.530
409.000
409.500
409.950
410.420
410.860
411.320
411.780
412.300
412.820
413.310
413.800
414.300
414.810
415.300
415.800
416.290
416.790
417.280
417.770
418.270
418.780
419.260
419.740
420.240
420.760
421.240
421.700
422.200
422.680
423.140
423.650
424.150
424.620
425.110
425.600
426.110
426.590
427.100
427.580
428.080
428.570
429.030
429.510
429.990
430.480
430.970
431.450
431.920
432.400
432.910
433.390
433.890
434.390
434.900
435.390
435.880
436.360
436.870
437.380
437.870
438.380
438.870
439.390
439.870
440.370
440.860
441.360
441.860
442.360
442.850
443.340
443.840
444.330
444.840
445.330
445.830
446.330
446.840
447.320
447.820
448.320
448.800
449.290
449.800
450.310
450.800
451.310
451.800
452.300
452.790
453.280
453.790
454.280
454.760
455.250
455.750
456.240
456.740
457.230
457.740
458.250
458.740
459.270
459.790
460.300
460.790
461.300
461.810
462.330
462.820
463.300
463.820
464.320
464.810
465.310
465.820
466.330
466.810
467.300
467.810
468.310
468.800
469.290
469.790
470.270
470.780
471.260
471.770
472.250
472.750
473.250
473.780
474.310
474.820
475.330
475.810
476.330
476.820
477.290
477.770
478.270
478.760
479.280
479.790
480.280
480.760
481.220
481.710
482.190
482.680
483.160
483.660
484.180
484.690
485.170
485.670
486.180
486.690
487.200
487.720
488.210
488.720
489.220
489.710
490.200
490.730
491.220
491.700
492.240
492.730
493.240
493.740
494.250
494.760
495.250
495.760
496.260
496.770
497.260
497.770
498.280
498.780
499.260
499.760
500.270
500.770
501.250
501.730
502.240
502.740
503.230
503.740
504.240
504.740
505.220
505.740
506.250
506.730
507.230
507.740
508.240
508.760
509.270
509.800
510.320
510.880
511.400
511.890
512.370
512.860
513.350
513.840
514.320
514.800
515.280
515.770
516.240
516.730
517.220
517.690
518.180
518.670
519.130
519.630
520.100
520.610
521.070
521.580
522.050
522.540
523.000
523.440
523.920
524.360
524.840
525.300
525.770
526.260
526.690
527.160
527.580
528.020
528.480
528.900
529.360
529.830
530.290
530.750
531.210
531.690
532.160
