0.170
0.660
1.150
1.630
2.120
2.600
3.090
3.580
4.070
4.560
5.050
5.530
6.020
6.510
7.000
7.490
7.970
8.460
8.950
9.430
9.930
10.420
10.910
11.390
11.880
12.370
12.860
13.350
13.830
14.330
14.800
15.320
15.870
16.390
16.900
17.390
17.880
18.400
18.880
19.380
19.880
20.390
20.890
21.380
21.900
22.390
22.880
23.380
23.910
24.400
24.900
25.390
25.900
26.420
26.910
27.430
27.930
28.420
28.920
29.420
29.920
30.430
30.920
31.440
31.930
32.420
32.930
33.420
33.950
34.450
34.940
35.440
35.950
36.440
36.950
37.460
37.970
38.490
38.990
39.510
40.010
40.510
41.010
41.520
42.030
42.510
43.030
43.530
44.030
44.550
45.030
45.530
46.050
46.580
47.090
47.610
48.120
48.620
49.150
49.650
50.160
50.670
51.170
51.690
52.200
52.740
53.240
53.760
54.270
54.790
55.300
55.800
56.300
56.820
57.330
57.830
58.350
58.860
59.370
59.900
60.410
60.920
61.430
61.930
62.440
62.960
63.480
63.990
64.490
65.010
65.510
66.030
66.530
67.040
67.560
68.070
68.590
69.120
69.620
70.130
70.670
71.180
71.680
72.200
72.730
73.230
73.760
74.250
74.770
75.290
75.780
76.300
76.820
77.330
77.840
78.370
78.900
79.390
79.900
80.410
80.920
81.430
81.960
82.460
82.960
83.480
83.990
84.500
85.020
85.540
86.050
86.570
87.070
87.580
88.100
88.610
89.110
89.640
90.150
90.660
91.170
91.670
92.190
92.710
93.220
93.740
94.250
94.760
95.270
95.780
96.290
96.800
97.270
97.800
98.310
98.830
99.360
99.880
100.390
100.900
101.390
101.910
102.410
102.930
103.450
103.960
104.470
104.980
105.500
106.010
106.530
107.050
107.570
108.090
108.590
109.130
109.620
110.140
110.660
111.170
111.670
112.190
112.720
113.230
113.740
114.250
114.760
115.270
115.790
116.290
116.800
117.320
117.820
118.330
118.840
119.350
119.850
120.360
120.870
121.380
121.890
122.410
122.930
123.440
123.950
124.450
124.950
125.460
125.970
126.480
127.000
127.500
128.020
128.530
129.040
129.550
130.050
130.550
131.070
131.590
132.110
132.600
133.120
133.630
134.160
134.710
135.210
135.710
136.210
136.700
137.210
137.730
138.220
138.720
139.220
139.730
140.230
140.770
141.250
141.790
142.300
142.770
143.280
143.800
144.280
144.800
145.270
145.780
146.250
146.770
147.240
147.760
148.290
148.780
149.310
149.790
150.330
150.820
151.300
151.840
152.330
152.840
153.350
153.870
154.380
154.860
155.370
155.910
156.450
156.980
157.500
158.020
158.550
159.060
159.560
160.050
160.560
161.100
161.620
162.130
162.660
163.170
163.690
164.200
164.720
165.240
165.750
166.250
166.760
167.280
167.800
168.300
168.810
169.350
169.870
170.370
170.860
171.400
171.920
172.440
172.960
173.470
173.990
174.500
174.980
175.500
176.010
176.530
177.040
177.560
178.070
178.580
179.100
179.630
180.140
180.640
181.150
181.660
182.160
182.690
183.210
183.720
184.250
184.780
185.280
185.800
186.320
186.830
187.330
187.840
188.350
188.860
189.390
189.890
190.400
190.910
191.420
191.940
192.450
192.950
193.470
193.990
194.520
195.030
195.530
196.060
196.570
197.080
197.590
198.130
198.640
199.160
199.700
200.220
200.740
201.230
201.770
202.270
202.790
203.290
203.760
204.210
204.700
205.160
205.630
206.070
206.540
206.990
207.460
207.950
208.420
208.880
209.350
209.810
210.280
