0.230
1.050
1.930
2.780
3.580
4.360
5.120
5.860
6.590
7.380
8.180
8.990
9.740
10.550
11.290
12.080
12.920
13.710
14.520
15.280
16.110
16.900
17.760
18.550
19.360
20.120
20.900
21.710
22.520
23.270
24.090
24.850
25.630
26.360
27.140
27.890
28.670
29.420
30.180
30.910
31.690
32.420
33.170
33.900
34.630
35.390
36.080
36.830
37.620
38.350
39.090
39.830
40.610
41.380
42.150
42.890
43.610
44.360
45.090
45.840
46.410
46.970
47.530
48.100
48.650
49.210
49.770
50.300
50.840
51.390
51.970
52.510
53.060
53.610
54.130
54.680
55.200
55.740
56.300
56.890
57.450
57.990
58.570
59.100
59.600
60.150
60.670
61.190
61.730
62.330
62.890
63.440
64.040
64.600
65.150
65.710
66.250
66.810
67.350
67.930
68.480
69.010
69.560
70.110
70.670
71.230
71.760
72.320
72.860
73.400
73.960
74.500
75.060
75.590
76.140
76.670
77.240
77.780
78.310
78.840
79.400
79.950
80.490
81.030
81.600
82.130
82.670
83.230
83.770
84.330
84.860
85.430
86.020
86.590
87.130
87.690
88.240
88.790
89.320
89.880
90.420
90.970
91.540
92.080
92.610
93.170
93.740
94.260
94.850
95.390
95.970
96.510
97.060
97.630
98.190
98.780
99.360
99.930
100.470
101.050
101.600
102.170
102.710
103.270
103.850
104.410
104.970
105.490
106.080
106.640
107.180
107.730
108.320
108.860
109.420
109.960
110.530
111.050
111.620
112.190
112.750
113.300
113.840
114.380
114.930
115.510
116.060
116.570
117.140
117.660
118.200
118.740
119.280
119.840
120.370
120.920
121.470
122.050
122.600
123.130
123.690
124.260
124.790
125.360
125.890
126.470
126.980
127.520
128.050
128.590
129.110
129.640
130.160
130.660
131.140
131.640
132.170
132.660
133.240
133.790
134.370
134.930
135.520
136.140
136.710
137.270
137.800
138.350
138.870
139.440
139.950
140.500
141.030
141.570
142.080
142.620
143.140
143.680
144.190
144.740
145.280
145.790
146.340
146.880
147.440
147.970
148.470
149.010
149.560
150.090
150.600
151.130
151.660
152.180
152.730
153.260
153.770
154.310
154.860
155.410
155.940
156.480
157.000
157.540
158.050
158.580
159.110
159.630
160.160
160.690
161.200
161.760
162.290
162.790
163.290
163.800
164.340
164.840
165.380
165.920
166.460
166.970
167.500
168.040
168.570
169.110
169.610
170.170
170.670
171.210
171.770
172.320
172.840
173.390
173.930
174.450
175.010
175.540
176.080
176.630
177.170
177.710
178.230
178.780
179.330
179.850
180.400
180.920
181.470
182.000
182.520
183.050
183.590
184.100
184.650
185.150
185.670
186.200
186.740
187.280
187.780
188.310
188.830
189.380
189.900
190.420
190.960
191.500
192.030
192.570
193.130
193.670
194.200
194.720
195.230
195.740
196.270
196.780
197.320
197.860
198.430
199.000
199.560
200.090
200.640
201.170
201.670
202.200
202.730
203.250
203.780
204.310
204.830
205.350
205.880
206.430
206.950
207.500
208.030
208.560
209.070
209.600
210.110
210.640
211.200
211.710
212.260
212.810
213.340
213.870
214.380
214.910
215.480
216.000
216.560
217.090
217.600
218.120
218.670
219.180
219.700
220.230
220.750
221.240
221.750
222.280
222.810
223.350
223.890
224.400
224.910
225.420
225.960
226.490
227.020
227.540
228.090
228.590
229.120
229.670
230.190
230.730
231.240
231.800
232.310
232.850
233.360
233.890
234.440
234.980
235.500
236.070
236.590
237.140
237.660
238.210
238.750
239.300
239.810
240.350
240.870
241.400
241.930
242.480
243.020
243.560
244.080
244.630
245.160
245.740
246.280
246.820
247.360
247.920
248.490
249.010
249.580
250.120
250.660
251.180
251.700
252.230
252.790
253.340
253.910
254.450
255.000
255.520
256.070
256.600
257.150
257.710
258.230
258.780
259.270
259.790
260.310
260.820
261.330
261.880
262.380
262.890
263.420
263.980
264.510
265.040
265.550
266.100
266.650
267.190
267.710
268.250
268.790
269.340
269.890
270.420
270.970
271.500
272.030
272.540
273.070
273.610
274.160
274.710
275.250
275.810
276.360
276.940
277.490
278.110
278.720
279.370
279.990
280.590
281.280
282.030
282.770
283.470
284.230
284.920
285.680
286.370
287.090
287.840
288.550
289.210
289.910
290.630
291.350
292.000
292.630
293.220
293.860
294.440
295.050
295.680
296.300
296.900
297.490
298.120
298.740
299.310
299.860
300.430
301.020
301.600
302.180
302.720
