0.230
0.700
1.160
1.620
2.090
2.580
3.040
3.530
4.000
4.490
4.980
5.470
5.950
6.420
6.910
7.380
7.870
8.360
8.830
9.330
9.810
10.280
10.770
11.220
11.710
12.180
12.670
13.140
13.640
14.120
14.600
15.090
15.570
16.050
16.570
17.060
17.550
18.040
18.500
18.990
19.470
19.950
20.430
20.910
21.400
21.910
22.370
22.870
23.370
23.840
24.310
24.790
25.270
25.750
26.240
26.700
27.170
27.660
28.160
28.630
29.120
29.580
30.070
30.540
31.000
31.480
31.970
32.440
32.910
33.410
33.880
34.350
34.830
35.290
35.780
36.230
36.700
37.160
37.620
38.080
38.570
39.050
39.520
40.000
40.490
40.950
41.450
41.900
42.380
42.840
43.330
43.780
44.260
44.740
45.200
45.670
46.150
46.620
47.060
47.500
47.940
48.360
48.810
49.280
49.740
50.220
50.700
51.170
51.640
52.100
52.570
53.030
53.490
53.930
54.410
54.860
55.330
55.790
56.230
56.710
57.170
57.610
58.080
58.550
59.020
59.480
59.960
60.420
60.870
61.320
61.780
62.250
62.710
63.180
63.630
64.100
64.560
65.040
65.510
65.970
66.430
66.890
67.330
67.810
68.250
68.710
69.170
69.650
70.100
70.550
71.030
71.470
71.940
72.400
72.860
73.320
73.800
74.270
74.720
75.180
75.660
76.110
76.580
77.020
77.490
77.940
78.410
78.860
79.320
79.770
80.220
80.650
81.110
81.570
82.010
82.460
82.910
83.370
83.820
84.290
84.740
85.190
85.660
86.120
86.590
87.050
87.500
87.940
88.410
88.860
89.320
89.770
90.240
90.700
91.150
91.630
92.090
92.530
92.990
93.430
93.870
94.300
94.760
95.190
95.650
96.100
96.570
97.030
97.490
97.940
98.410
98.880
99.320
99.800
100.260
100.700
101.180
101.620
102.080
102.520
102.960
103.440
103.900
104.350
104.810
105.280
105.740
106.200
106.640
107.100
107.570
108.050
108.530
109.000
109.460
109.900
110.380
110.830
111.290
111.750
112.200
112.660
113.140
113.590
114.060
114.490
114.960
115.410
115.850
116.290
116.770
117.220
117.680
118.150
118.610
119.050
119.500
119.940
120.410
120.840
121.320
121.780
122.230
122.680
123.150
123.610
124.060
124.520
124.990
125.440
125.900
126.340
126.800
127.260
127.690
128.150
128.600
129.060
129.490
129.940
130.420
130.860
131.340
131.800
132.250
132.710
133.160
133.620
134.090
134.540
135.000
135.460
135.920
136.400
136.840
137.300
137.770
138.230
138.660
139.130
139.590
140.050
140.500
140.950
141.390
141.870
142.330
142.770
143.240
143.710
144.160
144.620
145.090
145.530
145.990
146.450
146.920
147.370
147.810
148.250
148.720
149.160
149.630
150.090
150.540
150.980
151.450
151.880
152.360
152.820
153.260
153.740
154.200
154.640
155.100
155.560
156.010
156.460
156.930
157.390
157.840
158.300
158.750
159.180
159.650
160.100
160.540
160.990
161.430
161.890
162.370
162.820
163.290
163.750
164.200
164.660
165.110
165.580
166.050
166.510
166.970
167.430
167.900
168.350
168.820
169.290
169.750
170.210
170.680
171.130
171.560
172.010
172.480
172.950
173.400
173.850
174.320
174.760
175.220
175.670
176.120
176.590
177.050
177.520
177.950
178.390
178.820
179.260
179.720
180.170
180.630
181.080
181.530
181.990
182.440
182.890
183.340
183.770
184.220
184.670
185.120
185.580
186.040
186.490
186.940
187.390
187.820
188.280
188.760
189.220
189.670
190.130
190.580
191.030
191.480
191.930
192.370
192.820
193.260
193.710
194.180
194.610
195.070
195.540
196.000
196.440
196.890
197.350
197.800
198.260
198.690
199.100
199.540
199.980
200.440
200.910
201.380
201.830
202.270
202.720
203.170
203.610
204.080
204.510
204.980
205.410
205.840
206.290
206.740
207.180
207.630
208.080
208.530
208.980
209.430
209.880
210.310
210.760
211.210
211.670
212.110
212.550
213.010
213.460
213.880
214.340
214.800
215.240
215.690
216.150
216.600
217.040
217.460
217.900
218.350
218.810
219.260
219.700
220.150
220.600
221.060
221.500
221.940
222.390
222.850
223.290
223.770
224.220
224.690
225.130
225.600
226.070
226.530
226.990
227.460
227.920
228.380
228.830
229.300
229.770
230.210
230.670
231.130
231.590
232.040
232.480
232.940
233.410
233.870
234.310
234.750
235.210
235.660
236.110
236.570
237.020
237.450
237.930
238.390
238.840
239.300
239.760
240.220
240.660
241.110
241.570
242.030
242.480
242.930
243.360
243.820
244.280
244.740
245.200
245.650
246.110
246.580
247.050
247.500
247.950
248.400
248.870
249.320
249.750
250.180
250.630
251.060
251.520
251.990
252.450
252.900
253.350
253.790
254.230
254.700
255.140
255.600
256.050
256.520
256.970
257.400
257.860
258.320
258.750
259.220
259.670
260.100
260.550
261.000
261.450
261.900
262.360
262.810
263.270
263.710
264.140
264.600
265.040
265.500
265.950
266.390
266.830
267.290
267.740
268.200
268.630
269.090
269.530
269.980
270.400
270.840
271.300
271.750
272.200
272.660
273.100
273.550
274.010
274.450
274.890
275.350
275.800
276.250
276.690
277.150
277.570
278.010
278.450
278.920
279.370
279.820
280.250
280.710
281.150
281.620
282.070
282.520
282.940
283.400
283.850
284.310
284.750
285.190
285.650
286.110
286.560
287.000
287.450
287.890
288.340
288.790
289.260
289.700
290.140
290.610
291.040
291.470
291.920
292.350
292.790
293.260
293.700
294.140
294.600
295.050
295.490
295.930
296.380
296.840
297.280
297.740
298.170
298.620
299.070
299.520
299.950
300.400
300.840
301.270
301.720
302.160
302.600
303.060
303.510
303.970
304.400
304.860
305.290
305.750
306.180
306.620
307.050
307.490
307.940
308.370
308.820
309.280
309.710
310.180
310.610
311.070
311.530
311.950
312.380
312.770
313.160
313.560
313.960
314.390
314.800
315.190
315.620
316.030
316.420
316.840
317.260
317.690
318.110
318.520
318.940
319.400
319.850
320.310
320.760
321.240
321.700
322.160
322.600
323.050
323.490
323.960
324.400
324.850
325.300
325.750
326.210
326.660
327.130
327.600
328.090
328.560
329.030
329.480
329.930
330.360
330.810
331.280
331.710
332.170
332.610
333.040
333.490
333.930
334.370
334.800
335.240
335.660
336.090
336.510
336.910
337.330
337.770
338.230
338.670
339.140
339.570
340.020
340.490
340.930
341.370
341.830
342.270
342.740
343.190
343.640
344.110
344.560
344.990
345.450
345.890
346.350
346.800
347.250
347.700
348.140
348.590
349.060
349.510
349.940
350.390
350.840
351.290
351.670
352.090
352.420
352.750
353.070
353.410
353.740
354.070
354.380
354.730
355.050
355.390
355.710
356.050
356.360
356.710
357.020
357.370
357.700
358.030
358.370
358.770
359.200
359.650
360.070
360.510
360.950
361.390
361.840
362.280
362.710
363.170
363.600
364.050
364.480
364.920
365.370
365.810
366.230
366.700
367.140
367.600
368.040
368.490
368.930
369.360
369.800
370.260
370.690
371.140
371.580
372.020
372.450
372.890
373.340
373.780
374.210
374.660
375.080
375.540
375.960
376.410
376.860
377.300
377.740
378.170
378.620
379.060
379.490
379.940
380.370
380.820
381.250
381.700
382.130
382.570
383.020
383.460
383.890
384.340
384.770
385.210
385.680
386.170
386.640
387.090
387.580
388.040
388.510
388.920
389.360
389.800
390.210
390.640
391.090
391.510
391.950
392.360
392.810
393.240
393.700
394.140
394.580
395.000
395.440
395.900
396.340
396.780
397.220
397.660
398.100
398.530
398.960
399.410
399.840
400.280
400.740
401.180
401.620
402.040
402.470
402.910
403.350
403.780
404.220
404.670
405.110
405.540
405.970
406.400
406.840
407.280
407.720
408.160
408.590
409.030
409.480
409.920
410.360
410.800
411.220
411.670
412.120
412.550
412.990
413.440
413.870
414.310
414.760
415.200
415.650
416.090
416.530
416.950
417.360
417.800
418.180
418.600
419.000
419.380
419.780
420.210
420.650
421.080
421.520
421.950
422.400
422.830
423.290
423.730
424.160
424.600
425.050
425.490
425.920
426.370
426.810
427.240
427.680
428.110
428.540
428.970
429.420
429.850
430.290
430.750
431.190
431.620
432.060
432.510
432.940
433.380
433.820
434.240
434.680
435.120
435.530
435.960
436.410
436.840
437.280
437.720
438.170
438.620
439.050
439.490
439.930
440.360
440.810
441.240
441.690
442.110
442.560
442.980
443.420
443.870
444.310
444.730
445.190
445.620
446.050
446.490
446.940
447.380
447.820
448.260
448.700
449.130
449.570
450.040
450.480
450.920
451.380
451.800
452.240
452.690
453.130
453.590
454.040
454.470
454.930
455.340
455.760
456.170
456.550
456.960
457.370
457.790
458.240
458.670
459.080
459.530
460.000
460.440
460.880
461.340
461.790
462.240
462.690
463.150
463.590
464.050
464.500
464.950
465.390
465.860
466.310
466.760
467.230
467.680
468.130
468.570
469.020
469.460
469.890
470.350
470.800
471.230
471.690
472.130
472.580
473.050
473.490
473.970
474.430
474.870
475.300
475.750
476.170
476.640
477.090
477.530
477.990
478.460
478.910
479.360
479.810
480.260
480.700
481.150
481.590
482.040
482.510
482.980
483.440
483.900
484.350
484.810
485.280
485.740
486.180
486.650
487.090
487.540
488.000
488.480
488.940
489.410
489.860
490.330
490.780
491.240
491.690
492.170
492.620
493.080
493.540
494.000
494.440
494.890
495.360
495.810
496.280
496.730
497.190
497.660
498.120
498.580
499.020
499.470
499.930
500.420
500.910
501.390
501.860
502.340
502.810
503.300
503.780
504.230
504.670
505.130
505.590
506.040
506.480
506.960
507.400
507.880
508.330
508.760
509.190
509.650
510.080
510.510
510.950
511.400
511.870
512.310
512.760
513.200
513.620
514.070
514.480
514.920
515.320
515.760
516.160
516.580
517.020
517.450
517.870
518.320
518.740
519.180
519.650
520.100
520.550
520.990
521.440
521.910
522.370
522.810
523.270
523.720
524.160
524.610
525.060
525.490
525.950
526.390
526.820
527.270
527.690
528.090
528.530
528.930
529.380
529.810
530.220
530.670
531.100
531.530
531.930
532.350
532.790
533.190
533.630
534.060
534.500
534.950
535.400
535.830
536.250
536.640
537.070
537.480
537.870
538.290
538.710
539.110
539.530
539.960
540.370
540.780
541.200
541.630
542.050
542.510
542.950
543.390
543.790
544.230
544.640
545.050
545.500
545.930
546.350
546.770
547.220
547.670
548.110
548.550
549.010
549.490
549.950
550.410
550.870
551.320
551.750
552.200
552.650
553.120
553.610
554.050
554.480
554.920
555.360
555.790
556.210
556.660
557.120
557.560
558.010
558.450
558.920
559.370
559.850
560.300
560.730
561.140
561.580
562.010
562.450
562.870
563.300
563.740
564.190
564.630
565.080
565.520
565.950
566.380
566.840
567.270
567.710
568.150
568.560
568.990
569.420
569.870
570.300
570.730
571.140
571.580
572.020
572.470
572.900
573.360
573.780
574.240
574.670
575.110
575.530
575.950
576.400
576.830
577.250
577.710
578.150
578.590
579.020
579.450
579.900
580.340
580.790
581.230
581.690
582.170
582.630
583.080
583.530
584.000
584.450
584.920
585.350
585.800
586.270
586.720
587.160
587.610
588.070
588.510
588.950
589.430
589.950
590.460
590.950
591.420
591.920
592.380
592.870
593.310
593.790
594.250
594.690
595.160
595.630
596.110
596.580
597.050
597.530
597.990
598.450
598.940
599.410
599.870
600.350
600.810
601.290
601.740
602.200
602.660
603.130
603.590
604.040
604.510
604.970
605.440
605.900
606.370
606.850
607.310
607.790
608.260
608.710
609.180
609.640
610.100
610.560
611.030
611.490
611.960
612.410
612.880
613.340
613.810
614.260
614.730
615.210
615.680
616.160
616.620
617.080
617.550
618.020
618.500
618.970
619.440
619.920
620.390
620.860
621.320
621.800
622.320
622.880
623.450
623.930
624.370
624.840
625.290
625.780
626.240
626.720
627.190
627.650
628.110
628.570
629.050
629.510
629.990
630.440
630.890
631.340
631.800
632.270
632.720
633.190
633.630
634.100
634.550
635.020
635.490
635.950
636.410
636.870
637.320
637.790
638.250
638.690
639.150
639.590
640.040
640.490
640.940
641.400
641.860
642.320
642.770
643.220
643.680
644.130
644.580
645.040
645.490
645.950
646.410
646.870
647.320
647.770
648.230
648.660
649.120
649.570
650.000
650.440
650.920
651.370
651.820
652.280
652.750
653.200
653.660
654.140
654.600
655.040
655.540
656.070
656.610
657.140
657.700
658.220
658.730
659.250
