0.880
1.820
2.870
3.820
4.870
5.850
6.810
7.860
8.880
9.910
10.940
11.970
13.030
14.120
15.180
16.190
17.240
18.320
19.390
20.520
21.560
22.700
23.800
24.730
25.740
26.680
27.620
28.600
29.530
30.520
31.420
32.420
33.370
34.240
35.140
36.040
36.940
37.870
38.760
39.620
40.550
41.450
42.270
43.000
43.810
44.570
45.330
46.080
46.890
47.640
48.400
49.200
49.930
50.760
51.570
52.370
53.140
53.910
54.720
55.560
56.330
57.130
57.950
58.800
59.640
60.450
61.220
62.010
62.810
63.700
64.580
65.390
66.270
67.110
67.980
68.790
69.660
70.530
71.350
72.180
72.990
73.840
74.670
75.530
76.320
77.190
78.050
78.850
79.640
80.480
81.360
82.160
83.010
83.880
84.680
85.560
86.400
87.200
88.010
88.850
89.750
90.600
91.430
92.280
93.070
93.890
94.710
95.580
96.490
97.390
98.250
99.110
100.030
100.980
101.860
102.830
103.740
104.620
105.440
106.400
107.400
108.320
109.310
110.190
111.110
112.030
112.990
113.870
114.830
115.740
116.640
117.550
118.430
119.360
120.270
121.160
122.110
123.030
123.900
124.850
125.730
126.640
127.540
128.490
129.400
130.320
131.210
132.120
133.030
133.910
134.830
135.730
136.590
137.570
138.450
139.380
140.350
141.250
142.200
143.130
143.950
144.750
145.550
146.370
147.190
147.870
148.510
149.190
149.900
150.610
151.280
151.970
152.670
153.390
154.110
154.840
155.580
156.260
157.000
157.660
158.380
159.030
159.730
160.400
161.110
161.810
162.490
163.190
163.870
164.560
165.220
165.940
166.600
167.260
167.950
168.690
169.430
170.120
170.810
171.540
172.190
172.880
173.510
174.170
174.800
175.420
176.060
176.690
177.350
178.060
178.710
179.390
180.020
180.680
181.300
181.980
182.630
183.230
183.870
184.540
185.260
185.910
186.600
187.480
188.400
189.310
190.190
191.100
192.100
193.020
194.030
194.960
195.980
196.930
197.860
198.850
199.890
200.830
201.810
202.760
203.670
204.650
205.600
206.590
207.530
208.470
209.400
210.360
211.460
212.580
213.560
214.490
215.460
216.500
217.410
218.410
219.350
220.290
221.260
222.280
223.210
224.220
225.190
226.120
227.120
228.220
229.340
230.440
231.540
232.620
233.610
234.660
235.720
236.680
237.610
238.500
239.390
240.240
241.140
242.000
242.880
243.800
244.730
245.690
246.600
247.530
248.500
249.450
250.310
251.190
252.110
253.030
253.930
