0.640
1.270
1.970
2.620
3.190
3.790
4.400
5.020
5.600
6.210
6.780
7.310
7.870
8.450
8.990
9.550
10.140
10.680
11.120
11.530
11.960
12.370
12.800
13.260
13.720
14.210
14.680
15.120
15.580
16.010
16.450
16.890
17.310
17.750
18.180
18.600
19.030
19.460
19.890
20.320
20.750
21.190
21.610
22.050
22.480
22.920
23.350
23.790
24.220
24.660
25.090
25.530
25.950
26.390
26.820
27.250
27.680
28.110
28.540
28.980
29.410
29.850
30.280
30.710
31.150
31.590
32.020
32.460
32.890
33.350
33.770
34.190
34.640
35.060
35.500
35.960
36.400
36.840
37.260
37.720
38.160
38.610
39.050
39.500
39.940
40.400
40.850
41.290
41.740
42.190
42.660
43.100
43.540
43.990
44.420
44.860
45.290
45.730
46.160
46.600
47.030
47.480
47.930
48.340
48.780
49.230
49.660
50.120
50.550
50.980
51.400
51.830
52.280
52.720
53.180
53.660
54.090
54.560
54.990
55.440
55.870
56.320
56.750
57.160
57.600
58.030
58.500
58.950
59.390
59.820
60.270
60.720
61.160
61.590
62.030
62.500
62.950
63.380
63.810
64.260
64.700
65.130
65.580
66.000
66.440
66.870
67.300
67.740
68.160
68.610
69.050
69.490
69.920
70.340
70.790
71.210
71.630
72.080
72.500
72.930
73.370
73.820
74.260
74.690
75.110
75.560
76.000
76.430
76.860
77.310
77.750
78.180
78.630
79.060
79.500
79.930
80.380
80.810
81.220
81.660
82.100
82.530
82.960
83.370
83.790
84.230
84.680
85.110
85.560
85.990
86.400
86.830
87.270
87.710
88.140
88.550
88.990
89.440
89.890
90.330
90.770
91.190
91.630
92.090
92.530
92.970
93.400
93.840
94.270
94.690
95.120
95.540
95.980
96.420
96.850
97.280
97.700
98.150
98.580
99.000
99.430
99.850
100.290
100.730
101.180
101.580
102.000
102.430
102.860
103.290
103.710
104.140
104.580
105.000
105.430
105.850
106.290
106.720
107.160
107.590
108.030
108.450
108.880
109.320
109.770
110.210
110.660
111.090
111.530
111.980
112.420
112.840
113.270
113.710
114.130
114.550
114.990
115.420
115.840
116.270
116.710
117.150
117.560
118.000
118.420
118.870
119.300
119.730
120.160
120.580
121.010
121.440
121.880
122.300
122.730
123.150
123.600
124.030
124.460
124.890
125.300
125.730
126.170
126.600
127.030
127.440
127.870
128.290
128.710
129.150
129.570
130.010
130.470
130.880
131.320
131.760
132.190
132.610
133.050
133.470
133.900
134.340
134.750
135.190
135.610
136.040
136.470
136.890
137.330
137.770
138.170
138.590
139.030
139.450
139.880
140.320
140.760
141.180
141.600
142.050
142.470
142.880
143.300
143.730
144.160
144.590
145.030
145.450
145.850
146.290
146.690
147.120
147.530
147.970
148.390
148.800
149.210
149.640
150.070
150.500
150.920
151.340
151.750
152.150
152.560
152.970
153.420
153.860
154.310
154.740
155.160
155.580
156.020
156.460
156.890
157.350
157.780
158.200
158.620
159.050
159.490
159.920
160.340
160.770
161.200
161.650
162.080
162.500
162.940
163.350
163.780
164.190
164.620
165.030
165.480
165.900
166.330
166.750
167.160
167.590
168.040
168.460
168.900
169.320
169.750
170.170
170.600
171.030
171.460
171.890
172.310
172.750
173.160
173.580
174.010
174.430
174.840
175.260
175.680
176.110
176.530
176.930
177.370
177.810
178.220
178.650
179.100
179.520
179.950
180.370
180.800
181.220
181.650
182.070
182.490
182.890
183.320
183.730
184.180
184.620
185.050
185.490
185.910
186.320
186.740
187.120
187.510
187.910
188.280
188.700
189.120
189.510
189.950
190.370
190.780
191.210
191.640
192.060
192.490
192.930
193.360
193.790
194.210
194.630
195.070
195.490
195.910
196.340
196.780
197.200
197.620
198.050
198.480
198.910
199.340
199.750
200.190
200.620
201.060
201.490
201.920
202.340
202.760
203.170
203.590
204.020
204.440
204.840
205.280
205.700
206.120
206.540
206.960
207.390
207.810
208.250
208.660
209.080
209.500
209.930
210.360
210.780
211.200
211.630
212.050
212.470
212.880
213.300
213.720
214.150
214.570
214.990
215.470
215.960
216.450
216.880
217.300
217.740
218.170
218.580
219.000
219.420
219.830
220.260
220.680
221.100
221.500
221.930
222.340
222.750
223.140
223.560
224.010
224.430
224.850
225.290
225.710
226.140
226.550
226.980
227.380
227.820
228.230
228.650
229.060
229.480
229.900
230.340
230.760
231.160
231.590
232.010
232.450
232.880
233.280
233.720
234.130
234.560
234.980
235.400
235.850
236.270
236.700
237.090
237.500
237.920
238.330
238.760
239.170
239.600
240.020
240.440
240.840
241.270
241.680
242.110
242.530
242.950
243.360
243.790
244.210
244.630
245.060
245.480
245.900
246.330
246.760
247.190
247.630
248.050
248.490
248.910
249.340
249.770
250.200
250.620
251.040
251.460
251.870
252.280
252.710
253.120
253.550
253.980
254.400
254.800
255.240
255.680
256.110
256.540
256.970
257.400
257.800
258.230
258.650
259.060
259.510
259.920
260.350
260.770
261.190
261.590
262.030
262.440
262.880
263.320
263.740
264.180
264.590
265.030
265.460
265.880
266.290
266.720
267.140
267.540
267.960
268.390
268.800
269.230
269.630
270.030
270.450
270.870
271.300
271.710
272.120
272.540
272.970
273.380
273.820
274.220
274.640
275.040
275.480
275.900
276.310
276.740
277.170
277.590
278.010
278.420
278.860
279.280
279.690
280.120
280.540
280.960
281.380
281.780
282.230
282.660
283.080
283.500
283.930
284.340
284.760
285.190
285.610
286.030
286.440
286.860
287.280
287.710
288.130
288.530
288.950
289.380
289.810
290.220
290.670
291.100
291.500
291.930
292.350
292.790
293.230
293.650
294.050
294.490
294.910
295.330
295.750
296.170
296.570
297.000
297.420
297.840
298.260
298.650
299.060
299.470
299.910
300.330
300.780
301.210
301.620
302.040
302.460
302.880
303.310
303.730
304.160
304.580
304.990
305.410
305.840
306.280
306.700
307.130
307.560
308.000
308.420
308.830
309.250
309.680
310.090
310.510
310.930
311.350
311.760
312.170
312.600
313.010
313.440
313.870
314.290
314.710
315.110
315.550
315.960
316.370
316.800
317.230
317.650
318.070
318.480
318.860
319.260
319.680
320.080
320.480
320.860
321.260
321.690
322.100
322.510
322.940
323.380
323.810
324.230
324.650
325.080
325.510
325.940
326.380
326.810
327.240
327.660
328.080
328.500
328.930
329.360
329.780
330.210
330.640
331.060
331.490
331.940
332.370
332.790
333.220
333.660
334.080
334.520
334.940
335.340
335.720
336.130
336.560
336.980
337.420
337.850
338.260
338.690
339.110
339.540
339.940
340.320
340.720
341.140
341.570
341.980
342.410
342.820
343.240
343.660
344.070
344.490
344.940
345.350
345.790
346.220
346.640
347.080
347.490
347.910
348.340
348.750
349.140
349.560
349.990
350.390
350.830
351.260
351.690
352.110
352.540
352.960
353.400
353.830
354.260
354.710
355.150
355.560
355.990
356.440
356.870
357.300
357.730
358.150
358.590
359.020
359.430
359.860
360.300
360.740
361.150
361.580
362.010
362.440
362.850
363.280
363.710
364.130
364.550
364.960
365.410
365.840
366.270
366.710
367.160
367.590
368.050
368.480
368.910
369.370
369.810
370.230
370.690
371.150
371.600
372.030
372.490
372.920
373.360
373.800
374.260
374.720
375.200
375.660
376.100
376.570
377.040
377.480
377.940
378.420
378.880
379.320
379.790
380.260
380.700
381.120
381.540
381.940
382.330
382.720
383.140
383.540
383.920
384.340
384.780
385.200
385.650
386.080
386.490
386.920
387.350
387.800
388.230
388.660
389.090
389.510
389.950
390.400
390.850
391.280
391.710
392.160
392.560
392.980
393.360
393.750
394.140
394.550
394.980
395.390
395.780
396.200
396.610
397.090
397.540
398.010
398.470
398.910
399.330
399.760
400.180
400.610
401.050
401.460
401.890
402.310
402.730
403.180
403.610
404.020
404.460
404.890
405.370
405.890
406.370
406.860
407.280
407.730
408.170
408.590
408.990
409.440
409.850
410.280
410.720
411.150
411.580
412.010
412.430
412.860
413.270
413.720
414.140
414.580
414.990
415.390
415.810
416.230
416.650
417.100
417.540
417.980
418.400
418.790
419.210
419.610
420.040
420.450
420.840
421.220
421.610
422.020
422.410
422.820
423.220
423.650
424.110
424.540
424.980
425.420
425.840
426.270
426.710
427.140
427.550
427.970
428.410
428.840
429.270
429.690
430.110
430.560
430.980
431.400
431.820
432.240
432.670
433.090
433.490
433.890
434.310
434.720
435.130
435.530
435.910
436.320
436.740
437.160
437.620
438.060
438.450
438.870
439.280
439.660
440.070
440.470
440.920
441.330
441.780
442.210
442.640
443.050
443.490
443.910
444.330
444.740
445.160
445.580
446.000
446.410
446.830
447.250
447.660
448.080
448.470
448.900
449.300
449.700
450.110
450.530
450.950
451.390
451.830
452.250
452.660
453.080
453.480
453.890
454.340
454.780
455.210
455.660
456.100
456.520
456.960
457.420
457.850
458.300
458.710
459.140
459.560
459.980
460.430
460.880
461.330
461.790
462.230
462.690
463.150
463.590
464.030
464.500
464.970
465.420
465.850
466.290
466.740
467.180
467.620
468.070
468.530
468.980
469.410
469.870
470.310
470.750
471.190
471.640
472.080
472.540
472.970
473.420
473.920
474.450
474.920
475.380
475.820
476.260
476.700
477.130
477.560
478.000
478.470
478.910
479.370
479.790
480.250
480.690
481.130
481.550
481.970
482.380
482.800
483.210
483.650
484.070
484.430
484.780
485.130
485.490
485.870
486.230
486.560
486.910
487.230
487.550
487.880
488.220
488.550
488.890
489.200
489.540
489.850
490.180
490.500
490.810
491.130
491.460
491.780
492.100
492.420
492.730
493.050
493.380
493.700
494.020
494.340
494.660
494.970
495.300
495.620
495.940
496.260
496.570
496.890
497.210
497.530
497.860
498.180
498.500
498.840
499.170
499.530
499.870
500.200
500.540
500.870
501.230
501.560
501.880
502.190
502.520
502.830
503.160
503.500
503.870
504.240
504.590
504.910
505.230
