0.490
1.160
1.890
2.560
3.290
3.960
4.700
5.430
6.160
6.840
7.560
8.210
8.940
9.610
10.160
10.760
11.300
11.890
12.470
13.070
13.630
14.230
14.770
15.360
15.910
16.450
17.040
17.610
18.160
18.740
19.300
19.890
20.450
21.020
21.580
22.140
22.720
23.280
23.860
24.420
25.020
25.560
26.130
26.720
27.280
27.850
28.440
28.990
29.580
30.130
30.710
31.300
31.870
32.440
33.030
33.630
34.200
34.800
35.380
35.970
36.540
37.100
37.700
38.270
38.860
39.460
40.040
40.610
41.180
41.760
42.360
42.950
43.540
44.130
44.730
45.310
45.870
46.460
47.040
47.630
48.210
48.820
49.410
50.010
50.570
51.150
51.730
52.320
52.900
53.480
54.060
54.630
55.220
55.800
56.410
56.990
57.560
58.150
58.750
59.320
59.920
60.500
61.080
61.670
62.270
62.850
63.440
64.020
64.590
65.180
65.760
66.350
66.930
67.510
68.100
68.690
69.260
69.850
70.430
71.020
71.600
72.180
72.760
73.340
73.930
74.520
75.110
75.720
76.300
76.870
77.450
78.010
78.600
79.190
79.780
80.360
80.950
81.560
82.150
82.720
83.320
83.900
84.480
85.070
85.650
86.230
86.810
87.390
87.960
88.540
89.130
89.740
90.320
90.890
91.490
92.090
92.650
93.230
93.810
94.410
95.000
95.580
96.170
96.750
97.340
97.940
98.520
99.120
99.730
100.300
100.890
101.480
102.060
102.630
103.200
103.790
104.390
104.980
105.540
106.130
106.720
107.320
107.890
108.500
109.090
109.680
110.270
110.850
111.430
112.000
112.590
113.170
113.770
114.390
114.980
115.600
116.170
116.760
117.360
117.990
118.590
119.200
119.810
120.420
121.000
121.570
122.160
122.750
123.340
123.930
124.560
125.130
125.720
126.300
126.920
127.480
128.060
128.660
129.220
129.810
130.390
130.990
131.560
132.150
132.720
133.320
133.900
134.510
135.110
135.700
136.280
136.890
137.460
138.050
138.640
139.240
139.810
140.390
140.970
141.550
142.150
142.760
143.330
143.910
144.480
145.090
145.670
146.290
146.890
147.490
148.070
148.690
149.270
149.870
150.470
151.060
151.650
152.260
152.860
153.450
154.030
154.620
155.220
155.800
156.420
157.030
157.620
158.220
158.810
159.410
160.010
160.620
161.210
161.830
162.420
163.030
163.630
164.230
164.820
165.420
166.020
166.630
167.220
167.810
168.400
168.980
169.580
170.190
170.820
171.410
172.030
172.620
173.240
173.870
174.470
175.040
175.650
176.270
176.860
177.470
178.050
178.650
179.260
179.860
180.450
181.060
181.640
182.240
182.820
183.420
184.010
184.630
185.220
185.810
186.390
186.990
187.590
188.180
188.760
189.380
189.950
190.560
191.150
191.750
192.340
192.940
193.540
194.140
194.730
195.340
195.970
196.550
197.140
197.780
198.370
199.010
199.620
200.220
200.850
201.480
