0.180
0.550
0.920
1.280
1.650
2.040
2.420
2.800
3.180
3.540
3.920
4.310
4.680
5.060
5.460
5.820
6.180
6.550
6.930
7.310
7.650
8.020
8.390
8.740
9.100
9.460
9.810
10.180
10.540
10.900
11.280
11.640
12.010
12.370
12.740
13.110
13.500
13.850
14.220
14.580
14.930
15.280
15.670
16.030
16.410
16.780
17.150
17.510
17.880
18.250
18.620
18.980
19.370
19.740
20.110
20.480
20.850
21.210
21.570
21.940
22.300
22.670
23.030
23.390
23.760
24.120
24.470
24.830
25.210
25.570
25.960
26.330
26.700
27.070
27.420
27.790
28.180
28.540
28.900
29.280
29.660
30.010
30.390
30.770
31.130
31.500
31.870
32.240
32.610
32.960
33.320
33.670
34.050
34.430
34.780
35.150
35.530
35.890
36.260
36.610
36.970
37.350
37.710
38.070
38.450
38.820
39.200
39.560
39.930
40.310
40.680
41.060
41.440
41.810
42.200
42.570
42.940
43.320
43.700
44.070
44.440
44.830
45.200
45.550
45.940
46.310
46.680
47.030
47.400
47.770
48.140
48.510
48.880
49.260
49.630
50.000
50.370
50.750
51.120
51.480
51.860
52.220
52.600
52.970
53.340
53.720
54.110
54.480
54.870
55.240
55.620
55.990
56.360
56.720
57.090
57.460
57.840
58.220
58.580
58.940
59.310
59.680
60.080
60.460
60.830
61.210
61.580
61.950
62.320
62.690
63.050
63.420
63.790
64.160
64.530
64.910
65.270
65.650
66.020
66.390
66.760
67.120
67.490
67.860
68.230
68.590
68.970
69.340
69.720
70.090
70.450
70.820
71.190
71.560
71.920
72.290
72.650
73.020
73.380
73.750
74.110
74.460
74.830
75.190
75.570
75.940
76.310
76.660
77.040
77.410
77.760
78.140
78.510
78.870
79.250
79.620
80.000
80.380
80.760
81.110
81.480
81.870
82.250
82.630
83.000
83.370
83.750
84.120
84.500
84.880
85.260
85.640
86.010
86.390
86.750
87.130
87.500
87.880
88.250
88.610
88.970
89.350
89.720
90.100
90.460
90.840
91.200
91.580
91.930
92.320
92.670
93.040
93.390
93.770
94.140
94.490
94.860
95.230
95.620
95.970
96.360
96.720
97.110
97.490
97.870
98.240
98.610
98.980
99.340
99.720
100.080
100.460
100.830
101.190
101.560
101.930
102.300
102.660
103.050
103.410
103.770
104.150
104.530
104.900
105.260
105.640
106.000
106.400
106.760
107.160
107.510
107.890
108.270
108.650
109.030
109.390
109.780
110.150
110.520
110.900
111.270
111.640
112.020
112.400
112.770
113.150
113.530
113.900
114.280
114.660
115.030
115.400
115.760
116.150
116.520
116.900
117.280
117.650
118.020
118.400
118.780
119.160
119.540
119.940
120.320
120.690
121.070
121.440
121.830
122.210
122.590
122.980
123.360
123.740
124.110
124.500
124.860
125.240
125.640
126.000
126.370
126.730
127.100
127.480
127.850
128.220
128.620
129.000
129.380
129.780
130.160
130.540
130.950
131.330
131.700
132.070
132.450
132.840
133.220
133.600
133.990
134.350
134.750
135.120
135.510
135.880
136.260
136.650
137.040
137.420
137.810
138.220
138.610
139.000
139.380
139.740
140.120
140.510
140.890
141.270
141.640
142.040
142.420
142.800
143.190
143.570
143.960
144.340
144.730
145.120
145.490
145.860
146.250
146.620
147.020
147.400
147.760
148.160
148.520
148.900
149.290
149.680
150.040
150.440
150.820
151.200
151.590
151.970
152.350
152.730
153.120
153.510
153.880
154.280
154.660
155.060
155.430
155.820
156.200
156.570
156.940
157.330
157.710
158.120
158.500
158.880
159.280
159.680
160.060
160.450
160.840
161.230
161.610
161.980
162.380
162.750
163.110
163.490
163.870
164.250
164.630
165.000
165.380
165.770
166.160
166.550
166.960
167.330
167.720
168.110
168.500
168.910
169.290
169.680
170.080
170.470
170.860
171.240
171.630
172.030
172.410
172.800
173.210
173.590
174.010
174.400
174.770
175.160
175.560
175.940
176.350
176.740
177.120
177.480
177.850
178.240
178.610
178.980
179.330
179.740
180.130
180.520
180.900
181.280
181.680
182.070
182.440
182.830
183.220
183.580
183.950
184.330
184.700
185.090
185.450
185.850
186.220
186.610
186.990
187.370
187.730
188.110
188.500
188.870
189.260
189.630
190.020
190.470
190.920
191.450
191.940
192.450
192.990
193.530
194.040
194.570
195.090
195.550
196.050
196.520
197.000
197.470
197.970
198.450
198.910
199.390
