0.350
0.750
1.120
1.500
1.880
2.260
2.630
3.000
3.360
3.740
4.090
4.480
4.840
5.200
5.570
5.950
6.320
6.720
7.090
7.470
7.820
8.200
8.570
8.950
9.320
9.700
10.080
10.470
10.820
11.190
11.570
11.950
12.310
12.680
13.060
13.430
13.820
14.190
14.570
14.950
15.320
15.700
16.070
16.440
16.820
17.170
17.570
17.950
18.310
18.710
19.070
19.470
19.830
20.230
20.610
20.970
21.360
21.750
22.110
22.510
22.870
23.260
23.640
24.020
24.400
24.790
25.170
25.550
25.930
26.290
26.670
27.050
27.440
27.790
28.160
28.560
28.940
29.350
29.740
30.130
30.500
30.890
31.250
31.640
32.030
32.390
32.760
33.150
33.510
33.870
34.270
34.630
35.010
35.400
35.790
36.140
36.530
36.880
37.250
37.620
37.990
38.350
38.710
39.050
39.420
39.790
40.130
40.490
40.870
41.210
41.580
41.930
42.300
42.690
43.060
43.410
43.780
44.150
44.500
44.870
45.230
45.590
45.940
46.300
46.650
47.030
47.390
47.740
48.090
48.470
48.810
49.160
49.520
49.890
50.240
50.600
50.960
51.330
51.690
52.040
52.410
52.770
53.130
53.490
53.850
54.200
54.550
54.910
55.280
55.630
55.990
56.370
56.760
57.150
57.550
57.940
58.310
58.700
59.110
59.500
59.890
60.260
60.660
61.040
61.430
61.830
62.260
62.670
63.070
63.460
63.820
64.180
64.560
64.920
65.280
65.640
66.000
66.360
66.720
67.090
67.470
67.830
68.180
68.530
68.890
69.260
69.630
70.000
70.370
70.710
71.070
71.440
71.800
72.150
72.530
72.900
73.270
73.610
73.980
74.330
74.710
75.060
75.410
75.780
76.140
76.500
76.860
77.220
77.590
77.940
78.320
78.690
79.040
79.390
79.760
80.120
80.490
80.860
81.220
81.590
81.950
82.320
82.680
83.040
83.410
83.760
84.130
84.490
84.840
85.210
85.570
85.930
86.290
86.630
87.010
87.410
87.770
88.160
88.540
88.920
89.290
89.690
90.050
90.410
90.770
91.110
91.480
91.830
92.200
92.570
92.930
93.290
93.640
93.990
94.360
94.710
95.070
95.430
95.800
96.160
96.500
96.840
97.200
97.540
97.900
98.240
98.590
98.970
99.320
99.670
100.050
100.400
100.750
101.080
101.440
101.780
102.140
102.510
102.880
103.240
103.580
103.940
104.280
104.630
104.990
105.330
105.680
106.040
106.390
106.720
107.090
107.440
107.790
108.150
108.500
108.850
109.220
109.570
109.950
110.320
110.690
111.060
111.430
111.790
112.150
112.540
112.900
113.260
113.650
114.040
114.420
114.790
115.170
115.550
115.920
116.330
116.720
117.100
117.480
117.860
118.220
118.590
118.940
119.270
119.640
119.980
120.320
120.670
121.020
121.390
121.770
122.150
122.510
122.880
123.220
123.600
123.960
124.340
124.720
125.090
125.460
125.820
126.190
126.550
126.910
127.290
127.650
128.020
128.400
128.780
129.140
129.510
129.890
130.260
130.620
130.990
131.350
131.700
132.040
132.390
132.760
133.140
133.510
133.880
134.250
134.620
134.980
135.330
135.700
136.070
136.430
136.790
137.170
137.540
137.900
138.280
138.640
138.980
139.320
139.640
139.980
140.320
140.690
141.070
141.470
141.830
142.230
142.610
142.990
143.390
143.780
144.170
144.590
144.980
145.400
145.820
146.220
146.620
147.030
147.460
147.830
148.200
148.570
148.930
149.300
149.660
150.040
150.400
150.770
151.140
151.500
151.870
152.240
152.620
152.980
153.350
153.700
154.070
154.430
154.790
155.160
155.520
155.880
156.240
156.600
156.970
157.320
157.690
158.050
158.410
158.780
159.150
159.510
159.880
160.250
160.610
160.970
161.340
161.700
162.060
162.420
162.780
163.140
163.500
163.860
164.210
164.580
164.940
165.310
165.670
166.030
166.390
166.760
167.120
167.500
167.860
168.220
168.550
168.920
169.250
169.600
169.980
170.400
170.790
171.200
171.590
171.990
172.370
172.760
173.140
173.530
173.940
174.370
174.780
175.180
175.560
175.920
176.280
176.630
177.000
177.360
177.740
178.110
178.470
178.840
179.190
179.550
179.900
180.280
180.640
180.980
181.360
181.710
182.070
182.430
182.790
183.150
183.510
183.860
184.240
184.600
184.970
185.330
185.700
186.040
186.430
186.800
187.160
187.530
187.900
188.270
188.640
189.000
189.370
189.740
190.100
190.470
190.840
191.200
191.570
191.910
192.290
192.670
193.090
193.530
193.950
194.340
194.700
195.070
195.440
195.810
196.190
196.560
196.970
197.370
197.780
198.190
198.590
198.980
199.390
199.780
200.160
200.560
200.930
201.320
201.730
202.110
202.470
202.850
203.210
203.600
203.970
204.340
204.700
205.080
205.420
205.790
206.150
206.480
206.840
207.180
207.540
207.910
208.280
208.670
209.040
209.410
209.780
210.150
210.510
210.870
211.250
211.640
212.050
212.440
212.810
213.220
213.610
213.980
214.370
214.770
215.190
215.580
215.980
216.390
216.760
217.120
217.460
217.830
218.200
218.540
218.910
219.290
219.670
220.040
220.430
220.790
221.190
221.600
221.980
222.380
222.800
223.200
223.580
224.000
224.380
224.780
225.200
225.580
225.970
226.360
226.760
227.130
227.510
227.890
228.290
228.670
229.040
229.420
229.800
230.190
230.580
231.000
231.380
231.800
232.200
232.580
232.930
233.300
233.660
234.020
234.400
234.770
235.130
235.510
235.880
236.240
236.610
236.980
237.340
237.700
238.080
238.430
238.790
239.150
239.510
239.860
240.240
240.610
240.980
241.350
241.730
242.090
242.450
242.810
243.170
243.540
243.900
244.270
244.640
245.000
245.380
245.730
246.100
246.460
246.830
247.190
247.560
247.920
248.280
248.630
249.000
249.360
249.730
250.090
250.460
250.810
251.190
251.560
251.920
252.280
252.650
253.010
253.340
253.710
254.040
254.390
254.760
255.150
255.520
255.910
256.290
256.680
257.050
257.440
257.810
258.190
258.560
258.910
259.290
259.670
260.040
260.400
260.760
261.100
261.440
261.800
262.150
262.510
262.860
263.220
263.590
263.940
264.310
264.660
265.010
265.380
265.720
266.080
266.420
266.770
267.120
267.480
267.830
268.180
268.540
268.890
269.260
269.600
269.950
270.310
270.660
271.020
271.390
271.740
272.090
272.450
272.810
273.160
273.500
273.860
274.210
274.560
274.900
275.240
275.600
275.940
276.300
276.660
277.020
277.380
277.730
278.080
278.440
278.780
279.130
279.490
279.860
280.220
280.610
281.000
281.400
281.800
282.180
282.560
282.960
283.330
283.680
284.060
284.440
284.820
285.190
285.570
285.960
286.350
286.760
287.150
287.510
287.860
288.210
288.570
288.910
289.260
289.630
289.980
290.350
290.710
291.070
291.430
291.780
292.130
292.480
292.840
293.190
293.550
293.900
294.240
294.590
294.960
295.320
295.670
296.030
296.390
296.750
297.110
297.460
297.820
298.180
298.530
298.890
299.240
299.590
299.940
300.290
300.640
301.000
301.350
301.700
302.050
302.390
302.730
303.090
303.440
303.800
304.170
304.530
304.880
305.240
305.600
305.960
306.310
306.660
307.000
307.360
307.700
308.020
308.380
308.700
309.090
309.470
309.860
310.230
310.600
311.000
311.380
311.760
312.140
312.520
312.910
313.310
313.710
314.140
314.590
315.080
315.610
316.140
316.650
317.170
317.670
318.170
318.700
319.190
319.670
320.180
320.660
321.130
321.480
321.840
322.220
322.560
322.930
323.300
323.640
324.010
324.360
324.720
325.090
325.440
325.800
326.160
326.510
326.870
327.210
327.550
327.900
328.250
328.610
328.960
329.300
329.660
330.000
330.360
330.710
331.070
331.420
331.780
332.110
332.460
332.810
333.170
333.530
333.870
334.230
334.590
334.930
335.310
335.670
336.010
336.370
336.730
337.120
337.470
337.850
338.210
338.610
339.010
339.380
339.760
340.150
340.530
340.890
341.280
341.660
342.050
342.440
342.810
343.200
343.610
344.000
344.390
344.740
345.100
345.450
345.800
346.150
346.500
346.850
347.210
347.560
347.920
348.270
348.620
348.970
349.330
349.680
350.020
350.360
350.710
351.060
351.400
351.730
352.090
352.440
352.780
353.140
353.480
353.840
354.200
354.540
354.890
355.270
355.630
355.970
356.330
356.660
357.010
357.350
357.710
358.050
358.390
358.760
359.110
359.460
359.800
360.160
360.520
360.880
361.230
361.590
361.920
362.290
362.640
362.990
363.340
363.700
364.070
364.400
364.730
365.090
365.410
365.770
366.140
366.510
366.900
367.290
367.680
368.080
368.470
368.850
369.240
369.610
369.950
370.290
370.640
371.010
371.410
371.780
372.170
372.540
372.890
373.240
373.590
373.930
374.280
374.620
374.980
375.310
375.650
375.990
376.340
376.680
377.020
377.360
377.720
378.060
378.410
378.750
379.090
379.410
379.760
380.090
380.440
380.770
381.120
381.450
381.800
382.130
382.480
382.830
383.160
383.510
383.830
384.180
384.530
384.840
385.180
385.510
385.860
386.190
386.540
386.870
387.220
387.550
387.900
388.240
388.590
388.920
389.290
389.680
390.050
390.420
390.770
391.140
391.520
391.900
392.290
392.680
393.040
393.440
393.820
394.210
394.600
394.980
395.350
395.720
396.200
396.660
397.150
397.690
398.240
398.790
399.320
399.830
400.350
400.860
401.340
401.860
402.330
402.820
403.330
403.830
404.310
404.760
405.230
405.600
405.950
406.290
406.650
407.000
407.340
407.690
408.040
408.400
408.750
409.110
409.440
409.810
410.160
410.500
410.860
411.230
411.580
411.940
412.290
412.640
412.980
413.340
413.690
414.040
414.390
414.760
415.110
415.460
415.810
416.170
416.520
416.870
417.220
417.570
417.920
418.270
418.610
418.960
419.310
419.650
420.010
420.350
420.670
421.030
421.350
421.740
422.110
422.510
422.870
423.270
423.640
424.010
424.400
424.760
425.130
425.510
425.870
426.230
426.590
426.970
427.330
427.690
428.030
428.410
428.790
429.160
429.520
429.880
430.270
430.640
430.990
431.360
431.740
432.110
432.470
432.840
433.230
433.600
433.970
434.340
434.700
435.080
435.430
435.810
436.200
436.580
436.950
437.320
437.670
438.040
438.400
438.770
439.120
439.450
439.800
440.150
440.520
440.860
441.210
441.570
441.900
442.250
442.620
442.950
443.320
443.710
444.060
444.440
444.850
445.240
445.600
445.980
446.340
446.700
447.070
447.450
447.810
448.200
448.560
448.970
449.360
449.730
450.140
450.530
450.900
451.290
451.690
452.070
452.450
452.810
453.190
453.570
453.950
454.410
454.860
455.290
455.750
456.200
456.630
457.090
457.530
457.950
458.450
458.920
459.400
459.870
460.420
460.950
461.470
461.990
462.540
463.050
463.570
464.200
464.850
465.580
466.310
467.060
467.740
468.490
469.170
469.920
470.590
471.350
472.040
472.790
473.490
474.210
474.890
475.560
476.250
476.880
477.560
478.270
478.940
479.630
480.300
480.950
481.630
