0.500
1.100
1.670
2.270
2.890
3.440
4.030
4.600
5.150
5.730
6.310
6.910
7.500
8.070
8.640
9.210
9.790
10.400
10.980
11.530
12.120
12.710
13.290
13.820
14.380
14.990
15.560
16.150
16.710
17.260
17.810
18.340
18.870
19.400
19.950
20.580
21.170
21.750
22.380
22.970
23.540
24.130
24.740
25.310
25.890
26.470
27.040
27.610
28.140
28.710
29.240
29.800
30.340
30.920
31.480
32.080
32.690
33.260
33.840
34.420
34.990
35.570
36.170
36.780
37.360
37.960
38.530
39.140
39.720
40.290
40.900
41.530
42.130
42.680
43.260
43.830
44.390
44.950
45.480
46.040
46.590
47.150
47.680
48.240
48.770
49.350
49.870
50.440
50.990
51.530
52.070
52.640
53.230
53.870
54.460
55.070
55.690
56.250
56.780
57.300
57.850
58.430
58.950
59.500
60.030
60.540
61.050
61.560
62.130
62.660
63.200
63.740
64.310
64.860
65.410
65.950
66.500
67.050
67.590
68.160
68.700
69.210
69.760
70.310
70.860
71.380
71.950
72.480
73.060
73.610
74.150
74.710
75.240
75.810
76.320
76.880
77.430
77.970
78.500
79.030
79.580
80.100
80.660
81.180
81.740
82.270
82.840
83.370
83.930
84.450
84.940
85.460
86.030
86.560
87.120
87.660
88.200
88.740
89.290
89.800
90.370
90.910
91.450
91.990
92.500
93.040
93.570
94.080
94.640
95.160
95.670
96.170
96.700
97.240
97.770
98.270
98.840
99.390
99.950
100.460
100.990
101.520
102.070
102.570
103.120
103.690
104.240
104.800
105.340
105.870
106.390
106.930
107.500
108.060
108.600
109.140
109.700
110.250
110.770
111.330
111.880
112.400
112.960
113.500
114.040
114.570
115.120
115.640
116.170
116.710
117.270
117.790
118.350
118.880
119.430
119.940
120.470
121.000
121.490
122.040
122.550
123.080
123.620
124.160
124.700
125.240
125.760
126.310
126.850
127.360
127.890
128.450
129.000
129.520
130.070
130.620
131.160
131.680
132.210
132.730
133.300
133.820
134.340
134.880
135.430
135.960
136.510
137.040
137.590
138.100
138.640
139.180
139.700
140.160
140.660
141.120
141.620
142.140
142.680
143.230
143.770
144.310
144.860
145.410
145.950
146.490
147.040
147.580
148.090
148.640
149.170
149.710
150.230
150.780
151.300
151.830
152.360
152.920
153.470
153.990
154.530
155.050
155.590
156.160
156.720
157.250
157.800
158.330
158.870
159.410
159.930
160.480
161.060
161.610
162.140
162.700
163.260
163.790
164.310
164.820
165.340
165.850
166.360
166.910
167.410
167.950
168.430
168.930
169.410
169.870
170.370
170.850
171.320
171.860
172.360
172.880
173.360
173.870
174.400
174.900
175.430
175.930
176.450
176.980
177.480
177.980
178.500
179.000
179.520
180.000
180.510
181.010
181.520
182.020
182.550
183.050
183.510
184.000
184.490
184.970
185.430
185.910
186.400
186.870
187.370
187.840
188.330
188.840
189.390
189.900
190.430
191.010
191.530
192.060
192.580
193.090
193.610
194.140
194.620
195.160
195.670
196.180
196.700
197.220
197.710
198.230
198.740
199.180
199.660
200.120
200.580
201.020
201.490
201.980
202.500
203.040
203.540
204.090
204.600
205.090
205.580
206.040
206.500
206.990
207.480
208.010
208.530
209.030
209.550
210.050
210.540
211.040
211.550
212.040
212.540
213.040
213.540
214.050
214.540
215.050
215.510
215.990
216.490
216.870
217.270
217.660
218.030
218.420
218.780
219.160
219.540
219.930
220.300
220.660
221.040
221.400
221.800
222.170
222.550
222.960
223.350
223.720
224.120
224.570
225.050
225.580
226.100
226.610
227.150
227.650
228.170
228.700
229.220
229.750
230.240
230.780
231.280
231.800
232.330
232.850
233.380
233.880
234.400
234.940
235.430
235.950
236.470
236.970
237.490
238.010
238.520
239.030
239.520
240.030
240.570
241.080
241.630
242.250
242.830
243.390
243.920
244.440
244.930
245.460
245.940
246.490
246.990
247.520
248.020
248.520
249.030
249.500
250.040
250.550
251.030
251.520
252.080
252.580
253.140
253.640
254.180
254.750
255.290
255.820
256.360
256.900
257.430
257.940
258.510
259.070
259.620
260.160
260.710
261.250
261.810
262.350
262.970
263.570
264.230
264.860
265.580
266.430
267.230
268.040
268.960
269.820
270.740
271.630
272.510
273.400
274.260
275.150
276.080
276.980
277.800
278.640
279.460
280.270
281.140
281.960
282.770
283.570
284.370
285.170
285.930
286.730
287.570
288.370
289.150
289.930
290.730
291.530
292.330
