0.580
1.220
1.890
2.530
3.170
3.780
4.420
5.090
5.730
6.360
7.010
7.620
8.290
8.860
9.430
10.020
10.600
11.170
11.770
12.360
12.950
13.540
14.090
14.690
15.280
15.860
16.440
16.990
17.570
18.150
18.750
19.330
19.910
20.470
21.050
21.630
22.200
22.790
23.380
23.980
24.560
25.140
25.690
26.270
26.840
27.400
27.990
28.580
29.160
29.770
30.360
30.930
31.500
32.070
32.670
33.270
33.870
34.430
35.010
35.620
36.190
36.790
37.380
37.950
38.550
39.180
39.770
40.360
40.960
41.560
42.110
42.700
43.250
43.860
44.430
45.020
45.610
46.200
46.790
47.390
47.990
48.590
49.200
49.810
50.410
51.010
51.610
52.220
52.820
53.430
54.020
54.630
55.220
55.820
56.420
57.020
57.630
58.230
58.830
59.420
60.020
60.620
61.200
61.830
62.420
63.010
63.590
64.140
64.720
65.320
65.900
66.520
67.130
67.690
68.300
68.890
69.460
70.080
70.670
71.240
71.840
72.430
73.030
73.620
74.240
74.810
75.400
76.000
76.600
77.220
77.820
78.410
78.990
79.550
80.160
80.740
81.320
81.890
82.480
83.100
83.690
84.290
84.870
85.460
86.070
86.630
87.230
87.840
88.410
89.020
89.600
90.190
90.770
91.370
91.950
92.580
93.160
93.740
94.330
94.940
95.520
96.130
96.680
97.280
97.870
98.450
99.070
99.660
100.230
100.820
101.410
102.020
102.600
103.200
103.790
104.390
104.980
105.580
106.180
106.770
107.360
107.960
108.550
109.140
109.740
110.350
110.960
111.550
112.140
112.710
113.300
113.900
114.490
115.080
115.670
116.260
116.860
117.440
118.030
118.630
119.210
119.800
120.380
121.000
121.580
122.170
122.800
123.390
123.990
124.590
125.200
125.800
126.400
126.990
127.600
128.210
128.770
129.360
129.950
130.550
131.150
131.750
132.360
132.940
133.540
134.120
134.730
135.330
135.920
136.520
137.130
137.720
138.320
138.900
139.480
140.080
140.670
141.270
141.860
142.450
143.050
143.640
144.260
144.830
145.430
146.040
146.620
147.210
147.820
148.410
148.980
149.590
150.150
150.750
151.360
151.940
152.550
153.150
153.760
154.360
154.970
155.570
156.150
156.760
157.340
157.930
158.510
159.110
159.690
160.290
160.860
161.480
162.050
162.640
163.220
163.820
164.390
165.000
165.570
166.170
166.750
167.340
167.930
168.540
169.110
169.720
170.310
170.890
171.480
172.090
172.670
173.270
173.830
174.440
175.010
175.610
176.190
176.780
177.390
177.970
178.590
179.160
179.780
180.360
180.960
181.550
182.160
182.750
183.340
183.950
184.550
185.150
185.740
186.320
186.900
187.500
188.100
188.690
189.280
189.910
190.490
191.080
191.660
192.280
192.860
193.450
194.030
194.640
195.230
195.810
196.390
196.980
197.580
198.160
198.760
199.370
199.950
200.540
201.150
201.730
202.350
202.950
203.520
204.110
204.690
205.290
205.890
206.500
207.090
207.680
208.250
208.880
209.460
210.060
210.630
211.230
211.830
212.420
212.990
213.600
214.190
214.790
215.380
215.970
216.580
217.150
217.740
218.320
218.940
219.510
220.080
220.670
221.260
221.850
222.440
223.070
223.680
224.240
224.820
225.400
225.990
226.580
227.190
227.800
228.380
228.970
229.550
230.160
230.740
231.330
231.930
232.540
233.130
233.730
234.320
234.940
235.520
236.130
236.740
237.370
237.940
238.540
239.150
239.720
240.310
240.900
241.520
242.090
242.700
243.290
243.890
244.480
245.080
245.670
246.300
246.860
247.440
248.030
248.620
249.220
249.800
250.390
250.990
251.570
252.150
252.740
253.330
253.930
254.500
255.090
255.660
256.260
256.840
257.450
258.030
258.620
259.190
259.790
260.350
260.920
261.510
262.110
262.700
263.270
263.870
264.460
265.050
265.650
266.240
266.830
267.430
268.040
268.610
269.210
269.790
270.400
270.970
271.550
272.150
272.740
273.330
273.940
274.500
275.120
275.700
276.320
276.940
277.530
278.140
278.750
279.330
279.930
280.550
281.150
281.750
282.340
282.920
283.510
284.140
284.750
285.330
285.930
286.540
287.170
287.750
288.380
288.950
289.580
290.150
290.760
291.360
291.970
292.550
293.160
293.740
294.350
294.950
295.560
296.140
296.720
297.340
297.940
298.550
299.140
299.760
300.360
300.960
301.560
302.170
302.750
303.340
303.970
304.560
305.170
305.750
306.350
306.940
307.540
308.140
308.720
309.290
309.910
310.500
311.110
311.670
312.280
312.900
313.490
314.090
314.700
315.290
315.910
316.510
317.100
317.700
318.310
318.900
319.490
320.090
320.700
321.280
321.900
322.500
323.090
323.680
324.270
324.870
325.460
326.070
326.670
327.280
327.860
328.470
329.040
329.630
330.240
330.850
331.430
332.030
332.620
333.220
333.820
334.420
335.020
335.620
336.210
336.800
337.410
338.020
338.620
339.210
339.840
340.450
341.030
341.630
342.220
342.820
343.440
344.070
344.680
345.290
345.890
346.490
347.090
347.700
348.310
348.930
349.560
350.160
350.750
351.330
351.960
352.540
353.170
353.770
354.410
355.020
355.630
356.280
