0.000
0.510
1.030
1.550
2.050
2.550
3.060
3.560
4.060
4.570
5.070
5.570
6.070
6.560
7.060
7.540
8.030
8.520
9.020
9.520
10.010
10.510
11.000
11.490
11.980
12.470
12.960
13.450
13.940
14.420
14.890
15.380
15.860
16.350
16.860
17.360
17.870
18.380
18.880
19.380
19.880
20.380
20.890
21.390
21.890
22.400
22.900
23.400
23.890
24.380
24.890
25.400
25.900
26.400
26.900
27.400
27.890
28.380
28.890
29.390
29.890
30.390
30.890
31.390
31.890
32.390
32.890
33.410
33.910
34.410
34.910
35.420
35.920
36.430
36.940
37.450
37.950
38.450
38.960
39.460
39.960
40.450
40.960
41.460
41.970
42.480
42.980
43.480
43.970
44.480
44.980
45.470
45.960
46.420
46.910
47.420
47.910
48.430
48.950
49.450
49.950
50.460
50.950
51.450
51.950
52.450
52.950
53.460
53.950
54.450
54.950
55.440
55.940
56.430
56.930
57.430
57.930
58.430
58.930
59.420
59.910
60.410
60.910
61.420
61.910
62.420
62.910
63.410
63.900
64.410
64.900
65.410
65.900
66.400
66.900
67.400
67.890
68.400
68.900
69.400
69.890
70.420
70.920
71.420
71.910
72.410
72.910
73.420
73.920
74.420
74.920
75.420
75.930
76.440
76.950
77.460
77.960
78.460
78.980
79.470
79.960
80.460
80.980
81.490
82.000
82.500
83.000
83.500
84.000
84.490
84.980
85.490
85.980
86.480
86.970
87.480
87.980
88.480
88.980
89.490
89.990
90.500
91.000
91.500
91.990
92.500
93.000
93.510
94.010
94.520
95.030
95.540
96.040
96.540
97.040
97.550
98.050
98.560
99.050
99.560
100.050
100.550
101.050
101.560
102.060
102.560
103.060
103.560
104.060
104.550
105.050
105.560
106.050
106.560
107.050
107.550
108.040
108.540
109.060
109.560
110.060
110.550
111.040
111.530
112.020
112.520
113.020
113.520
114.020
114.520
115.010
115.490
115.980
116.470
116.970
117.480
117.980
118.460
118.960
119.450
119.940
120.440
120.930
121.440
121.940
122.430
122.920
123.410
123.900
124.380
124.880
125.390
125.870
126.380
126.880
127.370
127.850
128.340
128.840
129.350
129.830
130.340
130.830
131.330
131.820
132.310
132.810
133.310
133.800
134.290
134.810
135.310
135.800
136.290
136.750
