0.380
1.340
2.320
3.270
4.200
5.190
6.140
7.130
8.080
8.960
9.840
10.710
11.680
12.670
13.610
14.610
15.630
16.670
17.720
18.800
19.870
20.980
22.090
23.090
24.120
25.160
26.120
27.150
28.130
29.090
30.160
31.220
32.240
33.300
34.290
35.290
36.220
37.150
38.120
39.020
39.950
40.900
41.820
42.750
43.740
44.780
45.740
46.730
47.660
48.640
49.630
50.520
51.470
52.280
53.170
54.040
54.890
55.680
56.420
57.240
57.980
58.780
59.570
60.420
61.260
62.170
63.010
63.880
64.850
65.780
66.780
67.750
68.820
69.820
70.850
71.880
72.910
73.840
74.730
75.570
76.420
77.270
78.070
78.850
79.580
80.330
81.100
81.850
82.650
83.460
84.230
85.050
85.860
86.630
87.410
88.130
88.890
89.690
90.420
91.190
91.980
92.720
93.480
94.320
95.100
95.900
96.700
97.510
98.350
99.170
99.950
100.810
101.620
102.420
103.280
104.060
104.910
105.670
106.490
107.250
108.020
108.790
109.610
110.350
111.170
112.010
112.800
113.640
114.530
115.350
116.190
116.980
117.850
118.740
119.570
120.410
121.400
122.360
123.310
124.290
125.230
126.210
127.160
128.170
129.200
130.160
131.260
132.320
133.320
134.230
135.270
136.240
137.280
138.240
139.170
140.190
141.230
142.370
143.400
144.490
145.610
146.700
147.720
148.810
149.900
150.870
151.840
152.920
153.930
154.860
155.830
156.790
157.780
158.810
159.890
160.970
162.050
163.130
164.170
165.270
166.370
167.370
168.230
169.060
169.910
170.620
171.380
172.130
172.830
173.520
174.230
174.990
175.740
176.490
177.230
177.950
178.690
179.390
180.120
180.940
181.740
182.520
183.340
184.150
184.910
185.740
186.510
187.310
188.090
188.830
189.640
190.470
191.220
191.930
192.690
193.510
194.360
195.150
195.980
196.740
197.510
198.330
199.130
199.840
200.570
201.280
202.010
202.700
203.350
204.040
204.600
205.210
205.810
206.380
206.940
207.520
208.100
208.720
209.340
209.980
210.620
211.230
211.880
212.480
213.130
213.770
214.330
214.930
215.520
216.050
216.640
217.190
217.740
218.290
218.820
219.370
219.930
220.460
221.040
221.560
222.120
222.690
223.290
223.880
224.430
225.010
225.620
226.240
226.870
227.490
228.090
228.720
229.300
229.920
230.540
231.130
231.740
232.390
232.990
233.620
234.230
234.880
235.510
236.150
236.740
237.360
238.010
238.630
239.220
