0.100
0.390
0.670
0.970
1.250
1.540
1.840
2.130
2.420
2.700
3.030
3.350
3.660
3.990
4.300
4.610
4.910
5.220
5.540
5.850
6.160
6.460
6.770
7.070
7.370
7.680
7.990
8.290
8.600
8.910
9.220
9.540
9.840
10.160
10.460
10.780
11.090
11.400
11.710
12.020
12.330
12.630
12.940
13.240
13.540
13.850
14.160
14.470
14.770
15.080
15.390
15.700
16.010
16.330
16.630
16.940
17.250
17.560
17.870
18.200
18.510
18.820
19.130
19.430
19.750
20.050
20.360
20.680
20.980
21.280
21.580
21.890
22.200
22.510
22.810
23.120
23.430
23.740
24.060
24.360
24.660
24.960
25.270
25.590
25.900
26.210
26.510
26.820
27.130
27.450
27.750
28.070
28.380
28.680
28.990
29.310
29.620
29.920
30.240
30.550
30.860
31.170
31.480
31.790
32.100
32.410
32.720
33.030
33.330
33.640
33.950
34.270
34.570
34.890
35.200
35.520
35.830
36.140
36.460
36.770
37.080
37.390
37.710
38.020
38.340
38.650
38.960
39.270
39.580
39.890
40.190
40.510
40.820
41.130
41.440
41.740
42.060
42.360
42.670
42.980
43.290
43.610
43.920
44.230
44.550
44.870
45.190
45.500
45.810
46.120
46.430
46.740
47.050
47.360
47.670
47.980
48.300
48.600
48.910
49.220
49.530
49.840
50.150
50.470
50.780
51.080
51.390
51.710
52.030
52.360
52.680
53.000
53.320
53.620
53.940
54.240
54.550
54.860
55.180
55.490
55.810
56.130
56.450
56.760
57.080
57.400
57.720
58.030
58.350
58.660
58.970
59.300
59.610
59.910
60.220
60.540
60.860
61.170
61.490
61.800
62.110
62.430
62.740
63.040
63.370
63.680
64.000
64.320
64.630
64.940
65.250
65.570
65.880
66.190
66.510
66.820
67.140
67.450
67.770
68.080
68.390
68.700
69.010
69.330
69.650
69.970
70.290
70.600
70.910
71.230
71.540
71.860
72.180
72.500
72.820
73.130
73.460
73.770
74.080
74.390
74.710
75.010
75.340
75.650
75.970
76.290
76.610
76.920
77.230
77.550
77.870
78.180
78.510
78.820
79.130
79.440
79.760
80.060
80.380
80.690
81.000
81.320
81.640
81.940
82.260
82.570
82.880
83.200
83.530
83.850
84.180
84.500
84.810
85.120
85.440
85.760
86.070
86.400
86.710
87.030
87.340
87.650
87.960
88.280
88.590
88.900
89.210
89.520
89.830
90.160
90.480
90.810
91.140
91.460
91.810
92.140
92.450
92.780
93.120
93.460
93.780
94.120
94.450
94.780
95.090
95.400
95.720
96.030
96.340
96.660
96.980
97.300
97.620
97.940
98.270
98.590
98.910
99.230
99.560
99.880
100.200
100.520
100.840
101.150
101.460
101.780
102.100
102.420
102.740
103.060
103.380
103.690
104.010
104.330
104.640
104.960
105.280
105.600
105.910
106.230
106.550
106.870
107.190
107.500
107.820
108.140
108.460
108.770
109.090
109.410
109.730
110.050
110.370
110.690
111.000
111.320
111.640
111.960
112.270
112.590
112.910
113.230
113.550
113.860
114.170
114.480
114.800
115.130
115.450
115.770
116.090
116.400
116.710
117.030
117.330
117.650
117.950
118.270
118.600
118.910
119.230
119.560
119.870
120.180
120.480
120.810
121.130
121.450
121.760
122.070
122.380
122.690
123.000
123.320
123.630
123.940
124.240
124.560
124.880
125.190
125.500
125.810
126.130
126.430
126.750
127.060
127.370
127.680
128.000
128.310
128.630
128.930
129.240
129.560
129.870
130.180
130.500
130.810
131.120
131.430
131.740
132.050
132.350
132.660
132.970
133.280
133.590
133.910
134.240
134.560
134.910
135.220
135.550
135.860
136.170
136.480
136.790
137.110
137.450
137.790
138.140
138.510
138.840
139.210
139.560
139.890
140.240
140.590
140.970
141.310
141.680
142.050
142.410
142.750
143.110
143.490
143.850
144.210
144.560
144.920
145.270
145.650
146.000
146.340
146.700
147.040
147.380
147.760
148.140
148.500
148.910
149.300
149.670
150.080
150.540
151.050
151.580
152.120
152.620
153.150
153.650
154.150
154.650
155.100
155.550
156.000
156.440
156.900
157.340
157.800
158.240
158.680
159.150
159.580
