0.550
1.160
1.780
2.420
3.050
3.660
4.260
4.880
5.560
6.220
6.870
7.520
8.170
8.780
9.400
10.040
10.690
11.300
11.930
12.550
13.170
13.780
14.400
15.010
15.590
16.190
16.780
17.370
17.970
18.560
19.130
19.730
20.330
20.910
21.510
22.090
22.680
23.250
23.850
24.450
25.020
25.610
26.200
26.780
27.360
27.940
28.540
29.120
29.700
30.280
30.860
31.440
32.030
32.630
33.210
33.800
34.370
34.970
35.550
36.120
36.710
37.300
37.860
38.440
39.030
39.620
40.210
40.770
41.360
41.940
42.520
43.100
43.690
44.290
44.880
45.460
46.040
46.610
47.190
47.780
48.370
48.940
49.500
50.080
50.680
51.270
51.850
52.450
53.030
53.630
54.210
54.790
55.360
55.940
56.510
57.100
57.680
58.270
58.840
59.410
59.980
60.560
61.150
61.720
62.310
62.890
63.470
64.040
64.630
65.220
65.800
66.370
66.940
67.530
68.110
68.680
69.250
69.820
70.390
70.980
71.560
72.150
72.730
73.310
73.880
74.460
75.030
75.610
76.180
76.760
77.350
77.920
78.490
79.070
79.640
80.210
80.780
81.350
81.930
82.500
83.080
83.650
84.230
84.810
85.380
85.950
86.540
87.120
87.690
88.270
88.850
89.410
89.990
90.560
91.130
91.680
92.260
92.850
93.410
93.980
94.550
95.130
95.700
96.280
96.850
97.410
97.980
98.540
99.130
99.700
100.270
100.860
101.440
102.010
102.580
103.150
103.720
104.290
104.860
105.410
105.990
106.560
107.130
107.710
108.280
108.850
109.410
109.970
110.540
111.100
111.680
112.250
112.820
113.390
113.970
114.540
115.110
115.680
116.250
116.830
117.400
117.960
118.540
119.100
119.670
120.240
120.800
121.380
121.960
122.540
123.120
123.690
124.250
124.830
125.380
125.960
126.540
127.120
127.690
128.260
128.850
129.400
129.970
130.530
131.120
131.680
132.250
132.810
133.390
133.950
134.520
135.080
135.660
136.250
136.800
137.380
137.950
138.510
139.080
139.640
140.210
140.760
141.350
141.900
142.470
143.040
143.600
144.150
144.730
145.300
145.870
146.440
147.020
147.590
148.160
148.720
149.290
149.860
150.430
151.010
151.580
152.150
152.710
153.280
153.860
154.440
155.000
155.580
156.150
156.710
157.290
157.850
158.430
159.000
159.570
160.130
160.690
161.270
161.830
162.410
162.990
163.550
164.110
164.680
165.250
165.820
166.380
166.950
167.520
168.100
168.670
169.240
169.800
170.370
170.940
171.510
172.080
172.640
173.210
173.770
174.340
174.920
175.480
176.040
176.600
177.150
177.720
178.260
178.830
179.390
179.950
180.520
181.100
181.660
182.230
182.790
183.350
183.920
184.480
185.040
185.610
186.180
186.750
187.300
187.880
188.430
189.000
189.580
190.150
190.710
191.280
191.860
192.400
192.970
193.520
194.090
194.670
195.220
195.780
196.340
196.920
197.470
198.040
198.600
199.150
199.730
200.290
200.850
201.390
201.950
202.510
203.070
203.640
204.210
204.770
205.330
205.880
206.440
207.000
207.570
208.120
208.690
209.250
209.810
210.370
210.920
211.490
212.050
212.600
213.180
213.740
214.290
214.850
215.390
215.940
216.510
217.050
217.630
218.190
218.740
219.310
219.870
220.430
220.990
221.550
222.090
222.650
223.220
223.780
224.320
224.890
225.450
226.010
226.560
227.120
227.690
228.240
228.770
229.330
229.880
230.450
231.010
231.560
232.100
232.670
233.220
233.770
234.340
234.900
235.470
236.020
236.560
237.110
237.660
238.220
238.760
239.330
239.890
240.450
241.010
241.560
242.130
242.680
243.240
243.800
244.360
244.910
245.450
246.000
246.550
247.090
247.650
248.190
248.740
249.290
249.840
250.380
250.910
251.470
252.030
252.580
253.140
253.670
254.220
254.780
255.340
255.890
256.450
256.990
257.540
258.090
258.650
259.210
259.750
260.280
260.840
261.400
261.940
262.490
263.060
263.590
264.150
264.690
265.260
265.800
266.340
266.890
267.460
268.010
268.530
269.070
269.640
270.190
270.750
271.280
271.860
272.420
272.960
273.520
274.080
274.630
275.190
275.750
276.290
276.840
277.400
277.930
278.490
279.040
279.600
280.150
280.700
281.250
281.800
282.340
282.880
283.430
284.000
284.550
285.090
285.630
286.190
286.700
287.240
287.810
288.350
288.900
289.460
289.990
290.530
291.070
291.650
292.170
292.700
293.250
293.800
294.330
294.860
295.440
295.990
296.540
297.090
297.640
298.170
298.730
299.290
299.840
300.380
300.940
301.510
302.060
302.610
303.170
303.720
304.270
304.840
305.410
305.960
306.490
307.030
307.590
308.150
308.670
309.220
309.760
310.280
310.810
311.340
311.890
312.450
312.990
313.560
314.100
314.640
315.190
315.710
316.260
316.790
317.330
317.860
318.390
318.910
319.450
319.970
320.500
321.020
321.550
322.130
322.670
323.200
323.750
324.290
324.830
325.370
325.920
326.450
326.960
327.490
328.030
328.560
329.070
329.580
330.100
330.660
331.210
331.760
332.280
332.840
333.380
333.920
334.450
334.990
335.540
336.080
336.600
337.110
337.660
338.210
338.760
339.330
339.870
340.400
340.940
341.470
342.010
342.550
343.080
343.580
344.100
344.600
345.130
345.660
346.170
346.710
347.230
347.800
348.330
348.860
349.420
349.960
350.490
351.030
351.550
352.100
352.660
353.210
353.730
354.300
354.820
355.360
355.880
356.440
356.990
357.520
358.060
358.610
359.140
359.680
360.210
360.730
361.240
361.770
362.290
362.810
363.310
363.830
364.350
364.910
365.450
365.980
366.520
367.060
367.590
368.130
368.660
369.170
369.720
370.230
370.740
371.260
371.770
372.330
372.860
373.420
373.970
374.530
375.060
375.620
376.160
376.710
377.260
377.830
378.360
378.930
379.480
380.030
380.570
381.130
381.660
382.210
382.760
383.290
383.850
384.400
384.940
385.480
386.030
386.580
387.140
387.680
388.230
388.770
389.300
389.840
390.410
390.960
391.510
392.060
392.600
393.150
393.690
394.250
394.800
395.330
395.890
396.450
396.970
397.530
398.080
398.610
399.120
399.670
400.220
400.760
401.280
401.840
402.380
402.910
403.460
404.020
404.560
405.120
405.630
406.060
406.450
406.880
407.270
407.700
408.090
408.510
408.900
409.310
409.700
410.110
410.570
411.020
411.490
411.950
412.380
412.830
413.300
413.730
414.180
414.610
415.040
415.500
415.940
416.360
416.840
417.280
417.750
418.200
418.660
