0.670
1.580
2.460
3.290
4.200
5.080
6.040
6.930
7.810
8.770
9.640
10.560
11.490
12.290
13.060
13.900
14.680
15.510
16.390
17.320
18.220
19.100
19.970
20.900
21.830
22.760
23.650
24.550
25.450
26.310
27.160
28.090
28.930
29.910
30.790
31.760
32.610
33.490
34.360
35.270
36.140
37.010
37.930
38.800
39.710
40.560
41.420
42.310
43.150
44.040
44.880
45.710
46.520
47.390
48.300
49.180
50.100
50.950
51.710
52.520
53.270
54.050
54.770
55.430
56.150
56.810
57.500
58.270
58.960
59.730
60.450
61.130
61.840
62.610
63.320
64.050
64.800
65.610
66.380
67.180
67.890
68.600
69.280
69.990
70.750
71.550
72.290
73.110
73.920
74.720
75.520
76.390
77.180
77.980
78.850
79.630
80.420
81.190
81.920
82.700
83.500
84.230
85.020
85.800
86.610
87.390
88.160
88.880
89.620
90.350
91.040
91.780
92.510
93.210
93.930
94.630
95.290
95.970
96.670
97.390
98.100
98.780
99.450
100.130
100.810
101.550
102.260
102.980
103.690
104.480
105.210
105.920
106.600
107.270
107.950
108.640
109.340
110.010
110.750
111.460
112.130
112.880
113.590
114.320
115.070
115.820
116.530
117.210
117.900
118.570
119.260
119.950
120.630
121.300
122.020
122.730
123.470
124.170
124.920
125.630
126.350
127.040
127.780
128.500
129.220
129.930
130.650
131.400
132.120
132.830
133.540
134.320
135.090
135.830
136.570
137.320
138.080
138.850
139.590
140.340
141.030
141.750
142.460
143.190
143.930
144.700
145.420
146.130
146.850
147.610
148.380
149.110
149.790
150.530
151.290
152.040
152.730
153.420
154.170
154.840
155.570
156.330
157.080
157.850
158.600
159.340
160.070
160.830
161.550
162.310
163.060
163.800
164.570
165.330
166.040
166.720
167.420
168.110
168.770
169.450
170.130
170.840
171.530
172.230
172.950
173.640
174.220
174.840
175.410
176.040
176.620
177.230
177.810
178.420
179.070
179.690
180.320
180.910
181.520
182.110
182.770
183.410
184.060
184.760
185.390
186.070
186.720
187.330
187.980
188.590
189.230
189.880
190.620
191.290
192.000
192.750
193.460
194.260
195.030
195.820
196.620
197.390
198.170
199.010
199.790
200.590
201.430
202.240
203.020
203.770
204.600
205.420
206.220
207.070
207.980
208.830
209.740
210.640
211.540
212.520
213.510
214.440
215.450
216.430
217.380
218.320
219.330
220.370
221.400
222.310
223.150
224.010
224.820
225.810
226.700
227.660
228.670
229.670
230.650
231.580
232.590
233.510
234.520
235.570
236.570
237.560
238.660
239.650
240.770
241.790
242.820
243.880
244.950
245.930
246.980
247.960
248.980
250.050
251.040
251.980
252.930
253.880
254.750
255.630
256.520
257.420
258.350
258.940
259.520
260.100
260.700
261.300
261.860
262.430
263.000
263.530
264.100
264.650
265.250
265.850
266.450
267.080
267.700
268.320
268.980
269.610
270.270
270.900
271.500
272.140
272.730
273.380
274.030
274.680
275.310
275.980
276.730
277.460
278.220
278.940
279.730
280.480
281.170
281.810
282.480
283.090
283.740
284.400
285.020
285.700
286.360
287.020
287.730
288.410
289.090
289.820
290.490
291.160
291.840
292.510
293.210
293.860
294.530
295.210
295.890
296.470
297.110
297.690
298.310
298.890
299.470
300.070
300.650
301.210
301.800
302.410
303.100
303.740
304.360
305.010
305.700
306.320
306.980
307.680
308.310
308.980
309.620
310.230
310.870
311.520
312.220
312.850
313.560
314.210
314.910
315.620
316.300
316.970
317.640
318.340
319.020
319.780
320.480
321.210
321.920
322.650
323.340
324.070
324.820
325.520
326.210
326.960
327.610
328.280
328.960
329.600
330.340
331.030
331.730
332.380
333.070
333.770
334.390
334.980
335.550
336.170
336.760
337.350
337.910
338.550
339.180
339.770
340.390
341.040
341.650
342.230
342.870
343.450
344.000
344.590
345.160
345.790
346.420
347.050
347.640
348.190
348.750
349.350
349.920
350.460
351.050
351.670
352.230
352.850
353.440
354.000
354.600
355.190
355.820
356.450
357.050
357.710
358.390
359.040
359.660
360.310
360.900
361.490
362.120
362.630
363.170
363.670
364.220
364.730
365.190
365.670
366.160
366.650
367.130
367.610
368.070
368.530
369.020
369.500
369.970
370.450
370.940
371.420
371.890
372.370
372.840
373.320
373.800
374.290
374.780
375.260
375.730
376.200
376.700
377.160
377.600
378.060
378.540
379.000
379.460
379.930
380.410
380.890
381.360
381.820
382.290
382.770
383.220
383.710
384.180
384.630
385.070
385.510
385.960
386.420
386.890
387.350
387.820
388.300
388.770
389.220
389.690
390.140
390.570
391.040
391.510
391.950
392.430
392.880
393.350
393.800
394.260
394.730
395.210
395.690
396.180
396.660
397.120
397.600
398.050
398.520
398.990
399.450
399.910
400.380
400.850
401.290
401.710
402.170
402.600
403.060
403.530
404.010
404.480
404.940
405.400
405.860
406.330
406.780
407.240
407.700
408.170
408.620
409.080
409.530
409.980
410.420
410.880
411.330
411.790
412.240
412.680
413.130
413.570
414.030
414.480
414.940
415.380
415.840
416.280
416.720
417.160
417.610
418.050
418.500
418.960
419.420
419.870
420.320
420.780
421.250
421.710
422.170
422.620
423.070
423.530
423.980
424.430
424.900
425.340
425.790
426.230
426.680
427.120
427.540
427.990
428.420
428.880
429.320
429.760
430.210
430.640
431.100
431.550
432.010
432.450
432.910
433.390
433.840
434.290
434.730
435.160
435.570
436.000
436.450
436.880
437.290
437.720
438.150
438.600
439.060
439.520
439.970
440.430
440.880
441.330
441.800
442.260
442.730
443.190
443.650
444.110
444.560
445.020
445.480
445.940
446.380
446.810
447.260
447.710
448.160
448.630
449.070
449.540
449.980
450.430
450.880
451.330
451.780
452.230
452.680
453.150
453.630
454.110
454.570
455.040
455.500
455.960
456.420
456.890
457.370
457.820
458.290
458.750
459.210
459.660
460.110
460.570
461.030
461.500
461.950
462.420
462.880
463.340
463.810
464.270
464.720
465.160
465.610
466.050
466.500
466.960
467.390
467.830
468.260
468.710
469.140
469.550
469.980
470.400
470.830
471.250
471.670
472.100
472.520
472.930
473.350
473.760
474.180
474.600
475.050
475.480
475.930
476.380
476.810
477.260
477.680
478.110
478.510
478.950
479.370
479.780
480.200
480.610
481.040
481.490
481.940
482.370
482.820
483.250
483.690
484.140
484.580
485.020
485.430
485.860
486.320
486.740
487.200
487.640
488.090
488.550
489.010
489.480
489.940
490.370
490.800
491.240
491.700
492.140
492.570
493.020
493.460
493.900
494.340
494.780
495.200
495.640
496.110
496.550
497.000
497.460
497.910
498.350
498.800
499.260
499.730
500.170
500.610
501.050
501.500
501.950
502.380
502.820
503.280
503.730
504.180
504.620
505.080
505.530
505.980
506.390
506.790
507.190
507.610
508.020
508.430
508.870
509.300
509.730
510.200
510.650
511.110
511.580
512.040
512.500
512.960
513.410
513.870
514.330
514.800
515.260
515.710
516.150
516.600
517.070
517.530
517.980
518.440
518.890
519.350
519.800
520.250
520.710
521.170
521.620
522.070
522.510
522.960
523.400
523.840
524.290
524.750
525.190
525.660
526.110
526.560
526.990
527.460
527.910
528.370
528.820
529.270
529.730
530.200
530.650
531.120
531.580
532.040
532.490
532.940
533.410
533.860
534.300
534.750
535.200
535.640
536.050
536.500
536.930
537.340
537.800
538.230
538.670
539.100
539.560
540.000
540.450
540.900
541.360
541.830
542.290
542.750
543.210
543.660
544.120
544.580
545.020
545.480
545.930
546.390
546.830
547.270
547.710
548.150
548.590
549.050
549.500
549.950
550.390
550.850
551.310
551.810
552.300
552.830
553.330
553.860
554.400
554.930
555.470
556.010
556.550
557.060
557.530
558.060
558.530
559.060
559.560
560.040
