0.260
0.960
1.720
2.420
3.180
3.900
4.650
5.430
6.170
6.960
7.720
8.490
9.250
10.020
10.780
11.560
12.380
13.170
13.950
14.690
15.460
16.250
17.050
17.830
18.620
19.420
20.210
20.990
21.770
22.550
23.330
24.120
24.930
25.690
26.430
27.190
27.940
28.750
29.540
30.330
31.110
31.880
32.660
33.440
34.210
34.980
35.790
36.550
37.370
38.150
38.940
39.710
40.520
41.310
42.090
42.890
43.690
44.440
45.260
46.020
46.860
47.670
48.490
49.260
50.090
50.900
51.720
52.510
53.320
54.110
54.940
55.740
56.550
57.370
58.200
59.020
59.830
60.680
61.480
62.290
63.100
63.930
64.720
65.550
66.380
67.150
67.980
68.810
69.650
70.450
71.260
72.080
72.900
73.720
74.580
75.430
76.260
77.040
77.850
78.630
79.450
80.220
81.050
81.840
82.680
83.490
84.310
85.120
85.960
86.770
87.590
88.420
89.270
90.080
90.900
91.720
92.520
93.360
94.200
95.010
95.840
96.670
97.470
98.280
99.090
99.910
100.750
101.570
102.390
103.190
103.990
104.820
105.660
106.490
107.340
108.140
108.970
109.810
110.700
111.570
112.420
113.250
114.080
114.930
115.710
116.570
117.390
118.230
119.130
120.010
120.850
121.750
122.570
123.430
124.270
125.130
126.010
126.870
127.680
128.520
129.360
130.240
131.060
131.920
132.770
133.650
134.490
135.350
136.160
137.020
137.860
138.720
139.560
140.410
141.210
142.090
142.880
143.760
144.640
145.500
146.370
147.240
148.080
148.900
149.780
150.610
151.480
152.350
153.220
154.060
154.940
155.790
156.610
157.470
158.300
159.190
160.040
160.830
161.580
162.350
163.100
163.890
164.670
165.430
166.180
166.890
167.690
168.500
169.310
170.090
170.890
171.690
172.490
173.320
174.130
174.890
175.700
176.530
177.290
178.100
178.920
179.730
180.530
181.310
182.090
182.900
183.730
184.490
