0.000
0.590
1.180
1.720
2.250
2.780
3.350
3.870
4.460
4.990
5.570
6.120
6.690
7.240
7.820
8.370
8.930
9.480
10.050
10.590
11.180
11.740
12.300
12.850
13.410
13.990
14.560
15.120
15.680
16.260
16.830
17.370
17.950
18.510
19.060
19.620
20.160
20.720
21.310
21.840
22.420
22.960
23.520
24.060
24.610
25.160
25.730
26.270
26.840
27.390
27.970
28.510
29.060
29.600
30.160
30.710
31.290
31.830
32.400
32.970
33.530
34.100
34.680
35.250
35.820
36.360
36.950
37.510
38.080
38.660
39.260
39.820
40.390
40.970
41.530
42.100
42.670
43.240
43.800
44.340
44.910
45.450
46.030
46.590
47.170
47.720
48.320
48.890
49.460
50.070
50.610
51.170
51.750
52.300
52.860
53.400
53.970
54.520
55.100
55.650
56.220
56.780
57.340
57.900
58.460
59.020
59.600
60.170
60.720
61.280
61.820
62.380
62.970
63.520
64.110
64.680
65.250
65.810
66.370
66.910
67.490
68.070
68.640
69.200
69.790
70.330
70.900
71.440
71.980
72.550
73.100
73.660
74.210
74.770
75.330
75.890
76.450
77.010
77.580
78.130
78.690
79.250
79.820
80.390
80.970
81.520
82.090
82.650
83.200
83.780
84.340
84.890
85.440
86.020
86.590
87.160
87.720
88.300
88.870
89.450
90.000
90.560
91.120
91.680
92.230
92.820
93.380
93.930
94.500
95.070
95.630
96.200
96.760
97.330
97.890
98.480
99.040
99.590
100.140
100.700
101.240
101.800
102.340
102.910
103.470
104.030
104.580
105.130
105.700
106.260
106.820
107.360
107.890
108.420
108.980
109.520
110.090
110.620
111.180
111.710
112.250
112.790
113.330
113.880
114.430
114.980
115.520
116.080
116.640
117.190
117.750
118.310
118.880
119.450
120.000
120.550
121.100
121.680
122.220
122.760
123.310
123.850
124.410
124.970
125.530
126.080
126.640
127.190
127.750
128.290
128.860
129.400
129.930
130.480
131.030
131.600
132.140
132.690
133.240
133.790
134.350
134.910
135.470
136.030
136.580
137.130
137.670
138.210
138.770
139.330
139.880
140.440
141.010
141.570
142.130
142.680
143.230
143.810
144.360
144.890
145.460
146.020
146.590
147.160
147.730
148.290
148.850
149.420
149.970
150.520
151.080
151.640
152.200
152.760
153.320
153.870
154.430
154.980
155.550
156.100
156.680
157.230
157.780
158.350
158.890
159.460
160.000
160.540
161.110
161.680
162.230
162.780
163.340
163.880
164.430
165.010
165.570
166.120
166.680
167.220
167.780
168.330
168.880
169.450
170.010
170.560
171.110
171.680
172.240
172.810
173.340
173.920
174.480
175.060
175.620
176.170
176.730
177.290
177.860
178.420
178.960
179.500
180.090
180.670
181.230
181.790
182.360
182.930
183.470
184.030
184.570
185.140
185.680
186.230
186.780
187.320
187.850
188.410
188.980
189.530
190.110
190.660
191.230
191.780
192.330
192.880
193.440
194.000
194.570
195.120
195.680
196.230
196.780
197.330
197.900
198.450
199.010
199.570
200.130
200.680
201.240
201.780
202.330
202.900
203.480
204.050
204.610
205.180
205.750
206.310
206.870
207.450
208.030
208.590
209.150
209.730
210.310
210.880
211.430
212.020
212.570
213.110
213.680
214.220
214.790
215.340
215.930
216.480
217.050
217.620
218.200
218.760
219.330
219.890
220.460
221.030
221.600
222.160
222.720
223.310
223.880
224.460
225.060
225.630
226.200
226.770
227.340
227.900
228.480
229.060
229.640
230.220
230.800
231.370
231.940
232.510
233.100
233.660
234.230
234.800
235.370
235.930
236.500
237.070
237.640
238.200
238.760
239.310
239.880
240.450
241.030
241.610
242.170
242.730
243.310
243.860
244.430
245.010
245.570
246.130
246.690
247.240
247.810
248.370
248.940
249.510
250.070
250.610
251.170
251.730
252.300
252.860
253.420
253.980
254.530
255.080
255.670
256.220
256.790
257.370
257.940
258.500
259.060
259.620
260.190
260.750
261.320
261.880
262.440
263.000
263.550
264.110
264.670
265.240
265.810
266.390
266.950
267.530
268.090
268.670
269.230
269.790
270.370
270.920
271.490
272.020
272.610
273.170
273.740
274.300
274.880
275.450
276.020
276.560
277.120
277.690
278.260
278.820
279.390
279.970
280.510
281.080
281.640
282.210
282.780
283.360
283.920
284.470
285.030
285.580
286.140
286.680
287.250
287.820
288.380
288.940
289.490
290.060
290.640
291.190
291.760
292.340
292.910
293.480
294.060
294.620
295.190
295.780
296.330
296.900
297.480
298.040
298.620
299.190
299.770
300.340
300.910
301.480
302.060
302.630
303.210
303.780
304.360
304.930
305.500
306.070
306.640
307.220
307.800
308.350
308.930
309.490
310.090
310.640
311.220
311.780
312.370
312.920
313.490
314.060
314.630
315.210
315.770
316.340
316.880
317.450
318.020
318.580
319.170
319.730
320.290
320.850
321.430
321.990
322.570
323.130
323.680
324.230
324.810
325.370
325.940
326.490
327.050
327.630
328.200
328.760
329.340
329.920
330.470
331.040
331.610
332.170
332.740
333.310
333.870
334.430
334.990
335.550
336.120
336.680
337.260
337.840
338.410
338.980
339.550
340.110
340.680
341.270
341.830
342.410
342.990
343.560
344.140
344.680
345.260
345.820
346.380
346.950
347.510
348.060
348.630
349.190
349.770
350.330
350.880
351.440
352.010
352.580
353.120
353.670
354.240
354.810
355.380
355.940
356.520
357.090
357.660
358.210
358.760
359.290
359.840
360.400
360.980
361.540
362.130
362.690
363.280
363.850
364.420
364.990
365.540
366.130
366.710
367.270
367.830
368.400
368.980
369.530
370.100
370.670
371.250
371.800
372.380
372.950
373.510
374.090
374.660
375.260
375.830
376.390
376.950
377.510
378.070
378.640
379.190
379.750
380.320
380.880
381.460
382.040
382.620
383.180
383.740
384.320
384.890
385.470
386.020
386.590
387.150
387.720
388.290
388.850
389.420
389.990
390.560
391.140
391.720
392.280
392.850
393.420
393.990
394.560
395.130
395.700
396.260
396.820
397.370
397.930
398.510
399.060
399.620
400.170
400.720
401.290
401.850
402.410
402.970
403.500
404.060
404.630
405.160
405.720
406.290
406.850
407.400
407.950
408.500
409.060
409.620
410.180
410.750
411.310
411.880
412.450
413.030
413.580
414.160
414.740
415.290
415.860
416.420
416.980
417.520
418.100
418.670
419.240
419.810
420.380
420.960
421.500
422.080
422.660
423.230
423.810
424.390
424.960
425.560
426.140
426.720
427.300
427.900
428.460
429.020
429.580
430.150
430.700
431.260
431.820
432.400
432.960
433.530
434.110
434.690
435.250
435.840
436.420
437.000
437.560
438.150
438.720
439.290
439.860
440.450
441.020
441.590
442.170
442.760
443.340
443.920
444.480
445.050
445.620
446.190
446.770
447.330
447.900
448.460
449.020
449.580
450.130
450.700
451.260
451.850
452.400
452.980
453.540
454.130
454.700
455.260
455.830
456.400
456.990
457.550
458.120
458.700
459.280
459.860
460.450
461.030
461.610
462.170
462.730
463.300
463.870
464.430
465.000
465.570
466.140
466.710
467.280
467.870
468.450
469.030
469.620
470.190
470.790
471.370
471.970
472.560
473.140
473.700
474.310
474.890
475.480
476.080
476.650
477.250
477.840
478.430
479.000
479.590
480.170
480.730
481.310
481.880
482.440
483.030
483.600
484.180
484.770
485.350
485.910
486.510
487.080
487.660
488.230
488.850
489.410
490.030
490.610
491.210
491.790
492.420
492.980
493.600
494.170
494.740
495.320
495.900
496.480
497.090
497.670
498.290
498.900
499.470
500.060
500.640
501.210
501.800
502.390
503.010
503.610
504.220
504.820
505.380
505.990
506.570
507.120
507.710
508.280
508.940
509.560
510.210
510.900
511.610
512.270
512.930
513.620
514.260
514.940
515.620
516.330
517.020
517.770
518.530
519.270
520.080
520.830
521.600
522.370
