0.210
0.650
1.090
1.550
2.030
2.490
2.940
3.380
3.830
4.270
4.710
5.170
5.610
6.070
6.510
6.940
7.390
7.820
8.270
8.720
9.180
9.640
10.080
10.510
10.970
11.410
11.860
12.320
12.750
13.200
13.650
14.110
14.560
15.000
15.450
15.910
16.370
16.820
17.260
17.710
18.160
18.600
19.070
19.520
19.980
20.420
20.890
21.340
21.780
22.230
22.690
23.150
23.600
24.070
24.530
25.000
25.430
25.890
26.330
26.800
27.230
27.690
28.150
28.600
29.050
29.500
29.950
30.390
30.860
31.320
31.770
32.240
32.680
33.130
33.580
34.050
34.500
34.960
35.400
35.870
36.300
36.760
37.210
37.650
38.110
38.570
39.020
39.490
39.950
40.410
40.850
41.310
41.770
42.230
42.660
43.120
43.580
44.030
44.500
44.960
45.410
45.880
46.350
46.810
47.260
47.740
48.200
48.660
49.140
49.600
50.060
50.510
50.970
51.440
51.880
52.350
52.820
53.300
53.760
54.230
54.690
55.150
55.630
56.090
56.560
57.030
57.470
57.940
58.390
58.870
59.340
59.820
60.280
60.750
61.210
61.680
62.170
62.620
63.090
63.560
64.010
64.480
64.960
65.410
65.880
66.360
66.820
67.300
67.760
68.250
68.740
69.200
69.700
70.170
70.630
71.110
71.580
72.050
72.530
72.990
73.460
73.940
74.390
74.860
75.340
75.800
76.270
76.750
77.220
77.690
78.160
78.630
79.080
79.550
80.020
80.490
80.970
81.440
81.920
82.390
82.860
83.320
83.800
84.250
84.720
85.190
85.660
86.140
86.610
87.100
87.570
88.040
88.500
88.980
89.450
89.930
90.410
90.890
91.360
91.830
92.310
92.780
93.250
93.730
94.200
94.670
95.150
95.620
96.090
96.570
97.020
97.490
97.960
98.440
98.900
99.380
99.850
100.330
100.800
101.290
101.750
102.220
102.690
103.170
103.640
104.100
104.570
105.040
105.520
105.990
106.460
106.940
107.420
107.880
108.340
108.820
109.280
109.750
110.220
110.700
111.170
111.640
112.100
112.590
113.070
113.540
114.020
114.510
114.970
115.450
115.920
116.400
116.870
117.350
117.830
118.310
118.780
119.250
119.730
120.210
120.690
121.160
121.640
122.110
122.590
123.060
123.530
124.000
124.480
124.960
125.440
125.920
126.400
126.870
127.350
127.840
128.300
128.780
129.250
129.730
130.210
130.690
131.150
131.620
132.100
132.580
133.050
133.530
134.010
134.490
134.960
135.440
135.910
136.380
136.840
137.320
137.790
138.270
138.740
139.230
139.700
140.170
140.650
141.140
141.600
142.070
142.550
143.030
143.510
143.990
144.470
144.950
145.430
145.890
146.360
146.850
147.320
147.790
148.270
148.740
149.220
149.690
150.170
150.640
151.110
151.590
152.060
152.550
153.000
153.480
153.950
154.410
154.890
155.370
155.850
156.330
156.790
157.260
157.740
158.230
158.700
159.180
159.660
160.150
160.630
161.100
161.570
162.060
162.540
163.020
163.500
163.970
164.450
164.930
165.400
165.880
166.360
166.850
167.310
167.800
168.280
168.760
169.240
169.710
170.200
170.680
171.160
171.640
172.120
172.590
173.070
173.550
174.040
174.520
175.000
175.490
175.980
176.460
176.930
177.420
177.890
178.390
178.860
179.340
179.830
180.300
180.770
181.260
181.730
182.220
182.700
183.190
183.660
184.140
184.610
185.110
185.570
186.050
186.520
187.010
187.490
187.970
188.450
188.930
189.410
189.900
190.380
190.870
191.350
191.830
192.310
192.790
193.260
193.760
194.230
194.720
195.190
195.680
196.160
196.640
197.110
197.600
198.070
198.550
199.030
199.510
199.980
200.460
200.930
201.420
201.880
202.360
202.840
203.320
203.800
204.280
204.750
205.230
205.710
206.200
206.680
207.160
207.630
208.110
208.590
209.080
209.550
210.040
210.500
210.980
211.460
211.950
212.420
212.920
213.390
213.880
214.360
214.830
215.310
215.790
216.270
216.750
217.220
217.700
218.180
218.650
219.130
219.620
220.100
220.580
221.070
221.560
222.030
222.510
223.010
223.480
223.960
224.440
224.920
225.400
225.880
226.360
226.840
227.330
227.810
228.290
228.770
229.250
229.730
230.220
230.680
231.160
231.640
232.130
232.600
233.090
233.580
234.070
234.550
235.040
235.520
236.010
236.480
236.970
237.440
237.930
238.410
238.890
239.370
239.850
240.320
240.810
241.290
241.780
242.250
242.740
243.230
243.720
244.190
244.670
245.150
245.630
246.100
246.580
247.060
247.550
248.010
248.500
248.980
249.450
249.940
250.430
250.900
251.390
251.880
252.370
252.850
253.320
253.800
254.300
254.780
255.260
255.730
256.220
256.700
257.170
257.670
258.150
258.630
259.120
259.600
260.080
260.570
261.060
261.540
262.030
262.520
263.000
263.490
263.980
264.460
264.960
265.430
265.920
266.390
266.870
267.350
267.840
268.310
268.800
269.280
269.770
270.260
270.730
271.210
271.690
272.180
272.670
273.150
273.620
274.080
274.540
274.980
275.400
275.850
276.320
276.780
277.240
277.700
278.140
278.580
279.040
279.480
279.930
280.410
280.860
281.300
281.750
282.180
282.620
283.060
283.510
283.970
284.430
284.880
285.320
285.750
286.190
286.630
287.080
287.530
287.990
288.450
288.900
289.380
289.850
290.330
290.830
291.290
291.800
292.280
292.770
293.250
293.730
294.200
294.670
295.160
295.640
296.130
296.590
297.090
297.560
298.040
298.520
299.000
299.480
299.980
300.470
300.940
301.410
301.900
302.370
302.860
303.350
303.850
304.330
304.830
305.300
305.770
306.260
306.740
307.240
307.720
308.220
308.690
309.210
309.680
310.160
310.640
311.140
311.620
312.100
312.590
313.100
313.580
314.070
314.560
315.060
315.540
316.050
316.520
317.030
317.500
318.000
318.470
318.960
319.430
319.930
320.400
320.900
321.380
321.880
322.360
322.840
323.330
323.820
324.310
324.820
325.300
325.770
326.260
326.750
327.230
327.740
328.210
328.730
329.200
329.700
330.170
330.670
331.160
331.660
332.140
332.640
333.130
333.630
334.110
334.610
335.100
335.590
336.090
336.610
337.130
337.640
338.160
338.660
339.170
339.660
