0.780
1.660
2.590
3.460
4.360
5.210
6.090
6.990
7.850
8.550
9.180
9.790
10.400
11.000
11.600
12.200
12.820
13.420
14.010
14.600
15.200
15.810
16.420
16.990
17.620
18.210
18.820
19.450
20.040
20.620
21.210
21.810
22.400
23.000
23.600
24.180
24.780
25.360
25.960
26.530
27.120
27.720
28.300
28.890
29.480
30.080
30.660
31.240
31.840
32.440
33.020
33.630
34.210
34.800
35.400
36.010
36.610
37.200
37.800
38.360
38.990
39.570
40.160
40.800
41.380
41.990
42.580
43.190
43.780
44.400
44.990
45.600
46.190
46.800
47.380
47.980
48.580
49.150
49.760
50.330
50.950
51.510
52.130
52.700
53.290
53.840
54.450
55.020
55.610
56.230
56.810
57.400
58.000
58.560
59.160
59.790
60.370
60.970
61.570
62.210
62.820
63.390
63.960
64.550
65.140
65.690
66.280
66.860
67.440
68.030
68.600
69.170
69.740
70.300
70.820
71.380
71.970
72.530
73.100
73.700
74.280
74.850
75.410
76.010
76.580
77.140
77.710
78.300
78.880
79.450
80.010
80.620
81.170
81.800
82.390
82.990
83.570
84.170
84.760
85.360
85.980
86.540
87.140
87.730
88.310
88.860
89.450
90.050
90.620
91.180
91.740
92.330
92.870
93.440
94.030
94.590
95.180
95.810
96.430
97.020
97.600
98.180
98.790
99.400
99.970
100.570
101.140
101.750
102.340
102.940
103.510
104.070
104.660
105.270
105.870
106.430
107.030
107.600
108.190
108.780
109.360
109.940
110.510
111.100
111.680
112.260
112.820
113.430
114.040
114.620
115.220
115.800
116.370
116.950
117.510
118.090
118.700
119.300
119.860
120.470
121.050
121.640
122.210
122.800
123.340
123.900
124.450
125.060
125.640
126.230
126.830
127.400
127.990
128.580
129.170
129.770
130.340
130.940
131.520
132.120
132.700
133.300
133.880
134.480
135.060
135.670
136.260
136.860
137.440
138.030
138.620
139.210
139.790
140.360
140.940
141.540
142.130
142.700
143.290
143.910
144.490
145.060
145.640
146.230
146.810
147.400
147.980
148.540
149.130
149.720
150.300
150.890
151.480
152.060
152.640
153.230
153.820
154.410
155.010
155.620
156.210
156.780
157.360
157.970
158.550
159.120
159.710
160.310
160.890
161.470
162.060
162.650
163.230
163.820
164.400
165.000
165.560
166.180
166.760
167.350
167.910
168.510
169.080
169.690
170.270
170.880
171.460
172.070
172.640
173.230
173.810
174.400
174.970
175.560
176.140
176.740
177.340
177.930
178.510
179.110
179.700
180.290
180.890
181.470
182.060
182.640
183.230
183.850
184.420
185.010
185.570
186.160
186.750
187.350
187.940
188.540
189.100
189.700
190.290
190.870
191.450
192.050
192.640
193.230
193.790
194.410
194.980
195.570
196.180
196.740
197.340
197.970
198.560
199.140
199.710
200.310
200.890
201.480
202.080
202.650
203.230
203.810
204.410
204.970
205.570
206.150
206.740
207.350
207.910
208.510
209.100
209.690
210.280
210.870
211.450
212.040
212.630
213.220
213.800
214.410
214.980
215.580
216.160
216.770
217.350
217.940
218.530
219.120
219.720
220.310
220.880
221.480
222.070
222.630
223.220
223.810
224.410
225.000
225.580
226.140
226.740
227.330
227.920
228.510
229.120
229.690
230.280
230.880
231.470
232.070
232.650
233.260
233.850
234.440
235.070
235.610
236.140
236.700
237.280
237.900
238.530
239.110
239.720
240.300
240.860
241.460
242.070
242.660
243.270
243.890
244.580
245.220
245.810
246.420
247.050
247.640
248.270
248.840
249.430
250.010
250.620
251.210
251.790
252.390
252.970
253.580
254.190
254.800
255.410
256.010
256.580
257.180
257.790
258.390
258.980
259.580
260.160
260.750
261.320
261.940
262.590
263.180
263.830
264.370
264.900
265.430
266.010
266.670
267.290
267.920
268.520
269.110
269.690
270.320
270.930
271.550
272.130
272.730
273.340
273.990
274.600
275.240
275.840
276.480
277.070
277.660
278.280
278.880
279.460
280.080
280.670
281.300
281.890
282.480
283.090
283.710
284.330
284.940
285.520
286.150
286.740
287.350
287.960
288.560
289.170
289.790
290.370
290.980
291.560
292.150
292.750
293.360
293.980
294.580
295.180
295.800
296.420
297.040
297.620
298.260
298.880
299.470
300.080
300.670
301.270
301.870
302.470
303.050
303.650
304.250
304.840
305.430
306.040
306.610
307.210
307.820
308.460
309.060
309.670
310.320
310.910
311.560
312.150
312.810
313.420
314.070
314.690
315.320
315.970
316.610
317.240
317.880
318.500
319.120
319.850
320.500
321.210
321.890
322.570
