0.490
1.080
1.680
2.320
2.920
3.490
4.100
4.660
5.210
5.730
6.310
6.900
7.440
8.040
8.600
9.180
9.690
10.210
10.740
11.260
11.740
12.220
12.720
13.200
13.680
14.140
14.620
15.120
15.620
16.090
16.600
17.070
17.580
18.070
18.590
19.090
19.590
20.080
20.580
21.070
21.570
22.070
22.580
23.070
23.570
24.090
24.620
25.150
25.660
26.160
26.680
27.200
27.710
28.210
28.690
29.210
29.700
30.200
30.700
31.200
31.700
32.210
32.730
33.230
33.760
34.230
34.730
35.250
35.760
36.260
36.730
37.240
37.750
38.240
38.730
39.240
39.760
40.280
40.800
41.290
41.810
42.310
42.820
43.320
43.840
44.320
44.810
45.340
45.810
46.330
46.830
47.310
47.770
48.270
48.750
49.230
49.690
50.170
50.660
51.160
51.650
52.150
52.650
53.190
53.670
54.200
54.720
55.190
55.690
56.220
56.690
57.220
57.710
58.170
58.650
59.100
59.570
60.040
60.530
60.980
61.420
61.860
62.320
62.780
63.250
63.690
64.160
64.660
65.130
65.620
66.090
66.560
67.060
67.540
68.020
68.480
68.960
69.460
69.960
70.480
70.980
71.490
72.000
72.580
73.130
73.720
74.350
74.950
75.560
76.160
76.770
77.490
78.240
78.960
79.720
80.550
81.360
82.180
83.010
83.910
84.780
85.670
86.580
87.400
88.230
89.080
89.930
90.790
91.630
92.410
93.180
93.930
94.740
95.520
96.270
97.140
97.970
98.760
99.610
100.490
101.300
102.090
102.900
103.640
104.430
105.160
105.910
106.720
107.470
108.310
109.130
109.980
110.850
111.700
112.590
113.480
114.470
115.480
116.400
117.400
118.450
119.420
120.480
121.460
122.470
123.430
124.350
125.350
126.290
127.230
128.170
129.120
130.050
130.940
131.890
132.830
133.750
134.660
135.530
136.470
137.300
138.200
139.130
140.000
140.890
141.820
142.760
143.640
144.630
145.650
146.650
147.570
148.460
149.420
150.400
151.370
152.350
153.250
154.140
155.000
155.900
156.790
157.630
158.480
159.240
160.060
160.790
161.560
162.350
163.060
163.710
164.460
165.220
165.970
166.670
167.420
168.160
168.900
169.600
170.340
171.090
171.780
172.550
173.340
174.110
174.880
175.620
176.320
177.020
177.860
178.690
179.600
180.500
181.520
182.480
183.460
184.320
185.250
186.140
187.030
187.960
188.830
189.690
190.630
191.540
192.490
193.400
194.280
195.200
196.070
196.940
197.820
198.700
199.560
200.440
201.330
202.250
203.150
204.030
204.900
205.780
206.660
207.590
208.460
209.450
210.390
211.340
212.230
213.130
214.030
214.980
215.850
216.740
217.650
218.530
219.470
220.370
221.250
222.140
223.090
223.990
224.900
225.770
226.650
227.530
228.380
229.270
230.160
231.150
232.080
232.960
233.900
234.840
235.710
236.590
237.490
238.400
239.280
240.230
241.150
242.090
242.950
243.860
244.810
245.770
246.660
247.620
248.520
249.430
250.360
251.240
252.120
253.070
253.980
254.930
255.910
256.910
257.850
258.790
259.770
260.730
261.680
262.600
263.500
264.490
265.430
266.330
267.290
268.220
269.140
270.110
271.100
272.100
273.020
273.980
274.970
275.850
276.790
277.730
278.650
279.520
280.450
281.410
282.310
283.250
284.220
285.170
286.140
287.080
288.020
288.960
289.910
290.840
291.740
292.680
293.620
294.560
295.500
296.470
297.380
298.320
299.220
300.170
301.110
302.040
302.770
303.480
304.190
304.860
305.570
306.240
306.920
307.610
308.310
309.040
309.750
310.570
311.320
312.150
312.980
313.870
314.680
315.620
316.570
317.470
318.380
319.310
320.210
321.170
322.090
322.970
323.910
324.860
325.830
326.740
327.580
328.540
329.520
330.480
331.480
332.400
333.430
334.340
335.270
336.210
337.120
338.030
338.950
339.870
340.800
341.740
342.680
343.590
344.540
345.460
346.420
347.320
348.280
349.180
350.070
351.030
351.900
352.740
353.630
354.520
355.350
356.220
357.110
358.000
358.970
359.880
360.890
361.850
362.770
363.720
364.620
365.570
366.550
367.490
368.430
369.320
