0.380
1.360
2.300
3.290
4.150
5.060
5.900
6.800
7.760
8.640
9.590
10.550
11.450
12.370
13.320
14.280
15.250
16.140
17.070
17.820
18.610
19.380
20.180
20.970
21.730
22.430
23.130
23.870
24.540
25.220
25.880
26.560
27.290
27.980
28.750
29.560
30.390
31.190
31.990
32.760
33.580
34.460
35.280
36.070
36.960
37.790
38.750
39.690
40.580
41.550
42.450
43.440
44.360
45.360
46.300
47.290
48.340
49.320
50.300
51.320
52.260
53.390
54.450
55.470
56.510
57.560
58.670
59.800
60.830
61.980
63.070
64.090
65.120
66.190
67.150
68.020
68.920
69.860
70.780
71.670
72.580
73.550
74.540
75.510
76.590
77.620
78.730
79.690
80.720
81.720
82.770
83.750
84.720
85.630
86.610
87.500
88.450
89.390
90.340
91.260
92.280
93.310
94.250
95.100
95.870
96.690
97.520
98.340
99.230
100.080
101.010
101.920
102.550
103.220
103.850
104.470
105.120
105.810
106.420
107.100
107.740
108.370
109.020
109.720
110.360
111.030
111.730
112.380
113.020
113.640
114.260
114.850
115.470
116.090
116.770
117.410
118.130
118.830
119.530
120.190
120.930
121.600
122.340
123.030
123.690
124.380
125.080
125.700
126.310
126.970
127.570
128.200
128.890
129.550
130.240
130.910
131.580
132.230
132.880
133.540
134.190
134.830
135.510
136.170
136.800
137.490
138.140
138.750
139.400
140.050
140.700
141.360
141.970
142.630
143.270
143.920
144.530
145.190
145.840
146.460
147.090
147.730
148.410
149.030
149.720
150.350
151.000
151.660
152.320
152.940
153.580
154.240
154.870
155.500
156.120
156.770
157.420
158.060
158.720
159.340
159.970
160.630
161.280
161.930
162.590
163.220
163.900
164.520
165.170
165.820
166.490
167.120
167.750
168.350
169.040
169.670
170.330
170.980
171.630
172.280
172.940
173.600
174.230
174.890
175.510
176.140
176.800
177.490
178.140
178.780
179.440
180.050
180.710
181.350
182.040
182.650
183.310
183.990
184.640
185.280
185.910
186.560
187.240
187.900
188.560
189.180
189.830
190.490
191.140
191.800
192.460
193.110
193.760
194.410
195.070
195.710
196.350
196.970
197.610
198.280
198.920
199.540
200.200
200.840
201.470
202.120
202.810
203.450
204.090
204.750
205.410
206.090
206.740
207.380
208.020
208.680
209.350
210.010
210.670
211.310
211.960
212.600
213.250
213.920
214.570
215.200
215.860
216.510
217.160
217.790
218.440
219.100
219.740
220.360
220.990
221.620
222.250
222.900
223.530
224.170
224.790
225.440
226.070
226.690
227.350
227.990
228.640
229.270
229.910
230.540
231.180
231.820
232.430
233.060
233.700
234.320
234.950
235.560
236.190
236.830
237.430
238.060
238.700
239.320
239.940
240.560
241.180
241.820
242.420
243.080
243.710
244.350
244.980
245.620
246.240
246.870
247.500
248.130
248.770
249.410
250.060
250.710
251.330
251.960
252.610
253.230
253.850
254.480
255.120
255.750
256.360
256.980
257.620
258.200
258.820
259.420
260.010
260.640
261.250
261.880
262.500
263.090
263.720
264.320
264.940
265.520
266.110
266.740
267.340
267.940
268.510
269.140
269.760
270.390
270.990
271.600
272.210
272.800
273.410
274.030
274.640
275.250
275.880
276.490
277.090
277.680
278.290
278.900
279.520
280.130
280.710
281.310
281.930
282.520
283.090
283.690
284.290
284.850
285.470
286.050
286.660
287.290
287.920
288.510
289.130
289.760
290.370
290.970
291.580
292.200
292.850
293.450
294.080
294.700
295.310
295.930
296.500
297.110
297.720
298.330
298.920
299.520
300.120
300.710
301.300
301.900
302.500
303.080
303.690
304.290
304.880
305.480
306.110
306.720
307.320
307.920
308.560
309.180
309.800
310.390
311.030
311.620
312.250
312.860
313.490
314.090
314.700
315.300
315.910
316.500
317.110
317.720
318.290
318.920
319.510
320.110
320.690
321.290
321.890
322.510
323.100
323.690
324.280
324.890
325.500
326.080
326.680
327.280
327.870
328.460
329.060
329.660
330.250
330.880
331.500
332.100
332.720
333.320
333.940
334.540
335.140
335.770
336.340
336.950
337.560
338.150
338.750
339.330
339.920
340.470
341.070
341.680
342.260
342.830
343.450
344.050
344.640
345.240
345.840
346.480
347.100
347.730
348.330
348.940
349.550
350.160
350.760
351.380
351.970
352.580
353.180
353.790
354.340
354.910
355.490
356.060
356.660
357.240
357.810
358.410
359.000
359.610
360.270
360.870
361.530
362.150
362.760
363.390
363.990
364.600
365.210
365.830
366.450
367.050
367.650
368.290
368.900
369.510
370.150
370.760
371.380
372.000
372.620
373.250
373.870
374.480
375.110
375.720
376.320
376.940
377.570
378.190
378.810
379.430
380.060
380.670
381.280
381.910
382.510
383.140
383.770
384.390
385.020
385.640
386.260
386.870
387.500
388.100
388.730
389.340
389.980
390.610
391.260
391.870
392.490
393.130
393.760
394.370
394.990
395.600
396.210
396.840
397.480
398.090
398.730
399.370
400.030
400.670
401.310
401.950
402.570
403.180
403.810
404.460
405.080
405.700
406.340
406.970
407.610
408.240
408.900
409.520
410.180
410.820
411.470
412.050
412.680
413.290
413.910
414.520
415.160
415.770
416.380
417.010
417.640
418.230
418.850
419.480
420.090
420.680
421.270
421.860
422.520
423.150
423.770
424.410
425.070
425.710
426.330
426.970
427.620
428.240
428.860
429.490
430.090
430.710
431.300
431.940
432.570
433.180
433.810
434.400
435.020
435.620
436.240
436.850
437.470
438.090
438.670
439.240
439.830
440.440
441.040
441.610
442.210
442.790
443.400
443.970
444.620
445.220
445.840
446.480
447.100
447.690
448.310
