0.320
0.770
1.250
1.710
2.180
2.670
3.130
3.600
4.070
4.520
4.980
5.440
5.910
6.370
6.830
7.280
7.740
8.210
8.680
9.160
9.630
10.100
10.550
11.010
11.470
11.910
12.380
12.830
13.320
13.790
14.230
14.670
15.120
15.580
16.030
16.470
16.960
17.420
17.880
18.350
18.800
19.260
19.720
20.180
20.640
21.090
21.560
22.030
22.490
22.940
23.490
24.050
24.510
24.970
25.430
25.900
26.350
26.810
27.260
27.740
28.200
28.670
29.130
29.600
30.050
30.520
30.960
31.450
31.910
32.380
32.860
33.320
33.790
34.260
34.730
35.210
35.660
36.120
36.600
37.070
37.530
38.000
38.450
38.920
39.390
39.870
40.340
40.800
41.260
41.750
42.200
42.660
43.120
43.600
44.060
44.520
44.990
45.440
45.910
46.380
46.840
47.320
47.790
48.250
48.710
49.190
49.650
50.130
50.590
51.050
51.510
51.990
52.450
52.930
53.370
53.850
54.310
54.800
55.260
55.740
56.190
56.680
57.140
57.620
58.060
58.530
59.000
59.480
59.930
60.390
60.870
61.330
61.760
62.220
62.670
63.130
63.570
64.030
64.490
64.930
65.390
65.840
66.290
66.740
67.180
67.620
68.070
68.510
68.950
69.410
69.850
70.310
70.740
71.200
71.640
72.110
72.600
73.110
73.610
74.100
74.580
75.100
75.580
76.070
76.550
77.050
77.520
78.000
78.480
78.950
79.420
79.910
80.380
80.860
81.330
81.820
82.290
82.760
83.230
83.700
84.170
84.670
85.150
85.630
86.100
86.590
87.050
87.530
88.000
88.480
88.950
89.420
89.880
90.370
90.830
91.310
91.780
92.250
92.710
93.180
93.650
94.120
94.580
95.060
95.530
95.990
96.440
96.910
97.360
97.820
98.280
98.770
99.220
99.700
100.160
100.620
101.080
101.550
102.010
102.480
102.930
103.410
103.850
104.320
104.770
105.250
105.690
106.170
106.650
107.110
107.580
108.030
108.480
108.940
109.370
109.840
110.310
110.780
111.250
111.710
112.180
112.640
113.080
113.560
114.030
114.510
114.970
115.430
115.900
116.360
116.800
117.260
117.750
118.220
118.680
119.150
119.610
120.100
120.550
121.030
121.490
121.950
122.410
122.880
123.340
123.810
124.270
124.730
125.200
125.650
126.110
126.570
127.040
127.500
127.960
128.420
128.880
129.350
129.800
130.270
130.720
131.190
131.660
132.150
132.640
133.110
133.630
134.100
134.590
135.090
135.600
136.130
136.640
137.130
137.640
138.140
138.640
139.130
139.650
140.150
140.650
141.140
141.640
142.150
142.640
143.140
143.650
144.140
144.640
145.130
145.640
146.130
146.630
147.100
147.610
148.100
148.600
149.070
149.580
150.070
150.560
151.040
151.540
152.030
152.510
153.010
153.510
153.990
154.480
154.980
155.470
155.960
156.460
156.960
157.450
157.930
158.430
158.920
159.420
159.910
160.420
160.900
161.410
161.900
162.410
162.890
163.400
163.900
164.410
164.880
165.400
165.900
166.390
166.860
167.380
167.880
168.360
168.870
169.370
169.860
170.350
170.850
171.330
171.810
172.300
172.800
173.300
173.790
174.290
174.790
175.280
175.790
176.280
176.770
177.250
177.750
178.240
178.730
179.210
179.710
180.190
180.670
181.160
181.660
182.140
182.630
183.110
183.600
184.080
184.560
185.050
185.530
186.000
186.490
186.950
187.450
187.920
188.400
188.890
189.370
189.840
190.320
190.780
191.270
191.750
192.250
192.740
193.230
193.720
194.200
194.690
195.190
195.670
196.160
196.640
197.130
197.620
198.100
198.570
199.050
199.540
200.030
200.510
201.010
201.500
201.990
202.470
202.990
203.490
204.020
204.530
205.060
205.560
206.080
206.590
207.100
207.610
208.130
208.630
209.150
209.650
210.150
210.650
211.150
211.660
212.160
212.660
213.150
213.650
214.140
214.630
215.130
215.620
216.140
216.650
217.160
217.620
218.020
218.420
218.830
219.260
219.660
220.070
220.490
220.900
221.340
221.750
222.170
222.600
223.020
223.440
223.870
224.320
224.740
225.160
225.600
226.040
226.470
226.910
227.350
227.800
228.230
228.640
229.040
229.450
229.880
230.300
230.700
231.130
231.560
231.960
232.420
232.910
233.390
233.880
234.360
234.820
235.300
235.780
236.270
236.740
237.240
237.720
238.180
238.690
239.170
239.690
240.170
240.710
241.210
241.740
242.260
