0.540
1.590
2.570
3.590
4.590
5.600
6.680
7.670
8.660
9.680
10.640
11.670
12.610
13.610
14.630
15.610
16.580
17.590
18.600
19.560
20.540
21.510
22.490
23.420
24.470
25.450
26.440
27.420
28.380
29.380
30.360
31.340
32.290
33.250
34.240
35.260
36.260
37.240
38.300
39.300
40.290
41.240
42.240
43.260
44.200
45.230
46.280
47.270
48.270
49.280
50.260
51.270
52.280
53.300
54.270
55.290
56.320
57.250
58.260
59.260
60.260
61.230
62.220
63.220
64.210
65.200
66.150
67.090
68.090
69.060
70.050
71.080
72.020
73.000
74.000
74.950
75.950
76.960
77.910
78.890
79.910
80.930
81.880
82.890
83.860
84.860
85.900
86.860
87.900
88.860
89.870
90.840
91.820
92.830
93.850
94.880
95.850
96.810
97.790
98.810
99.830
100.870
101.870
102.900
103.890
104.870
105.900
106.970
107.950
108.960
109.940
110.930
111.950
112.950
113.940
114.980
116.000
117.020
117.980
118.980
119.970
120.960
121.980
122.980
123.970
124.960
125.960
126.930
127.930
128.940
129.970
130.990
132.020
132.990
134.000
135.000
135.930
136.920
137.880
138.790
139.800
140.710
141.710
142.670
143.680
144.620
145.620
146.600
147.570
148.600
149.570
150.540
151.520
152.460
153.490
154.400
155.400
156.370
157.350
158.340
159.280
160.290
161.340
162.310
163.300
164.280
165.220
166.230
167.180
168.130
169.120
170.100
171.080
172.060
173.060
174.080
175.040
175.950
176.890
177.850
178.820
179.790
180.770
181.780
182.780
183.740
184.730
185.740
186.680
187.660
188.640
189.620
190.570
191.540
192.520
193.520
194.500
195.420
196.420
197.410
198.390
199.370
200.350
201.340
202.290
203.250
204.210
205.200
206.200
207.160
208.140
209.110
210.080
211.030
212.000
212.970
213.940
214.930
215.940
216.880
217.880
218.850
219.770
220.800
221.770
222.770
223.800
224.770
225.760
226.750
227.730
228.730
229.730
230.660
231.660
232.620
233.570
234.550
235.510
236.500
237.480
238.420
239.410
240.330
241.330
242.290
243.230
244.190
245.170
246.170
247.150
248.120
249.060
250.050
251.020
251.970
252.920
253.860
254.860
255.780
256.750
257.720
258.660
259.660
260.590
261.510
262.470
263.440
264.390
265.350
266.290
267.230
268.160
269.100
270.070
271.060
271.980
272.910
273.890
274.840
275.790
276.770
277.740
278.710
279.700
280.660
281.640
282.650
283.590
284.530
285.520
286.470
287.440
288.420
289.430
290.410
291.380
292.340
293.360
294.310
295.290
296.270
297.250
298.220
299.190
300.200
301.240
302.210
303.140
304.180
305.170
306.180
307.200
308.280
309.260
310.180
311.140
312.180
313.260
314.250
315.350
316.360
317.310
318.320
319.230
320.210
321.200
