0.439	1
0.817
1.166
1.486
1.806	1
2.126
2.446
2.758
3.097	1
3.417
3.758
4.067
4.398	1
4.718
5.027
5.326
5.657	1
5.977
6.307
6.617
6.937	1
7.257
7.566
7.937
8.267	1
8.598
8.937
9.257
9.606	1
9.958
10.278
10.627
10.920	1
11.260
11.580
11.930
12.260	1
12.570
12.920
13.230
13.580	1
13.910
14.240
14.550
14.900	1
15.210
15.550
15.880
16.220	1
16.550
16.870
17.200
17.550	1
17.870
18.230
18.570
18.890	1
19.220
19.540
19.880
20.210	1
20.550
20.880
21.210
21.540	1
21.860
22.190
22.530
22.860	1
23.190
23.520
23.830
24.170	1
24.510
24.840
25.180
25.510	1
25.840
26.180
26.500
26.830	1
27.170
27.510
27.820
28.170	1
28.520
28.850
29.180
29.510	1
29.830
30.170
30.490
30.840	1
31.180
31.510
31.840
32.170	1
32.500
32.820
33.170
33.500	1
33.840
34.170
34.500
34.840	1
35.180
35.530
35.880
36.190	1
36.530
36.860
37.200
37.520	1
37.850
38.190
38.520
38.870	1
39.200
39.540
39.880
40.210	1
40.540
40.870
41.200
41.550	1
41.870
42.200
42.530
42.860	1
43.210
43.540
43.870
44.200	1
44.550
44.880
45.210
45.550	1
45.890
46.230
46.550
46.900	1
47.220
47.560
47.890
48.210	1
48.550
48.890
49.220
49.570	1
49.920
50.260
50.600
50.940	1
51.270
51.630
51.980
52.340	1
52.670
53.040
53.390
53.740	1
54.060
54.390
54.720
55.050	1
55.400
55.720
56.060
56.390	1
56.710
57.050
57.370
57.700	1
58.050
58.380
58.690
59.030	1
59.370
59.690
60.010
60.360	1
60.690
61.020
61.350
61.680	1
62.010
62.330
62.660
62.980	1
63.310
63.660
63.970
64.320	1
64.640
64.980
65.310
65.650	1
66.000
66.320
66.660
67.020	1
67.350
67.660
67.980
68.300	1
68.630
68.950
69.260
69.580	1
69.920
70.280
70.610
70.960	1
71.290
71.630
71.950
72.300	1
72.610
72.950
73.290
73.620	1
73.950
74.280
74.590
74.920	1
75.250
75.580
75.900
76.210	1
76.540
76.880
77.210
77.530	1
77.860
78.200
78.520
78.850	1
79.170
79.500
79.830
80.160	1
80.470
80.790
81.110
81.430	1
81.760
82.090
82.410
82.750	1
83.080
83.400
83.720
84.050	1
84.400
84.710
85.050
85.370	1
85.700
86.020
86.330
86.680	1
87.010
87.320
87.650
87.990	1
88.310
88.640
88.960
89.280	1
89.590
89.910
90.230
90.550	1
90.880
91.200
91.520
91.830	1
92.160
92.470
92.790
93.110	1
93.460
93.790
94.100
94.430	1
94.740
95.070
95.380
95.710	1
96.030
96.350
96.660
96.990	1
97.330
97.640
97.970
98.310	1
98.620
98.950
99.270
99.580	1
99.910
100.230
100.550
100.880	1
101.200
101.530
101.850
102.200	1
102.510
102.840
103.150
103.470	1
103.800
104.120
104.440
104.780	1
105.100
105.440
105.760
106.080	1
106.410
106.740
107.070
107.400	1
107.740
108.060
108.390
108.720	1
109.040
109.360
109.680
110.010	1
110.330
110.660
110.990
111.320	1
111.630
111.960
112.300
112.620	1
112.930
113.260
113.580
113.890	1
114.220
114.540
114.860
115.170	1
115.500
115.810
116.140
116.460	1
116.800
117.130
117.440
117.780	1
118.100
118.430
118.760
119.090	1
119.410
119.730
120.040
120.360	1
120.680
121.010
121.320
121.650	1
121.960
122.290
122.610
122.930	1
123.250
123.570
123.890
124.210	1
124.530
124.850
125.150
125.470	1
125.780
126.090
126.410
126.730	1
127.060
127.370
127.690
128.010	1
128.330
128.660
128.970
129.300	1
129.620
129.940
130.260
130.570	1
130.890
131.220
131.540
131.870	1
132.220
132.550
132.870
133.200	1
133.540
133.870
134.200
134.530	1
134.850
135.170
135.480
135.810	1
136.120
136.440
136.760
137.110	1
137.440
137.760
138.090
138.420	1
138.740
139.070
139.390
139.720	1
140.040
140.350
140.670
140.990	1
141.310
141.630
141.950
142.280	1
142.600
142.910
143.240
143.560	1
143.880
144.200
144.520
144.840	1
145.160
145.480
145.800
146.110	1
146.440
146.760
147.070
147.390	1
147.720
148.030
148.350
148.670	1
148.990
149.320
149.650
149.990	1
150.320
150.650
150.980
151.310	1
151.640
151.960
152.290
152.620	1
152.940
153.280
153.600
153.950	1
154.270
154.610
154.940
155.260	1
155.590
155.920
156.240
156.590	1
156.910
157.230
157.560
157.880	1
158.200
158.520
158.840
159.170	1
159.490
159.820
160.140
160.480	1
160.800
161.130
161.460
161.800	1
162.140
162.470
162.780
163.120	1
163.440
163.760
164.080
164.400	1
164.720
165.050
165.360
165.690	1
166.010
166.330
166.640
166.970	1
167.280
167.600
167.920
168.260	1
168.580
168.930
169.260
169.610	1
169.930
170.270
170.620
170.970	1
171.290
171.630
171.950
172.280	1
172.590
172.920
173.230
173.550	1
173.870
174.200
174.520
174.850	1
175.180
175.500
175.830
176.160	1
176.480
176.810
177.130
177.450	1
177.770
178.100
178.410
178.730	1
179.060
179.380
179.700
180.020	1
180.340
180.650
180.980
181.300	1
181.620
181.940
182.270
182.600	1
182.940
183.260
183.590
183.920	1
184.230
184.550
184.870
185.190	1
185.510
185.830
186.150
186.480	1
186.790
187.110
187.430
187.760	1
188.070
188.400
188.720
189.040	1
189.360
189.670
189.990
190.320	1
190.640
190.950
191.270
191.590	1
191.910
192.240
192.550
192.870	1
193.190
193.510
193.830
194.160	1
194.470
194.800
195.120
195.440	1
195.770
196.090
196.420
196.730	1
197.050
197.370
197.700
198.010	1
198.350
198.660
198.990
199.330	1
199.650
200.000
200.310
200.630	1
200.950
201.280
201.600
201.930	1
202.250
202.580
202.900
203.220	1
203.540
203.870
204.190
204.510	1
204.830
205.140
205.470
205.800	1
206.120
206.460
206.780
207.100	1
207.430
207.750
208.070
208.390	1
208.720
209.030
209.360
209.680	1
209.990
210.310
210.630
210.950	1
211.260
211.560
211.890
212.210	1
212.520
212.840
213.160
213.480	1
213.800
214.130
214.440
214.760	1
215.080
215.400
215.720
216.040	1
216.360
216.680
217.010
217.330	1
217.640
217.950
218.250
218.560	1
218.870
219.180
219.520
219.840	1
220.190
220.520
220.840
221.160	1
221.490
221.810
222.130
222.460	1
222.780
223.100
223.420
223.740	1
224.050
224.380
224.700
225.020	1
225.340
225.670
225.990
226.330	1
226.650
226.980
227.290
227.620	1
227.930
228.260
228.560
228.870	1
229.190
229.520
229.840
230.150	1
230.480
230.820
231.130
231.450	1
231.780
232.090
232.410
232.730	1
233.060
233.380
233.700
234.020	1
234.340
234.670
234.990
235.320	1
235.640
235.980
236.300
236.620	1
236.940
237.270
237.600
237.920	1
238.250
238.570
238.880
239.210	1
239.530
239.850
240.170
240.490	1
240.840
241.170
241.490
241.820	1
242.140
242.480
242.800
243.140	1
243.460
243.790
244.100
244.420	1
244.750
245.070
245.380
245.720	1
246.040
246.360
246.690
247.010	1
247.330
247.650
247.970
248.290	1
248.600
248.930
249.250
249.570	1
249.890
250.210
250.520
250.840	1
251.160
251.480
251.800
252.120	1
252.420
252.740
253.050
253.370	1
253.690
254.010
254.320
254.640	1
254.980
255.300
255.650
255.970	1
256.300
256.640
256.960
257.280	1
257.600
257.920
258.240
258.550	1
258.870
259.200
259.510
259.850	1
260.170
260.500
260.830
261.150	1
261.470
261.800
262.110
262.430	1
262.750
263.070
263.400
263.720	1
264.040
264.370
264.690
265.010	1
265.350
265.680
266.010
266.340	1
266.660
267.010
267.320
267.660	1
267.980
268.320
268.650
268.980	1
269.300
269.650
269.960
270.280	1
270.600
270.920
271.250
271.580	1
271.900
272.230
272.550
272.880	1
273.200
273.510
273.830
274.160	1
274.480
274.800
275.120
275.470	1
275.790
276.110
276.420
276.740	1
277.060
277.390
277.700
278.030	1
278.340
278.670
278.980
279.310	1
279.630
279.950
280.260
280.590	1
280.910
281.230
281.550
281.870	1
282.180
282.500
282.820
283.140	1
283.460
283.790
284.100
284.430	1
284.750
285.070
285.390
285.710	1
286.030
286.350
286.670
286.980	1
287.310
287.630
287.940
288.260	1
288.580
288.910
289.220
289.540	1
289.860
290.170
290.480
290.800	1
291.110
291.420
291.730
292.030	1
292.340
292.660
292.960
293.270	1
293.580
293.910
294.220
294.540	1
294.860
295.190
295.500
295.830	1
296.140
296.460
296.780
297.100	1
297.420
297.740
298.060
298.390	1
298.710
299.030
299.350
299.670	1
299.990
300.300
300.620
300.950	1
301.270
301.600
301.930
302.240	1
302.560
302.890
303.200
303.510	1
303.830
304.140
304.440
304.760	1
305.070
305.390
305.700
306.030	1
306.350
306.660
306.990
307.300	1
307.620
307.950
308.270
308.600	1
308.940
309.260
309.600
309.930	1
310.260
310.570
310.910
311.230	1
311.540
311.840
312.150
312.470	1
312.780
313.090
313.420
313.750	1
314.080
314.430
314.760
315.100	1
315.440
315.770
316.090
316.430	1
316.780
317.110
317.440
317.780	1
318.110
318.440
318.770
319.110	1
319.440
319.760
320.100
320.430	1
320.760
321.090
321.400
321.730	1
322.070
322.420
322.750
323.110	1
323.470
323.800
324.150
324.510	1
324.850
325.180
325.510
325.830	1
326.170
326.510
326.850
327.180	1
327.510
327.830
328.150
328.470	1
328.790
329.140
329.470
329.790	1
330.110
330.450
330.790
331.120	1
331.450
331.760
332.110
332.430	1
332.760
333.070
333.380
333.690	1
334.010
334.330
334.660
334.970	1
335.270
335.580
335.890
336.220	1
336.570
336.900
337.230
337.560	1
337.910
338.240
338.570
338.890	1
339.210
339.530
339.860
340.190	1
340.530
340.850
341.190
341.520	1
341.840
342.160
342.490
342.800	1
343.120
343.450
343.780
344.110	1
344.430
344.770
345.110
345.440	1
345.770
346.090
346.420
346.740	1
347.080
347.410
347.740
348.070	1
348.410
348.750
349.080
349.420	1
349.760
350.080	1
350.410
350.740
351.070
351.410	1
351.750
352.090
352.410
352.750	1
353.080
353.400
353.730
354.070	1
354.390
354.720
355.060
355.370	1
355.700
356.030
356.360
356.710	1
357.020
357.370
357.710
358.060	1
358.380
358.710
359.030
359.360	1
359.710
360.040
360.360
360.680	1
361.010
361.350
361.680
362.020	1
362.340
362.660
362.990
363.320	1
363.660
363.990
364.320
364.650	1
364.980
365.320
365.650
365.970	1
366.310
366.640
366.960
367.300	1
367.640
367.990
368.320
368.650	1
368.970
369.300
369.620
369.960	1
370.290
370.620
370.960
371.290	1
371.610
371.950
372.280
372.590	1
372.940
373.260
373.590
373.930	1
374.260
374.620
374.930
375.270	1
375.610
375.930
376.260
376.600	1
376.940
377.270
377.600
377.930	1
378.260
378.600
378.920
379.250	1
379.580
379.920
380.250
380.580	1
380.910
381.250
381.580
381.920	1
382.260
382.600
382.930
383.270	1
383.600
383.950
384.280
384.610	1
384.940
385.270
385.600
385.960	1
386.280
386.600
386.950
387.270	1
387.590
387.930
388.260
388.620	1
388.940
389.300
389.640
389.970	1
390.320
390.640
390.980
391.330	1
391.660
392.020
392.360
392.690	1
393.040
393.370
393.730
394.060	1
394.420
394.770
395.100
395.467	1
395.856
396.216
396.576
396.936	1
397.296
397.646
398.097
