0.080
0.670
1.280
1.870
2.450
3.020
3.600
4.150
4.720
5.310
5.870
6.460
7.010
7.580
8.180
8.780
9.360
9.940
10.530
11.130
11.770
12.370
12.930
13.500
14.110
14.690
15.250
15.830
16.410
17.010
17.590
18.140
18.730
19.300
19.900
20.490
21.040
21.660
22.220
22.850
23.450
24.040
24.610
25.230
25.790
26.410
27.000
27.630
28.220
28.840
29.450
30.070
30.690
31.310
31.910
32.470
33.060
33.660
34.230
34.820
35.390
36.000
36.600
37.180
37.780
38.340
38.940
39.530
40.140
40.700
41.330
41.930
42.510
43.100
43.630
44.200
44.710
45.250
45.820
46.330
46.880
47.440
48.010
48.550
49.120
49.670
50.240
50.750
51.290
51.810
52.340
52.910
53.450
53.960
54.480
55.040
55.600
56.160
56.700
57.270
57.840
58.380
58.920
59.490
60.030
60.560
61.110
61.670
62.250
62.800
63.330
63.870
64.370
64.940
65.480
66.060
66.610
67.190
67.720
68.270
68.820
69.450
70.060
70.610
71.200
71.680
72.220
72.700
73.220
73.780
74.320
74.860
75.370
75.930
76.510
77.080
77.690
78.270
78.840
79.410
79.960
80.520
81.080
81.630
82.200
82.810
83.400
84.050
84.690
85.290
85.950
86.570
87.180
87.750
88.330
88.900
89.510
90.090
90.640
91.250
91.830
92.380
92.960
93.590
94.170
94.790
95.360
95.960
96.530
97.100
97.660
98.220
98.790
99.400
99.970
100.590
101.160
101.750
102.360
102.950
103.510
104.100
104.720
105.330
105.910
106.480
107.090
107.690
108.230
108.800
109.400
109.980
110.570
111.120
111.720
112.320
112.930
113.550
114.130
114.750
115.320
115.950
116.550
117.130
117.720
118.370
118.990
119.570
120.170
120.780
121.370
121.980
122.590
123.180
123.790
124.430
125.140
125.930
126.660
127.440
128.180
129.100
130.020
130.900
131.850
132.930
134.040
135.030
136.040
137.080
138.090
139.140
140.110
141.130
142.120
143.080
144.100
145.000
145.890
146.840
147.730
148.680
149.570
150.510
151.340
152.110
152.940
153.670
154.460
155.190
155.910
156.650
157.380
158.120
158.860
159.560
160.180
160.820
161.450
162.070
162.690
163.290
163.940
164.520
165.160
165.750
166.360
166.980
167.600
168.180
168.810
169.420
170.070
170.750
171.440
172.070
172.680
173.270
173.880
174.520
175.270
175.990
176.720
177.480
178.180
178.940
179.810
180.600
181.450
182.340
183.240
184.160
185.060
186.030
186.920
187.950
188.960
189.970
190.830
191.760
192.710
193.610
194.510
195.470
196.320
197.230
198.080
198.900
199.750
200.510
201.280
202.040
202.670
203.300
203.890
204.450
205.050
205.660
206.230
206.820
207.420
208.030
208.650
209.240
209.850
210.460
211.100
211.750
212.420
213.120
213.730
214.350
214.990
215.640
216.260
216.860
217.460
218.100
218.700
219.270
219.870
220.440
221.050
221.630
222.230
222.840
223.420
224.040
224.650
225.240
225.850
226.430
227.030
227.670
228.240
228.860
229.460
230.050
230.650
231.380
232.020
232.690
233.330
233.940
234.600
235.250
235.880
236.470
237.080
237.700
238.340
238.960
239.570
240.200
240.820
241.420
242.040
242.670
243.280
243.930
244.540
245.200
245.810
246.430
247.040
247.640
248.220
248.830
249.420
250.020
250.690
251.320
251.960
252.610
253.240
253.840
254.460
255.020
255.630
256.220
256.820
257.380
257.970
258.600
259.240
259.870
260.490
261.160
261.750
262.400
262.990
263.630
264.270
264.960
265.610
266.300
266.940
267.630
268.310
269.000
269.730
270.400
271.090
271.700
272.340
272.950
273.590
274.240
274.840
275.440
276.040
276.660
277.240
277.860
278.450
279.030
279.650
280.240
280.890
281.510
282.160
282.790
283.390
284.030
284.690
285.330
285.940
286.600
287.200
287.830
288.460
289.090
289.720
290.360
