0.110
0.345	1
0.580
0.810
1.040
1.270	1
1.500
1.730
1.960
2.190	1
2.420
2.655
2.890
3.125	1
3.360
3.590
3.820
4.055	1
4.290
4.510
4.730
4.960	1
5.190
5.425
5.660
5.885	1
6.110
6.335
6.560
6.785	1
7.010
7.240
7.470
7.710	1
7.950
8.175
8.400
8.630	1
8.860
9.090
9.320
9.555	1
9.790
10.020
10.250
10.475	1
10.700
10.930
11.160
11.385	1
11.610
11.840
12.070
12.310	1
12.550
12.780
13.010
13.240	1
13.470
13.700
13.930
14.150	1
14.370
14.600
14.830
15.075	1
15.320
15.555
15.790
16.015	1
16.240
16.485
16.730
16.960	1
17.190
17.425
17.660
17.890	1
18.120
18.350
18.580
18.815	1
19.050
19.285
19.520
19.745	1
19.970
20.205
20.440
20.680	1
20.920
21.160
21.400
21.625	1
21.850
22.090
22.330
22.570	1
22.810
23.040
23.270
23.510	1
23.750
23.985
24.220
24.455	1
24.690
24.925
25.160
25.385	1
25.610
25.845
26.080
26.320	1
26.560
26.800
27.040
27.275	1
27.510
27.745
27.980
28.215	1
28.450
28.685
28.920
29.155	1
29.401
29.647
29.893
30.138	1
30.384
30.629
30.875
31.120	1
31.345
31.570
31.785
32.000	1
32.240
32.480
32.710
32.940	1
33.165
33.390
33.625
33.860	1
34.085
34.310
34.540
34.770	1
35.000
35.230
35.455
35.680	1
35.895
36.110
36.340
36.570	1
36.800
37.030
37.275
37.520	1
37.755
37.990
38.210
38.430	1
38.670
38.910
39.135
39.360	1
39.595
39.830
40.050
40.270	1
40.500
40.730
40.950
41.170	1
41.390
41.610
41.845
42.080	1
42.315
42.550
42.770
42.990	1
43.220
43.450
43.670
43.890	1
44.125
44.360
44.585
44.810	1
45.040
45.270
45.500
45.730	1
45.955
46.180
46.405
46.630	1
46.855
47.080
47.320
47.560	1
47.785
48.010
48.245
48.480	1
48.705
48.930
49.160
49.390	1
49.620
49.850
50.085
50.320	1
50.540
50.760
50.990
51.220	1
51.435
51.650
51.880
52.110	1
52.350
52.590
52.815
53.040	1
53.270
53.500
53.730
53.960	1
54.185
54.410
54.645
54.880	1
55.115
55.350
55.570
55.790	1
56.020
56.250
56.490
56.730	1
56.950
57.170
57.410
57.650	1
57.880
58.110
58.340
58.570	1
58.790
59.010
59.245
59.480	1
59.705
59.930
60.160
60.390	1
60.625
60.860
61.095
61.330	1
61.550
61.770
62.010
62.250	1
62.470
62.690
62.925
63.160	1
63.385
63.610
63.840
64.070	1
64.295
64.520
64.740
64.960	1
65.180
65.400
65.635
65.870	1
66.095
66.320
66.550
66.780	1
67.015
67.250
67.480
67.710	1
67.935
68.160
68.390
68.620	1
68.855
69.090
69.320
69.550	1
69.780
70.010
70.225
70.440	1
70.675
70.910
71.140
71.370	1
71.595
71.820
72.055
72.290	1
72.510
72.730
72.965
73.200	1
73.425
73.650
73.875
74.100	1
74.330
74.560
74.795
75.030	1
75.260
75.490
75.715
75.940	1
76.165
76.390
76.630
76.870	1
77.090
77.310
77.540
77.770	1
77.985
78.200
78.435
78.670	1
78.895
79.120
79.335
79.550	1
79.785
80.020
80.245
80.470	1
80.705
80.940
81.175
81.410	1
81.645
81.880
82.110
82.340	1
82.570
82.800
83.025
83.250	1
83.475
83.700
83.935
84.170	1
84.395
84.620
84.855
85.090	1
85.325
85.560
85.785
86.010	1
86.230
86.450
86.680
86.910	1
87.150
87.390
87.615
87.840	1
88.085
88.330
88.555
88.780	1
89.025
89.270
89.500
89.730	1
89.940
90.150
90.360
90.570	1
90.785
91.000
91.235
91.470	1
91.695
91.920
92.135
92.350	1
92.585
92.820
93.040
93.260	1
93.485
93.710
93.935
94.160	1
94.380
94.600
94.835
95.070	1
95.285
95.500
95.725
95.950	1
96.185
96.420
96.635
96.850	1
97.085
97.320
97.535
97.750	1
97.975
98.200
98.435
98.670	1
98.895
99.120
99.345
99.570	1
99.795
100.020
100.235
100.450	1
100.675
100.900
101.135
101.370	1
101.585
101.800
102.025
102.250	1
102.485
102.720
102.945
103.170	1
103.395
103.620
103.845
104.070	1
104.300
104.530
104.755
104.980	1
105.205
105.430
105.650
105.870	1
106.090
106.310
106.535
106.760	1
106.990
107.220
107.460
107.700	1
107.930
108.160
108.375
108.590	1
108.820
109.050
109.275
109.500	1
109.735
109.970
110.195
110.420	1
110.655
110.890
111.125
111.360	1
111.585
111.810
112.045
112.280	1
112.495
112.710
112.945
113.180	1
113.395
113.610
113.845
114.080	1
114.295
114.510
114.750
114.990	1
115.215
115.440
115.665
115.890	1
116.120
116.350
116.585
116.820	1
117.035
117.250
117.485
117.720	1
117.945
118.170
118.385
118.600	1
118.830
119.060
119.285
119.510	1
119.745
119.980
120.215
120.450	1
120.675
120.900
121.115
121.330	1
121.565
121.800
122.025
122.250	1
122.470
122.690
122.915
123.140	1
123.360
123.580
123.800
124.020	1
124.250
124.480
124.695
124.910	1
125.145
125.380
125.610
125.840	1
126.065
126.290
126.515
126.740	1
126.965
127.190
127.415
127.640	1
127.870
128.100
128.325
128.550	1
128.775
129.000
129.235
129.470	1
129.700
129.930
130.160
130.390	1
130.620
130.850
131.075
131.300	1
131.540
131.780
132.010
132.240	1
132.470
132.700
132.930
133.160	1
133.385
133.610
133.840
134.070	1
134.295
134.520
134.740
134.960	1
135.180
135.400
135.635
135.870	1
136.095
136.320
136.540
136.760	1
136.980
137.200
137.425
137.650	1
137.880
138.110
138.330
138.550	1
138.780
139.010
139.230
139.450	1
139.690
139.930
140.155
140.380	1
140.610
140.840
141.070
141.300	1
141.530
141.760
141.995
142.230	1
142.465
142.700
142.925
143.150	1
143.385
143.620
143.865
144.110	1
144.335
144.560
144.790
145.020	1
145.240
145.460
145.695
145.930	1
146.155
146.380
146.595
146.810	1
147.040
147.270
147.495
147.720	1
147.950
148.180
148.395
148.610	1
148.830
149.050
149.280
149.510	1
149.720
149.930
150.150
150.370	1
150.600
150.830
151.045
151.260	1
151.480
151.700
151.925
152.150	1
152.375
152.600
152.820
153.040	1
153.270
153.500
153.725
153.950	1
154.180
154.410
154.635
154.860	1
155.085
155.310
155.530
155.750	1
155.975
156.200
156.420
156.640	1
156.855
157.070
157.290
157.510	1
157.740
157.970
158.185
158.400	1
158.615
158.830
159.060
159.290	1
159.510
159.730
159.955
160.180	1
160.405
160.630
160.845
161.060	1
161.290
161.520
161.740
161.960	1
162.185
162.410
162.635
162.860	1
163.080
163.300
163.525
163.750	1
163.960
164.170
164.395
164.620	1
164.840
165.060
165.280
165.500	1
165.725
165.950
166.165
166.380	1
166.595
166.810
167.035
167.260	1
167.485
167.710
167.930
168.150	1
168.385
168.620
168.840
169.060	1
169.280
169.500
169.735
169.970	1
170.195
170.420
170.645
170.870	1
171.090
171.310
171.535
171.760	1
171.985
172.210
172.420
172.630	1
172.850
173.070
173.295
173.520	1
173.740
173.960
174.185
174.410	1
174.620
174.830
175.065
175.300	1
175.525
175.750
175.965
176.180	1
176.415
176.650
176.875
177.100	1
177.310
177.520
177.750
177.980	1
178.195
178.410
178.630
178.850	1
179.065
179.280
179.515
179.750	1
179.975
180.200
180.420
180.640	1
180.850
181.060
181.290
181.520	1
181.735
181.950
182.175
182.400	1
182.625
182.850
183.080
183.310	1
183.530
183.750
183.965
184.180	1
184.395
184.610
184.830
185.050	1
185.275
185.500
185.720
185.940	1
186.170
186.400
186.620
186.840	1
187.070
187.300
187.520
187.740	1
187.955
188.170
188.395
188.620	1
188.840
189.060
189.285
189.510	1
189.740
189.970
190.195
190.420	1
190.645
190.870
191.100
191.330	1
191.540
191.750
191.975
192.200	1
192.425
192.650
192.870
193.090	1
193.310
193.530
193.750
193.970	1
194.180
194.390
194.615
194.840	1
195.065
195.290
195.510
195.730	1
195.965
196.200
196.420
196.640	1
196.875
197.110
197.340
197.570	1
197.795
198.020
198.250
198.480	1
198.720
198.960
199.190
199.420	1
199.645
199.870
200.090
200.310	1
200.535
200.760
200.990
201.220	1
201.445
201.670
201.890
202.110	1
202.320
202.530
202.750
202.970	1
203.190
203.410
203.640
203.870	1
204.080
204.290
204.520
204.750	1
204.970
205.190
205.395
205.600	1
205.825
206.050
206.265
206.480	1
206.685
206.890
207.120
207.350	1
207.570
207.790
208.000
208.210	1
208.440
208.670
208.895
209.120	1
209.345
209.570
209.795
210.020	1
210.240
210.460
210.680
210.900	1
211.130
211.360
211.570
211.780	1
212.010
212.240
212.460
212.680	1
212.900
213.120
213.330
213.540	1
213.760
213.980
214.210
214.440	1
214.655
214.870
215.085
215.300	1
215.520
215.740
215.970
216.200	1
216.410
216.620
216.850
217.080	1
217.290
217.500
217.720
217.940	1
218.160
218.380
218.600
218.820	1
219.045
219.270
219.495
219.720	1
219.935
220.150
220.375
220.600	1
220.820
221.040
221.250
221.460	1
221.685
221.910
222.135
222.360	1
222.575
222.790
222.995
223.200	1
223.415
223.630
223.850
224.070	1
224.285
224.500
224.715
224.930	1
225.150
225.370
225.600
225.830	1
226.050
226.270
226.485
226.700	1
226.920
227.140
227.365
227.590	1
227.805
228.020
228.245
228.470	1
228.680
228.890
229.120
229.350	1
229.570
229.790
230.005
230.220	1
230.445
230.670
230.880
231.090	1
231.310
231.530
231.750
231.970	1
232.200
232.430
232.650
232.870	1
233.090
233.310
233.530
233.750	1
233.960
234.170
234.395
234.620	1
234.835
235.050
235.275
235.500	1
235.725
235.950
236.180
236.410	1
236.635
236.860
237.080
237.300	1
237.515
237.730
237.945
238.160	1
238.365
238.570
238.795
239.020	1
239.225
239.430
239.650
239.870	1
240.090
240.310
240.525
240.740	1
240.950
241.160
241.375
241.590	1
241.800
242.010
242.240
242.470	1
242.690
242.910
243.120
243.330	1
243.555
243.780
243.995
244.210	1
244.430
244.650
244.870
245.090	1
245.305
245.520
245.725
245.930	1
246.155
246.380
246.605
246.830	1
247.050
247.270
247.480
247.690	1
247.920
248.150
248.360
248.570	1
248.795
249.020
249.230
249.440	1
249.655
249.870
250.080
250.290	1
250.520
250.750
250.970
251.190	1
251.400
251.610
251.835
252.060	1
252.275
252.490
252.710
252.930	1
253.165
253.400
253.620
253.840	1
254.070
254.300
254.525
254.750	1
254.970
255.190
255.410
255.630	1
255.855
256.080
256.315
256.550	1
256.770
256.990
257.210
257.430	1
257.655
257.880
258.095
258.310	1
258.530
258.750
258.985
259.220	1
259.435
259.650
259.875
260.100	1
260.310
260.520
260.740
260.960	1
261.185
261.410
261.625
261.840	1
262.055
262.270
262.495
262.720	1
262.925
263.130
263.350
263.570	1
263.800
264.030
264.245
264.460	1
264.675
264.890
265.115
265.340	1
265.565
265.790
266.000
266.210	1
266.430
266.650
266.870
267.090	1
267.320
267.550
267.780
268.010	1
268.225
268.440
268.655
268.870	1
269.080
269.290
269.515
269.740	1
269.950
270.160
270.370
270.580	1
270.805
271.030
271.245
271.460	1
271.670
271.880
272.100
272.320	1
272.535
272.750
272.980
273.210	1
273.420
273.630
273.860
274.090	1
274.305
274.520
274.745
274.970	1
275.180
275.390
275.610
275.830	1
276.040
276.250
276.470
276.690	1
276.920
277.150
277.365
277.580	1
277.790
278.000
278.215
278.430	1
278.640
278.850
279.070
279.290	1
279.525
279.760
279.985
280.210	1
280.430
280.650
280.860
281.070	1
281.290
281.510
281.740
281.970	1
282.190
282.410
282.625
282.840	1
283.045
283.250
283.475
283.700	1
283.910
284.120
284.330
284.540	1
284.755
284.970
285.190
285.410	1
285.630
285.850
286.065
286.280	1
286.500
286.720
286.940
287.160	1
287.370
287.580
287.800
288.020	1
288.255
288.490
288.725
288.960	1
289.185
289.410
289.640
289.870	1
290.090
290.310
290.530
290.750	1
290.975
291.200
291.440
291.680	1
291.900
292.120
292.350
292.580	1
292.805
293.030
293.245
293.460	1
293.675
293.890
294.110
294.330	1
294.540
294.750
294.970
295.190	1
295.410
295.630
295.855
296.080	1
296.300
296.520
296.735
296.950	1
297.165
297.380
297.600
297.820	1
298.040
298.260
298.480
298.700	1
298.915
299.130
299.345
299.560	1
299.770
299.980
300.190
300.400	1
300.615
300.830
301.055
301.280	1
301.495
301.710
301.920
302.130	1
302.350
302.570
302.790
303.010	1
303.230
303.450
303.660
303.870	1
304.100
304.330
304.540
304.750	1
304.980
305.210
305.420
305.630	1
305.845
306.060
306.275
306.490	1
306.705
306.920
307.130
307.340	1
307.565
307.790
308.000
308.210	1
308.420
308.630
308.850
309.070	1
309.295
309.520
309.745
309.970	1
310.190
310.410
310.625
310.840	1
311.045
311.250
311.470
311.690	1
311.910
312.130
312.340
312.550	1
312.760
312.970
313.195
313.420	1
313.630
313.840
314.070
314.300	1
314.520
314.740
314.970
315.200	1
315.430
315.660
315.900
316.140	1
316.365
316.590
316.810
317.030	1
317.245
317.460
317.675
317.890	1
318.095
318.300
318.525
318.750	1
318.960
319.170
319.390
319.610	1
319.825
320.040
320.255
320.470	1
320.675
320.880
321.105
321.330	1
321.545
321.760
321.975
322.190	1
322.405
322.620
322.825
323.030	1
323.255
323.480
323.685
323.890	1
324.115
324.340
324.555
324.770	1
324.980
325.190
325.410
325.630	1
325.845
326.060
326.265
326.470	1
326.695
326.920
327.130
327.340	1
327.550
327.760
327.975
328.190	1
328.410
328.630
328.845
329.060	1
329.280
329.500
329.720
329.940	1
330.160
330.380
330.600
330.820	1
331.030
331.240
331.465
331.690	1
331.905
332.120
332.335
332.550	1
332.760
332.970
333.195
333.420	1
333.640
333.860
334.070
334.280	1
334.500
334.720
334.945
335.170	1
335.385
335.600
335.815
336.030	1
336.240
336.450
336.680
336.910	1
337.125
337.340
337.555
337.770	1
337.995
338.220
338.440
338.660	1
338.865
339.070
339.295
339.520	1
339.725
339.930
340.150
340.370	1
340.590
340.810
341.020
341.230	1
341.440
341.650
341.875
342.100	1
342.305
342.510
342.735
342.960	1
343.175
343.390
343.600
343.810	1
344.035
344.260
344.490
344.720	1
344.945
345.170
345.390
345.610	1
345.835
346.060
346.285
346.510	1
346.725
346.940
347.165
347.390	1
347.595
347.800
348.025
348.250	1
348.465
348.680
348.895
349.110	1
349.320
349.530
349.755
349.980	1
350.210
350.440
350.655
350.870	1
351.095
351.320
351.550
351.780	1
351.993
352.206
352.419
352.632	1
352.867
353.103
353.338
353.573	1
353.796
354.019
354.241
354.464	1
354.664
354.864
355.064
355.264	1
355.489
355.714
355.940
356.165	1
356.390
356.605
356.820
357.050	1
357.280
357.515
357.750
357.975	1
358.200
358.420
358.640
358.855	1
359.070
359.295
359.520
359.745	1
359.970
360.185
360.400
360.625	1
360.850
361.075
361.300
361.520	1
361.740
361.965
362.190
362.415	1
362.640
362.860
363.080
363.295	1
363.510
363.730
363.950
364.170	1
364.390
364.620
364.850
365.075	1
365.300
365.525
365.750
365.975	1
366.200
366.415
366.630
366.865	1
367.100
367.320
367.540
367.750	1
367.960
368.180
368.400
368.630	1
368.860
369.070
369.280
369.510	1
369.740
369.950
370.160
370.390	1
370.620
370.840
371.060
371.290	1
371.520
371.735
371.950
372.180	1
372.410
372.635
372.860
373.075	1
373.290
373.510
373.730
373.955	1
374.180
374.395
374.610
374.830	1
375.050
375.275
375.500
375.725	1
375.950
376.175
376.400
376.620	1
376.840
377.060
377.280
377.510	1
377.740
377.960
378.180
378.410	1
378.640
378.865
379.090
379.320	1
