0.140
0.770
1.460
2.110
2.760
3.410
4.120
4.840
5.560
6.240
6.990
7.670
8.350
9.080
9.750
10.490
11.190
11.860
12.570
13.250
13.930
14.630
15.400
16.170
16.890
17.630
18.410
19.130
19.890
20.670
21.410
22.150
22.890
23.650
24.380
25.110
25.790
26.520
27.280
27.990
28.750
29.510
30.230
31.020
31.790
32.570
33.350
34.070
34.780
35.480
36.250
37.000
37.720
38.410
39.170
39.870
40.550
41.260
41.980
42.690
43.420
44.080
44.760
45.340
45.950
46.550
47.120
47.630
48.130
48.620
49.080
49.560
50.050
50.500
50.990
51.460
51.920
52.380
52.860
53.350
53.840
54.320
54.780
55.320
55.830
56.340
56.850
57.360
57.860
58.410
58.900
59.420
59.940
60.470
61.000
61.520
62.020
62.570
63.080
63.620
64.150
64.690
65.200
65.760
66.290
66.830
67.380
67.900
68.450
68.990
69.550
70.090
70.640
71.180
71.700
72.260
72.820
73.360
73.940
74.480
75.030
75.570
76.110
76.690
77.240
77.760
78.310
78.880
79.430
79.970
80.510
81.070
81.620
82.160
82.740
83.280
83.840
84.400
84.960
85.510
86.060
86.620
87.210
87.770
88.320
88.860
89.410
89.970
90.560
91.120
91.670
92.260
92.830
93.390
93.960
94.540
95.100
95.690
96.270
96.850
97.420
98.000
98.560
99.110
99.680
100.270
100.830
101.420
101.980
102.540
103.110
103.700
104.260
104.820
105.390
105.970
106.540
107.110
107.670
108.250
108.830
109.380
109.930
110.500
111.070
111.640
112.210
112.780
113.360
113.920
114.500
115.060
115.640
116.210
116.780
117.370
117.950
118.510
119.060
119.670
120.230
120.820
121.390
121.970
122.550
123.140
123.720
124.290
124.860
125.440
126.020
126.630
127.220
127.800
128.390
128.980
129.570
130.140
130.730
131.330
131.900
132.480
133.070
133.660
134.240
134.840
135.390
136.000
136.570
137.150
137.750
138.340
138.920
139.520
140.090
140.680
141.270
141.860
142.440
143.010
143.600
144.210
144.780
145.380
145.980
146.560
147.150
147.750
148.350
148.930
149.500
150.120
150.650
150.980
151.280
151.570
151.860
152.150
152.440
152.730
153.020
153.310
153.600
153.890
154.170
154.460
154.750
155.060
155.360
155.650
155.960
156.250
156.550
156.850
157.140
157.430
157.730
158.020
158.310
158.600
158.910
159.210
159.510
159.800
160.100
160.400
160.680
160.980
161.270
161.560
161.860
162.150
162.460
162.750
163.050
163.340
163.630
163.910
164.210
164.510
164.810
165.100
165.400
165.700
166.000
166.290
166.580
166.880
167.170
167.460
167.760
168.060
168.350
168.650
168.950
169.240
169.530
169.820
170.110
170.410
170.700
170.990
171.280
171.570
171.860
172.150
172.440
172.720
173.020
173.300
173.600
173.890
174.180
174.460
174.760
175.030
175.330
175.620
175.910
176.200
176.490
176.780
177.070
177.360
177.650
177.930
178.220
178.510
178.800
179.090
179.380
179.670
179.960
180.250
180.540
180.830
181.120
181.410
181.710
182.000
182.280
182.570
182.860
183.150
183.450
183.740
184.030
184.330
184.630
184.920
185.220
185.510
185.790
186.080
186.380
186.660
186.960
187.250
187.540
187.830
188.130
188.430
188.730
189.030
189.320
189.610
189.900
190.200
190.490
190.780
191.070
191.360
191.650
191.940
192.220
192.530
192.830
193.120
193.430
193.710
194.000
194.290
194.590
194.870
195.160
195.460
195.760
196.060
196.350
196.650
196.930
197.230
197.510
197.810
198.090
198.390
198.680
198.970
199.270
199.560
199.870
200.160
200.460
200.760
201.050
201.330
201.620
201.920
202.210
202.490
202.790
203.070
203.370
203.660
203.940
204.230
204.530
204.830
205.120
205.420
205.710
206.010
206.290
206.590
206.880
207.180
207.470
207.760
208.060
208.350
208.640
208.930
209.220
209.510
209.800
210.100
210.400
210.690
210.990
211.280
211.570
211.860
212.150
212.440
212.730
213.030
213.320
213.610
213.890
214.180
214.490
214.790
215.080
215.360
215.650
215.950
216.240
216.530
216.820
217.100
217.390
217.690
217.990
218.290
218.570
218.860
219.150
219.450
219.740
220.020
220.320
220.600
220.900
221.190
221.480
221.770
222.050
222.330
222.620
222.910
223.210
223.500
223.790
224.080
224.370
224.650
224.940
225.230
225.530
225.820
226.110
226.400
226.690
226.980
227.270
227.550
227.840
228.130
228.430
228.710
229.000
229.290
229.600
229.890
230.190
230.480
230.770
231.070
231.360
231.660
231.960
232.250
232.560
232.840
233.130
233.430
233.720
234.010
234.290
234.580
234.870
235.170
235.460
235.750
236.040
236.320
236.610
236.890
237.170
237.460
237.740
238.020
238.310
238.600
238.890
239.180
239.470
239.760
240.050
240.340
240.620
240.910
241.200
241.490
241.780
242.070
242.360
242.640
242.930
243.220
243.500
243.800
244.090
244.370
244.660
244.950
245.240
245.530
245.820
246.110
246.400
246.690
246.980
247.270
247.550
247.840
248.140
248.430
248.710
249.000
249.290
249.570
249.860
250.150
250.440
250.720
251.010
251.300
251.590
251.880
252.170
252.450
252.740
253.020
253.320
253.600
253.890
254.170
254.460
254.740
255.020
255.300
255.590
255.880
256.170
256.450
256.740
257.020
257.300
257.590
257.880
258.170
258.460
258.760
259.040
259.320
259.610
259.890
260.180
260.470
260.760
261.040
261.330
261.620
261.910
262.200
262.490
262.780
263.070
263.350
263.640
263.930
264.220
264.510
264.800
265.090
265.380
265.670
265.960
266.260
266.560
266.860
267.150
267.460
267.760
268.050
268.350
268.650
268.940
269.230
269.530
269.810
270.110
270.400
270.680
270.980
271.260
271.550
271.840
272.130
272.420
272.710
273.000
273.290
273.580
273.880
274.170
274.460
274.740
275.040
275.320
275.620
275.900
276.210
276.500
276.810
277.100
277.400
277.700
277.990
278.280
278.580
278.860
279.160
279.450
279.730
280.030
280.310
280.610
280.910
281.210
281.510
281.800
282.080
282.370
282.660
282.950
283.250
283.540
283.820
284.110
284.410
284.700
284.990
285.280
285.570
285.860
286.150
286.440
286.740
287.030
287.340
287.630
287.930
288.240
288.530
288.830
289.120
289.420
289.710
290.000
290.300
290.590
290.900
291.190
291.480
291.760
292.060
292.360
292.660
292.950
293.260
293.560
293.860
294.150
294.450
294.750
295.050
295.350
295.650
295.950
296.240
296.540
296.830
297.130
297.430
297.730
298.030
298.330
298.620
298.920
299.210
299.510
299.810
300.120
300.420
300.720
301.010
301.310
301.600
301.890
302.180
302.470
302.770
303.050
303.340
303.640
303.930
304.230
304.530
304.820
305.120
305.410
305.700
305.990
306.280
306.580
306.880
307.170
307.480
307.770
308.060
308.350
308.640
308.940
309.220
309.520
309.820
310.110
310.400
310.700
310.980
311.280
311.580
311.880
312.170
312.480
312.770
313.070
313.370
313.670
313.960
314.250
314.540
314.820
315.120
315.410
315.710
316.010
316.310
316.610
316.910
317.210
317.520
317.820
318.120
318.420
318.720
319.020
319.320
319.610
319.910
320.210
320.510
320.810
321.120
321.420
321.740
322.030
322.330
322.630
322.940
323.240
323.540
323.830
324.140
324.440
324.750
325.050
325.360
325.660
325.960
326.270
326.570
326.860
327.170
327.470
327.790
328.100
328.410
328.720
329.010
329.310
329.620
329.920
330.220
330.510
330.810
331.110
331.410
331.710
332.010
332.310
332.620
332.930
333.230
333.540
333.860
334.180
334.500
334.810
335.120
335.430
335.750
336.050
336.360
336.670
336.980
337.300
337.610
337.930
338.240
338.560
338.870
339.180
339.490
339.800
340.110
340.420
340.730
341.040
341.350
341.650
341.960
342.270
342.580
342.890
343.200
343.510
343.820
344.140
344.450
344.760
345.070
345.380
345.690
346.010
346.330
346.640
346.960
347.280
347.590
347.900
348.210
348.520
348.840
349.150
349.460
349.770
350.090
350.410
350.720
351.040
351.370
351.680
352.000
352.310
352.630
352.950
353.270
353.580
353.900
354.250
354.570
354.900
355.220
355.540
355.870
356.190
356.510
356.830
357.160
357.490
357.810
358.140
358.460
358.790
359.100
359.420
359.730
360.030
360.360
360.680
361.000
361.310
361.640
361.960
362.280
362.610
362.940
363.260
363.590
363.920
364.240
364.560
364.880
365.200
365.520
365.850
366.170
366.490
366.810
367.120
367.450
367.770
368.090
368.400
368.730
369.050
369.370
369.690
370.010
370.320
370.650
370.970
371.280
371.610
371.920
372.250
372.560
372.860
373.150
373.450
373.750
374.060
374.350
374.660
374.960
375.260
375.550
375.860
376.150
376.450
376.760
377.060
377.350
377.660
377.980
378.290
378.600
378.900
379.220
379.550
379.870
380.180
380.500
380.830
381.140
381.460
381.790
382.100
382.430
382.740
383.060
383.380
383.710
384.030
384.340
384.670
384.980
385.300
385.620
385.940
386.270
386.590
386.910
387.230
387.550
387.860
388.170
388.480
388.790
389.110
389.420
389.730
390.040
390.340
390.650
390.970
391.290
391.620
391.980
392.330
392.690
393.040
393.390
393.760
394.150
394.540
394.920
395.300
395.660
396.020
396.380
396.740
397.080
397.460
397.860
398.240
398.650
399.050
399.450
399.870
400.320
400.750
401.160
401.590
402.040
402.450
402.900
403.330
403.750
404.180
404.570
404.960
405.330
405.740
406.110
406.500
406.900
407.290
407.630
407.960
408.270
408.600
408.930
409.290
409.630
409.950
410.300
410.650
410.980
411.330
411.670
411.990
412.330
412.680
413.000
413.330
413.640
413.960
414.270
414.590
414.890
415.210
415.520
415.830
416.130
416.440
416.750
417.070
417.370
417.680
418.000
418.310
418.620
418.930
419.230
419.540
419.850
420.160
420.470
420.780
421.100
421.410
421.720
422.020
422.330
422.640
422.960
423.290
423.630
423.940
424.290
424.610
424.970
425.300
425.630
425.990
426.320
426.670
427.010
427.380
427.730
428.080
428.430
428.760
429.110
429.460
429.830
430.150
430.500
430.850
431.170
431.510
431.840
432.160
432.490
432.840
433.160
433.490
433.830
434.160
