0.210	1
0.440
0.670
0.910
1.150	1
1.385
1.620
1.855
2.090	1
2.320
2.550
2.795
3.040	1
3.265
3.490
3.725
3.960	1
4.200
4.440
4.675
4.910	1
5.135
5.360
5.595
5.830	1
6.050
6.270
6.510
6.750	1
6.975
7.200
7.425
7.650	1
7.890
8.130
8.365
8.600	1
8.825
9.050
9.285
9.520	1
9.750
9.980
10.210
10.440	1
10.675
10.910
11.135
11.360	1
11.590
11.820
12.050
12.280	1
12.505
12.730
12.965
13.200	1
13.425
13.650
13.875
14.100	1
14.325
14.550
14.785
15.020	1
15.250
15.480
15.715
15.950	1
16.180
16.410
16.635
16.860	1
17.090
17.320
17.555
17.790	1
18.020
18.250
18.480
18.710	1
18.940
19.170
19.395
19.620	1
19.850
20.080
20.310
20.540	1
20.770
21.000
21.235
21.470	1
21.695
21.920
22.150
22.380	1
22.610
22.840
23.075
23.310	1
23.540
23.770
23.995
24.220	1
24.455
24.690
24.920
25.150	1
25.380
25.610
25.840
26.070	1
26.310
26.550
26.780
27.010	1
27.235
27.460
27.700
27.940	1
28.165
28.390
28.620
28.850	1
29.085
29.320
29.555
29.790	1
30.030
30.270
30.495
30.720	1
30.955
31.190
31.415
31.640	1
31.875
32.110
32.340
32.570	1
32.800
33.030
33.260
33.490	1
33.720
33.950
34.180
34.410	1
34.635
34.860
35.090
35.320	1
35.550
35.780
36.010
36.240	1
36.465
36.690
36.920
37.150	1
37.380
37.610
37.840
38.070	1
38.300
38.530
38.760
38.990	1
39.215
39.440
39.670
39.900	1
40.120
40.340
40.565
40.790	1
41.020
41.250
41.480
41.710	1
41.935
42.160
42.390
42.620	1
42.840
43.060
43.295
43.530	1
43.760
43.990
44.225
44.460	1
44.690
44.920
45.145
45.370	1
45.595
45.820
46.045
46.270	1
46.495
46.720
46.940
47.160	1
47.375
47.590
47.820
48.050	1
48.265
48.480
48.700
48.920	1
49.140
49.360
49.585
49.810	1
50.035
50.260
50.480
50.700	1
50.925
51.150
51.375
51.600	1
51.825
52.050
52.275
52.500	1
52.725
52.950
53.175
53.400	1
53.620
53.840
54.060
54.280	1
54.510
54.740
54.965
55.190	1
55.415
55.640
55.860
56.080	1
56.305
56.530
56.755
56.980	1
57.195
57.410
57.630
57.850	1
58.075
58.300
58.525
58.750	1
58.980
59.210
59.430
59.650	1
59.880
60.110
60.330
60.550	1
60.780
61.010
61.235
61.460	1
61.685
61.910
62.135
62.360	1
62.585
62.810
63.035
63.260	1
63.490
63.720
63.945
64.170	1
64.395
64.620
64.845
65.070	1
65.290
65.510
65.740
65.970	1
66.195
66.420
66.640
66.860	1
67.085
67.310
67.540
67.770	1
67.995
68.220
68.445
68.670	1
68.895
69.120
69.350
69.580	1
69.805
70.030
70.250
70.470	1
70.695
70.920
71.145
71.370	1
71.595
71.820
72.045
72.270	1
72.495
72.720
72.945
73.170	1
73.400
73.630
73.855
74.080	1
74.305
74.530
74.755
74.980	1
75.205
75.430
75.650
75.870	1
76.095
76.320
76.545
76.770	1
76.995
77.220
77.445
77.670	1
77.895
78.120
78.345
78.570	1
78.790
79.010
79.230
79.450	1
79.675
79.900
80.120
80.340	1
80.570
80.800
81.015
81.230	1
81.455
81.680
81.900
82.120	1
82.340
82.560
82.780
83.000	1
83.225
83.450
83.675
83.900	1
84.125
84.350
84.570
84.790	1
85.010
85.230
85.450
85.670	1
85.895
86.120
86.335
86.550	1
86.775
87.000
87.220
87.440	1
87.665
87.890
88.120
88.350	1
88.575
88.800
89.025
89.250	1
89.475
89.700
89.925
90.150	1
90.370
90.590
90.810
91.030	1
91.255
91.480
91.700
91.920	1
92.140
92.360
92.585
92.810	1
93.030
93.250
93.465
93.680	1
93.905
94.130
94.345
94.560	1
94.785
95.010
95.230
95.450	1
95.670
95.890
96.115
96.340	1
96.560
96.780
96.995
97.210	1
97.435
97.660
97.885
98.110	1
98.335
98.560
98.785
99.010	1
99.235
99.460
99.680
99.900	1
100.120
100.340
100.565
100.790	1
101.010
101.230
101.450
101.670	1
101.890
102.110
102.330
102.550	1
102.780
103.010
103.235
103.460	1
103.685
103.910
104.130
104.350	1
104.575
104.800
105.020
105.240	1
105.460
105.680
105.895
106.110	1
106.335
106.560
106.785
107.010	1
107.230
107.450
107.670
107.890	1
108.120
108.350
108.575
108.800	1
109.030
109.260
109.485
109.710	1
109.935
110.160
110.385
110.610	1
110.830
111.050
111.270
111.490	1
111.715
111.940
112.160
112.380	1
112.610
112.840
113.060
113.280	1
113.505
113.730
113.950
114.170	1
114.390
114.610
114.830
115.050	1
115.275
115.500
115.720
115.940	1
116.165
116.390
116.610
116.830	1
117.055
117.280
117.510
117.740	1
117.965
118.190
118.405
118.620	1
118.840
119.060
119.275
119.490	1
119.715
119.940
120.160
120.380	1
120.605
120.830
121.055
121.280	1
121.505
121.730
121.950
122.170	1
122.395
122.620
122.845
123.070	1
123.295
123.520
123.730
123.940	1
124.165
124.390
124.610
124.830	1
125.055
125.280
125.500
125.720	1
125.940
126.160
126.385
126.610	1
126.830
127.050
127.270
127.490	1
127.715
127.940
128.160
128.380	1
128.600
128.820
129.045
129.270	1
129.495
129.720
129.945
130.170	1
130.385
130.600
130.830
131.060	1
131.285
131.510
131.730
131.950	1
132.170
132.390
132.615
132.840	1
133.065
133.290
133.515
133.740	1
133.965
134.190
134.405
134.620	1
134.850
135.080
135.295
135.510	1
135.735
135.960
136.175
136.390	1
136.605
136.820
137.040
137.260	1
137.480
137.700
137.920
138.140	1
138.365
138.590
138.810
139.030	1
139.250
139.470
139.685
139.900	1
140.120
140.340
140.565
140.790	1
141.015
141.240
141.455
141.670	1
141.890
142.110
142.330
142.550	1
142.770
142.990
143.205
143.420	1
143.635
143.850
144.070
144.290	1
144.510
144.730
144.945
145.160	1
145.385
145.610
145.820
146.030	1
146.250
146.470
146.690
146.910	1
147.130
147.350
147.570
147.790	1
148.015
148.240
148.460
148.680	1
148.900
149.120
149.340
149.560	1
149.785
150.010
150.230
150.450	1
150.665
150.880
151.100
151.320	1
151.540
151.760
151.985
152.210	1
152.435
152.660
152.880
153.100	1
153.325
153.550
153.775
154.000	1
154.220
154.440
154.665
154.890	1
155.115
155.340
155.565
155.790	1
156.010
156.230
156.450
156.670	1
156.890
157.110
157.330
157.550	1
157.760
157.970
158.190
158.410	1
158.630
158.850
159.075
159.300	1
159.520
159.740
159.960
160.180	1
160.400
160.620
160.835
161.050	1
161.265
161.480
161.695
161.910	1
162.120
162.330
162.550
162.770	1
162.990
163.210
163.430
163.650	1
163.870
164.090
164.300
164.510	1
164.730
164.950
165.165
165.380	1
165.595
165.810
166.030
166.250	1
166.470
166.690
166.910
167.130	1
167.350
167.570
167.785
168.000	1
168.215
168.430
168.650
168.870	1
169.095
169.320
169.540
169.760	1
169.985
170.210
170.430
170.650	1
170.865
171.080
171.290
171.500	1
171.715
171.930
172.145
172.360	1
172.585
172.810
173.030
173.250	1
173.475
173.700
173.915
174.130	1
174.350
174.570
174.785
175.000	1
175.215
175.430
175.645
175.860	1
176.070
176.280
176.505
176.730	1
176.945
177.160
177.380
177.600	1
177.815
178.030
178.250
178.470	1
178.690
178.910
179.135
179.360	1
179.580
179.800
180.020
180.240	1
180.465
180.690
180.910
181.130	1
181.350
181.570
181.785
182.000	1
182.225
182.450
182.675
182.900	1
183.125
183.350
183.575
183.800	1
184.020
184.240
184.470
184.700	1
184.920
185.140
185.360
185.580	1
185.790
186.000
186.220
186.440	1
186.665
186.890
187.120
187.350	1
187.570
187.790
188.015
188.240	1
188.460
188.680
188.900
189.120	1
189.350
189.580
189.800
190.020	1
190.240
190.460
190.685
190.910	1
191.130
191.350
191.575
191.800	1
192.020
192.240
192.460
192.680	1
192.895
193.110
193.325
193.540	1
193.755
193.970
194.195
194.420	1
194.645
194.870
195.085
195.300	1
195.515
195.730
195.950
196.170	1
196.395
196.620
196.845
197.070	1
197.295
197.520
197.740
197.960	1
198.190
198.420
198.640
198.860	1
199.080
199.300
199.520
199.740	1
199.955
200.170
200.385
200.600	1
200.825
201.050
201.270
201.490	1
201.710
201.930
202.150
202.370	1
202.590
202.810
203.025
203.240	1
203.465
203.690
203.900
204.110	1
204.335
204.560
204.780
205.000	1
205.220
205.440
205.655
205.870	1
206.095
206.320
206.535
206.750	1
206.975
207.200
207.415
207.630	1
207.850
208.070
208.285
208.500	1
208.720
208.940
209.160
209.380	1
209.605
209.830
210.050
210.270	1
210.495
210.720
210.940
211.160	1
211.380
211.600
211.820
212.040	1
212.265
212.490
212.705
212.920	1
213.145
213.370
213.580
213.790	1
214.010
214.230
214.440
214.650	1
214.875
215.100
215.320
215.540	1
215.760
215.980
216.210
216.440	1
216.660
216.880
217.105
217.330	1
217.545
217.760
217.990
218.220	1
218.445
218.670
218.895
219.120	1
219.335
219.550
219.770
219.990	1
220.215
220.440
220.660
220.880	1
221.100
221.320
221.550
221.780	1
222.005
222.230
222.455
222.680	1
222.910
223.140
223.365
223.590	1
223.820
224.050
224.270
224.490	1
224.720
224.950
225.170
225.390	1
225.615
225.840
226.060
226.280	1
226.510
226.740
226.965
227.190	1
227.415
227.640
227.860
228.080	1
228.300
228.520
228.740
228.960	1
229.185
229.410
229.640
229.870	1
230.100
230.330
230.550
230.770	1
230.995
231.220
231.435
231.650	1
231.865
232.080
232.295
232.510	1
232.730
232.950
233.160
233.370	1
233.590
233.810
234.035
234.260	1
234.475
234.690
234.910
235.130	1
235.355
235.580
235.800
236.020	1
236.240
236.460
236.675
236.890	1
237.110
237.330
237.550
237.770	1
237.995
238.220
238.435
238.650	1
238.875
239.100
239.315
239.530	1
239.755
239.980
240.200
240.420	1
240.640
240.860
241.080
241.300	1
241.520
241.740
241.955
242.170	1
242.390
242.610
242.830
243.050	1
243.270
243.490
243.710
243.930	1
244.150
244.370
244.590
244.810	1
245.035
245.260
245.475
245.690	1
245.910
246.130
246.350
246.570	1
246.785
247.000
247.220
247.440	1
247.665
247.890
248.110
248.330	1
248.550
248.770
248.995
249.220	1
249.440
249.660
249.885
250.110	1
250.335
250.560
250.780
251.000	1
251.225
251.450
251.670
251.890	1
252.115
252.340
252.560
252.780	1
253.000
253.220
253.440
253.660	1
253.885
254.110
254.330
254.550	1
254.775
255.000
255.220
255.440	1
255.655
255.870
256.090
256.310	1
256.530
256.750
256.970
257.190	1
257.415
257.640
257.860
258.080	1
258.300
258.520
258.740
258.960	1
259.180
259.400
259.615
259.830	1
260.050
260.270
260.495
260.720	1
260.930
261.140
261.365
261.590	1
261.810
262.030
262.255
262.480	1
262.705
262.930
263.150
263.370	1
263.595
263.820
264.035
264.250	1
264.470
264.690
264.915
265.140	1
265.365
265.590
265.815
266.040	1
266.260
266.480
266.710
266.940	1
267.155
267.370
267.595
267.820	1
268.045
268.270
268.495
268.720	1
268.945
269.170
269.395
269.620	1
269.845
270.070
270.285
270.500	1
270.715
270.930
271.150
271.370	1
271.590
271.810
272.035
272.260	1
272.475
272.690
272.915
273.140	1
273.360
273.580
273.800
274.020	1
274.245
274.470
274.690
274.910	1
275.135
275.360
275.585
275.810	1
276.035
276.260
276.470
276.680	1
276.905
277.130
277.350
277.570	1
277.775
277.980
278.205
278.430	1
278.650
278.870
279.090
279.310	1
279.530
279.750
279.970
280.190	1
280.410
280.630
280.855
281.080	1
281.300
281.520
281.740
281.960	1
282.180
282.400
282.625
282.850	1
283.070
283.290
283.520
283.750	1
283.965
284.180
284.400
284.620	1
284.840
285.060
285.280
285.500	1
285.720
285.940
286.165
286.390	1
286.610
286.830
287.045
287.260	1
287.485
287.710
287.925
288.140	1
288.360
288.580
288.800
289.020	1
289.240
289.460
289.680
289.900	1
290.120
290.340
290.560
290.780	1
291.005
291.230
291.450
291.670	1
291.885
292.100
292.315
292.530	1
292.755
292.980
293.195
293.410	1
293.635
293.860
294.080
294.300	1
294.515
294.730
294.955
295.180	1
295.405
295.630
295.845
296.060	1
296.275
296.490
296.715
296.940	1
297.155
297.370
297.590
297.810	1
298.030
298.250
298.470
298.690	1
298.905
299.120
299.340
299.560	1
299.775
299.990
300.215
300.440	1
300.660
300.880
301.095
301.310	1
301.530
301.750
301.970
302.190	1
302.405
302.620
302.840
303.060	1
303.280
303.500
303.720
303.940	1
304.160
304.380
304.595
304.810	1
305.025
305.240
305.455
305.670	1
305.895
306.120
306.335
306.550	1
306.770
306.990
307.205
307.420	1
307.645
307.870
308.090
308.310	1
308.530
308.750
308.965
309.180	1
309.400
309.620
309.845
310.070	1
310.290
310.510
310.730
310.950	1
311.175
311.400
311.620
311.840	1
312.055
312.270
312.480
312.690	1
312.900
313.110
313.335
313.560	1
313.780
314.000
314.220
314.440	1
314.670
314.900
315.130
315.360	1
315.580
315.800
316.025
316.250	1
316.470
316.690
316.910
317.130	1
317.345
317.560
317.780
318.000	1
318.220
318.440
318.655
318.870	1
319.090
319.310
319.525
319.740	1
319.960
320.180
320.400
320.620	1
320.840
321.060
321.280
321.500	1
321.720
321.940
322.165
322.390	1
322.615
322.840
323.065
323.290	1
323.505
323.720
323.940
324.160	1
324.380
324.600
324.820
325.040	1
325.260
325.480
325.700
325.920	1
326.135
326.350
326.570
326.790	1
327.005
327.220
327.435
327.650	1
327.880
328.110
328.330
328.550	1
328.775
329.000
329.215
329.430	1
329.655
329.880
330.100
330.320	1
330.540
330.760
330.980
331.200	1
331.420
331.640
331.855
332.070	1
332.295
332.520
332.740
332.960	1
333.180
333.400
333.625
333.850	1
334.065
334.280
334.495
334.710	1
334.940
335.170
335.385
335.600	1
335.825
336.050
336.265
336.480	1
336.705
336.930
337.150
337.370	1
337.585
337.800
338.020
338.240	1
338.465
338.690
338.905
339.120	1
339.340
339.560
339.785
340.010	1
340.225
340.440
340.660
340.880	1
341.100
341.320
341.535
341.750	1
341.970
342.190
342.410
342.630	1
342.855
343.080
343.290
343.500	1
343.715
343.930
344.150
344.370	1
344.585
344.800
345.020
345.240	1
345.455
345.670
345.890
346.110	1
346.335
346.560
346.770
346.980	1
347.195
347.410
347.620
347.830	1
348.045
348.260
348.475
348.690	1
348.915
349.140
349.360
349.580	1
349.800
350.020
350.240
350.460	1
350.680
350.900
351.115
351.330	1
351.555
351.780
351.995
352.210	1
352.430
352.650
352.870
353.090	1
353.320
353.550
353.770
353.990	1
354.210
354.430
354.645
354.860	1
355.080
355.300
355.520
355.740	1
355.960
356.180
356.410
356.640	1
356.860
357.080
357.300
357.520	1
357.745
357.970
358.185
358.400	1
358.625
358.850
359.075
359.300	1
359.520
359.740
359.960
360.180	1
360.405
360.630
360.850
361.070	1
361.290
361.510
361.720
361.930	1
362.155
362.380
362.595
362.810	1
363.040
363.270
363.490
363.710	1
363.925
364.140
364.365
364.590	1
364.815
365.040
365.260
365.480	1
365.705
365.930
366.145
366.360	1
366.585
366.810
367.035
367.260	1
367.480
367.700
367.925
368.150	1
368.370
368.590
368.810
369.030	1
369.260
369.490
369.710
369.930	1
370.165
370.400
370.615
370.830	1
371.050
371.270
371.485
371.700	1
371.925
372.150
372.370
372.590	1
372.820
373.050
373.275
373.500	1
373.725
373.950
374.170
374.390	1
374.610
374.830
375.055
375.280	1
375.500
375.720
375.935
376.150	1
376.375
376.600
376.825
377.050	1
377.270
377.490
377.710
377.930	1
378.150
378.370
378.585
378.800	1
379.020
379.240
379.460
379.680	1
379.900
380.120
380.325
380.530	1
380.755
380.980
381.205
381.430	1
381.660
381.890
382.110
382.330	1
382.565
382.800
383.060
383.320	1
