0.270
0.710
1.130
1.570
2.020
2.470
2.910
3.340
3.770
4.220
4.700
5.140
5.610
6.080
6.520
6.960
7.420
7.880
8.350
8.790
9.230
9.700
10.150
10.620
11.070
11.530
11.960
12.420
12.860
13.320
13.760
14.220
14.670
15.110
15.590
16.050
16.510
16.960
17.420
17.870
18.350
18.790
19.240
19.670
20.130
20.560
21.010
21.460
21.900
22.350
22.800
23.250
23.700
24.160
24.610
25.040
25.490
25.940
26.390
26.830
27.280
27.710
28.160
28.610
29.050
29.500
29.970
30.400
30.850
31.310
31.760
32.200
32.650
33.090
33.530
33.980
34.430
34.880
35.320
35.770
36.220
36.660
37.110
37.550
38.000
38.460
38.920
39.370
39.810
40.270
40.720
41.150
41.610
42.050
42.490
42.930
43.370
43.810
44.260
44.710
45.160
45.600
46.040
46.460
46.900
47.350
47.790
48.240
48.690
49.130
49.580
50.030
50.480
50.940
51.370
51.800
52.260
52.690
53.140
53.570
54.010
54.450
54.890
55.340
55.790
56.220
56.680
57.130
57.590
58.040
58.500
58.950
59.400
59.850
60.290
60.730
61.180
61.630
62.060
62.520
62.970
63.420
63.880
64.340
64.810
65.260
65.710
66.150
66.590
67.050
67.500
67.950
68.410
68.850
69.300
69.750
70.190
70.630
71.080
71.530
71.980
72.450
72.890
73.350
73.810
74.250
74.700
75.140
75.600
76.040
76.490
76.930
77.370
77.800
78.240
78.680
79.130
79.590
80.030
80.480
80.930
81.360
81.820
82.250
82.700
83.140
83.600
84.060
84.500
84.940
85.380
85.840
86.270
86.720
87.170
87.630
88.070
88.510
88.970
89.430
89.880
90.330
90.780
91.250
91.710
92.180
92.640
93.080
93.550
94.000
94.450
94.900
95.350
95.790
96.250
96.690
97.140
97.600
98.060
98.510
98.960
99.390
99.840
100.270
100.730
101.170
101.620
102.060
102.510
102.950
103.390
103.850
104.300
104.730
105.180
105.630
106.070
106.500
106.930
107.370
107.820
108.250
108.690
109.140
109.570
110.020
110.450
110.890
111.340
111.790
112.240
112.700
113.140
113.570
114.010
114.460
114.920
115.360
115.830
116.270
116.720
117.160
117.610
118.040
118.480
118.910
119.370
119.800
120.250
120.690
121.150
121.590
122.030
122.480
122.930
123.390
123.830
124.270
124.720
125.170
125.620
126.040
126.490
126.920
127.370
127.810
128.250
128.700
129.140
129.570
130.030
130.480
130.930
131.370
131.800
132.230
132.670
133.120
133.550
134.000
134.440
134.880
135.320
135.770
136.210
136.640
137.080
137.530
137.960
138.410
138.850
139.280
139.720
140.160
140.610
141.050
141.470
141.900
142.340
142.760
143.190
143.630
144.060
144.500
144.950
145.390
145.820
146.270
146.710
147.150
147.590
148.020
148.470
148.910
149.330
149.780
150.210
150.650
151.080
151.520
151.960
152.400
152.830
153.270
153.710
154.150
154.580
155.000
155.430
155.870
156.300
156.740
157.170
157.610
158.050
158.490
158.920
159.370
159.790
160.230
160.660
161.100
161.530
161.950
162.380
162.800
163.230
163.680
164.100
164.520
164.960
165.390
165.830
166.280
166.730
167.180
167.630
168.070
168.520
168.960
169.410
169.840
170.280
170.740
171.180
171.620
172.060
172.500
172.950
173.390
173.830
174.270
174.720
175.160
175.620
176.090
176.560
177.010
177.460
177.930
178.400
178.850
179.310
179.770
180.220
180.670
181.110
181.570
182.020
182.470
182.930
183.370
183.820
184.280
184.720
185.170
185.630
186.080
186.520
186.970
187.420
187.840
188.310
188.750
189.220
189.660
190.130
190.590
191.060
191.490
191.960
192.390
192.850
193.290
193.760
194.220
194.670
195.130
195.590
196.050
196.480
196.920
197.350
197.790
198.230
198.680
199.110
199.560
200.010
200.450
200.900
201.340
201.800
202.240
202.690
203.140
203.570
204.030
204.480
204.920
205.380
205.810
206.260
206.730
207.180
207.620
208.080
208.540
208.980
209.450
209.900
210.340
210.790
211.220
211.680
212.120
212.580
213.020
213.460
213.910
214.360
214.810
215.270
215.700
216.140
216.580
217.050
217.500
217.940
218.380
218.830
219.280
219.720
220.150
220.590
221.020
221.480
221.930
222.390
222.830
223.270
223.740
224.170
224.620
225.070
225.510
225.950
226.410
226.840
227.300
227.750
228.210
228.660
229.120
229.590
230.050
230.510
230.970
231.440
231.880
232.320
232.780
233.220
233.660
234.090
234.560
235.010
235.470
235.910
236.380
236.830
237.260
237.730
238.170
238.640
239.110
239.570
240.020
240.440
240.880
241.300
241.720
242.140
242.560
243.000
243.420
243.820
244.260
244.660
245.100
245.530
245.970
246.390
246.830
247.250
247.710
248.150
248.620
249.080
249.560
250.040
250.490
250.960
251.430
251.920
252.390
252.850
253.330
253.810
254.290
254.770
255.250
255.730
256.230
256.710
257.190
257.670
258.150
258.610
