0.360
0.910
1.430
1.970
2.490
3.010
3.530
4.060
4.630
5.160
5.690
6.200
6.720
7.250
7.760
8.270
8.760
9.310
9.830
10.370
10.890
11.410
11.930
12.460
12.980
13.500
14.030
14.550
15.030
15.550
16.080
16.560
17.100
17.620
18.150
18.680
19.210
19.740
20.260
20.780
21.300
21.820
22.330
22.850
23.370
23.890
24.400
24.890
25.370
25.890
26.420
26.930
27.450
27.970
28.490
29.020
29.530
30.060
30.580
31.090
31.590
32.110
32.640
33.150
33.660
34.170
34.690
35.200
35.700
36.210
36.710
37.230
37.740
38.260
38.760
39.290
39.790
40.300
40.810
41.320
41.840
42.350
42.870
43.380
43.870
44.380
44.880
45.370
45.900
46.400
46.890
47.390
47.900
48.400
48.860
49.370
49.870
50.370
50.890
51.390
51.900
52.400
52.920
53.430
53.930
54.430
54.930
55.430
55.930
56.440
56.940
57.450
57.950
58.460
58.960
59.460
59.960
60.460
60.970
61.470
61.970
62.470
62.960
63.470
63.960
64.460
64.970
65.470
65.970
66.470
66.970
67.480
67.980
68.490
68.990
69.510
70.010
70.520
71.000
71.490
72.000
72.490
72.990
73.490
74.000
74.500
75.000
75.500
75.990
76.490
76.990
77.490
77.990
78.490
79.000
79.500
80.000
80.510
81.010
81.510
82.020
82.530
83.020
83.550
84.040
84.530
85.050
85.560
86.070
86.570
87.070
87.580
88.070
88.560
89.060
89.570
90.070
90.570
91.070
91.580
92.080
92.560
93.070
93.570
94.060
94.560
95.070
95.570
96.070
96.590
97.100
97.600
98.090
98.590
99.110
99.610
100.120
100.610
101.110
101.610
102.110
102.620
103.120
103.610
104.110
104.630
105.140
105.630
106.130
106.640
107.150
107.660
108.170
108.670
109.180
109.670
110.170
110.670
111.170
111.670
112.160
112.650
113.150
113.630
114.120
114.620
115.120
115.620
116.110
116.610
117.100
117.600
118.100
118.590
119.090
119.580
120.090
120.570
121.080
121.570
122.060
122.550
123.050
123.550
124.040
124.550
125.040
125.550
126.040
126.540
127.030
127.530
128.020
128.530
129.030
129.520
130.010
130.510
131.010
131.500
131.990
132.490
132.990
133.480
133.960
134.460
134.960
135.450
135.930
136.420
136.910
137.390
137.880
138.370
138.870
139.350
139.840
140.330
140.830
141.320
141.800
142.290
142.790
143.290
143.790
144.260
144.750
145.240
145.740
146.220
146.690
147.160
147.630
148.100
148.580
149.050
149.530
149.980
150.450
150.900
151.330
151.790
152.230
152.680
153.140
153.620
154.090
154.560
155.040
155.520
155.980
156.460
156.920
157.380
157.840
158.300
158.770
159.230
159.690
160.150
160.600
161.070
161.550
162.020
162.490
162.980
163.450
163.930
164.390
164.830
165.280
165.730
166.170
166.610
167.060
167.520
168.000
168.470
168.950
169.410
169.880
170.360
170.840
171.320
171.790
172.270
172.740
173.220
173.690
174.160
174.640
175.110
175.570
176.050
176.520
176.990
177.470
177.950
178.430
178.900
179.360
179.840
180.330
180.810
181.290
181.760
182.220
182.680
183.150
183.630
184.120
184.590
185.060
185.540
186.020
186.490
186.960
187.440
187.910
188.360
188.830
189.290
189.750
190.210
190.680
191.150
191.640
192.100
192.570
193.030
193.510
193.980
194.450
194.910
195.390
195.840
196.320
196.770
197.250
197.740
198.230
198.700
199.190
199.660
200.120
200.600
201.080
201.570
202.040
202.500
202.930
203.380
203.820
204.260
204.710
205.150
205.600
206.060
206.540
207.000
207.470
207.940
208.410
208.870
209.320
209.780
210.230
210.700
211.170
211.630
212.080
212.540
213.010
213.490
213.980
214.440
214.910
215.390
215.870
216.350
216.830
217.290
217.760
218.200
218.650
219.120
219.560
220.040
220.490
220.960
221.450
221.910
222.380
222.850
223.330
223.790
224.250
224.720
225.180
225.610
226.060
226.500
226.950
227.370
227.820
228.290
228.780
229.250
229.720
230.210
230.670
231.130
231.620
232.060
232.510
232.980
233.420
233.880
234.340
234.820
235.270
235.740
236.220
236.680
237.140
237.600
238.070
238.540
239.000
239.460
239.910
240.350
240.790
241.260
241.710
242.150
242.590
243.050
243.530
243.990
244.460
244.940
245.400
245.890
246.360
246.810
247.270
247.730
248.190
248.640
249.110
249.570
250.020
250.480
250.960
251.440
251.910
252.390
252.870
253.330
253.790
254.250
254.710
255.170
255.600
256.050
256.520
256.960
257.420
257.890
258.350
258.830
259.300
259.770
260.240
260.710
261.180
261.650
262.100
262.570
263.040
263.520
263.980
264.450
264.930
265.390
265.870
266.350
266.820
267.310
267.770
268.250
268.720
269.200
269.690
270.160
270.640
271.120
271.590
272.080
272.560
273.050
273.520
274.000
274.480
274.970
275.450
275.940
276.420
276.900
277.380
277.850
278.340
278.820
279.300
279.760
280.210
280.680
281.160
281.640
282.110
282.580
283.040
283.520
283.980
284.450
284.910
285.370
285.830
286.310
286.770
287.230
287.680
288.150
288.610
289.080
289.560
290.030
290.500
290.980
291.460
291.940
292.420
292.900
293.390
293.870
294.360
294.830
295.300
295.770
296.240
296.710
297.200
297.680
298.160
298.650
299.140
299.610
300.130
300.620
301.110
301.590
302.060
302.560
303.060
303.620
304.240
304.830
305.390
305.940
306.530
307.090
307.660
308.230
308.770
309.360
309.910
310.480
311.010
311.570
312.170
312.710
313.300
313.880
314.450
315.110
315.750
316.360
317.000
