0.430
1.360
2.200
3.030
3.840
4.700
5.600
6.420
7.290
8.090
8.940
9.780
10.620
11.420
12.270
13.160
14.020
14.850
15.630
16.500
17.310
18.120
18.990
19.800
20.600
21.460
22.350
23.200
24.050
24.860
25.720
26.520
27.380
28.240
29.050
29.920
30.830
31.660
32.480
33.330
34.170
34.990
35.820
36.660
37.510
38.390
39.220
40.110
40.980
41.810
42.670
43.560
44.490
45.350
46.220
47.090
47.940
48.780
49.600
50.450
51.350
52.230
53.090
53.950
54.820
55.680
56.550
57.430
58.350
59.180
60.040
60.910
61.730
62.560
63.440
64.300
65.180
66.070
66.930
67.790
68.680
69.580
70.480
71.360
72.240
73.140
74.010
74.890
75.780
76.660
77.540
78.410
79.320
80.140
81.030
81.900
82.790
83.660
84.500
85.370
86.250
87.060
87.980
88.850
89.780
90.680
91.570
92.440
93.300
94.210
95.070
95.940
96.860
97.760
98.630
99.540
100.450
101.320
102.230
103.120
104.030
104.900
105.800
106.640
107.550
108.390
109.260
110.190
111.080
111.950
112.840
113.690
114.590
115.480
116.360
117.230
118.150
119.000
119.880
120.770
121.640
122.550
123.440
124.320
125.220
126.110
127.060
127.950
128.860
129.780
130.690
131.640
132.560
133.480
134.390
135.320
136.240
137.170
138.080
139.020
139.950
140.850
141.780
142.700
143.610
144.530
145.450
146.410
147.330
148.280
149.200
150.150
151.040
152.000
152.930
153.840
154.760
155.680
156.610
157.540
158.510
159.440
160.370
161.280
162.210
163.140
164.060
165.010
165.920
166.900
167.760
168.700
169.600
170.550
171.450
172.410
173.360
174.280
175.200
176.160
177.070
178.010
178.950
179.870
180.870
181.820
182.740
183.680
184.640
185.580
186.580
187.540
188.530
189.510
190.460
191.450
192.420
193.320
194.210
195.110
195.980
196.930
197.860
198.730
199.720
200.650
201.600
202.620
203.540
204.540
205.510
