0.100
1.030
1.960
2.900
3.790
4.720
5.580
6.500
7.410
8.260
9.170
10.000
10.860
11.710
12.580
13.420
14.320
15.160
16.000
16.870
17.740
18.540
19.380
20.200
21.050
21.900
22.710
23.530
24.370
25.230
26.030
26.870
27.680
28.520
29.410
30.230
31.090
31.900
32.780
33.620
34.440
35.280
36.110
36.930
37.740
38.580
39.420
40.250
41.040
41.870
42.680
43.480
44.280
45.140
45.940
46.770
47.580
48.410
49.200
50.020
50.850
51.660
52.460
53.270
54.070
54.860
55.680
56.500
57.300
58.120
58.930
59.700
60.490
61.300
62.120
62.960
63.770
64.550
65.160
65.790
66.380
67.020
67.630
68.260
68.870
69.490
70.100
70.510
70.910
71.330
71.750
72.160
72.560
72.970
73.370
73.780
74.180
74.580
75.010
75.410
75.810
76.230
76.630
77.040
77.460
77.860
78.270
78.670
79.080
79.480
79.880
80.300
80.720
81.140
81.540
81.960
82.370
82.770
83.170
83.580
84.000
84.400
84.810
85.220
85.630
86.020
86.430
86.830
87.240
87.640
88.040
88.430
88.850
89.260
89.670
90.070
90.470
90.870
91.280
91.700
92.110
92.530
92.910
93.320
93.720
94.120
94.520
94.920
95.320
95.730
96.130
96.540
96.940
97.370
97.780
98.190
98.600
98.990
99.400
99.820
100.210
100.620
101.010
101.410
101.820
102.220
102.630
103.040
103.460
103.860
104.250
104.660
105.070
105.480
105.880
106.280
106.700
107.100
107.500
107.910
108.290
108.690
109.060
109.470
109.860
110.260
110.660
111.070
111.460
111.860
112.250
112.640
113.040
113.440
113.830
114.220
114.630
115.040
115.430
115.810
116.190
116.590
116.990
117.370
117.770
118.160
118.550
118.960
119.360
119.760
120.150
120.550
120.950
121.350
121.720
122.120
122.530
122.920
123.310
123.700
124.100
124.510
124.890
125.280
125.670
126.060
126.460
126.850
127.250
127.640
128.040
128.430
128.810
129.200
129.600
129.990
130.390
130.760
131.170
131.560
131.950
132.350
132.750
133.140
133.540
133.940
134.340
134.730
135.130
135.540
135.930
136.340
136.740
137.120
137.500
137.890
138.270
138.660
139.060
139.450
139.840
140.250
140.630
141.040
141.420
141.810
142.190
142.590
142.980
143.380
143.770
144.150
144.550
144.940
145.350
145.750
146.140
146.530
146.930
147.320
147.710
148.110
148.500
148.890
149.270
149.660
150.060
150.460
150.850
151.240
151.630
152.020
152.410
152.800
153.190
153.580
153.970
154.370
154.770
155.160
155.560
155.950
156.350
156.750
157.140
157.510
157.910
158.300
158.700
159.090
159.460
159.870
160.270
160.660
161.060
161.480
161.880
162.270
162.670
163.070
163.470
163.870
164.280
164.680
165.060
165.460
165.850
166.220
166.610
167.000
167.390
167.770
168.160
168.550
168.950
169.350
169.730
170.130
170.520
170.910
171.290
171.680
172.070
172.460
172.840
173.250
173.640
174.030
174.430
174.820
175.210
175.590
175.980
176.380
176.760
177.160
177.560
177.940
178.340
178.720
179.110
179.500
179.890
180.280
180.680
181.070
181.460
181.840
182.220
182.610
182.990
183.360
183.750
184.150
184.530
184.920
185.310
185.700
186.090
186.470
186.850
187.230
187.620
188.010
188.400
188.790
189.190
189.570
189.970
190.360
190.740
191.130
191.530
191.920
192.290
192.700
193.090
193.480
193.870
194.250
194.640
195.030
195.410
195.800
196.190
196.580
196.960
197.340
197.730
198.100
198.480
198.860
199.240
199.630
200.020
200.400
200.780
201.160
201.530
201.920
202.300
202.680
203.050
203.440
203.810
204.200
204.580
204.950
205.330
205.720
206.110
206.490
206.870
207.250
207.640
208.030
208.410
208.790
209.160
209.550
209.930
210.320
210.700
211.080
211.460
211.840
212.220
212.580
212.970
213.350
213.730
214.100
214.480
214.860
215.240
215.630
215.990
216.370
216.760
217.140
217.540
217.910
218.310
218.700
219.080
219.450
219.830
220.220
220.600
220.970
221.360
221.720
222.090
222.470
222.840
223.220
223.600
223.970
224.360
224.740
225.100
225.480
225.870
226.240
226.630
227.010
227.390
227.770
228.160
228.530
228.910
229.300
229.680
230.050
230.430
230.820
231.190
231.560
231.940
232.310
232.690
233.060
233.450
233.830
234.210
234.580
234.970
235.330
235.710
236.100
236.490
236.860
237.230
237.610
237.980
238.360
238.710
239.100
239.480
239.850
240.240
240.620
240.990
241.370
241.740
242.120
242.490
242.870
243.240
243.610
243.990
244.370
244.750
245.140
245.520
245.900
246.280
246.660
247.040
247.410
247.780
248.160
248.530
248.910
249.270
249.650
250.020
250.410
250.780
251.160
251.540
251.910
252.280
252.660
253.030
253.390
253.760
254.140
254.520
254.890
255.260
255.640
256.020
256.390
256.770
257.150
257.520
257.890
258.260
258.640
258.990
259.370
259.730
260.110
260.500
260.880
261.270
261.640
262.010
262.380
262.760
263.110
263.460
263.830
264.220
264.590
264.960
265.320
265.700
266.070
266.430
266.810
267.180
267.540
267.920
268.280
268.660
269.030
269.400
269.780
270.140
270.530
270.900
271.280
271.640
272.010
272.400
272.780
273.140
273.500
273.890
274.270
274.640
275.010
275.380
275.740
276.120
276.480
276.850
277.230
277.600
277.980
278.340
278.710
279.080
279.440
279.810
280.160
280.520
280.880
281.270
281.640
282.000
282.370
282.750
283.120
283.500
283.880
284.250
284.630
284.990
285.380
285.740
286.110
286.480
286.840
287.220
287.590
287.960
288.330
288.700
289.080
289.440
289.810
290.170
290.560
290.930
291.290
291.670
292.040
292.410
292.780
293.140
293.490
293.870
294.240
294.610
294.970
295.350
295.700
296.090
296.450
296.850
297.310
297.750
298.210
298.660
299.130
299.580
300.060
300.520
301.050
301.590
302.170
302.730
303.320
303.890
304.470
305.010
305.570
306.130
306.710
307.240
307.790
308.330
308.890
309.420
309.970
310.520
311.080
311.620
312.210
312.760
313.300
313.860
314.440
314.980
315.450
315.910
316.380
316.830
317.280
317.760
318.220
318.670
319.130
319.580
320.040
320.520
320.960
321.430
321.880
322.320
322.780
323.240
323.680
324.120
324.580
325.040
325.470
325.900
326.310
326.750
327.210
327.670
328.130
328.580
329.030
329.470
329.930
330.360
330.820
331.240
331.690
332.130
332.590
333.040
333.480
333.930
334.380
334.750
335.140
335.510
335.890
336.230
336.590
336.950
337.340
337.730
338.140
338.520
338.900
339.270
339.650
340.020
340.410
340.830
341.230
341.710
342.230
342.750
343.250
343.750
344.260
344.760
345.290
345.820
346.350
346.820
347.340
347.840
348.330
348.790
349.190
349.560
349.970
350.360
350.750
351.140
351.520
351.900
352.290
352.680
353.050
353.430
353.800
354.190
354.560
354.960
355.340
355.710
356.100
356.490
356.890
357.260
357.640
358.030
358.410
358.810
359.180
359.570
359.940
360.320
360.720
361.100
361.480
361.860
362.240
362.640
363.010
363.390
363.770
364.160
364.530
364.900
365.280
365.660
366.040
366.420
366.810
367.200
367.580
367.970
368.370
368.730
369.110
369.500
369.850
370.230
370.610
371.000
371.400
371.770
372.160
372.550
372.930
373.310
373.700
374.080
374.460
374.840
375.220
375.590
375.970
376.360
376.760
377.170
377.550
377.960
378.370
378.780
379.220
379.710
380.180
380.660
381.160
381.620
382.120
382.600
383.060
