0.540
1.500
2.440
3.370
4.350
5.340
6.280
7.350
8.400
9.540
10.590
11.720
12.750
13.880
14.920
16.030
17.070
18.150
19.210
20.290
21.330
22.430
23.460
24.520
25.590
26.640
27.720
28.800
29.830
30.900
31.930
32.950
34.020
35.050
36.090
37.190
38.210
39.260
40.300
41.390
42.430
43.470
44.550
45.570
46.640
47.670
48.700
49.770
50.860
51.870
52.960
54.010
55.060
56.110
57.170
58.220
59.290
60.330
61.390
62.480
63.540
64.590
65.660
66.750
67.780
68.840
69.920
70.980
72.030
73.120
74.160
75.250
76.340
77.370
78.500
79.540
80.640
81.700
82.750
83.810
84.810
85.880
86.920
87.960
88.980
90.050
91.060
92.170
93.170
94.220
95.320
96.350
97.430
98.500
99.530
100.600
101.640
102.690
103.710
104.800
105.800
106.900
108.000
109.100
110.110
111.170
112.270
113.300
114.430
115.490
116.600
117.680
118.740
119.800
120.890
121.950
123.000
124.080
125.140
126.190
127.280
128.300
129.400
130.420
131.470
132.520
133.570
134.610
135.670
136.740
137.800
138.870
139.940
140.980
142.010
142.930
143.510
144.060
144.570
145.080
145.580
146.070
146.570
147.090
147.590
148.100
148.610
149.090
149.580
150.070
150.560
151.070
151.580
152.070
152.580
153.050
153.560
154.050
154.550
155.070
155.570
156.060
156.590
157.080
157.600
158.130
158.630
159.110
159.630
160.130
160.640
161.120
161.600
162.080
162.600
163.080
163.600
164.080
164.580
165.070
165.550
166.050
166.560
167.070
167.550
168.070
168.540
169.060
169.540
170.060
170.550
171.040
171.520
172.000
172.490
172.990
173.480
174.000
174.490
174.990
175.500
176.000
176.500
177.000
177.480
177.990
178.500
179.000
179.490
179.990
180.480
180.970
181.460
181.940
182.430
182.920
183.410
183.920
184.410
184.910
185.380
185.880
186.380
186.890
187.400
187.920
188.430
188.900
189.410
189.940
190.430
190.940
191.440
191.930
192.440
192.950
193.420
193.920
194.420
194.910
195.420
195.920
196.410
196.890
197.370
197.880
198.370
198.850
199.360
199.840
200.360
200.850
201.350
201.830
202.340
202.830
203.350
203.830
204.350
204.840
205.340
205.850
206.440
207.190
207.960
208.960
210.000
211.030
212.070
213.100
214.170
215.190
216.240
217.270
218.240
219.290
220.290
221.280
222.280
223.350
224.350
225.410
226.420
227.460
228.460
229.450
230.480
231.530
232.570
233.580
234.610
235.670
236.690
237.760
238.820
239.920
240.920
241.930
242.970
244.020
245.050
246.040
247.060
248.060
249.070
250.070
251.060
252.090
253.100
254.150
255.180
256.240
257.230
258.260
259.310
260.380
261.440
262.490
263.520
264.590
265.640
266.700
267.750
268.810
269.820
270.850
271.860
272.930
274.000
275.040
276.080
277.210
278.260
279.330
280.350
281.440
282.450
283.540
284.640
285.710
286.740
287.870
288.920
289.990
291.030
292.160
293.210
294.250
295.220
296.260
297.260
298.340
299.430
300.530
301.600
302.640
303.530
304.490
305.400
306.280
307.220
308.160
309.100
