0.600
1.220
1.830
2.470
3.070
3.730
4.350
4.990
5.610
6.260
6.890
7.580
8.200
8.900
9.530
10.160
10.810
11.460
12.070
12.700
13.340
13.980
14.620
15.260
15.900
16.550
17.160
17.810
18.490
19.150
19.800
20.440
21.050
21.680
22.330
22.970
23.600
24.220
24.850
25.470
26.120
26.730
27.340
27.970
28.600
29.260
29.890
30.500
31.160
31.770
32.400
33.050
33.700
34.300
34.950
35.580
36.180
36.790
37.450
38.070
38.700
39.340
39.980
40.610
41.240
41.900
42.510
43.130
43.740
44.360
45.000
45.600
46.250
46.870
47.500
48.130
48.770
49.350
49.980
50.590
51.200
51.770
52.400
53.080
53.730
54.360
55.000
55.680
56.310
56.950
57.600
58.220
58.880
59.540
60.180
60.810
61.440
62.040
62.690
63.310
63.950
64.590
65.200
65.840
66.530
67.170
67.820
68.450
69.110
69.720
70.400
71.010
71.700
72.340
72.940
73.550
74.190
74.850
75.480
76.130
76.750
77.400
78.010
78.640
79.270
79.910
80.560
81.180
81.810
82.450
83.080
83.710
84.360
84.970
85.620
86.240
86.860
87.480
88.120
88.720
89.350
89.980
90.610
91.220
91.870
92.510
93.140
93.750
94.410
95.060
95.710
96.370
96.970
97.620
98.240
98.880
99.540
100.200
100.830
101.470
102.100
102.740
103.370
104.040
104.670
105.280
105.920
106.540
107.190
107.810
108.450
109.120
109.760
110.410
111.050
111.710
112.360
113.000
113.670
114.320
114.970
115.590
116.260
116.910
117.530
118.180
118.820
119.450
120.130
120.770
121.440
122.060
122.710
123.310
123.940
124.630
125.280
125.910
126.530
127.150
127.800
128.450
129.100
129.730
130.350
130.970
131.610
132.270
132.980
133.640
134.340
135.010
135.670
136.310
136.910
137.570
138.170
138.810
139.460
140.090
140.740
141.370
142.050
142.690
143.330
143.990
144.620
145.250
145.900
146.570
147.220
147.870
148.530
149.160
149.830
150.440
151.100
151.750
152.410
153.080
153.710
154.340
154.990
155.590
156.250
156.900
157.520
158.180
158.790
159.420
160.070
160.700
161.360
162.000
162.640
163.270
163.900
164.550
165.170
165.810
166.470
167.130
167.830
168.560
169.230
169.880
170.580
171.210
171.870
172.400
172.940
173.470
174.030
174.610
175.160
175.770
176.400
177.070
177.710
178.350
178.960
179.620
