0.350
0.910
1.510
2.090
2.650
3.290
3.890
4.480
5.090
5.710
6.360
6.980
7.590
8.160
8.730
9.310
9.930
10.520
11.110
11.720
12.500
13.200
14.000
14.740
15.640
16.580
17.470
18.340
19.270
20.210
21.110
22.060
23.010
23.890
24.800
25.720
26.630
27.510
28.440
29.330
30.290
31.200
32.150
33.060
33.990
34.960
35.920
36.760
37.670
38.510
39.330
40.180
41.160
42.100
43.100
44.010
44.950
45.870
46.830
47.830
48.750
49.720
50.640
51.630
52.500
53.430
54.360
55.320
56.290
57.350
58.350
59.380
60.380
61.330
62.350
63.270
64.210
65.200
66.130
67.110
68.080
69.120
70.110
71.120
72.070
73.030
73.980
74.970
75.880
76.900
77.910
78.910
79.910
80.910
81.900
82.930
83.920
84.920
85.880
86.920
87.880
88.870
89.920
90.940
91.970
92.930
93.970
95.000
96.000
97.030
98.140
99.190
100.170
101.190
102.190
103.190
104.180
105.180
106.190
107.270
108.300
109.330
110.370
111.400
112.430
113.450
114.420
115.460
116.480
117.500
118.500
119.580
120.580
121.570
122.590
123.600
124.620
125.650
126.720
127.750
128.750
129.790
130.800
131.840
132.890
133.920
134.960
135.980
136.990
137.690
138.350
139.030
139.530
140.050
140.550
141.050
141.560
142.060
142.570
143.060
143.560
144.070
144.580
145.070
145.560
146.060
146.580
147.050
147.590
148.070
148.590
149.070
149.590
150.080
150.580
151.080
151.580
152.080
152.580
153.110
153.580
154.090
154.600
155.090
155.610
156.090
156.610
157.130
157.630
158.120
158.630
159.160
159.700
160.190
160.710
161.200
161.730
162.240
162.760
163.270
163.780
164.270
164.780
165.290
165.820
166.310
166.840
167.340
167.890
168.410
168.910
169.440
169.950
170.470
171.000
171.520
172.040
172.530
173.020
173.540
174.050
174.540
175.060
175.570
176.090
176.580
177.090
177.600
178.120
178.610
179.110
179.640
180.140
180.670
181.140
181.660
182.150
182.680
183.200
183.700
184.200
184.730
185.240
185.780
186.280
186.800
187.340
187.850
188.380
188.910
189.430
189.950
190.490
191.010
191.520
192.040
192.560
193.090
193.590
194.110
194.640
195.150
195.650
196.170
196.690
197.220
197.710
198.230
198.760
199.290
199.810
200.340
200.860
201.400
201.910
202.400
202.940
203.440
203.950
204.470
204.980
205.530
206.050
206.560
207.060
207.600
208.130
208.630
209.160
209.680
210.170
210.690
211.190
211.710
212.220
212.720
213.240
213.750
214.260
214.770
215.270
215.780
216.300
216.830
217.340
217.860
218.360
218.890
219.380
219.920
220.440
220.950
221.470
221.970
222.480
222.980
223.490
224.020
224.500
225.020
225.520
226.020
226.530
227.030
227.540
228.040
228.550
229.070
229.580
230.100
230.610
231.130
231.640
232.150
232.660
233.150
233.650
234.180
234.740
235.260
235.790
236.320
236.850
237.370
237.980
238.680
239.400
240.090
240.870
241.690
242.440
243.220
243.980
244.750
245.470
246.180
246.940
247.640
248.390
249.140
249.930
250.690
251.430
252.160
252.900
253.590
254.370
255.090
255.810
256.550
257.260
258.030
258.780
259.570
260.340
261.130
261.920
262.730
263.500
264.330
265.190
265.960
266.780
267.530
268.340
269.130
269.920
270.740
271.530
272.330
273.190
273.970
274.790
275.600
276.470
277.260
278.170
279.040
280.020
281.030
282.130
283.180
284.220
285.290
