0.350
1.190
1.960
2.790
3.590
4.350
5.170
5.930
6.780
7.700
8.570
9.410
10.340
11.210
12.050
12.970
13.840
14.730
15.650
16.380
17.100
17.830
18.640
19.380
20.180
20.940
21.720
22.520
23.290
24.110
24.900
25.680
26.480
27.250
28.040
28.810
29.620
30.410
31.250
32.050
32.850
33.650
34.410
35.190
35.990
36.770
37.600
38.390
39.180
39.910
40.640
41.390
42.180
42.860
43.570
44.240
44.870
45.520
46.200
46.850
47.540
48.240
48.900
49.610
50.310
51.010
51.800
52.690
53.520
54.420
55.240
56.170
57.050
57.940
58.790
59.700
60.610
61.510
62.360
63.210
64.030
64.870
65.760
66.660
67.580
68.430
69.360
70.210
71.050
71.910
72.730
73.600
74.420
75.300
76.130
77.000
77.840
78.710
79.520
80.360
81.230
82.110
82.950
83.810
84.630
85.400
86.270
87.190
88.060
88.920
89.750
90.610
91.460
92.350
93.220
94.110
94.930
95.830
96.650
97.550
98.470
99.350
100.180
101.060
101.930
102.820
103.660
104.540
105.440
106.300
107.170
108.070
108.990
109.870
110.770
111.670
112.600
113.510
114.440
115.230
116.090
116.890
117.730
118.640
119.470
120.370
121.240
122.160
123.030
123.910
124.740
125.600
126.480
127.350
128.210
129.030
129.910
130.760
131.620
132.470
133.310
134.180
135.040
135.910
136.760
137.660
138.550
139.390
140.240
141.110
141.990
142.810
143.670
144.540
145.360
146.250
147.090
147.990
148.860
149.790
150.670
151.540
152.390
153.260
154.110
155.040
155.890
156.800
157.690
158.560
159.440
160.320
161.240
162.160
163.020
163.930
164.830
165.760
166.650
167.570
168.520
169.430
170.340
171.130
171.950
172.760
173.580
174.390
175.210
176.070
176.870
177.630
178.430
179.240
180.050
180.890
181.690
182.540
183.390
184.150
184.980
185.780
186.530
187.300
188.110
188.840
189.610
190.400
191.230
192.080
192.940
193.790
194.580
195.440
196.340
197.160
198.080
198.930
199.800
200.690
201.560
202.380
203.280
204.120
205.010
205.960
206.850
207.610
208.390
209.210
210.010
210.760
211.560
212.360
