0.340
0.990
1.630
2.260
2.880
3.520
4.190
4.830
5.490
6.140
6.850
7.640
8.420
9.220
10.010
10.820
11.610
12.360
13.180
13.970
14.790
15.600
16.380
17.200
18.110
19.020
19.860
20.750
21.670
22.710
23.690
24.780
25.860
26.830
27.850
28.880
29.840
30.800
31.760
32.770
33.710
34.600
35.550
36.280
37.000
37.750
38.480
39.220
39.980
40.730
41.490
42.210
42.960
43.720
44.440
45.160
45.910
46.700
47.430
48.170
48.940
49.660
50.420
51.170
51.970
52.680
53.380
54.140
54.840
55.540
56.230
56.970
57.730
58.610
59.590
60.580
61.520
62.480
63.410
64.420
65.370
66.350
67.390
68.310
69.300
70.240
71.140
72.070
73.020
73.940
74.940
75.930
76.980
77.960
78.970
79.980
81.110
82.170
83.200
84.140
85.110
86.070
87.080
88.010
88.970
90.000
91.030
91.980
92.980
93.960
95.000
95.960
96.930
97.840
98.790
99.630
100.530
101.330
102.080
102.890
103.700
104.470
105.190
105.930
106.700
107.450
108.170
108.920
109.590
110.290
110.950
111.610
112.040
112.490
112.900
113.340
113.780
114.210
114.620
115.050
115.500
115.930
116.340
116.770
117.210
117.650
118.080
118.500
118.920
119.370
119.780
120.170
120.580
121.010
121.410
121.850
122.260
122.670
123.100
123.510
123.930
124.370
124.790
125.200
125.620
126.030
126.460
126.880
127.310
127.720
128.160
128.590
129.000
129.430
129.860
130.310
130.740
131.160
131.580
132.010
132.460
132.870
133.290
133.710
134.130
134.540
134.960
135.380
135.800
136.230
136.640
137.060
137.500
137.900
138.330
138.760
139.180
139.570
140.000
140.390
140.820
141.220
141.630
142.060
142.470
142.900
143.330
143.770
144.180
144.610
145.030
145.440
145.880
146.320
146.750
147.160
147.630
148.060
148.510
148.960
149.420
149.840
150.270
150.680
151.110
151.530
151.930
152.370
152.820
153.240
153.680
154.130
154.590
155.050
155.500
155.950
156.380
156.840
157.300
157.750
158.200
158.640
159.080
159.550
159.980
160.430
160.880
161.350
161.790
162.220
162.650
163.090
163.510
163.940
164.380
164.820
165.250
165.670
166.110
166.530
166.950
167.390
167.830
168.290
168.730
169.150
169.560
169.970
170.400
170.810
171.210
171.630
172.050
172.440
172.880
173.300
173.720
174.120
174.540
174.960
175.390
175.820
176.260
176.680
177.130
177.540
177.980
178.420
178.840
179.270
179.690
180.100
180.530
180.950
181.350
181.780
182.200
182.610
183.040
183.470
183.910
184.340
184.760
185.190
185.600
186.010
186.450
186.870
187.270
187.700
188.140
188.560
189.000
189.410
189.860
190.270
190.720
191.130
191.560
191.990
192.440
192.850
193.280
193.730
194.160
194.590
195.020
195.420
195.840
196.270
196.700
197.110
197.550
197.960
198.410
198.830
199.260
199.660
200.100
200.510
200.940
201.350
201.770
202.200
202.620
203.050
203.500
203.950
204.390
204.830
205.250
205.700
206.140
206.560
206.980
207.420
207.850
208.270
208.700
209.150
209.580
210.010
210.430
210.860
211.290
211.750
212.190
212.620
213.030
213.460
213.910
214.320
214.750
215.180
215.630
216.040
216.490
216.920
217.350
217.780
218.200
218.620
219.060
219.520
219.950
220.370
220.810
221.230
221.680
222.110
222.540
222.960
223.380
223.810
224.240
224.670
225.120
225.530
225.980
226.390
226.840
227.270
227.680
228.110
228.560
228.990
229.400
229.860
230.290
230.730
231.160
231.600
232.040
232.460
232.910
233.340
233.770
234.180
234.620
235.060
235.520
235.940
236.390
236.810
237.230
237.670
238.090
238.500
238.910
239.340
239.750
240.200
240.620
241.040
241.470
241.910
242.340
242.770
243.230
243.650
244.090
244.520
244.940
245.350
245.790
246.190
246.630
247.050
247.450
247.880
248.310
248.720
249.170
249.600
250.010
250.460
250.880
251.320
251.750
252.210
252.640
253.080
253.500
253.930
254.370
254.800
255.210
255.640
256.080
256.520
256.950
257.380
257.790
258.220
258.640
259.050
259.490
259.910
260.310
260.740
261.150
261.570
261.990
262.380
262.810
263.210
263.640
264.090
264.520
264.940
265.370
265.800
266.220
266.670
267.090
267.500
267.930
268.330
268.760
269.190
269.630
270.050
270.490
270.920
271.340
271.780
272.210
272.620
273.050
273.490
273.920
274.330
274.740
275.170
275.650
276.110
276.600
277.070
277.530
278.000
278.470
278.900
279.350
279.780
280.210
280.680
281.160
281.620
282.080
282.570
283.040
283.500
283.990
284.560
285.140
285.710
286.280
286.900
287.530
288.140
288.790
289.420
290.030
290.690
291.320
291.950
292.620
293.240
293.880
294.540
295.180
295.790
296.440
297.060
297.720
298.340
298.990
299.620
300.250
300.900
301.560
302.200
302.830
303.480
304.090
304.730
305.380
306.010
306.680
307.290
307.900
308.500
309.120
309.740
310.330
310.950
311.610
312.240
312.870
313.480
314.110
314.720
315.360
315.950
316.570
317.220
317.860
318.450
319.080
319.720
320.340
321.000
321.620
322.250
322.860
323.490
324.120
324.710
325.340
325.920
326.530
327.150
327.760
328.390
329.000
329.580
330.200
330.850
331.490
332.120
332.730
333.330
333.960
334.620
335.250
335.870
336.490
337.140
337.740
338.400
339.020
339.630
340.240
340.870
341.530
342.140
342.790
343.400
344.040
344.850
345.690
346.490
347.280
348.150
348.930
349.770
350.600
351.460
352.300
353.160
354.000
354.930
355.810
356.650
357.550
358.410
359.270
359.900
360.590
361.230
361.880
362.540
363.160
363.790
364.400
364.990
365.620
366.240
366.850
367.470
368.090
368.710
369.350
369.940
370.590
371.220
371.870
372.550
373.180
373.800
374.420
375.080
375.690
376.320
376.910
377.560
378.200
378.800
379.430
380.080
380.720
381.340
381.950
382.610
383.240
383.850
384.470
385.090
385.710
386.300
386.920
387.530
388.150
388.740
389.350
389.950
390.560
391.200
391.800
392.400
393.050
393.650
394.260
394.830
395.460
396.030
396.650
397.240
397.860
398.430
399.050
399.630
400.250
400.850
401.450
402.050
402.610
403.210
403.830
404.440
405.030
405.620
406.230
406.840
407.430
408.000
408.610
409.190
409.800
410.390
410.980
411.580
412.170
412.770
413.360
413.950
414.550
415.130
415.720
416.310
416.930
417.530
418.110
418.690
419.290
419.890
420.500
421.110
421.690
422.280
422.850
423.430
423.990
424.590
425.180
425.770
426.370
426.960
427.510
428.110
428.700
429.310
429.900
430.470
431.080
431.680
432.280
432.890
433.490
434.080
434.670
435.270
435.880
436.450
437.060
437.660
438.250
438.810
439.420
440.030
440.620
441.200
441.820
442.400
443.020
443.600
444.170
444.770
445.380
445.940
446.570
447.170
447.750
448.360
448.940
449.540
450.150
450.750
451.320
451.920
452.530
453.090
453.670
454.270
454.840
455.280
455.760
456.200
456.610
457.000
457.400
457.820
458.220
458.610
459.000
459.420
459.790
460.190
460.580
460.970
461.390
461.790
462.190
462.590
462.990
463.380
463.770
464.180
464.590
464.970
465.370
465.730
466.110
466.510
466.890
467.290
467.680
468.090
468.500
468.890
469.280
469.640
470.020
470.410
470.800
471.170
471.560
471.940
472.320
472.700
473.100
473.580
474.170
474.710
475.320
475.900
476.480
477.070
477.690
478.340
478.950
479.550
480.130
480.730
481.350
481.940
482.520
483.160
483.810
484.410
485.020
485.640
486.240
486.830
487.470
488.050
488.670
489.300
489.900
490.500
491.180
491.900
492.620
493.360
494.120
494.840
495.620
496.450
497.290
498.090
498.920
499.790
500.620
501.430
502.310
503.110
503.940
504.750
505.560
506.500
507.390
508.340
509.180
510.110
510.980
511.850
512.620
513.430
514.260
515.030
515.900
516.680
517.540
518.380
519.260
520.070
520.880
521.690
522.560
523.420
524.280
525.170
526.050
526.890
527.740
528.600
529.420
530.240
531.100
531.930
532.820
533.660
534.470
535.370
536.240
537.120
538.000
538.810
539.700
540.580
541.410
542.240
543.030
543.850
544.710
545.570
546.380
547.260
548.050
548.920
549.770
550.710
551.650
552.550
553.500
554.470
555.450
556.380
557.340
558.350
559.310
560.260
561.220
562.130
563.080
564.050
565.010
565.810
566.640
567.520
568.330
569.170
570.010
570.810
571.720
572.570
573.430
574.330
575.260
576.160
577.070
577.950
578.830
579.760
580.650
581.570
582.490
583.470
584.380
585.390
586.310
587.290
588.300
589.360
590.380
591.530
592.610
593.660
594.730
595.800
596.880
597.910
599.000
599.990
600.910
