0.570
1.160
1.770
2.340
2.950
3.570
4.140
4.750
5.340
5.990
6.580
7.230
7.840
8.440
9.050
9.660
10.280
10.870
11.580
12.260
12.900
13.560
14.200
14.820
15.460
16.080
16.710
17.370
18.010
18.640
19.260
19.880
20.510
21.130
21.760
22.390
23.040
23.670
24.300
24.940
25.590
26.220
26.850
27.480
28.110
28.720
29.340
29.930
30.540
31.190
31.810
32.510
33.170
33.810
34.460
35.110
35.740
36.380
36.980
37.600
38.240
38.860
39.490
40.110
40.710
41.350
41.990
42.620
43.270
43.900
44.540
45.180
45.810
46.440
47.070
47.690
48.320
48.940
49.570
50.220
50.850
51.500
52.140
52.800
53.440
54.080
54.720
55.360
56.000
56.630
57.270
57.910
58.540
59.170
59.800
60.420
61.020
61.640
62.280
62.900
63.560
64.170
64.800
65.410
66.040
66.690
67.310
67.950
68.600
69.240
69.870
70.500
71.130
71.740
72.370
73.020
73.670
74.290
74.920
75.560
76.190
76.820
77.460
78.100
78.740
79.370
80.010
80.640
81.270
81.880
82.510
83.150
83.780
84.410
85.040
85.650
86.270
86.900
87.520
88.160
88.790
89.410
90.040
90.650
91.250
91.890
92.510
93.110
93.740
94.350
94.990
95.610
96.210
96.830
97.470
98.080
98.700
99.310
99.940
100.550
101.170
101.760
102.380
102.980
103.610
104.230
104.840
105.470
106.080
106.700
107.310
107.920
108.570
109.180
109.810
110.440
111.040
111.690
112.300
112.910
113.540
114.150
114.760
115.370
115.960
116.570
117.190
117.810
118.410
119.020
119.620
120.220
120.830
121.430
122.070
122.680
123.310
123.940
124.570
125.200
125.850
126.480
127.100
127.720
128.340
128.940
129.580
130.210
130.850
131.450
132.080
132.690
133.330
133.940
134.560
135.190
135.820
136.460
137.100
137.720
138.340
138.960
139.590
140.220
140.850
141.460
142.100
142.730
143.360
144.000
144.640
145.280
145.910
146.530
147.150
147.790
148.430
149.050
149.660
150.290
150.920
151.550
152.180
152.800
153.430
154.060
154.710
155.320
155.940
156.580
157.210
157.840
158.490
159.110
159.740
160.370
160.990
161.620
162.260
162.880
163.530
164.140
164.780
165.420
166.050
166.670
167.320
167.930
168.570
169.190
169.830
170.440
171.060
171.690
172.300
172.920
173.560
174.190
174.830
175.460
176.090
176.720
177.350
177.970
178.610
179.220
179.850
180.480
181.100
181.730
182.340
182.950
183.610
184.240
184.870
185.520
186.140
186.760
187.400
188.040
188.660
189.290
189.890
190.500
191.130
191.750
192.370
192.990
193.620
194.250
194.850
195.460
196.080
196.700
197.320
197.950
198.580
199.190
199.800
200.430
201.050
201.670
202.290
202.900
203.560
204.200
204.830
205.470
206.100
206.710
207.340
207.950
208.580
209.200
209.820
210.430
211.060
211.700
212.320
212.920
213.540
214.150
214.760
215.370
216.030
216.640
217.270
217.910
218.530
219.190
219.820
220.450
221.100
221.730
222.350
222.980
223.590
224.210
224.820
225.450
226.060
226.680
227.300
227.940
228.560
229.160
229.770
230.420
231.040
231.650
232.280
232.870
233.520
234.150
234.780
235.420
236.030
236.650
237.250
237.900
238.520
239.130
239.740
240.360
240.980
241.590
242.210
242.850
243.480
244.100
244.700
245.320
245.910
246.550
247.180
247.810
248.450
249.060
249.670
250.290
250.880
251.470
252.080
252.710
253.330
253.970
254.570
255.160
255.760
256.360
256.980
257.570
258.180
258.810
259.410
260.010
260.630
261.240
261.840
262.490
263.110
263.690
264.300
264.940
265.520
266.150
266.770
267.340
267.970
268.530
269.100
269.700
270.300
270.890
271.520
272.140
272.780
273.380
273.980
274.580
275.150
275.780
276.380
277.010
277.630
278.230
278.860
279.450
280.040
280.640
281.200
281.760
282.300
282.840
283.410
283.930
284.510
285.080
285.660
286.270
286.850
287.420
287.990
288.610
289.190
289.830
290.470
291.120
291.770
292.390
293.050
293.670
294.300
294.900
295.560
296.230
296.860
297.500
298.160
298.790
299.580
300.330
301.000
301.640
302.290
302.930
303.560
304.200
304.850
305.480
306.130
306.760
307.400
308.050
308.680
309.340
309.980
310.640
311.260
311.920
312.550
313.190
313.830
314.480
315.100
315.730
316.380
317.040
317.670
318.320
318.950
319.580
320.190
320.830
321.500
322.140
322.770
323.420
324.040
324.700
325.330
325.950
326.590
327.210
327.830
328.470
329.090
329.750
330.370
330.990
331.580
332.210
332.860
333.480
334.090
334.720
335.380
335.990
336.640
337.260
337.880
338.480
339.130
339.720
340.360
340.960
341.580
342.200
342.820
343.440
344.090
344.710
