0.510
1.610
2.720
3.700
4.710
5.670
6.660
7.580
8.490
9.440
10.400
11.330
12.250
13.220
14.180
15.140
16.080
17.010
17.920
18.890
19.830
20.820
21.780
22.700
23.600
24.520
25.440
26.380
27.350
28.220
29.150
30.070
30.960
31.870
32.770
33.700
34.680
35.590
36.580
37.500
38.450
39.410
40.370
41.350
42.300
43.270
44.230
45.190
46.130
47.090
48.040
48.980
49.950
50.890
51.890
52.860
53.810
54.740
55.690
56.660
57.640
58.600
59.540
60.500
61.440
62.370
63.320
64.260
65.210
66.160
67.090
68.070
69.040
69.990
70.990
71.940
72.910
73.880
74.850
75.830
76.820
77.740
78.700
79.660
80.570
81.500
82.460
83.430
84.390
85.330
86.290
87.300
88.250
89.240
90.150
91.120
92.070
92.980
93.920
94.850
95.820
96.800
97.760
98.730
99.680
100.600
101.520
102.510
103.510
104.430
105.420
106.390
107.320
108.270
109.220
110.170
111.150
112.140
113.120
114.000
114.960
115.900
116.780
117.680
118.600
119.460
120.390
121.310
122.200
123.150
124.050
124.930
125.910
126.820
127.780
128.730
129.680
130.680
131.740
132.740
133.780
134.720
135.620
136.560
137.450
138.370
