0.140
0.450
0.780
1.090
1.420
1.730
2.050
2.370
2.690
3.020
3.340
3.650
3.980
4.290
4.620
4.940
5.260
5.570
5.890
6.210
6.530
6.850
7.170
7.500
7.810
8.130
8.460
8.780
9.100
9.420
9.740
10.060
10.380
10.700
11.010
11.330
11.650
11.970
12.270
12.580
12.900
13.200
13.520
13.820
14.140
14.450
14.760
15.070
15.380
15.690
16.000
16.310
16.620
16.930
17.240
17.550
17.850
18.140
18.440
18.740
19.050
19.350
19.640
19.940
20.240
20.540
20.850
21.150
21.450
21.750
22.050
22.370
22.670
22.980
23.300
23.590
23.900
24.190
24.500
24.800
25.090
25.390
25.690
25.980
26.270
26.570
26.860
27.150
27.450
27.740
28.050
28.340
28.640
28.940
29.230
29.520
29.820
30.100
30.400
30.700
30.990
31.290
31.590
31.890
32.200
32.480
32.770
33.060
33.350
33.640
33.940
34.230
34.510
34.810
35.090
35.390
35.700
36.000
36.280
36.580
36.860
37.150
37.450
37.740
38.030
38.320
38.620
38.910
39.210
39.500
39.790
40.090
40.370
40.670
40.950
41.240
41.530
41.820
42.110
42.410
42.700
42.990
43.300
43.580
43.870
44.160
44.460
44.750
45.040
45.340
45.640
45.930
46.230
46.530
46.830
47.130
47.440
47.730
48.030
48.320
48.620
48.920
49.210
49.510
49.810
50.110
50.410
50.720
51.010
51.310
51.610
51.910
52.220
52.510
52.810
53.110
53.410
53.700
53.990
54.300
54.600
54.900
55.200
55.500
55.790
56.090
56.400
56.700
57.000
57.320
57.620
57.920
58.230
58.530
58.820
59.130
59.430
59.730
60.020
60.320
60.620
60.920
61.220
61.520
61.810
62.110
62.400
62.690
62.990
63.290
63.580
63.880
64.180
64.480
64.790
65.080
65.380
65.680
65.970
66.260
66.550
66.850
67.140
67.440
67.750
68.040
68.340
68.640
68.940
69.240
69.540
69.840
70.140
70.450
70.750
71.050
71.340
71.640
71.940
72.230
72.510
72.800
73.110
73.410
73.720
74.040
74.340
74.650
74.960
75.260
75.550
75.850
76.150
76.450
76.750
77.050
77.350
77.640
77.930
78.230
78.520
78.820
79.120
79.420
79.710
80.010
80.310
80.610
80.910
81.210
81.520
81.820
82.120
82.410
82.720
83.020
83.320
83.620
83.920
84.220
84.510
84.810
85.100
85.400
85.700
85.990
86.290
86.590
86.900
87.180
87.470
87.770
88.060
88.350
88.650
88.960
89.250
89.550
89.860
90.160
90.470
90.760
91.060
91.370
91.670
91.970
92.260
92.560
92.860
93.170
93.470
93.770
94.070
94.370
94.660
94.960
95.250
95.540
95.840
96.140
96.430
96.730
97.030
97.330
97.630
97.930
98.240
98.540
98.840
99.140
99.430
99.730
100.030
100.320
100.620
100.910
101.190
101.490
101.780
102.070
102.370
102.680
102.980
103.270
103.580
103.880
104.180
104.470
104.770
105.070
105.360
105.660
105.960
106.270
106.570
106.860
107.160
107.470
107.770
108.070
108.370
108.670
108.970
109.270
109.570
109.870
110.160
110.470
110.790
111.090
111.390
111.690
112.000
112.300
112.600
112.890
113.200
113.490
113.790
114.080
114.380
114.680
114.990
115.280
115.580
115.880
116.180
116.480
116.790
117.090
117.390
117.680
117.980
118.280
118.580
118.880
119.180
119.460
119.760
120.060
120.360
120.660
120.960
121.250
121.560
121.860
122.160
122.460
122.760
123.060
123.350
123.650
123.960
124.250
124.550
124.860
125.150
125.460
125.760
126.050
126.360
126.660
126.950
127.250
127.550
127.860
128.150
128.450
128.750
129.060
129.380
129.670
129.970
130.280
130.580
130.880
131.180
131.500
131.810
132.120
132.430
132.740
133.050
133.360
133.660
133.970
134.290
134.600
134.900
135.200
135.500
135.800
136.090
136.390
136.700
137.010
137.320
137.630
137.930
138.240
138.530
138.840
139.140
139.430
139.740
140.040
140.350
140.660
140.970
141.270
141.590
141.890
142.200
142.490
142.800
143.100
143.400
143.710
144.030
144.320
144.630
144.920
145.230
145.530
145.850
146.150
146.450
146.750
147.050
147.360
147.650
147.960
148.260
148.560
148.850
149.160
149.460
149.760
150.060
150.360
150.650
150.960
151.250
151.560
151.860
152.170
152.480
152.780
153.070
153.380
153.680
153.980
154.280
154.580
154.870
155.180
155.500
155.810
156.120
156.430
156.720
157.020
157.320
157.630
157.910
158.200
158.500
158.780
159.090
159.380
159.680
159.980
160.280
160.590
160.880
161.190
161.490
161.790
162.090
162.390
162.690
162.990
163.290
163.580
163.880
164.180
164.480
164.780
165.080
165.380
165.690
165.980
166.280
166.580
166.890
167.180
167.480
167.780
168.080
168.380
168.680
168.990
169.290
169.580
169.890
170.190
170.480
170.770
171.050
171.350
171.630
171.920
172.210
172.520
172.810
173.110
173.420
173.720
174.010
174.320
174.610
174.920
175.210
175.520
175.810
176.120
176.410
176.720
177.010
177.320
177.620
177.940
178.250
178.550
178.870
179.170
179.480
179.800
180.110
180.420
180.730
181.030
181.350
181.660
181.970
182.270
182.590
182.910
183.220
183.540
183.870
184.190
184.500
184.830
185.150
185.460
185.790
186.110
186.430
186.750
187.060
187.390
187.700
188.020
188.350
188.660
188.990
189.310
189.620
189.950
190.260
190.590
190.910
191.220
191.550
191.870
192.180
192.510
192.830
193.140
193.470
193.780
194.110
194.420
194.740
195.070
195.380
195.700
196.030
196.340
196.670
196.980
197.300
197.630
197.940
198.270
198.590
198.900
199.230
199.550
199.860
200.190
200.500
200.830
201.140
201.460
201.790
202.100
202.420
202.750
203.070
203.390
203.700
204.030
204.350
204.660
204.990
205.300
