0.250
0.920
1.550
2.220
2.900
3.560
4.210
4.860
5.530
6.140
6.800
7.460
8.110
8.750
9.250
9.750
10.210
10.710
11.170
11.660
12.170
12.650
13.160
13.630
14.140
14.600
15.110
15.600
16.050
16.520
17.000
17.470
17.950
18.410
18.880
19.350
19.830
20.310
20.790
21.250
21.720
22.180
22.660
23.120
23.590
24.050
24.510
24.970
25.440
25.890
26.360
26.810
27.270
27.720
28.180
28.630
29.080
29.520
29.980
30.440
30.890
31.360
31.820
32.290
32.750
33.210
33.670
34.120
34.590
35.030
35.490
35.960
36.430
36.880
37.340
37.790
38.240
38.710
39.160
39.620
40.080
40.530
40.980
41.430
41.880
42.330
42.790
43.240
43.690
44.140
44.580
45.020
45.470
45.930
46.410
46.870
47.330
47.780
48.250
48.700
49.160
49.610
50.060
50.530
50.980
51.420
51.880
52.330
52.770
53.240
53.710
54.160
54.630
55.080
55.550
55.990
56.450
56.910
57.360
57.820
58.270
58.710
59.180
59.620
60.070
60.540
61.000
61.450
61.920
62.370
62.840
63.300
63.760
64.210
64.670
65.120
65.590
66.030
66.500
66.960
67.430
67.880
68.350
68.790
69.250
69.690
70.150
70.610
71.070
71.560
72.040
72.500
72.990
73.470
73.910
74.360
74.810
75.280
75.740
76.190
76.660
77.120
77.580
78.020
78.490
78.940
79.410
79.860
80.310
80.750
81.220
81.660
82.120
82.570
83.030
83.460
83.910
84.340
84.790
85.220
85.660
86.100
86.540
86.970
87.420
87.860
88.310
88.750
89.200
89.640
90.100
90.550
91.010
91.440
91.890
92.320
92.770
93.210
93.660
94.090
94.540
94.970
95.420
95.870
96.330
96.770
97.210
97.640
98.090
98.530
98.980
99.410
99.850
100.280
100.720
101.160
101.600
102.040
102.500
102.940
103.390
103.840
104.300
104.750
105.200
105.640
106.100
106.560
107.010
107.450
107.900
108.350
108.800
109.240
109.700
110.120
110.570
111.000
111.440
111.880
112.320
112.760
113.220
113.660
114.100
114.540
114.980
115.420
115.860
116.320
116.770
117.230
117.670
118.120
118.570
119.010
119.460
119.920
120.360
120.810
121.280
121.710
122.150
122.600
123.060
123.510
123.960
124.420
124.870
125.310
125.770
126.230
126.680
127.140
127.590
128.050
128.500
128.950
129.410
129.840
130.300
130.760
131.220
131.690
132.130
132.580
133.020
133.480
133.940
134.390
134.850
135.300
135.760
136.200
136.660
137.100
137.570
138.020
138.470
138.930
139.380
139.830
140.290
140.720
141.180
141.630
142.080
142.530
142.970
143.430
143.880
144.320
144.760
145.180
145.630
146.050
146.500
146.930
147.380
147.830
148.290
148.740
149.190
149.630
150.080
150.520
150.980
151.420
151.870
152.320
152.780
153.230
153.680
154.130
154.590
155.030
155.480
155.940
156.390
156.840
157.280
157.730
158.180
158.630
159.090
159.540
160.000
160.460
160.920
161.370
161.830
162.290
162.750
163.210
163.660
164.120
164.560
165.020
165.480
165.920
166.380
166.820
167.280
167.730
168.190
168.640
169.090
169.530
169.990
170.440
170.900
171.360
171.800
172.270
172.720
173.170
173.630
174.080
174.530
175.000
175.450
175.910
176.370
176.830
177.310
177.770
178.230
178.690
179.140
179.600
180.050
180.520
180.970
181.430
181.880
182.340
182.800
183.270
183.730
184.190
184.670
185.130
185.590
186.070
186.530
186.990
187.450
187.910
188.360
188.820
189.270
189.730
190.180
190.630
191.090
191.540
192.010
192.460
192.940
193.390
193.880
194.350
194.810
195.290
195.740
196.230
196.690
197.120
197.590
198.040
198.470
198.930
199.400
199.860
200.300
200.780
201.220
201.680
