0.190
0.405
0.620	1
0.825
1.030
1.245
1.460	1
1.685
1.910
2.125
2.340	1
2.545
2.750
2.975
3.200	1
3.415
3.630
3.835
4.040	1
4.260
4.480
4.695
4.910	1
5.125
5.340
5.560
5.780	1
5.985
6.190
6.400
6.610	1
6.825
7.040
7.250
7.460	1
7.660
7.860
8.065
8.270	1
8.485
8.700
8.905
9.110	1
9.320
9.530
9.750
9.970	1
10.180
10.390
10.590
10.790	1
11.005
11.220
11.430
11.640	1
11.845
12.050
12.270
12.490	1
12.700
12.910
13.120
13.330	1
13.547
13.763
13.980
14.196	1
14.412
14.628
14.844
15.059	1
15.286
15.512
15.739
15.965	1
16.190
16.415
16.640
16.850	1
17.060
17.280
17.500
17.725	1
17.950
18.175
18.400
18.615	1
18.830
19.045
19.260
19.475	1
19.690
19.910
20.130
20.345	1
20.560
20.770
20.980
21.205	1
21.430
21.650
21.870
22.090	1
22.310
22.525
22.740
22.955	1
23.170
23.380
23.590
23.805	1
24.020
24.240
24.460
24.675	1
24.890
25.110
25.330
25.545	1
25.760
25.975
26.190
26.400	1
26.610
26.835
27.060
27.270	1
27.480
27.705
27.930
28.155	1
28.380
28.595
28.810
29.030	1
29.250
29.465
29.680
29.905	1
30.130
30.355
30.580
30.800	1
31.020
31.230
31.440
31.670	1
31.900
32.115
32.330
32.545	1
32.760
32.975
33.190
33.415	1
33.640
33.855
34.070
34.280	1
34.490
34.710
34.930
35.150	1
35.370
35.590
35.810
36.030	1
36.250
36.460
36.670
36.895	1
37.120
37.335
37.550
37.770	1
37.990
38.200
38.410
38.620	1
38.830
39.050
39.270
39.490	1
39.710
39.925
40.140
40.365	1
40.590
40.810
41.030
41.240	1
41.450
41.670
41.890
42.125	1
42.331
42.537
42.743
42.949	1
43.177
43.404
43.631
43.859	1
44.081
44.304
44.527
44.749	1
44.954
45.159
45.363
45.568	1
45.791
46.013
46.236
46.459	1
46.659
46.859
47.059
47.259	1
47.466
47.673
47.881
48.088	1
48.311
48.534
48.757
48.980	1
49.200
49.420
49.640
49.865	1
50.090
50.310
50.530
50.745	1
50.960
51.180
51.400
51.620	1
51.840
52.060
52.280
52.505	1
52.730
52.950
53.170
53.380	1
53.590
53.805
54.020
54.230	1
54.440
54.660
54.880
55.105	1
55.330
55.565
55.800
56.020	1
56.240
56.465
56.690
56.920	1
57.150
57.365
57.580
57.810	1
58.040
58.260
58.480
58.695	1
58.910
59.130
59.350
59.565	1
59.780
60.000
60.220
60.435	1
60.650
60.870
61.090
61.305	1
61.520
61.730
61.940
62.165	1
62.390
62.610
62.830
63.040	1
63.250
63.470
63.690
63.905	1
64.120
64.340
64.560
64.775	1
64.990
65.205
65.420
65.630	1
65.840
66.060
66.280
66.500	1
66.720
66.930
67.140
67.360	1
67.580
67.790
68.000
68.220	1
68.440
68.655
68.870
69.085	1
69.300
69.525
69.750
69.980	1
70.210
70.435
70.660
70.885	1
71.110
71.340
71.570
71.790	1
72.010
72.220
72.430
72.640	1
72.850
73.065
73.280
73.510	1
73.740
73.960
74.180
74.400	1
74.620
74.840
75.060
75.280	1
75.500
75.715
75.930
76.145	1
76.360
76.590
76.820
77.055	1
77.290
77.520
77.750
77.980	1
78.210
78.425
78.640
78.870	1
79.100
79.315
79.530
79.750	1
79.970
80.185
80.400
80.625	1
80.850
81.075
81.300
81.525	1
81.750
81.980
82.210
82.435	1
82.660
82.885
83.110
83.330	1
83.550
83.775
84.000
84.230	1
84.460
84.690
84.920
85.145	1
85.370
85.585
85.800
86.025	1
86.250
86.480
86.710
86.930	1
87.150
87.375
87.600
87.820	1
88.040
88.260
88.480
88.705	1
88.930
89.145
89.360
89.575	1
89.790
90.010
90.230
90.450	1
90.670
90.890
91.110
91.330	1
