0.080
1.170
2.290
3.300
4.280
5.320
6.370
7.500
8.570
9.640
10.640
11.690
12.690
13.700
14.760
15.860
16.960
17.970
19.020
20.100
21.120
22.150
23.200
24.310
25.280
26.290
27.250
28.190
29.200
30.130
31.140
32.150
33.160
34.240
35.320
36.340
37.380
38.440
39.470
40.410
41.370
42.310
43.270
44.200
45.090
46.050
46.970
47.880
48.770
49.610
50.460
51.380
52.360
53.270
54.210
55.150
56.250
57.290
58.290
59.350
60.380
61.430
62.460
63.510
64.520
65.560
66.560
67.570
68.580
69.630
70.580
71.640
72.700
73.750
74.740
75.780
76.790
77.850
78.810
79.830
80.860
81.900
82.960
83.950
85.000
86.060
87.160
88.180
89.220
90.280
91.320
92.350
93.400
94.380
95.400
96.480
97.500
98.490
99.520
100.550
101.530
102.570
103.610
104.600
105.630
106.670
107.650
108.700
109.680
110.700
111.710
112.730
113.730
114.740
115.720
116.680
117.760
118.790
119.810
120.860
121.890
122.960
123.990
124.980
126.020
127.050
128.110
129.090
130.120
131.170
132.220
133.280
134.290
135.340
136.370
137.390
138.460
139.540
140.480
141.480
142.450
143.450
144.540
145.580
146.690
147.730
148.740
149.840
150.830
151.900
152.970
153.990
155.070
156.130
157.160
158.150
159.200
160.220
161.230
162.250
163.280
164.240
165.310
166.310
167.310
168.350
169.380
170.420
171.460
172.450
173.390
174.330
175.260
176.230
177.170
178.090
179.060
179.980
180.910
181.870
182.870
183.880
184.970
186.060
187.140
188.130
189.190
190.310
191.360
192.360
193.440
194.460
195.470
196.530
197.530
198.620
199.680
200.800
201.890
202.950
204.040
205.170
206.220
207.340
208.460
209.520
210.610
211.670
212.750
213.810
214.920
215.860
216.820
217.860
218.780
219.840
220.820
221.830
222.800
223.870
224.950
226.060
227.170
228.270
229.290
230.410
231.470
232.570
233.620
234.760
235.810
236.940
237.890
238.920
239.920
240.960
242.010
243.020
244.080
244.960
245.920
246.790
247.720
248.660
249.620
250.520
251.300
252.070
252.900
253.620
254.310
255.020
255.690
256.440
257.170
257.950
258.650
259.430
260.090
260.780
261.430
262.110
262.810
263.430
264.080
264.700
265.350
265.990
266.640
267.270
267.860
268.480
269.130
269.740
270.340
270.930
271.540
272.180
272.770
273.390
274.020
274.640
275.250
275.850
276.490
277.150
277.820
278.460
279.050
279.690
280.270
280.880
281.510
282.150
282.790
283.370
283.930
284.480
285.030
285.590
286.150
286.710
287.270
287.840
288.390
288.970
289.550
290.120
290.660
291.260
291.830
292.460
293.060
293.670
