0.350
0.910
1.420
1.980
2.520
3.060
3.600
4.120
4.640
5.210
5.760
6.320
6.840
7.400
7.980
8.550
9.080
9.660
10.220
10.790
11.350
11.900
12.470
13.010
13.580
14.120
14.660
15.210
15.750
16.330
16.880
17.420
17.990
18.560
19.120
19.700
20.250
20.820
21.380
21.940
22.500
23.050
23.620
24.180
24.730
25.290
25.840
26.400
26.940
27.510
28.070
28.620
29.150
29.710
30.260
30.810
31.360
31.920
32.470
33.030
33.570
34.100
34.670
35.210
35.780
36.340
36.890
37.460
38.020
38.580
39.130
39.680
40.240
40.800
41.360
41.900
42.470
43.050
43.590
44.140
44.690
45.270
45.830
46.380
46.930
47.470
48.030
48.580
49.130
49.670
50.220
50.770
51.330
51.870
52.410
52.960
53.510
54.070
54.630
55.200
55.750
56.310
56.860
57.420
57.950
58.510
59.050
59.590
60.160
60.700
61.260
61.800
62.340
62.890
63.450
64.000
64.540
65.090
65.640
66.190
66.740
67.280
67.830
68.390
68.930
69.490
70.040
70.580
71.150
71.700
72.250
72.820
73.360
73.930
74.470
75.010
75.560
76.100
76.660
77.220
77.770
78.320
78.870
79.400
79.940
80.500
81.050
81.610
82.150
82.700
83.260
83.790
84.350
84.900
85.440
85.990
86.540
87.100
87.640
88.200
88.730
89.300
89.850
90.410
90.950
91.510
92.070
92.610
93.160
93.720
94.270
94.810
95.370
95.930
96.480
97.030
97.580
98.140
98.720
99.240
99.790
100.360
100.910
101.450
102.040
102.590
103.110
103.670
104.210
104.770
105.320
105.870
106.420
106.980
107.520
108.110
108.660
109.220
109.770
110.320
110.860
111.430
111.980
112.530
113.090
113.650
114.200
114.740
115.280
115.830
116.380
116.940
117.510
118.050
118.600
119.170
119.700
120.240
120.790
121.360
121.910
122.460
122.990
123.550
124.070
124.630
125.180
125.730
126.260
126.820
127.390
127.930
128.470
129.010
129.560
130.130
130.670
131.230
131.810
132.340
132.890
133.450
133.980
134.530
135.060
135.630
136.160
136.720
137.260
137.830
138.360
138.910
139.460
140.010
140.550
141.110
141.660
142.200
142.740
143.290
143.840
144.370
144.920
145.480
146.010
146.550
147.110
147.640
148.190
148.720
149.260
149.790
150.320
150.860
151.400
151.940
152.490
153.020
153.570
154.090
154.630
155.170
155.700
156.260
156.790
157.310
157.860
158.410
158.940
159.480
160.010
160.560
161.100
161.640
162.160
162.710
163.240
163.780
164.320
164.850
165.380
165.900
166.430
166.920
167.460
167.990
168.520
169.060
169.580
170.120
170.640
171.170
171.700
172.230
172.780
173.300
173.850
174.380
174.900
175.440
175.980
176.510
177.040
177.570
178.090
178.620
179.140
179.660
180.160
180.680
181.190
181.720
182.250
182.780
183.300
183.810
184.340
184.860
185.380
185.900
186.420
186.930
187.450
187.960
188.460
189.000
189.500
190.020
190.530
191.050
191.580
192.070
192.600
193.110
193.620
194.150
194.650
195.180
195.680
196.210
196.740
197.230
197.760
198.260
198.770
199.280
199.790
200.290
200.810
201.340
201.870
202.380
202.860
203.380
203.880
204.390
204.890
205.410
205.930
206.440
206.950
207.460
207.990
208.500
209.010
209.530
210.040
210.550
211.070
211.580
212.090
212.600
213.110
213.630
214.140
214.650
215.180
215.690
216.210
216.730
217.240
217.780
218.280
218.800
219.320
219.850
220.340
220.860
221.370
221.880
222.400
222.920
223.430
223.930
224.450
224.940
225.440
225.960
226.480
226.990
227.500
228.020
228.530
229.030
229.530
230.030
230.540
231.050
231.540
232.060
232.560
233.050
233.530
234.060
234.580
235.070
235.580
236.090
236.590
237.090
237.580
238.070
238.570
239.070
239.570
240.070
240.560
241.050
241.540
242.060
242.570
243.090
243.590
244.080
244.570
245.090
245.610
246.140
246.640
247.170
247.660
248.160
248.660
249.150
249.660
250.170
250.680
251.200
251.730
252.260
252.780
253.300
253.810
254.320
254.830
255.360
255.870
256.370
256.890
257.390
257.910
258.430
258.960
259.480
260.000
260.520
261.030
261.550
262.060
262.580
263.080
263.610
264.110
264.620
265.120
265.640
266.160
266.670
267.170
267.680
268.190
268.700
269.210
269.710
270.240
270.750
271.240
271.770
272.280
272.790
273.300
273.800
274.290
274.820
275.320
275.850
276.380
276.910
277.420
277.930
278.470
278.970
279.480
280.010
280.510
281.010
281.570
282.090
282.620
283.150
283.660
284.180
284.680
285.240
285.770
286.290
286.830
287.340
287.870
288.410
288.920
289.450
289.980
290.480
291.010
291.530
292.070
292.580
293.100
293.630
294.140
294.660
295.160
295.680
296.210
296.720
297.240
297.750
298.270
298.780
299.280
299.830
300.350
300.850
301.380
301.910
302.410
302.930
303.450
303.940
304.470
304.990
305.460
305.950
306.440
306.910
307.390
307.890
308.360
308.830
309.280
309.770
310.220
310.690
311.160
311.650
312.100
312.570
313.060
313.510
314.000
314.450
314.920
315.410
315.860
316.350
316.800
317.280
317.760
318.240
318.720
319.200
319.700
320.160
320.660
321.120
321.620
322.100
322.560
