0.110
0.440
0.750
1.070
1.390
1.710
2.040
2.360
2.680
3.010
3.340
3.650
3.990
4.320
4.700
5.060
5.410
5.760
6.140
6.490
6.820
7.160
7.500
7.830
8.190
8.540
8.900
9.250
9.580
9.930
10.290
10.640
10.960
11.300
11.640
12.000
12.340
12.680
13.000
13.340
13.700
14.020
14.390
14.730
15.080
15.430
15.780
16.120
16.470
16.840
17.170
17.530
17.880
18.220
18.590
18.920
19.270
19.610
19.950
20.290
20.640
20.990
21.330
21.680
22.030
22.380
22.730
23.070
23.420
23.770
24.110
24.460
24.820
25.160
25.510
25.870
26.200
26.540
26.870
27.240
27.580
27.950
28.320
28.670
29.020
29.380
29.730
30.080
30.430
30.770
31.130
31.470
31.820
32.170
32.530
32.880
33.220
33.570
33.920
34.270
34.620
34.980
35.320
35.660
36.020
36.370
36.730
37.070
37.420
37.780
38.130
38.470
38.820
39.180
39.520
39.890
40.250
40.610
40.960
41.310
41.670
42.030
42.390
42.750
43.070
43.420
43.770
44.110
44.430
44.780
45.130
45.480
45.840
46.190
46.540
46.900
47.250
47.580
47.940
48.280
48.640
48.990
49.330
49.700
50.030
50.400
50.750
51.110
51.470
51.820
52.180
52.530
52.890
53.230
53.600
53.950
54.300
54.630
54.960
55.320
55.670
56.010
56.360
56.710
57.070
57.420
57.770
58.130
58.500
58.850
59.210
59.550
59.900
60.250
60.610
60.950
61.300
61.650
62.000
62.360
62.710
63.050
63.420
63.770
64.120
64.470
64.810
65.170
65.510
65.870
66.210
66.550
66.910
67.260
67.600
67.950
68.310
68.640
68.990
69.330
69.680
70.040
70.400
70.740
71.090
71.450
71.780
72.130
72.490
72.830
73.180
73.520
73.870
74.210
74.560
74.910
75.260
75.600
75.960
76.300
76.630
76.980
77.320
77.690
78.040
78.380
78.730
79.090
79.420
79.770
80.120
80.470
80.810
81.160
81.520
81.870
82.220
82.570
82.920
83.270
83.620
83.970
84.330
84.680
85.030
85.370
85.730
86.080
86.430
86.780
87.120
87.460
87.820
88.170
88.520
88.860
89.220
89.580
89.930
90.290
90.630
90.980
91.330
91.690
92.040
92.400
92.750
93.090
93.430
93.780
94.140
94.490
94.840
95.190
95.540
95.900
96.240
96.600
96.950
97.300
97.650
97.990
98.340
98.700
99.040
99.390
99.750
100.100
100.450
100.790
101.160
101.510
101.840
102.200
102.540
102.890
103.240
103.590
103.940
104.290
104.640
104.990
105.330
105.690
106.050
106.410
106.780
107.130
107.470
107.810
108.170
108.520
108.860
109.230
109.580
109.950
110.300
110.640
110.990
111.340
111.680
112.030
112.390
112.730
113.080
113.420
113.780
114.110
114.440
114.810
115.150
115.500
115.850
116.190
116.540
116.900
117.240
117.610
117.950
118.320
118.670
119.020
119.380
119.720
120.060
120.430
120.780
121.130
121.470
121.840
122.190
122.550
122.900
123.250
123.610
123.960
124.310
124.650
125.020
125.370
125.720
126.080
126.440
126.800
127.140
127.500
127.860
128.210
128.550
128.920
129.260
129.630
129.990
130.350
130.700
131.060
131.430
131.780
132.130
132.490
132.840
133.180
133.530
133.890
134.220
134.570
134.930
135.270
135.630
135.990
136.340
136.690
137.070
137.440
137.800
138.170
138.550
138.920
139.240
139.550
139.870
140.190
140.520
140.840
141.150
141.480
141.800
142.120
142.430
142.750
143.070
143.390
143.710
144.040
144.360
144.670
144.990
145.320
145.640
145.950
146.270
146.600
146.920
147.230
147.550
147.880
148.190
148.520
148.840
149.150
149.480
149.790
150.120
150.430
150.750
151.070
151.370
151.680
151.990
152.300
152.610
152.920
153.230
153.550
153.850
