0.320
0.680
1.040
1.410
1.760
2.110
2.480
2.820
3.160
3.500
3.840
4.190
4.520
4.870
5.210
5.530
5.880
6.230
6.560
6.890
7.230
7.570
7.910
8.250
8.600
8.940
9.290
9.630
9.980
10.330
10.650
10.990
11.330
11.680
12.030
12.360
12.720
13.070
13.410
13.740
14.080
14.430
14.770
15.110
15.450
15.790
16.130
16.470
16.820
17.160
17.510
17.840
18.190
18.530
18.870
19.210
19.560
19.910
20.250
20.590
20.930
21.260
21.600
21.930
22.280
22.620
22.970
23.310
23.650
23.990
24.340
24.690
25.030
25.380
25.720
26.050
26.390
26.740
27.090
27.430
27.780
28.130
28.470
28.820
29.150
29.490
29.840
30.190
30.520
30.870
31.210
31.550
31.890
32.220
32.570
32.920
33.250
33.600
33.950
34.290
34.630
34.970
35.300
35.650
35.970
36.320
36.660
37.010
37.340
37.690
38.020
38.360
38.700
39.050
39.390
39.730
40.070
40.410
40.750
41.100
41.420
41.760
42.110
42.440
42.780
43.130
43.480
43.820
44.140
44.500
44.850
45.180
45.520
45.860
46.200
46.550
46.880
47.230
47.570
47.910
48.250
48.600
48.940
49.290
49.630
49.970
50.320
50.660
51.010
51.350
51.700
52.040
52.400
52.750
53.110
53.460
53.800
54.150
54.510
54.860
55.210
55.570
55.920
56.270
56.610
56.960
57.310
57.660
58.010
58.370
58.720
59.080
59.430
59.770
60.120
60.470
60.820
61.170
61.520
61.870
62.210
62.560
62.910
63.260
63.610
63.960
64.320
64.670
65.020
65.360
65.720
66.070
66.430
66.780
67.120
67.470
67.820
68.170
68.530
68.880
69.230
69.580
69.930
70.280
70.620
70.970
71.320
71.690
72.060
72.440
72.820
73.210
73.590
73.960
74.310
74.680
75.050
75.410
75.770
76.130
76.480
76.830
77.180
77.540
77.900
78.270
78.620
78.990
79.350
79.710
80.070
80.440
80.780
81.140
81.490
81.840
82.200
82.560
82.910
83.270
83.630
83.990
84.340
84.710
85.050
85.400
85.760
86.130
86.480
86.840
87.190
87.560
87.900
88.250
88.600
88.960
89.310
89.660
90.020
90.380
90.720
91.070
91.410
91.770
92.110
92.460
92.820
93.170
93.520
93.860
94.210
94.570
94.920
95.270
95.630
96.000
96.340
96.700
97.080
97.440
97.790
98.140
98.490
98.850
99.190
99.540
99.880
100.230
100.580
100.930
101.280
101.620
101.970
102.330
102.680
103.020
103.370
103.710
104.060
104.400
104.740
105.080
105.420
105.760
106.100
106.450
106.800
107.150
107.490
107.860
108.220
108.580
108.920
109.280
109.630
109.970
110.320
110.680
111.030
111.380
111.720
112.070
112.410
112.770
113.110
113.460
113.820
114.170
114.510
114.870
115.220
115.560
115.920
116.260
116.610
116.960
117.300
117.660
118.000
118.350
118.690
119.050
119.390
119.750
120.090
120.440
120.780
121.130
121.480
121.820
122.180
122.520
122.870
123.230
123.580
123.930
124.280
124.630
124.980
125.330
125.670
126.020
126.350
126.700
127.050
127.400
127.740
128.090
128.440
128.800
129.140
129.500
129.850
130.210
130.550
130.910
131.260
131.620
131.970
132.320
132.670
133.030
133.360
133.710
134.050
134.400
134.750
135.110
135.460
135.820
136.160
136.500
136.850
137.210
137.570
137.920
138.270
138.620
138.960
139.300
139.660
140.010
140.360
140.710
141.060
141.400
141.760
142.120
142.460
142.820
143.160
143.520
143.860
144.210
144.560
144.910
145.260
145.600
145.950
146.310
146.640
147.000
147.350
147.700
148.050
148.400
148.750
149.100
149.440
149.790
150.140
150.480
150.830
151.180
151.530
151.870
152.210
152.580
152.930
153.270
153.610
153.970
154.330
154.680
155.030
155.380
155.730
156.080
156.420
156.770
157.110
157.470
157.810
158.150
158.490
158.840
159.200
159.560
159.910
160.280
160.630
160.970
161.320
161.680
162.030
162.390
162.770
163.120
163.470
163.820
164.180
164.530
164.890
165.240
165.590
165.960
166.310
166.670
167.010
167.370
167.730
168.090
168.450
168.820
169.160
169.510
169.860
170.210
170.560
170.910
171.260
171.610
171.950
172.280
172.610
172.960
173.310
173.640
173.980
174.330
174.680
175.050
175.420
175.770
176.130
176.500
176.850
177.210
177.560
177.910
178.260
178.620
178.970
179.330
179.680
180.030
180.390
180.750
181.090
181.440
181.800
182.150
182.500
182.850
183.200
183.550
183.890
184.240
184.590
184.940
185.300
185.640
185.990
186.340
186.690
187.020
187.370
187.720
188.070
188.430
188.770
189.120
189.460
189.810
190.160
190.510
190.870
191.220
191.570
191.910
192.250
192.600
192.950
193.310
193.650
193.990
194.350
194.700
195.040
195.360
195.710
196.060
196.400
196.750
197.100
197.450
197.790
198.140
198.500
198.840
199.180
199.510
199.830
200.150
200.470
200.790
201.110
201.430
201.750
202.080
202.390
202.720
203.040
