0.430
1.360
2.360
3.340
4.280
5.260
6.180
7.100
7.980
8.910
9.910
10.910
11.900
12.880
13.800
14.790
15.740
16.760
17.710
18.710
19.640
20.710
21.680
22.710
23.700
24.590
25.440
26.300
27.150
28.010
28.980
29.960
30.950
32.070
33.100
34.220
35.320
36.280
37.250
38.230
39.190
40.170
41.130
42.080
43.070
44.040
45.000
45.980
46.940
47.870
48.840
49.790
50.790
51.760
52.770
53.740
54.760
55.690
56.670
57.620
58.620
59.610
60.610
61.580
62.590
63.520
64.520
65.470
66.430
67.390
68.230
69.050
69.850
70.820
71.760
72.740
73.690
74.610
75.550
76.510
77.440
78.410
79.340
80.370
81.460
82.490
83.450
84.350
85.340
86.360
87.330
88.270
89.230
90.050
90.820
91.650
92.450
93.280
93.870
94.460
95.030
95.610
96.220
96.830
97.480
98.090
98.730
99.380
100.030
100.660
101.290
101.960
102.600
103.210
103.830
104.470
105.140
105.790
106.460
107.100
107.740
108.390
109.030
109.700
110.360
111.050
111.730
112.390
113.020
113.670
114.300
114.940
115.540
116.140
116.710
117.310
117.910
118.520
119.170
119.800
120.410
121.050
121.710
122.330
123.000
123.640
124.270
124.920
125.540
126.210
126.850
127.550
128.200
128.870
129.530
