0.520
1.160
1.820
2.440
3.080
3.720
4.390
4.970
5.500
6.020
6.550
7.100
7.590
8.080
8.560
9.050
9.540
10.020
10.490
10.960
11.440
11.930
12.400
12.890
13.350
13.830
14.290
14.770
15.260
15.740
16.200
16.690
17.170
17.650
18.130
18.610
19.090
19.590
20.070
20.550
21.020
21.510
21.990
22.470
22.940
23.440
23.930
24.430
24.900
25.370
25.860
26.340
26.820
27.300
27.790
28.260
28.740
29.210
29.690
30.170
30.660
31.130
31.610
32.100
32.570
33.050
33.540
34.020
34.490
34.960
35.450
35.930
36.400
36.890
37.380
37.850
38.340
38.810
39.300
39.770
40.240
40.730
41.230
41.700
42.190
42.660
43.150
43.620
44.110
44.590
45.070
45.530
46.020
46.500
46.970
47.450
47.930
48.400
48.850
49.350
49.850
50.330
50.820
51.290
51.750
52.220
52.680
53.170
53.650
54.120
54.610
55.100
55.580
56.080
56.570
57.050
57.530
58.010
58.490
58.960
59.440
59.920
60.410
60.890
61.360
61.850
62.330
62.810
63.280
63.760
64.260
64.710
65.200
65.670
66.160
66.630
67.120
67.610
68.090
68.560
69.040
69.500
69.980
70.460
70.970
71.460
71.940
72.440
72.910
73.360
73.830
74.310
74.810
75.280
75.760
76.250
76.730
77.190
77.650
78.130
78.590
79.100
79.600
80.080
80.550
81.050
81.530
82.010
82.480
82.970
83.450
83.940
84.440
84.930
85.410
85.870
86.330
86.810
87.300
87.770
88.260
88.740
89.230
89.710
90.190
90.670
91.140
91.620
92.090
92.580
93.050
93.520
94.010
94.490
94.970
95.450
95.930
96.410
96.890
97.370
97.860
98.340
98.820
99.290
99.780
100.260
100.730
101.200
101.690
102.170
102.650
103.120
103.610
104.100
104.580
105.060
105.540
106.010
106.490
106.980
107.450
107.920
108.410
108.890
109.370
109.850
110.320
110.790
111.270
111.760
112.230
112.700
113.210
113.690
114.180
114.660
115.140
115.610
116.100
116.570
117.060
117.540
118.010
118.480
118.980
119.460
119.930
120.410
120.890
121.360
121.840
122.320
122.820
123.290
123.770
124.240
124.720
125.220
125.680
126.160
126.630
127.100
127.610
128.070
128.580
129.040
129.520
130.010
130.500
130.980
131.440
131.930
132.410
132.880
133.360
133.850
134.340
134.810
135.300
135.770
136.250
136.740
137.210
137.670
138.140
138.650
139.140
139.610
140.100
140.570
141.050
141.540
142.020
142.510
142.970
143.470
143.940
144.420
144.900
145.370
145.870
146.330
146.810
147.310
147.760
148.240
148.710
149.210
149.680
150.170
150.660
151.150
151.640
152.130
152.580
153.050
153.520
154.020
154.490
154.970
155.440
155.930
156.420
156.890
157.370
157.840
158.330
158.800
159.290
159.760
160.250
160.740
161.210
161.690
162.160
162.620
163.120
163.600
164.090
164.560
165.050
165.530
166.010
166.470
166.960
167.430
167.920
168.400
168.860
169.350
169.840
170.310
170.790
171.270
171.770
172.250
172.720
173.200
173.700
174.170
174.650
175.110
175.600
176.070
176.540
177.030
177.510
178.010
178.500
178.980
179.460
179.940
180.430
180.890
181.370
181.850
182.330
182.780
183.270
183.750
184.240
184.730
185.200
185.700
186.170
186.660
187.130
187.630
188.090
188.590
189.060
189.520
189.990
190.470
190.970
191.440
191.910
192.370
192.830
193.330
193.810
194.330
194.810
195.280
195.750
196.250
196.700
197.180
197.680
198.140
198.620
199.120
199.590
200.070
200.550
201.020
201.500
202.010
202.480
202.980
203.440
203.930
204.400
204.880
205.380
205.830
206.310
206.780
207.240
207.740
208.220
208.710
209.190
209.670
210.160
210.650
211.140
211.630
212.110
212.590
213.060
213.550
214.000
214.480
214.970
215.440
215.930
216.410
216.900
217.370
217.860
218.340
218.790
219.280
219.750
220.200
220.670
221.170
221.650
222.110
222.610
223.090
223.560
224.050
224.560
225.050
225.530
226.000
226.470
226.970
227.440
227.920
228.400
228.880
229.350
229.840
230.330
230.810
231.300
231.790
232.260
232.740
233.240
233.720
234.190
234.670
235.140
235.610
236.100
236.570
237.040
237.530
238.010
238.490
238.960
239.440
239.930
240.400
240.890
241.370
241.860
242.340
242.810
243.300
243.760
244.250
244.730
245.200
245.690
246.180
246.650
247.130
247.590
248.070
248.590
249.060
249.530
250.000
250.470
250.960
251.430
251.890
252.370
252.850
253.340
253.830
254.310
254.790
255.300
255.800
256.270
256.750
257.240
257.710
258.190
258.680
259.160
259.640
260.110
260.570
261.060
261.530
262.010
262.480
262.960
263.450
263.930
264.410
264.890
265.380
265.850
266.320
266.820
267.280
267.750
268.230
268.710
269.190
269.660
270.140
270.620
271.110
271.600
272.080
272.540
273.040
273.530
274.020
274.490
274.970
275.450
275.930
276.410
276.890
277.360
277.820
278.290
278.790
279.270
279.750
280.240
280.730
281.210
281.680
282.170
282.650
283.100
283.570
284.050
284.550
285.020
285.530
285.990
286.470
286.950
287.450
287.920
288.400
288.870
289.350
289.820
290.290
290.780
291.280
291.750
292.230
292.700
293.190
293.680
294.190
294.670
295.130
295.590
296.080
296.530
297.040
297.520
298.020
298.500
298.980
299.450
299.940
300.410
300.920
301.410
301.910
302.460
302.960
303.570
304.200
304.840
305.430
306.020
306.640
307.210
307.880
308.490
309.130
309.770
310.440
311.050
311.690
312.340
312.970
313.640
314.250
314.920
315.530
316.170
316.840
317.480
318.120
318.760
319.400
320.040
320.680
321.320
321.960
322.600
323.240
323.880
324.520
325.160
325.780
326.440
