0.210
0.530
0.840
1.170
1.480
1.810
2.130
2.450
2.750
3.060
3.370
3.690
3.990
4.320
4.640
4.960
5.280
5.610
5.950
6.300
6.660
7.010
7.360
7.710
8.050
8.410
8.740
9.090
9.430
9.780
10.130
10.460
10.810
11.150
11.480
11.830
12.170
12.510
12.850
13.190
13.530
13.880
14.230
14.580
14.930
15.280
15.610
15.970
16.320
16.660
16.990
17.350
17.690
18.040
18.380
18.740
19.080
19.430
19.780
20.120
20.490
20.830
21.180
21.530
21.880
22.230
22.590
22.940
23.280
23.630
23.990
24.350
24.700
25.060
25.410
25.760
26.110
26.460
26.810
27.170
27.530
27.880
28.230
28.570
28.930
29.280
29.630
29.990
30.350
30.700
31.070
31.410
31.780
32.110
32.470
32.820
33.160
33.520
33.890
34.230
34.610
34.960
35.310
35.660
36.030
36.380
36.740
37.090
37.450
37.790
38.150
38.500
38.860
39.210
39.570
39.910
40.290
40.640
40.990
41.350
41.720
42.080
42.430
42.780
43.150
43.500
43.850
44.210
44.560
44.930
45.280
45.640
46.000
46.350
46.720
47.070
47.430
47.780
48.140
48.500
48.860
49.220
49.580
49.930
50.280
50.650
51.020
51.370
51.710
52.070
52.430
52.790
53.150
53.520
53.880
54.240
54.590
54.940
55.300
55.650
56.010
56.370
56.740
57.100
57.460
57.810
58.170
58.520
58.890
59.240
59.600
59.970
60.320
60.670
61.030
61.390
61.750
62.120
62.480
62.840
63.190
63.540
63.900
64.270
64.640
65.000
65.360
65.720
66.080
66.440
66.800
67.160
67.520
67.870
68.230
68.600
68.950
69.310
69.680
70.030
70.390
70.750
71.120
71.480
71.840
72.190
72.540
72.900
73.260
73.620
73.980
74.330
74.680
75.030
75.400
75.750
76.120
76.480
76.870
77.240
77.580
77.940
78.310
78.680
79.030
79.390
79.750
80.110
80.480
80.830
81.200
81.560
81.930
82.290
82.660
83.020
83.390
83.750
84.110
84.460
84.820
85.190
85.550
85.910
86.290
86.640
87.010
87.360
87.720
88.070
88.430
88.810
89.150
89.530
89.880
90.230
90.610
90.960
91.340
91.690
92.060
92.410
92.770
93.130
93.500
93.860
94.230
94.590
94.940
95.310
95.670
96.050
96.400
96.760
97.120
97.480
97.860
98.230
98.580
98.940
99.310
99.680
100.060
100.410
100.770
101.150
101.510
101.870
102.240
102.600
102.960
103.330
103.680
104.040
104.420
104.770
105.140
105.520
105.890
106.250
106.610
106.960
107.330
107.690
108.050
108.420
108.790
109.160
109.500
109.860
110.210
110.570
110.940
111.300
111.670
112.030
112.390
112.750
113.120
113.470
113.860
114.220
114.580
114.940
115.310
115.670
116.030
116.390
116.770
117.140
117.510
117.870
118.240
118.600
118.970
119.330
119.700
120.050
120.420
120.790
121.150
121.500
121.880
122.260
122.620
122.980
123.340
123.700
124.070
124.430
124.790
125.150
125.510
125.870
126.240
126.600
126.950
127.300
127.660
128.020
128.390
128.760
129.140
129.510
129.870
130.230
130.590
130.950
131.310
131.670
132.040
132.410
132.790
133.150
133.510
133.870
134.230
134.610
134.980
135.330
135.700
136.060
136.420
136.790
137.150
137.520
137.890
138.250
138.610
138.960
139.330
139.670
140.030
140.380
140.750
141.110
141.470
141.830
142.200
142.560
142.940
143.300
143.670
144.040
144.420
144.790
145.140
145.520
145.890
146.260
146.630
147.010
147.370
147.720
148.090
148.460
148.820
149.190
149.560
149.930
150.290
150.660
151.020
151.390
151.760
152.120
152.500
152.860
153.240
153.610
153.980
154.350
154.720
155.080
155.450
155.810
156.170
156.540
156.900
157.280
157.650
158.020
158.380
158.750
159.100
159.460
159.820
160.190
160.560
160.930
161.300
161.660
162.040
162.390
162.750
163.110
163.490
163.860
164.230
164.590
164.960
165.320
165.690
166.060
166.430
166.800
167.170
167.530
167.890
168.220
168.580
168.940
169.300
169.650
170.010
170.360
170.730
171.090
171.450
171.810
172.180
172.540
172.910
173.270
173.640
174.000
174.370
174.720
175.090
175.460
175.820
176.180
176.550
176.900
177.260
177.620
177.990
178.360
178.720
179.090
179.460
179.830
180.190
180.550
180.920
181.290
181.650
182.030
182.390
182.750
183.120
183.480
183.860
184.220
184.590
184.960
185.340
185.700
186.070
186.440
186.810
187.170
187.550
187.920
188.290
188.650
189.030
189.390
189.760
190.140
190.500
190.870
191.240
191.610
191.970
192.340
192.720
193.070
193.440
193.800
194.160
194.510
194.900
195.270
195.620
195.990
196.350
196.700
197.060
197.410
197.780
198.140
198.500
198.870
199.250
199.610
199.980
200.340
200.700
201.060
201.440
201.810
202.190
202.560
202.930
203.300
203.650
204.020
204.420
204.780
205.160
205.530
205.890
206.260
206.640
207.000
207.380
207.750
208.110
208.480
208.850
209.200
209.580
209.950
210.330
210.680
211.070
211.430
211.790
212.170
212.540
212.910
213.290
213.650
214.020
214.380
214.760
215.110
215.480
215.840
216.200
216.570
216.950
217.320
217.690
218.060
218.430
218.800
219.180
219.550
219.920
220.290
220.660
221.030
221.410
221.770
222.140
222.510
222.880
223.250
223.610
223.970
224.340
224.720
225.090
225.460
225.830
226.190
226.570
226.940
227.290
227.660
228.030
228.400
228.780
229.150
229.530
229.900
230.270
230.630
230.990
231.370
231.740
232.110
232.480
232.840
233.210
233.580
233.940
234.300
234.670
235.040
235.410
235.770
236.140
236.510
236.880
237.240
237.610
237.970
238.350
238.710
239.060
239.420
239.790
240.160
240.540
240.900
241.270
241.640
242.010
242.360
242.720
243.090
243.460
243.840
244.200
244.570
244.930
245.300
245.670
246.040
246.410
246.750
247.130
247.480
247.830
248.200
248.550
248.910
249.260
249.620
249.980
250.330
250.680
251.040
251.420
251.790
252.160
252.520
252.880
253.240
253.600
253.960
254.320
254.700
255.070
255.430
255.810
256.170
256.530
256.910
257.290
257.650
258.020
258.400
258.760
259.130
259.490
259.860
260.240
260.610
260.990
261.360
261.740
262.110
262.480
262.850
263.220
263.590
263.960
264.330
264.710
265.070
265.450
265.820
266.200
266.570
266.940
267.310
267.680
268.050
268.420
268.790
269.170
269.540
269.920
270.300
270.680
271.030
271.410
271.800
272.150
272.530
272.910
273.280
273.650
274.010
274.380
274.740
275.110
275.490
275.860
276.230
276.600
276.970
277.340
277.710
278.080
278.460
278.830
279.210
279.600
279.950
280.320
280.700
281.070
281.440
281.810
282.190
282.560
282.930
283.310
283.680
284.050
284.430
284.800
285.180
285.550
285.910
286.290
286.650
287.040
287.420
287.800
288.160
288.540
288.910
289.290
289.650
290.040
290.390
290.770
291.130
291.520
291.890
292.260
292.650
293.020
293.410
293.780
294.140
294.520
294.890
295.250
295.620
296.000
296.370
296.740
297.110
297.480
297.830
298.190
298.560
298.920
299.300
299.670
300.040
300.410
300.760
301.130
301.520
301.890
302.260
302.630
303.010
303.380
303.750
304.110
304.500
304.870
305.240
305.620
305.990
306.370
306.730
307.110
307.480
307.850
308.210
308.580
308.950
309.340
309.700
310.060
310.450
310.820
311.180
311.560
311.930
312.290
312.650
313.010
313.370
313.750
314.100
314.470
314.850
315.220
315.590
315.960
316.330
316.690
317.080
317.440
317.810
318.180
318.540
318.920
319.300
319.660
320.040
320.400
320.770
321.140
321.500
321.880
322.240
322.610
322.980
323.360
323.730
324.110
324.460
324.840
325.210
325.570
325.960
326.330
326.700
327.060
327.450
327.820
328.190
328.570
328.940
329.310
329.680
330.050
330.410
330.810
331.180
331.550
331.930
332.300
332.680
333.050
333.420
333.790
334.160
334.530
334.900
335.270
335.650
336.000
336.390
336.760
337.130
337.510
337.880
338.260
338.630
339.000
339.380
339.740
340.100
340.500
340.870
341.240
341.620
341.980
342.360
342.730
343.100
343.480
343.850
344.220
344.570
344.940
345.300
345.670
346.040
346.420
346.780
347.160
347.530
347.890
348.260
348.640
349.020
349.410
349.770
350.150
350.520
350.900
351.270
351.640
352.000
352.380
352.760
353.140
353.510
353.900
354.270
354.650
355.030
355.410
355.810
356.180
356.570
356.940
357.320
357.670
358.050
358.430
358.800
359.180
359.560
359.940
360.310
360.680
361.060
361.420
361.800
362.180
362.560
362.930
363.310
363.670
364.040
364.420
364.790
365.160
365.520
365.900
366.280
366.650
367.020
367.390
367.750
368.120
368.500
368.860
369.230
369.600
369.970
370.330
370.710
371.090
371.440
371.820
372.200
372.570
372.930
373.300
373.670
374.050
374.420
374.790
375.170
375.540
375.910
376.290
376.650
377.030
377.380
377.770
378.140
378.510
378.880
379.250
379.650
380.030
380.400
380.780
381.170
381.540
381.910
382.310
382.670
383.040
383.420
383.790
384.160
384.540
384.910
385.290
385.670
386.050
386.410
386.790
387.160
387.520
387.900
388.270
388.640
389.020
389.400
389.770
390.140
390.520
390.890
391.240
391.630
392.010
392.390
392.760
393.140
393.530
393.890
394.270
394.630
395.010
395.380
395.750
396.110
396.500
396.870
397.260
397.620
397.990
398.350
398.730
399.100
399.470
399.840
400.230
400.590
400.970
401.350
401.740
402.120
402.490
402.890
403.240
403.610
403.990
404.350
404.740
405.110
405.480
405.880
406.240
406.600
406.970
407.340
407.730
408.100
408.470
408.830
409.200
409.580
409.950
410.320
410.690
411.050
411.410
411.790
412.160
412.530
412.930
413.300
413.680
414.060
414.440
414.820
415.190
415.570
415.950
416.320
416.680
417.060
417.440
417.810
418.190
418.560
418.950
419.320
419.700
420.080
420.440
420.830
421.190
421.570
421.930
422.300
422.670
423.050
423.420
423.790
424.150
424.540
424.930
425.310
425.690
426.060
426.440
426.810
427.200
427.570
427.970
428.340
428.720
429.110
429.480
429.850
430.230
430.610
430.990
431.370
431.750
432.120
432.500
432.880
433.250
433.630
434.000
434.370
434.750
435.160
435.530
435.920
436.280
436.670
437.030
437.400
437.790
438.170
438.550
438.920
439.310
439.690
440.070
440.440
440.810
441.180
441.550
441.920
442.290
442.650
443.040
443.410
443.770
444.130
444.490
444.870
445.240
445.610
445.970
446.330
446.700
447.070
447.450
447.810
448.190
448.550
448.930
449.290
449.670
450.030
450.410
450.780
451.150
451.510
451.890
452.260
452.630
453.010
453.370
453.740
454.100
454.470
454.870
455.230
455.600
455.970
456.340
456.700
457.090
457.450
457.830
458.180
458.560
458.920
459.280
459.640
460.000
460.370
460.740
461.110
461.480
461.850
462.220
462.580
462.970
463.330
463.680
464.060
464.430
464.800
465.160
465.540
465.920
466.290
466.650
467.030
467.390
467.760
468.130
468.510
468.880
469.260
469.630
470.000
470.370
470.740
471.110
471.470
471.840
472.220
472.580
472.960
473.340
473.690
474.060
474.450
474.810
475.160
475.540
475.900
476.270
476.640
477.010
477.390
477.750
478.130
478.510
478.890
479.270
479.640
480.010
480.380
480.750
481.110
481.480
481.850
482.230
482.600
482.970
483.350
483.720
484.080
484.460
484.820
485.180
485.540
485.920
486.290
486.650
487.020
487.400
487.770
488.110
488.480
488.830
489.210
489.560
489.930
490.320
490.690
491.060
491.430
491.800
492.170
492.540
492.900
493.280
493.660
494.040
494.410
494.780
495.150
495.510
495.900
496.240
496.610
496.980
497.340
497.710
498.080
498.460
498.820
499.200
499.570
499.940
500.300
500.660
501.050
501.420
501.790
502.170
502.540
502.920
503.280
503.660
504.010
504.370
504.740
505.110
505.490
505.860
506.210
506.590
506.960
507.320
507.670
508.050
508.420
508.800
509.160
509.530
509.900
510.280
510.650
511.020
511.380
511.750
512.120
512.490
512.870
513.240
513.610
513.980
514.340
514.700
515.070
515.420
515.770
516.140
516.500
516.890
517.260
517.630
517.990
518.360
518.720
519.070
519.420
519.790
520.140
520.510
520.870
521.250
521.610
521.980
522.340
522.700
523.080
523.440
523.810
524.180
524.550
524.910
525.280
525.640
526.020
526.400
526.770
527.140
527.490
527.860
528.230
528.600
528.990
529.360
529.720
530.090
530.450
530.830
531.200
531.580
531.950
532.310
532.670
533.040
533.430
533.800
534.160
534.520
534.900
535.290
535.670
536.070
536.470
536.840
537.190
537.550
537.860
538.170
538.470
538.770
539.060
539.360
539.700
540.010
540.360
540.670
541.020
541.340
541.660
541.970
542.290
542.610
542.930
543.250
543.570
543.890
544.220
544.540
