0.420
0.850
1.270
1.710
2.130
2.550
3.000
3.420
3.850
4.280
4.710
5.150
5.610
6.040
6.460
6.880
7.310
7.730
8.150
8.570
9.010
9.430
9.850
10.290
10.720
11.130
11.560
11.990
12.420
12.860
13.270
13.690
14.100
14.540
14.960
15.390
15.820
16.270
16.690
17.110
17.550
17.960
18.380
18.810
19.240
19.650
20.090
20.530
20.950
21.370
21.810
22.250
22.680
23.100
23.540
23.970
24.410
24.850
25.280
25.700
26.130
26.570
27.000
27.430
27.850
28.280
28.730
29.180
29.590
30.040
30.460
30.890
31.330
31.750
32.200
32.630
33.070
33.500
33.940
34.360
34.790
35.210
35.640
36.070
36.510
36.940
37.380
37.800
38.240
38.660
39.100
39.540
39.970
40.400
40.850
41.290
41.720
42.170
42.610
43.060
43.490
43.930
44.350
44.790
45.190
45.620
46.050
46.480
46.900
47.330
47.760
48.190
48.610
49.030
49.460
49.880
50.310
50.730
51.160
51.590
52.030
52.450
52.880
53.310
53.730
54.150
54.580
54.990
55.420
55.830
56.260
56.690
57.120
57.550
57.970
58.420
58.850
59.280
59.710
60.140
60.550
60.990
61.420
61.850
62.270
62.700
63.120
63.550
63.980
64.410
64.830
65.260
65.690
66.110
66.550
66.980
67.420
67.840
68.260
68.670
69.080
69.510
69.930
70.370
70.800
71.230
71.660
72.090
72.530
72.950
73.390
73.820
74.230
74.670
75.100
75.520
75.950
76.360
76.790
77.230
77.670
78.100
78.530
78.960
79.400
79.820
80.250
80.680
81.120
81.540
81.980
82.410
82.830
83.260
83.700
84.130
84.570
85.000
85.440
85.870
86.300
86.730
87.170
87.600
88.040
88.460
88.900
89.330
89.750
90.170
90.600
91.040
91.480
91.910
92.340
92.770
93.200
93.630
94.060
94.480
94.920
95.350
95.770
96.170
96.620
97.050
97.480
97.930
98.380
98.800
99.240
99.670
100.110
100.540
100.980
101.410
101.850
102.270
102.700
103.130
103.540
103.960
104.390
104.830
105.260
105.690
106.120
106.550
106.990
107.410
107.840
108.280
108.730
109.150
109.610
110.030
110.470
110.910
111.360
111.800
112.230
112.650
113.090
113.510
113.940
114.360
114.790
115.220
115.640
116.060
116.500
116.920
117.360
117.790
118.210
118.640
119.070
119.500
119.920
120.350
120.790
121.200
121.640
122.070
122.500
122.930
123.360
123.790
124.210
124.630
125.060
125.500
125.940
126.350
126.810
127.250
127.660
128.100
128.530
128.950
129.400
129.820
130.250
130.680
131.100
131.530
131.960
132.390
132.830
133.250
133.690
134.120
134.540
134.970
135.390
135.830
136.250
136.680
137.110
137.510
137.950
138.350
138.770
139.210
139.610
140.050
