0.350
1.220
2.050
2.860
3.700
4.530
5.390
6.270
7.140
8.040
8.940
9.870
10.790
11.690
12.530
13.390
14.270
15.140
16.050
16.930
17.810
18.680
19.580
20.440
21.370
22.240
23.100
23.970
24.870
25.780
26.660
27.550
28.440
29.340
30.230
31.150
32.050
32.940
33.840
34.730
35.640
36.550
37.460
38.310
39.220
40.120
41.030
41.910
42.850
43.750
44.690
45.570
46.460
47.380
48.310
49.220
50.150
51.060
51.970
52.880
53.790
54.700
55.640
56.560
57.480
58.370
59.310
60.220
61.130
62.030
62.920
63.830
64.740
65.630
66.560
67.450
68.330
69.260
70.190
71.100
72.020
72.900
73.790
74.720
75.620
76.560
77.440
78.330
79.260
80.150
81.100
81.970
82.930
83.810
84.740
85.660
86.590
87.500
88.410
89.310
90.250
91.150
92.060
92.960
93.860
94.750
95.670
96.590
97.520
98.470
99.390
100.280
101.210
102.110
103.080
103.970
104.920
105.800
106.700
107.640
108.540
109.490
110.400
111.310
112.230
113.140
114.040
114.950
115.840
116.770
117.710
118.620
119.540
120.460
121.380
122.310
123.220
124.120
125.020
125.950
126.900
127.870
128.760
129.660
130.570
131.460
132.370
133.270
134.190
135.070
136.000
136.880
137.760
138.640
139.540
140.430
141.320
142.200
143.090
143.980
144.860
145.800
146.720
147.600
148.450
149.350
150.280
151.190
152.080
153.040
153.940
154.850
155.780
156.740
157.680
158.600
159.550
160.460
161.390
162.290
163.210
164.130
165.050
165.960
166.870
167.800
168.740
169.660
170.570
171.500
172.450
173.360
174.300
175.220
176.160
177.100
178.040
178.970
179.890
180.810
181.730
182.680
183.610
184.630
185.590
186.540
187.500
188.550
189.560
190.510
