0.380
0.770
1.140
1.540
1.920
2.320
2.700
3.090
3.480
3.880
4.250
4.640
5.010
5.390
5.750
6.130
6.520
6.920
7.310
7.680
8.090
8.470
8.860
9.250
9.640
10.020
10.420
10.800
11.200
11.590
11.980
12.360
12.760
13.130
13.530
13.900
14.300
14.670
15.080
15.470
15.850
16.230
16.610
17.010
17.390
17.770
18.160
18.540
18.950
19.340
19.730
20.100
20.510
20.900
21.320
21.720
22.110
22.490
22.880
23.270
23.670
24.050
24.420
24.790
25.190
25.570
25.950
26.340
26.750
27.120
27.530
27.920
28.310
28.700
29.080
29.480
29.860
30.250
30.640
31.040
31.440
31.840
32.240
32.640
33.030
33.430
33.850
34.220
34.610
35.020
35.400
35.790
36.190
36.570
36.980
37.370
37.780
38.190
38.590
38.990
39.400
39.780
40.180
40.570
40.970
41.360
41.740
42.130
42.530
42.900
43.310
43.700
44.110
44.520
44.910
45.310
45.710
46.120
46.520
46.910
47.320
47.710
48.100
48.520
48.920
49.310
49.690
50.080
50.480
50.870
51.270
51.660
52.050
52.470
52.870
53.260
53.670
54.050
54.460
54.850
55.240
55.630
56.030
56.430
56.830
57.230
57.630
58.020
58.440
58.820
59.230
59.620
60.020
60.420
60.810
61.210
61.610
62.010
62.420
62.820
63.230
63.630
64.040
64.440
64.840
65.230
65.630
66.040
66.430
66.830
67.230
67.630
68.030
68.430
68.830
69.220
69.630
70.050
70.470
70.880
71.280
71.660
72.040
72.440
72.840
73.240
73.640
74.040
74.450
74.840
75.250
75.640
76.060
76.460
76.880
77.290
77.700
78.100
78.510
78.910
79.320
79.740
80.150
80.550
80.970
81.380
81.800
82.220
82.640
83.060
83.470
83.890
84.300
84.720
85.140
85.550
85.950
86.360
86.790
87.190
87.610
88.010
88.430
88.830
89.250
89.660
90.080
90.490
90.900
91.310
91.720
92.130
92.540
92.950
93.370
93.770
94.180
94.590
95.020
95.430
95.850
96.280
96.710
97.120
97.540
97.950
98.360
98.770
99.190
99.610
100.020
100.420
100.830
101.240
101.650
102.080
102.510
102.930
103.360
103.770
104.200
104.610
105.030
105.450
105.860
106.270
106.680
107.090
107.510
107.920
108.330
108.730
109.160
109.580
110.010
110.420
110.850
111.260
111.690
112.100
112.510
112.930
113.340
113.760
114.180
114.590
115.010
115.420
115.830
116.240
116.670
117.070
117.490
117.890
118.310
118.720
119.140
119.550
119.950
120.370
120.780
121.180
121.600
122.020
122.450
122.860
123.300
123.710
124.140
124.590
124.990
125.400
125.800
126.220
126.660
127.080
127.500
127.910
128.330
128.750
129.180
129.600
130.020
130.430
130.840
131.260
131.680
132.110
132.530
132.960
133.380
133.810
134.230
134.660
135.080
135.500
135.930
136.360
136.800
137.220
137.640
138.070
138.490
138.910
139.330
139.770
140.190
140.620
141.050
141.470
141.910
142.330
142.780
143.210
143.620
144.040
144.470
144.900
145.330
145.750
146.190
146.600
147.020
147.440
147.860
148.280
148.710
149.140
149.590
150.020
150.460
150.900
151.320
151.760
152.200
152.630
153.090
153.510
153.930
154.370
154.800
155.220
155.660
156.090
156.540
156.970
157.410
157.840
158.280
158.700
159.130
159.560
160.010
160.440
160.890
161.310
161.750
162.150
162.580
162.990
163.410
163.830
164.250
164.680
165.110
165.530
165.950
166.350
166.790
167.230
167.670
168.100
168.560
169.000
169.420
169.880
170.320
170.760
171.200
171.620
172.060
172.520
172.940
173.380
173.820
174.280
174.700
175.150
175.590
176.020
176.500
176.940
177.400
177.890
178.350
178.870
179.360
179.870
180.370
180.850
181.390
181.910
182.530
183.240
183.980
184.680
185.420
186.170
187.030
187.890
188.730
189.640
190.470
191.330
192.200
193.090
193.910
194.830
195.770
196.730
197.740
198.840
199.970
201.010
202.020
203.090
204.070
205.120
206.150
207.180
208.230
209.300
210.330
211.360
212.390
213.390
214.460
215.470
216.490
217.570
218.570
219.600
220.630
221.510
222.390
223.240
224.080
224.790
225.550
226.300
227.070
227.800
228.470
229.170
229.800
230.380
230.930
231.510
232.010
232.550
233.050
233.580
234.110
234.660
235.180
235.720
236.200
236.720
237.230
237.750
238.300
238.860
239.400
239.890
240.440
240.930
241.490
241.990
242.540
243.080
243.590
244.070
244.530
245.010
245.490
245.990
246.480
246.970
247.530
248.070
248.610
249.140
249.720
250.340
250.850
251.350
251.830
252.340
252.840
253.380
253.890
254.400
254.870
255.380
255.890
256.370
256.900
257.420
257.910
258.440
258.920
259.460
260.040
260.580
261.140
261.660
262.210
262.820
263.400
263.970
264.550
265.130
265.740
266.330
266.900
267.460
268.040
268.600
269.150
269.810
270.440
271.060
271.700
272.380
273.120
273.870
274.610
275.290
276.010
276.720
277.430
278.200
278.890
279.640
280.370
281.120
281.810
282.540
283.190
283.860
284.590
285.290
286.030
286.820
287.570
288.370
289.140
289.830
290.540
291.180
291.940
292.740
293.500
294.250
295.000
295.710
296.350
297.010
297.650
298.280
298.910
299.500
300.140
300.730
301.360
301.890
302.480
303.000
303.490
304.020
304.590
305.180
305.750
306.290
306.880
307.490
308.100
308.660
309.210
309.770
310.280
310.840
311.420
311.980
312.580
313.140
313.700
314.270
314.810
315.360
315.960
316.560
317.150
317.780
318.360
318.900
319.480
320.040
320.650
321.220
321.850
322.500
323.110
323.740
324.350
324.960
325.610
326.230
326.870
327.510
328.150
328.770
329.340
329.940
330.530
331.080
331.670
332.250
332.850
333.510
334.120
334.750
335.470
336.140
336.880
337.750
338.630
339.450
340.360
341.210
342.070
343.030
343.960
344.920
345.840
346.750
347.630
348.510
349.470
350.370
351.310
352.180
353.120
354.020
354.910
355.810
356.720
357.680
358.540
359.510
