0.240
0.840
1.500
2.120
2.720
3.290
3.880
4.450
5.060
5.630
6.210
6.790
7.370
7.940
8.530
9.110
9.670
10.240
10.820
11.380
11.970
12.550
13.130
13.690
14.270
14.870
15.440
16.020
16.610
17.200
17.790
18.360
18.950
19.540
20.140
20.700
21.280
21.860
22.440
23.030
23.600
24.160
24.720
25.330
25.930
26.510
27.080
27.670
28.240
28.860
29.450
30.030
30.620
31.200
31.790
32.370
32.960
33.540
34.130
34.700
35.280
35.850
36.450
37.020
37.610
38.200
38.790
39.350
39.960
40.540
41.130
41.700
42.300
42.860
43.470
44.050
44.650
45.220
45.810
46.410
46.990
47.550
48.150
48.760
49.340
49.920
50.510
51.110
51.690
52.270
52.860
53.450
54.050
54.630
55.190
55.780
56.370
56.930
57.520
58.130
58.720
59.290
59.890
60.470
61.040
61.610
62.190
62.790
63.370
63.940
64.520
65.110
65.690
66.290
66.890
67.480
68.070
68.640
69.240
69.830
70.420
71.010
71.610
72.180
72.780
73.340
73.920
74.510
75.090
75.670
76.290
76.870
77.450
78.040
78.630
79.200
79.780
80.370
80.940
81.520
82.110
82.730
83.320
83.910
84.490
85.080
85.650
86.250
86.830
87.420
88.000
88.590
89.190
89.760
90.360
90.960
91.600
92.210
92.790
93.380
93.960
94.560
95.120
95.710
96.300
96.890
97.500
98.100
98.700
99.300
99.890
100.480
101.070
101.620
102.220
102.780
103.380
103.990
104.560
105.150
105.750
106.310
106.890
107.480
108.050
108.630
109.220
109.800
110.400
110.970
111.570
112.150
112.730
113.320
113.900
114.480
115.070
115.670
116.280
116.880
117.480
118.080
118.680
119.300
119.900
120.510
121.120
121.720
122.300
122.910
123.520
124.120
124.750
125.350
125.960
126.580
127.180
127.810
128.420
129.020
129.620
130.240
130.840
131.440
132.050
132.650
133.250
133.850
134.460
135.060
135.670
136.280
136.900
137.470
138.050
138.650
139.260
139.830
140.420
140.990
141.560
142.160
142.760
143.330
143.940
144.500
145.090
145.650
146.230
146.790
147.380
147.960
148.530
149.100
149.660
150.250
150.850
151.410
152.010
152.580
153.150
153.730
154.320
154.940
155.550
156.130
156.730
157.280
157.820
158.380
158.960
159.530
160.090
160.630
161.200
161.760
162.330
162.870
163.420
163.990
164.540
165.120
165.700
166.270
166.900
167.490
168.100
168.670
169.270
169.900
170.490
171.070
171.650
172.250
172.810
173.390
173.970
174.540
175.140
175.730
176.300
176.890
177.470
178.050
178.680
179.280
179.880
180.440
180.990
181.590
182.160
182.700
183.300
183.840
184.410
184.980
185.560
186.130
186.710
187.320
187.910
