0.170	1
0.440
0.710
0.965
1.220	1
1.475
1.730
2.010
2.290	1
2.550
2.810
3.070
3.330	1
3.580
3.830
4.095
4.360	1
4.630
4.900
5.160
5.420	1
5.675
5.930
6.200
6.470	1
6.735
7.000
7.260
7.520	1
7.780
8.040
8.315
8.590	1
8.870
9.150
9.415
9.680	1
9.930
10.180
10.460
10.740	1
11.005
11.270
11.540
11.810	1
12.070
12.330
12.605
12.880	1
13.145
13.410
13.685
13.960	1
14.210
14.460
14.730
15.000	1
15.275
15.550
15.825
16.100	1
16.355
16.610
16.885
17.160	1
17.435
17.710
17.980
18.250	1
18.510
18.770
19.050
19.330	1
19.600
19.870
20.145
20.420	1
20.675
20.930
21.200
21.470	1
21.745
22.020
22.280
22.540	1
22.785
23.030
23.305
23.580	1
23.865
24.150
24.420
24.690	1
24.965
25.240
25.510
25.780	1
26.050
26.320
26.580
26.840	1
27.120
27.400
27.675
27.950	1
28.220
28.490
28.755
29.020	1
29.290
29.560
29.830
30.100	1
30.355
30.610
30.895
31.180	1
31.440
31.700
31.970
32.240	1
32.520
32.800
33.070
33.340	1
33.615
33.890
34.165
34.440	1
34.705
34.970
35.240
35.510	1
35.790
36.070
36.335
36.600	1
36.875
37.150
37.430
37.710	1
37.985
38.260
38.535
38.810	1
39.075
39.340
39.600
39.860	1
40.135
40.410
40.675
40.940	1
41.225
41.510
41.770
42.030	1
42.315
42.600
42.870
43.140	1
43.415
43.690
43.960
44.230	1
44.500
44.770
45.035
45.300	1
45.570
45.840
46.110
46.380	1
46.650
46.920
47.190
47.460	1
47.735
48.010
48.280
48.550	1
48.815
49.080
49.345
49.610	1
49.895
50.180
50.455
50.730	1
50.995
51.260
51.540
51.820	1
52.095
52.370
52.635
52.900	1
53.170
53.440
53.720
54.000	1
54.275
54.550
54.820
55.090	1
55.360
55.630
55.900
56.170	1
56.450
56.730
57.000
57.270	1
57.535
57.800
58.075
58.350	1
58.630
58.910
59.185
59.460	1
59.735
60.010
60.290
60.570	1
60.830
61.090
61.375
61.660	1
61.940
62.220
62.480
62.740	1
63.015
63.290
63.570
63.850	1
64.120
64.390
64.665
64.940	1
65.210
65.480
65.765
66.050	1
66.315
66.580
66.850
67.120	1
67.405
67.690
67.965
68.240	1
68.515
68.790
69.065
69.340	1
69.610
69.880
70.175
70.470	1
70.755
71.040
71.315
71.590	1
71.880
72.170
72.450
72.730	1
73.010
73.290
73.570
73.850	1
74.125
74.400
74.685
74.970	1
75.250
75.530
75.815
76.100	1
76.370
76.640
76.915
77.190	1
77.470
77.750
78.020
78.290	1
78.565
78.840
79.125
79.410	1
79.680
79.950
80.215
80.480	1
80.765
81.050
81.325
81.600	1
81.885
82.170
82.450
82.730	1
83.010
83.290
83.570
83.850	1
84.125
84.400
84.680
84.960	1
85.245
85.530
85.805
86.080	1
86.355
86.630
86.910
87.190	1
87.460
87.730
88.010
88.290	1
88.560
88.830
89.110
89.390	1
89.665
89.940
90.205
90.470	1
90.745
91.020
91.295
91.570	1
91.845
92.120
92.400
92.680	1
92.945
93.210
93.480
93.750	1
94.025
94.300
94.580
94.860	1
95.130
95.400
95.680
95.960	1
96.235
96.510
96.775
97.040	1
97.310
97.580
97.850
98.120	1
98.390
98.660
98.935
99.210	1
99.485
99.760
100.020
100.280	1
100.565
100.850
101.120
101.390	1
101.660
101.930
102.210
102.490	1
102.760
103.030
103.310
103.590	1
103.855
104.120
104.410
104.700	1
104.975
105.250
105.535
105.820	1
106.105
106.390
106.665
106.940	1
107.220
107.500
107.780
108.060	1
108.340
108.620
108.895
109.170	1
109.450
109.730
110.000
110.270	1
110.545
110.820
111.100
111.380	1
111.665
111.950
112.220
112.490	1
112.775
113.060
113.345
113.630	1
113.910
114.190
114.475
114.760	1
115.040
115.320
115.600
115.880	1
116.160
116.440
116.720
117.000	1
117.280
117.560
117.830
118.100	1
118.370
118.640
118.920
119.200	1
119.475
119.750
120.015
120.280	1
120.565
120.850
121.125
121.400	1
121.675
121.950
122.230
122.510	1
122.780
123.050
123.315
123.580	1
123.855
124.130
124.405
124.680	1
124.960
125.240
125.520
125.800	1
126.080
126.360
126.625
126.890	1
127.170
127.450
127.720
127.990	1
128.270
128.550
128.820
129.090	1
129.375
129.660
129.940
130.220	1
130.490
130.760
131.040
131.320	1
131.595
131.870
132.145
132.420	1
132.695
132.970
133.240
133.510	1
133.795
134.080
134.355
134.630	1
134.910
135.190
135.465
135.740	1
136.010
136.280
136.550
136.820	1
137.095
137.370
137.655
137.940	1
138.210
138.480
138.755
139.030	1
139.315
139.600
139.880
140.160	1
140.440
140.720
141.000
141.280	1
141.560
141.840
142.120
142.400	1
142.680
142.960
143.235
143.510	1
143.790
144.070
144.345
144.620	1
144.885
145.150
145.420
145.690	1
145.970
146.250
146.525
146.800	1
147.075
147.350
147.635
147.920	1
148.195
148.470
148.755
149.040	1
149.320
149.600
149.880
150.160	1
150.440
150.720
150.995
151.270	1
151.555
151.840
152.110
152.380	1
152.660
152.940
153.205
153.470	1
153.750
154.030
154.310
154.590	1
154.860
155.130
155.400
155.670	1
155.955
156.240
156.510
156.780	1
157.055
157.330
157.610
157.890	1
158.165
158.440
158.715
158.990	1
159.250
159.510
159.795
160.080	1
160.360
160.640
160.910
161.180	1
161.470
161.760
162.045
162.330	1
162.615
162.900
163.175
163.450	1
163.725
164.000
164.275
164.550	1
164.830
165.110
165.395
165.680	1
165.955
166.230
166.505
166.780	1
167.050
167.320
167.595
167.870	1
168.150
168.430
168.695
168.960	1
169.245
169.530
169.810
170.090	1
170.370
170.650
170.930
171.210	1
171.490
171.770
172.050
172.330	1
172.605
172.880
173.150
173.420	1
173.695
173.970
174.255
174.540	1
174.815
175.090
175.365
175.640	1
175.930
176.220
176.495
176.770	1
177.045
177.320
177.600
177.880	1
178.165
178.450
178.735
179.020	1
179.300
179.580
179.860
180.140	1
180.425
180.710
180.985
181.260	1
181.540
181.820
182.090
182.360	1
182.645
182.930
183.210
183.490	1
183.770
184.050
184.330
184.610	1
184.890
185.170
185.440
185.710	1
185.990
186.270
186.545
186.820	1
187.095
187.370
187.650
187.930	1
188.205
188.480
188.740
189.000	1
189.290
189.580
189.850
190.120	1
190.400
190.680
190.940
191.200	1
191.485
191.770
192.050
192.330	1
192.595
192.860
193.130
193.400	1
193.680
193.960
194.235
194.510	1
194.785
195.060
195.335
195.610	1
195.895
196.180
196.455
196.730	1
197.010
197.290
197.570
197.850	1
198.130
198.410
198.685
198.960	1
199.245
199.530
199.800
200.070	1
200.345
200.620
200.895
201.170	1
201.450
201.730
202.000
202.270	1
202.560
202.850
203.120
203.390	1
203.670
203.950
204.230
204.510	1
204.785
205.060
205.345
205.630	1
205.905
206.180
206.465
206.750	1
207.030
207.310
207.590
207.870	1
208.160
208.450
208.730
209.010	1
209.290
209.570
209.855
210.140	1
210.410
210.680
210.950
211.220	1
211.495
211.770
212.050
212.330	1
212.605
212.880
213.170
213.460	1
213.740
214.020
214.300
214.580	1
214.855
215.130
215.420
215.710	1
215.985
216.260
216.540
216.820	1
217.110
217.400
217.680
217.960	1
218.230
218.500
218.780
219.060	1
219.340
219.620
219.895
220.170	1
220.455
220.740
221.010
221.280	1
221.560
221.840
222.120
222.400	1
222.685
222.970
223.255
223.540	1
223.820
224.100
224.375
224.650	1
224.920
225.190
225.465
225.740	1
226.025
226.310
226.570
226.830	1
227.125
227.420
227.695
227.970	1
228.250
228.530
228.815
229.100	1
229.385
229.670
229.955
230.240	1
230.525
230.810
231.075
231.340	1
231.635
231.930
232.210
232.490	1
232.775
233.060
233.345
233.630	1
233.910
234.190
234.470
234.750	1
235.035
235.320
235.595
235.870	1
236.165
236.460
236.740
237.020	1
237.295
237.570
237.855
238.140	1
238.425
238.710
238.990
239.270	1
239.550
239.830
240.110
240.390	1
240.675
240.960
241.240
241.520	1
241.805
242.090
242.375
242.660	1
242.945
243.230
243.515
243.800	1
244.080
244.360
244.640
244.920	1
245.215
245.510
245.785
246.060	1
246.345
246.630
246.900
247.170	1
247.460
247.750
248.030
248.310	1
248.595
248.880
249.155
249.430	1
249.725
250.020
250.295
250.570	1
250.860
251.150
251.425
251.700	1
251.985
252.270
252.555
252.840	1
253.120
253.400
253.680
253.960	1
254.245
254.530
254.810
255.090	1
255.365
255.640
255.925
256.210	1
256.490
256.770
257.060
257.350	1
257.630
257.910
258.190
258.470	1
258.760
259.050
259.330
259.610	1
259.880
260.150
260.435
260.720	1
261.000
261.280
261.565
261.850	1
262.125
262.400
262.675
262.950	1
263.230
263.510
263.790
264.070	1
264.350
264.630
264.905
265.180	1
265.465
265.750
266.030
266.310	1
266.595
266.880
267.155
267.430	1
267.710
267.990
268.270
268.550	1
268.830
269.110
269.395
269.680	1
269.955
270.230
270.500
270.770	1
271.050
271.330
271.605
271.880	1
272.160
272.440
272.715
272.990	1
273.265
273.540
273.820
274.100	1
274.385
274.670
274.945
275.220	1
275.495
275.770
276.050
276.330	1
276.610
276.890
277.175
277.460	1
277.740
278.020
278.305
278.590	1
278.865
279.140
279.420
279.700	1
279.970
280.240
280.515
280.790	1
281.080
281.370
281.650
281.930	1
282.205
282.480
282.770
283.060	1
283.335
283.610
283.885
284.160	1
284.435
284.710
284.985
285.260	1
285.545
285.830
286.110
286.390	1
286.670
286.950
287.230
287.510	1
287.785
288.060
288.345
288.630	1
288.910
289.190
289.465
289.740	1
290.020
290.300
290.580
290.860	1
291.140
291.420
291.700
291.980	1
292.265
292.550
292.830
293.110	1
293.395
293.680
293.960
294.240	1
294.525
294.810
295.090
295.370	1
295.655
295.940
296.225
296.510	1
296.790
297.070
297.355
297.640	1
297.920
298.200
298.480
298.760	1
299.050
299.340
299.620
299.900	1
300.190
300.480
300.760
301.040	1
301.330
301.620
301.905
302.190	1
302.470
302.750
303.030
303.310	1
303.600
303.890
304.175
304.460	1
304.755
305.050
305.335
305.620	1
305.905
306.190
306.475
306.760	1
307.045
307.330
307.615
307.900	1
308.185
308.470
308.760
309.050	1
309.330
309.610
309.900
310.190	1
310.480
310.770
311.045
311.320	1
311.605
311.890
312.165
312.440	1
312.725
313.010
313.290
313.570	1
313.850
314.130
314.415
314.700	1
314.975
315.250
315.525
315.800	1
316.090
316.380
316.650
316.920	1
317.210
317.500
317.780
318.060	1
318.330
318.600
318.875
319.150	1
319.435
319.720
319.995
320.270	1
320.540
320.810
321.100
321.390	1
321.665
321.940
322.220
322.500	1
322.785
323.070
323.355
323.640	1
323.915
324.190
324.465
324.740	1
325.020
325.300
325.570
325.840	1
326.125
326.410
326.690
326.970	1
327.250
327.530
327.810
328.090	1
328.380
328.670
328.945
329.220	1
329.510
329.800
330.075
330.350	1
330.625
330.900
331.180
331.460	1
331.740
332.020
332.305
332.590	1
332.865
333.140
333.430
333.720	1
334.000
334.280
334.555
334.830	1
335.120
335.410
335.695
335.980	1
336.260
336.540
336.825
337.110	1
337.390
337.670
337.950
338.230	1
338.515
338.800
339.075
339.350	1
339.635
339.920
340.205
340.490	1
340.770
341.050
341.330
341.610	1
341.890
342.170
342.445
342.720	1
343.005
343.290
343.560
343.830	1
344.115
344.400
344.680
344.960	1
345.245
345.530
345.805
346.080	1
346.380
346.680
346.985
347.290	1
347.575
347.860
348.145
348.430	1
348.720
349.010
349.305
349.600	1
349.890
350.180
350.470
350.760	1
351.045
351.330
351.615
351.900	1
352.185
352.470
352.765
353.060	1
353.350
353.640
353.915
354.190	1
354.480
354.770
355.055
355.340	1
355.620
355.900
356.190
356.480	1
356.765
357.050
357.335
357.620	1
357.885
358.150
358.430
358.710	1
358.995
359.280
359.565
359.850	1
360.135
360.420
360.705
360.990	1
361.265
361.540
361.815
362.090	1
362.385
362.680
362.955
363.230	1
363.515
363.800
364.080
364.360	1
364.645
364.930
365.210
365.490	1
365.770
366.050
366.325
366.600	1
366.890
367.180
367.460
367.740	1
368.030
368.320
368.605
368.890	1
369.175
369.460
369.745
370.030	1
370.315
370.600
370.885
371.170	1
371.450
371.730
372.005
372.280	1
372.570
372.860
373.150
373.440	1
373.715
373.990
374.265
374.540	1
374.825
375.110
375.375
375.640	1
375.925
376.210
376.500
376.790	1
377.070
377.350
377.610
377.870	1
378.150
378.430
378.715
379.000	1
379.275
379.550
379.810
380.070	1
380.350
380.630
380.920
381.210	1
381.485
381.760
382.040
382.320	1
382.595
382.870
383.150
383.430	1
383.715
384.000
384.270
384.540	1
384.825
385.110
385.395
385.680	1
385.945
386.210
386.495
386.780	1
387.050
387.320
387.595
387.870	1
388.155
388.440
388.700
388.960	1
389.250
389.540
389.825
390.110	1
390.385
390.660
390.945
391.230	1
391.520
391.810
392.090
392.370	1
392.650
392.930
393.210
393.490	1
393.785
394.080
394.360
394.640	1
394.935
395.230
395.510
395.790	1
396.080
396.370
396.655
396.940	1
397.235
397.530
397.810
398.090	1
398.385
398.680
398.955
399.230	1
399.515
399.800
400.090
400.380	1
400.680
400.980
401.265
401.550	1
401.840
402.130
402.410
402.690	1
402.985
403.280
403.560
403.840	1
404.130
404.420
404.705
404.990	1
405.280
405.570
405.855
406.140	1
406.430
406.720
407.000
407.280	1
407.570
407.860
408.140
408.420	1
408.705
408.990
409.275
409.560	1
409.855
410.150
410.420
410.690	1
410.975
411.260
411.540
411.820	1
412.100
412.380
412.660
412.940	1
413.230
413.520
413.810
414.100	1
414.380
414.660
414.940
415.220	1
415.515
415.810
416.085
416.360	1
416.645
416.930
417.210
417.490	1
417.775
418.060
418.345
418.630	1
418.910
419.190
419.475
419.760	1
420.040
420.320
420.590
420.860	1
421.145
421.430
421.715
422.000	1
422.280
422.560
422.840
423.120	1
423.400
423.680
423.960
424.240	1
424.525
424.810
425.090
425.370	1
425.655
425.940
426.230
426.520	1
426.805
427.090
427.370
427.650	1
427.930
428.210
428.495
428.780	1
429.065
429.350
429.630
429.910	1
430.195
430.480
430.760
431.040	1
431.325
431.610
431.895
432.180	1
432.465
432.750
433.035
433.320	1
433.605
433.890
434.150
434.410	1
434.700
434.990
435.265
435.540	1
435.820
436.100
436.380
436.660	1
436.950
437.240
437.505
437.770	1
438.050
438.330
438.625
438.920	1
439.195
439.470
439.755
440.040	1
440.320
440.600
440.885
441.170	1
441.450
441.730
442.010
442.290	1
442.570
442.850
443.125
443.400	1
443.685
443.970
444.245
444.520	1
444.805
445.090
445.370
445.650	1
445.925
446.200
446.480
446.760	1
447.030
447.300
447.580
447.860	1
448.140
448.420
448.700
448.980	1
449.265
449.550
449.830
450.110	1
450.390
450.670
450.955
451.240	1
451.525
451.810
452.085
452.360	1
452.650
452.940
453.220
453.500	1
453.785
454.070
454.350
454.630	1
454.915
455.200
455.485
455.770	1
456.060
456.350
456.630
456.910	1
457.190
457.470
457.755
458.040	1
458.310
458.580
458.865
459.150	1
459.435
459.720
459.995
460.270	1
460.550
460.830
461.105
461.380	1
461.670
461.960
462.240
462.520	1
462.805
463.090
463.370
463.650	1
463.940
464.230
464.515
464.800	1
465.070
465.340
465.620
465.900	1
466.185
466.470
466.745
467.020	1
467.300
467.580
467.860
468.140	1
468.430
468.720
469.010
469.300	1
469.580
469.860
470.140
470.420	1
470.695
470.970
471.250
471.530	1
471.815
472.100
472.380
472.660	1
472.945
473.230
473.505
473.780	1
474.065
474.350
474.635
474.920	1
475.190
475.460
475.745
476.030	1
476.315
476.600
476.880
477.160	1
477.445
477.730
478.020
478.310	1
478.590
478.870
479.145
479.420	1
479.705
479.990
480.265
480.540	1
480.835
481.130
481.410
481.690	1
481.980
482.270
482.545
482.820	1
483.100
483.380
483.655
483.930	1
484.220
484.510
484.780
485.050	1
485.335
485.620
485.905
486.190	1
486.470
486.750
487.030
487.310	1
487.595
487.880
488.165
488.450	1
488.740
489.030
489.315
489.600	1
489.890
490.180
490.465
490.750	1
491.040
491.330
491.625
491.920	1
492.195
492.470
492.760
493.050	1
493.335
493.620
493.895
494.170	1
494.455
494.740
495.020
495.300	1
495.585
495.870
496.145
496.420	1
496.705
496.990
497.265
497.540	1
497.815
498.090
498.380
498.670	1
498.950
499.230
499.520
499.810	1
500.105
500.400
500.685
500.970	1
501.260
501.550
501.840
502.130	1
502.420
502.710
502.995
503.280	1
503.570
503.860
504.150
504.440	1
504.735
505.030
505.325
505.620	1
505.900
506.180
506.470
506.760	1
507.050
507.340
507.635
507.930	1
508.215
508.500
508.795
509.090	1
509.375
509.660
509.955
510.250	1
510.530
510.810
511.105
511.400	1
511.685
511.970
512.260
512.550	1
512.840
513.130
513.420
513.710	1
514.005
514.300
514.595
514.890	1
515.185
515.480
515.770
516.060	1
516.350
516.640
516.940
517.240	1
517.530
517.820
518.110
518.400	1
518.685
518.970
519.255
519.540	1
519.835
520.130
520.420
520.710	1
521.005
521.300
521.580
521.860	1
522.155
522.450
522.740
523.030	1
523.325
523.620
523.900
524.180	1
524.470
524.760
525.055
525.350	1
525.645
525.940
526.230
526.520	1
526.810
527.100
527.390
527.680	1
527.975
528.270
528.560
528.850	1
529.145
529.440
529.730
530.020	1
530.315
530.610
530.895
531.180	1
531.470
531.760
532.050
532.340	1
532.640
532.940
533.220
533.500	1
533.790
534.080
534.370
534.660	1
534.945
535.230
535.530
535.830	1
536.125
536.420
536.720
537.020	1
537.310
537.600
537.895
538.190	1
538.490
538.790
539.085
539.380	1
539.665
539.950
540.240
540.530	1
540.820
541.110
541.400
541.690	1
541.980
542.270
542.560
542.850	1
543.140
543.430
543.715
544.000	1
544.290
544.580
544.860
545.140	1
545.430
545.720
546.010
546.300	1
546.590
546.880
547.170
547.460	1
547.740
548.020
548.315
548.610	1
548.890
549.170
549.460
549.750	1
550.035
550.320
550.605
550.890	1
551.180
551.470
551.755
552.040	1
552.330
552.620
552.900
553.180	1
553.480
553.780
554.065
554.350	1
554.650
554.950
555.240
555.530	1
555.830
556.130
556.425
556.720	1
557.015
557.310
557.605
557.900	1
558.200
558.500
558.800
559.100	1
559.390
559.680
559.980
560.280	1
560.580
560.880
561.170
561.460	1
561.755
562.050
562.345
562.640	1
562.925
563.210
563.495
563.780	1
564.075
564.370
564.660
564.950	1
565.240
565.530
565.825
566.120	1
566.405
566.690
566.980
567.270	1
567.560
567.850
568.140
568.430	1
568.715
569.000
569.295
569.590	1
569.865
570.140
570.430
570.720	1
571.020
571.320
571.605
571.890	1
572.190
572.490
572.780
573.070	1
573.355
573.640
573.935
574.230	1
574.520
574.810
575.090
575.370	1
575.665
575.960
576.255
576.550	1
576.840
577.130
577.415
577.700	1
577.990
578.280
578.565
578.850	1
579.135
579.420
579.705
579.990	1
580.270
580.550
580.830
581.110	1
581.405
581.700
581.985
582.270	1
582.545
582.820
583.095
583.370	1
583.670
583.970
584.255
584.540	1
584.820
585.100
585.385
585.670	1
585.950
586.230
586.530
586.830	1
587.120
587.410
587.690
587.970	1
588.260
588.550
588.830
589.110	1
589.400
589.690
589.975
590.260	1
590.545
590.830
591.120
591.410	1
591.695
591.980
592.260
592.540	1
592.820
593.100
593.395
593.690	1
593.970
594.250
594.540
594.830	1
595.110
595.390
595.680
595.970	1
596.260
596.550
596.840
597.130	1
597.415
597.700
597.985
598.270	1
598.570
598.870
599.150
599.430	1
599.715
600.000
600.285
600.570	1
600.860
601.150
601.445
601.740	1
602.020
602.300
602.565
602.830	1
603.115
603.400
603.670
603.940	1
604.230
604.520
604.810
605.100	1
605.390
605.680
605.955
606.230	1
606.505
606.780
607.060
607.340	1
607.625
607.910
608.195
608.480	1
608.770
609.060
609.335
609.610	1
609.910
610.210
610.500
610.790	1
611.065
611.340
611.620
611.900	1
612.195
612.490
612.765
613.040	1
613.320
613.600
613.890
614.180	1
614.460
614.740
615.025
615.310	1
615.595
615.880
616.155
616.430	1
616.710
616.990
617.265
617.540	1
617.840
618.140
618.425
618.710	1
618.990
619.270
619.555
619.840	1
620.115
620.390
620.665
620.940	1
621.230
621.520
621.810
622.100	1
622.380
622.660
622.945
623.230	1
623.510
623.790
624.070
624.350	1
624.640
624.930
625.215
625.500	1
625.795
626.090
626.375
626.660	1
626.955
627.250
627.540
627.830	1
628.120
628.410
628.690
628.970	1
629.260
629.550
629.835
630.120	1
630.400
630.680
630.970
631.260	1
631.545
631.830
632.120
632.410	1
632.705
633.000
633.275
633.550	1
633.845
634.140
634.430
634.720	1
635.005
635.290
635.575
635.860	1
636.145
636.430
636.715
637.000	1
637.280
637.560
637.845
638.130	1
638.415
638.700
638.995
639.290	1
639.570
639.850
640.130
640.410	1
640.700
640.990
641.275
641.560	1
641.840
642.120
642.400
642.680	1
642.970
643.260
643.540
643.820	1
644.105
644.390
644.685
644.980	1
645.260
645.540
645.835
646.130	1
646.415
646.700
646.990
647.280	1
647.570
647.860
648.145
648.430	1
648.715
649.000
649.275
649.550	1
649.845
650.140
650.420
650.700	1
650.980
651.260
651.545
651.830	1
652.110
652.390
652.675
652.960	1
653.245
653.530
653.795
654.060	1
654.350
654.640
654.920
655.200	1
655.475
655.750
656.035
656.320	1
656.605
656.890
657.175
657.460	1
657.740
658.020
658.285
658.550	1
658.830
659.110
659.395
659.680	1
659.960
660.240
660.520
660.800	1
661.085
661.370
661.640
661.910	1
662.200
662.490
662.765
663.040	1
663.340
663.640
663.925
664.210	1
664.505
664.800
665.080
665.360	1
665.640
665.920
666.210
666.500	1
666.790
667.080
667.350
667.620	1
667.905
668.190
668.475
668.760	1
669.035
669.310
669.595
669.880	1
670.175
670.470
670.745
671.020	1
671.305
671.590
671.855
672.120	1
672.410
672.700
672.980
673.260	1
673.535
673.810
674.090
674.370	1
674.655
674.940
675.225
675.510	1
675.780
676.050
676.325
676.600	1
676.895
677.190
677.465
677.740	1
678.020
678.300
678.580
678.860	1
679.145
679.430
679.715
680.000	1
680.290
680.580
680.850
681.120	1
681.415
681.710
681.990
682.270	1
682.545
682.820
683.110
683.400	1
683.685
683.970
684.245
684.520	1
684.810
685.100
685.365
685.630	1
685.925
686.220
686.500
686.780	1
687.060
687.340
687.625
687.910	1
688.190
688.470
688.750
689.030	1
689.310
689.590
689.865
690.140	1
690.430
690.720
691.015
691.310	1
691.585
691.860
692.150
692.440	1
692.725
693.010
693.295
693.580	1
693.855
694.130
694.405
694.680	1
694.970
695.260
695.550
695.840	1
696.110
696.380
696.660
696.940	1
697.225
697.510
697.805
698.100	1
698.380
698.660
698.940
699.220	1
699.515
699.810
700.100
700.390	1
700.665
700.940
701.225
701.510	1
701.800
702.090
702.385
702.680	1
702.960
703.240
703.525
703.810	1
704.095
704.380
704.670
704.960	1
705.240
705.520
705.810
706.100	1
706.375
706.650
706.945
707.240	1
707.515
707.790
708.080
708.370	1
708.660
708.950
709.240
709.530	1
709.810
710.090
710.395
710.700	1
710.990
711.280
711.555
711.830	1
712.115
712.400
712.695
712.990	1
713.285
713.580
713.880
714.180	1
714.475
714.770
715.060
715.350	1
715.645
715.940
716.235
716.530	1
716.820
717.110
717.410
717.710	1
718.000
718.290
718.585
718.880	1
719.165
719.450
719.750
720.050	1
720.325
720.600
720.890
721.180	1
721.465
721.750
722.035
722.320	1
722.615
722.910
723.195
723.480	1
723.760
724.040
724.340
724.640	1
724.915
725.190
725.490
725.790	1
726.075
726.360
726.650
726.940	1
727.230
727.520
727.810
728.100	1
728.395
728.690
728.975
729.260	1
729.550
729.840
730.125
730.410	1
730.705
731.000
731.290
731.580	1
731.865
732.150
732.445
732.740	1
733.035
733.330
733.610
733.890	1
734.180
734.470
734.775
735.080	1
735.375
735.670
735.950
736.230	1
736.520
736.810
737.115
737.420	1
737.715
738.010
738.310
738.610	1
738.900
739.190
739.490
739.790	1
