0.220
0.580
0.970
1.330
1.690
2.070
2.430
2.780
3.110
3.460
3.820
4.160
4.520
4.860
5.220
5.560
5.910
6.250
6.600
6.950
7.310
7.660
8.000
8.340
8.700
9.050
9.380
9.710
10.070
10.400
10.730
11.090
11.440
11.790
12.140
12.480
12.840
13.190
13.530
13.880
14.230
14.570
14.910
15.240
15.590
15.930
16.290
16.640
16.980
17.320
17.670
18.010
18.350
18.700
19.050
19.390
19.730
20.070
20.400
20.740
21.090
21.440
21.770
22.130
22.470
22.810
23.150
23.490
23.830
24.180
24.520
24.860
25.210
25.560
25.900
26.240
26.610
26.950
27.290
27.630
27.980
28.310
28.670
29.010
29.370
29.710
30.050
30.410
30.750
31.090
31.430
31.760
32.090
32.440
32.780
33.120
33.460
33.790
34.150
34.490
34.850
35.180
35.540
35.880
36.220
36.550
36.880
37.230
37.560
37.910
38.260
38.590
38.930
39.270
39.600
39.950
40.280
40.630
40.970
41.320
41.660
42.000
42.350
42.690
43.030
43.360
43.720
44.070
44.410
44.760
45.100
45.450
45.790
46.140
46.490
46.830
47.180
47.520
47.860
48.200
48.550
48.880
49.220
49.570
49.910
50.250
50.590
50.930
51.280
51.620
51.960
52.310
52.670
53.000
53.340
53.690
54.030
54.390
54.740
55.080
55.420
55.760
56.090
56.430
56.770
57.110
57.450
57.790
58.140
58.490
58.820
59.170
59.530
59.890
60.210
60.570
60.900
61.250
61.580
61.940
62.290
62.660
63.000
63.370
63.710
64.060
64.420
64.770
65.120
65.460
65.810
66.160
66.510
66.860
67.200
67.540
67.890
68.230
68.570
68.910
69.250
69.600
69.940
70.270
70.610
70.970
71.310
71.650
72.010
72.350
72.670
73.020
73.370
73.710
74.060
74.410
74.760
75.100
75.450
75.790
76.150
76.480
76.810
77.170
77.490
77.840
78.180
78.520
78.870
79.220
79.560
79.910
80.240
80.590
80.920
81.260
81.600
81.940
82.280
82.630
82.980
83.330
83.690
84.030
84.380
84.720
85.070
85.410
85.760
86.100
86.460
86.790
87.140
87.480
87.820
88.160
88.490
88.830
89.180
89.510
89.850
90.200
90.560
90.900
91.240
91.580
91.930
92.260
92.610
92.950
93.300
93.640
93.980
94.320
94.680
95.010
95.370
95.710
96.050
96.400
96.750
97.080
97.440
97.780
98.130
98.470
98.820
99.180
99.530
99.870
100.210
100.550
100.900
101.240
101.580
101.930
102.280
102.610
102.970
103.310
103.670
104.020
104.370
104.710
105.040
105.380
105.720
106.070
106.410
106.760
107.100
107.440
107.770
108.100
108.430
108.760
109.100
109.440
109.780
110.110
110.460
110.800
111.160
111.500
111.850
112.190
112.540
112.890
113.220
113.570
113.910
114.250
114.600
114.950
115.300
115.650
115.990
116.320
116.650
117.000
117.350
117.680
118.030
118.380
118.720
119.060
119.400
119.750
120.090
120.430
120.770
121.140
121.470
121.830
122.180
122.530
122.870
123.210
123.570
123.910
124.260
124.600
124.970
125.310
125.660
126.010
126.370
126.710
127.070
127.420
127.770
128.110
128.450
128.800
129.150
129.490
129.850
130.190
130.540
130.880
131.220
131.580
131.930
132.280
132.630
132.970
133.320
133.670
134.010
134.360
134.700
135.040
135.380
135.730
136.080
136.440
136.780
137.120
137.480
137.810
138.150
138.490
138.830
139.190
139.530
139.870
140.220
140.570
140.910
141.230
141.590
141.940
142.280
142.620
142.960
143.310
143.640
143.990
144.330
144.680
145.030
145.370
145.710
146.050
146.400
146.750
147.080
147.420
147.770
148.100
148.440
148.790
149.150
149.480
149.810
150.150
150.500
150.840
151.180
151.520
151.860
152.200
152.560
152.910
153.230
153.590
153.910
154.270
154.600
154.950
155.290
155.620
155.960
156.310
156.650
157.000
157.350
157.700
158.050
158.400
158.750
159.090
159.440
159.800
160.150
160.490
160.840
161.190
161.540
161.890
162.250
162.600
162.950
163.300
163.640
163.980
164.330
164.680
165.030
165.380
165.730
166.070
166.420
166.780
167.130
167.480
167.840
168.190
168.530
168.880
169.220
169.570
169.930
170.270
170.610
170.940
171.270
171.620
171.970
172.330
172.690
173.030
173.380
173.730
174.080
174.430
174.770
175.110
175.460
175.810
176.160
176.500
176.850
177.200
177.540
177.900
178.250
178.580
178.930
179.270
179.620
179.960
180.300
180.650
180.990
181.340
181.690
182.040
182.410
182.760
183.110
183.450
183.810
184.150
184.510
184.860
185.210
185.560
185.900
186.240
186.590
186.950
187.300
187.640
188.000
188.340
188.690
189.040
189.380
189.730
190.070
190.420
190.770
191.110
191.460
191.820
192.160
192.500
192.850
193.190
193.530
193.870
194.220
194.580
194.910
195.260
195.610
195.950
196.310
196.650
196.980
197.320
197.670
198.020
198.370
198.730
199.080
199.420
199.770
200.120
200.470
200.820
201.170
201.520
201.860
202.200
202.540
202.890
203.250
203.590
203.940
204.280
204.630
204.970
205.320
205.670
206.020
206.370
206.710
207.060
207.410
207.760
208.110
208.450
208.790
209.130
209.480
209.840
210.190
210.540
210.900
211.250
211.600
211.950
212.290
212.640
212.990
213.340
213.680
214.020
214.370
214.730
215.080
215.430
215.770
216.120
216.460
216.810
217.150
217.490
217.830
218.170
218.520
218.860
219.200
219.530
219.880
220.220
220.560
220.910
221.260
221.590
221.930
222.280
222.630
222.970
223.310
223.650
223.990
224.330
224.660
225.000
225.340
225.690
226.040
226.390
226.730
227.070
227.400
227.750
228.100
228.440
228.780
229.110
229.450
229.800
230.130
230.480
230.830
231.170
231.500
231.850
232.190
232.530
232.860
233.200
233.540
233.870
234.190
234.530
234.860
235.190
235.540
235.880
236.220
236.550
236.900
237.240
237.580
237.920
238.250
238.600
238.940
239.280
239.620
239.960
240.310
240.650
240.980
241.330
241.660
242.010
242.350
242.690
243.040
243.370
243.720
244.080
244.430
244.770
245.120
245.470
245.820
246.160
246.500
246.850
247.190
247.530
247.850
248.190
248.530
248.870
249.210
249.560
249.900
250.240
250.560
250.900
251.240
251.580
251.930
252.270
252.610
252.970
253.320
253.660
254.010
254.350
254.690
255.030
255.380
255.720
256.060
256.390
256.730
257.070
257.420
257.760
258.100
258.460
258.800
259.140
259.460
259.790
260.130
260.470
260.820
261.170
261.520
261.860
262.210
262.540
262.880
263.220
263.560
263.920
264.260
264.600
264.930
265.280
265.630
265.970
266.310
266.650
266.980
267.310
267.650
268.000
268.320
268.660
269.000
269.320
269.680
270.010
270.350
270.700
271.040
271.390
271.740
272.100
272.450
272.800
273.140
273.490
273.830
274.170
274.510
274.860
275.200
275.560
275.890
276.240
276.600
276.960
277.300
277.650
278.000
278.350
278.690
279.040
279.390
279.750
280.070
280.430
280.770
281.100
281.440
281.800
282.150
282.500
282.840
283.170
283.510
283.840
284.180
284.510
284.840
285.170
285.500
285.850
286.180
286.500
286.840
287.170
287.500
287.850
288.200
288.540
288.880
289.220
289.550
289.890
290.230
290.570
290.910
291.250
291.590
291.910
292.240
292.570
292.900
293.240
293.570
293.920
294.260
294.610
294.930
295.270
295.610
295.950
296.280
296.620
296.950
297.290
297.620
297.970
298.310
298.640
298.980
299.320
299.660
300.000
300.340
300.670
301.000
301.350
301.690
302.020
302.370
302.710
303.050
303.380
303.730
304.070
304.400
304.730
305.080
305.420
305.750
306.100
306.430
306.780
307.120
307.450
307.790
308.130
308.470
308.810
309.160
309.500
309.850
310.200
310.530
310.870
311.200
311.550
311.880
312.230
312.560
312.900
313.220
313.560
313.890
314.240
314.580
314.910
315.250
315.590
315.930
316.270
316.600
316.940
317.280
317.620
317.950
318.300
318.630
318.960
319.320
319.660
319.990
320.320
320.660
321.000
321.330
321.670
321.990
322.330
322.670
323.000
323.330
323.670
324.010
324.350
324.690
325.020
325.360
325.700
326.060
326.400
326.740
327.070
327.410
327.740
328.090
328.440
328.770
329.100
329.440
329.770
330.120
330.460
330.800
331.170
331.510
331.870
332.210
332.550
332.900
333.240
333.590
333.920
334.260
334.600
334.930
335.270
335.610
335.960
336.280
336.620
336.970
337.300
337.640
337.970
338.320
338.660
338.990
339.330
339.670
339.990
340.330
340.650
340.980
341.320
341.670
342.010
342.350
342.690
343.020
343.360
343.690
344.030
344.350
344.690
345.020
345.360
345.700
346.050
346.390
346.730
347.070
347.420
347.750
348.100
348.430
348.770
349.110
349.450
349.790
350.120
350.460
350.800
351.140
351.490
351.820
352.170
352.500
352.830
353.170
353.500
353.840
354.180
354.530
354.870
355.220
355.560
355.900
356.230
356.570
356.920
357.240
357.590
357.940
358.270
358.610
358.950
359.290
359.630
359.960
360.300
360.660
361.000
361.350
361.700
362.050
362.420
362.770
363.130
363.480
363.830
364.180
364.540
364.890
365.260
365.600
365.960
366.310
366.670
367.020
367.380
367.730
368.070
368.420
368.780
369.130
369.490
369.840
370.200
370.550
370.910
371.240
371.590
371.950
372.300
372.670
373.010
373.380
373.730
374.090
374.440
374.800
375.150
375.510
375.870
376.220
376.580
376.940
377.290
377.650
378.010
378.360
378.710
379.050
379.400
379.750
380.090
380.440
380.800
381.160
381.500
381.850
382.190
382.550
382.900
383.250
383.610
383.960
384.300
384.660
385.010
385.350
385.700
386.050
386.410
386.760
387.110
387.460
387.810
388.180
388.520
388.880
389.240
389.590
389.950
390.300
390.660
391.020
391.380
391.730
392.080
392.430
392.790
393.130
393.470
393.820
394.180
394.530
394.870
395.230
395.590
395.950
396.310
396.670
397.000
397.360
397.710
398.050
398.400
398.740
399.090
399.440
399.780
400.140
400.480
400.830
401.160
401.500
401.850
402.180
402.500
402.840
403.190
403.530
403.870
404.220
404.570
404.920
405.270
405.640
405.990
406.330
406.670
407.030
407.380
407.730
408.090
408.460
408.820
409.180
409.530
409.890
410.270
410.620
410.970
411.330
411.680
412.030
412.370
412.720
413.080
413.420
413.780
414.140
414.500
414.850
415.200
415.550
415.900
416.260
416.620
416.970
417.320
417.660
418.010
418.350
418.710
419.050
419.400
419.740
420.100
420.430
420.770
421.120
421.470
421.810
422.160
422.510
422.850
423.210
423.550
423.890
424.230
424.580
424.930
425.280
425.630
425.980
426.320
426.660
427.010
427.360
427.680
428.030
428.370
428.710
429.060
429.400
429.730
430.070
430.420
430.750
431.090
431.450
431.790
432.120
432.470
432.810
433.140
433.500
433.830
434.160
434.490
434.830
435.160
435.500
435.850
436.190
436.540
436.880
437.220
437.560
437.900
438.240
438.580
438.910
439.250
439.590
439.930
440.270
440.600
440.930
441.250
441.570
441.930
442.280
442.620
442.960
443.320
443.680
444.030
444.370
444.710
445.070
445.410
445.760
446.110
446.450
446.800
447.140
447.470
447.820
448.150
448.510
448.840
449.180
449.520
449.860
450.210
450.540
450.890
451.230
451.570
451.910
452.240
452.580
452.930
453.260
453.610
453.960
454.300
454.640
455.000
455.340
455.700
456.040
456.390
456.730
457.080
457.440
457.780
458.150
458.490
458.850
459.200
459.550
459.900
460.250
460.600
460.950
461.300
461.640
461.980
462.310
462.670
463.010
463.350
463.690
464.030
464.380
464.720
465.060
465.420
465.750
466.090
466.430
466.770
467.120
467.460
467.800
468.140
468.490
468.830
469.170
469.510
469.860
470.190
470.530
470.880
471.220
471.560
471.890
472.240
472.580
472.910
473.240
473.590
473.930
474.260
474.600
474.940
475.280
475.620
475.970
476.300
476.650
477.000
477.330
477.670
478.000
478.350
478.690
479.030
479.370
479.730
480.060
480.400
480.750
481.090
481.420
481.760
482.110
482.450
482.790
483.130
483.470
483.820
484.180
484.520
484.860
485.200
485.540
485.870
486.220
486.560
486.900
487.240
487.580
487.930
488.270
488.600
488.930
489.260
489.610
489.950
490.290
490.630
490.970
491.320
491.670
492.030
492.350
492.690
493.040
493.390
493.720
494.070
494.410
494.750
495.090
495.440
495.780
496.130
496.470
496.810
497.150
497.490
497.840
498.170
498.510
498.840
499.190
499.540
499.880
500.210
500.560
500.900
501.230
501.570
501.890
502.230
502.570
502.910
503.260
503.610
503.940
504.270
504.610
504.950
505.280
505.610
505.940
506.290
506.630
506.960
507.310
507.650
507.990
508.330
508.670
509.010
509.340
509.670
510.010
510.360
510.700
511.040
511.380
511.720
512.050
512.410
512.740
513.080
513.420
513.750
514.090
514.430
514.770
515.100
515.440
515.780
516.110
516.450
516.790
517.130
517.470
517.810
518.120
518.480
518.810
519.150
519.480
519.820
520.160
520.500
520.850
521.190
521.530
521.870
522.210
522.560
522.900
523.240
523.560
523.920
524.260
524.590
524.930
525.270
525.610
525.950
526.290
526.640
526.980
527.340
527.670
528.010
528.340
528.680
529.030
529.370
529.710
530.060
530.400
530.750
531.090
531.440
531.790
532.150
532.480
532.830
533.160
533.510
533.840
534.170
534.510
534.860
535.190
535.540
535.870
536.220
536.550
536.880
537.210
537.540
537.880
538.220
538.560
538.890
539.240
539.600
539.940
540.290
540.640
541.010
541.360
541.710
542.060
542.410
542.750
543.090
543.440
543.780
544.120
544.460
544.800
545.140
545.480
545.830
546.160
546.520
546.870
547.210
547.540
547.880
548.210
548.550
548.890
549.220
549.560
549.900
550.240
550.570
550.920
551.250
551.590
551.930
552.260
552.600
552.930
553.270
553.600
553.950
554.280
554.620
554.970
555.320
555.660
556.010
556.350
556.720
557.060
557.420
557.770
558.120
558.460
558.810
559.160
559.500
559.840
560.190
560.530
560.890
561.230
561.570
561.930
562.280
562.620
562.980
563.330
563.670
564.020
564.370
564.720
565.060
565.410
565.770
566.100
566.460
566.790
567.140
567.480
567.830
568.180
568.530
568.870
569.220
569.570
569.920
570.280
570.620
570.970
571.320
571.670
572.010
572.360
572.710
573.060
573.400
573.760
574.110
574.460
574.810
575.140
575.480
575.820
576.180
576.510
576.860
577.210
577.560
577.930
578.280
578.620
578.980
579.330
579.680
580.040
580.390
580.750
581.100
581.420
581.770
582.120
582.450
582.790
583.130
583.450
583.790
584.110
584.470
584.800
585.140
585.480
585.830
586.160
586.510
586.850
587.190
587.540
587.890
588.230
588.570
588.920
589.270
589.610
589.960
590.320
590.670
591.020
591.360
591.710
592.060
592.410
592.750
593.100
593.470
593.800
594.140
594.490
594.830
595.180
595.510
595.850
596.200
596.540
596.890
597.240
597.580
597.930
598.270
598.600
598.950
599.290
599.630
599.980
600.320
600.660
601.010
601.370
601.720
602.070
602.420
602.770
603.130
603.470
603.830
604.170
604.520
604.870
605.220
605.560
605.930
606.260
606.610
606.970
607.320
607.670
608.030
608.380
608.720
609.070
609.430
609.780
610.120
610.470
610.820
611.160
611.500
611.830
612.170
612.520
612.860
613.210
613.550
613.900
614.250
614.590
614.940
615.290
615.640
615.990
616.330
616.680
617.030
617.380
617.720
618.070
618.420
618.750
619.090
619.430
619.780
620.120
620.460
620.810
621.150
621.510
621.860
622.190
622.540
622.870
623.210
623.560
623.910
624.260
624.610
624.950
625.300
625.640
626.000
626.330
626.660
627.020
627.370
627.720
628.060
628.400
628.750
629.090
629.430
629.780
630.140
630.480
630.830
631.170
631.510
631.850
632.200
632.540
632.880
633.230
633.560
633.910
634.240
634.590
634.930
635.280
635.630
635.970
636.320
636.680
637.020
637.370
637.710
638.050
638.390
638.730
639.080
639.420
639.780
640.140
640.480
640.830
641.170
641.510
641.850
642.210
642.550
642.880
643.230
643.560
643.910
644.240
644.580
644.920
645.260
645.600
645.940
646.290
646.640
646.980
647.330
647.680
648.020
648.350
648.690
649.040
649.380
649.730
650.050
650.400
650.740
651.090
651.430
651.780
652.120
652.470
652.810
653.150
653.500
653.840
654.180
654.530
654.880
655.230
655.600
655.940
656.300
656.640
656.990
657.350
657.680
658.040
658.400
658.750
659.100
659.460
659.810
660.160
660.510
660.860
661.220
661.570
661.920
662.260
662.610
662.950
663.290
663.640
663.980
664.320
664.660
665.010
665.360
665.700
666.070
666.420
666.750
667.110
667.460
667.800
668.140
668.490
668.830
669.150
669.520
669.860
670.220
670.570
670.920
671.270
671.600
671.950
672.300
672.640
672.980
673.330
673.670
674.010
674.360
674.700
675.040
675.380
675.730
676.090
676.440
676.790
677.140
677.500
677.840
678.180
678.530
678.850
679.200
679.550
679.890
680.240
680.580
680.920
681.280
681.620
681.950
682.310
682.640
682.990
683.330
683.670
684.010
684.350
684.700
685.040
685.380
685.720
686.060
686.400
686.740
687.090
687.430
687.780
688.130
688.460
688.810
689.170
689.520
689.860
690.220
690.580
690.930
691.280
691.610
691.970
692.320
692.660
692.980
693.330
693.670
694.020
694.390
694.740
695.080
695.440
695.780
696.140
696.480
696.830
697.170
697.510
697.850
698.210
698.550
698.910
699.260
699.610
699.950
700.300
700.660
700.990
701.330
701.690
702.030
702.380
702.740
703.080
703.430
703.790
704.120
704.460
704.800
705.170
705.500
705.860
706.220
706.570
706.930
707.280
707.620
707.970
708.330
708.660
709.020
709.370
709.710
710.060
710.400
710.750
711.090
711.440
711.790
712.140
712.500
712.830
713.190
713.530
713.890
714.220
714.560
714.910
715.250
715.610
715.940
716.290
716.640
716.970
717.320
717.660
718.000
718.360
718.700
719.050
719.390
719.740
720.090
720.440
720.770
721.120
721.460
721.810
722.150
722.490
722.840
723.190
723.550
723.890
724.230
724.590
724.940
725.290
725.620
725.960
726.310
726.660
727.000
727.350
727.700
728.050
728.400
728.750
729.090
729.440
729.780
730.130
730.480
730.820
731.160
731.500
731.830
732.180
732.510
732.850
733.190
733.530
733.890
734.230
734.570
734.920
735.260
735.590
735.940
736.280
736.630
736.970
737.320
737.660
738.010
738.350
738.680
739.010
739.360
739.710
740.040
740.370
740.730
741.080
741.410
741.750
742.090
742.430
742.780
743.120
743.460
743.800
744.140
744.470
744.820
745.150
745.490
745.830
746.180
746.530
746.880
747.220
747.560
747.890
748.220
748.570
748.920
749.250
749.600
749.950
750.290
750.640
750.970
751.300
751.650
752.000
752.340
752.690
753.050
753.400
753.750
754.090
754.450
754.790
755.130
755.490
755.840
756.180
756.540
756.890
757.240
757.590
757.930
758.270
758.620
758.960
759.300
759.650
759.990
760.330
760.670
761.000
761.340
761.680
762.020
762.370
762.710
763.050
763.410
763.740
764.110
764.440
764.790
765.130
765.460
765.800
766.140
766.480
766.820
767.160
767.500
767.850
768.190
768.520
768.850
769.200
769.530
769.890
770.230
770.570
770.920
771.250
771.600
771.950
772.290
772.630
772.980
773.330
773.680
774.030
774.380
774.720
775.080
775.420
775.770
776.120
776.460
776.790
777.130
777.480
777.820
778.160
778.520
778.850
779.190
779.530
779.880
780.210
780.570
780.910
781.230
781.570
781.920
782.270
782.600
782.940
783.280
783.620
783.960
784.300
784.630
784.970
785.310
785.640
785.980
786.320
786.650
786.990
787.330
787.670
788.000
788.340
788.700
789.040
789.370
789.710
790.060
790.400
790.740
791.070
791.410
791.750
792.110
792.440
792.790
793.130
793.470
793.810
794.130
794.480
794.810
795.150
795.500
795.840
796.170
796.510
796.860
797.190
797.530
797.880
798.220
798.560
798.900
799.230
799.570
799.910
800.250
800.600
800.940
801.270
801.620
801.970
802.300
802.660
803.000
803.340
803.680
804.030
804.370
804.710
805.060
805.400
805.740
806.090
806.440
806.790
807.130
807.470
807.810
808.150
808.500
808.840
809.180
809.530
809.860
810.200
810.540
810.890
811.230
811.580
811.920
812.250
812.590
812.930
813.280
813.630
813.970
814.310
814.640
814.990
815.320
815.670
816.010
816.350
816.700
817.030
817.360
817.710
818.050
818.400
818.740
819.090
819.430
819.780
820.140
820.480
820.840
821.190
821.540
821.880
822.230
822.580
822.920
823.250
823.600
823.960
824.300
824.650
825.000
825.340
825.680
826.030
826.350
826.700
827.030
827.370
827.700
828.030
828.390
828.720
829.050
829.390
829.750
830.080
830.430
830.770
831.110
831.450
831.800
832.150
832.480
832.830
833.180
833.520
833.860
834.180
834.520
834.850
835.190
835.520
835.850
836.190
836.530
836.880
837.230
837.570
837.910
838.250
838.600
838.940
839.290
839.630
839.970
840.330
840.660
841.000
841.350
841.700
842.040
842.370
842.710
843.050
843.380
843.720
844.090
844.440
844.780
845.110
845.460
845.800
846.130
846.460
846.810
847.160
847.520
847.850
848.190
848.540
848.890
849.230
849.580
849.920
850.260
850.600
850.940
851.280
851.630
851.970
852.320
852.650
852.990
853.320
853.660
854.010
854.340
854.680
855.040
855.390
855.730
856.080
856.430
856.770
857.120
857.470
857.810
858.150
858.490
858.830
859.180
859.530
859.870
860.220
860.560
860.920
861.260
861.620
861.960
862.290
862.650
862.990
863.330
863.680
864.030
864.370
864.720
865.070
865.420
865.760
866.120
866.480
866.810
867.170
867.530
867.870
868.220
868.570
868.910
869.260
869.600
869.950
870.300
870.630
870.970
871.320
871.660
872.010
872.360
872.730
873.070
873.420
873.770
874.110
874.470
874.810
875.160
875.520
875.860
876.200
876.550
876.890
877.210
877.580
877.930
878.270
878.620
878.960
879.310
879.660
880.020
880.340
880.680
881.020
881.360
881.710
882.050
882.400
882.750
883.100
883.440
883.790
884.140
884.470
884.810
885.150
885.490
885.850
886.200
886.530
886.870
887.230
887.570
887.920
888.260
888.620
888.970
889.310
889.660
890.020
890.360
890.700
891.040
891.370
891.720
892.070
892.410
892.760
893.100
893.450
893.810
894.160
894.510
894.830
895.190
895.530
895.900
896.230
896.570
896.910
897.260
897.610
897.950
898.290
898.650
899.000
899.350
899.690
900.030
900.380
900.720
901.060
901.410
901.750
902.100
902.450
902.790
903.130
903.480
903.830
904.160
904.500
904.850
905.190
905.530
905.870
906.220
906.560
906.890
907.240
907.590
907.930
908.280
908.620
908.970
909.320
909.660
910.010
910.340
910.700
911.040
911.390
911.750
912.100
912.440
912.810
913.160
913.510
913.860
914.210
914.550
914.900
915.260
915.610
915.960
916.310
916.650
917.010
917.360
917.720
918.070
918.420
918.770
919.120
919.460
919.800
920.150
920.490
920.850
921.190
921.550
921.900
922.260
922.580
922.920
923.270
923.610
923.950
924.300
924.650
925.000
925.350
925.700
926.040
926.390
926.750
927.100
927.440
927.790
928.120
928.480
928.830
929.170
929.520
929.860
930.200
930.560
930.890
931.230
931.560
931.920
932.250
932.600
932.940
933.300
933.640
933.980
934.310
934.660
935.000
935.340
935.690
936.040
936.380
936.710
937.050
937.400
937.740
938.090
938.420
938.770
939.100
939.450
939.800
940.140
940.490
940.830
941.170
941.510
941.830
942.170
942.520
942.860
943.190
943.540
943.880
944.210
944.540
944.870
945.210
945.550
945.880
946.220
946.560
946.880
947.220
947.560
947.900
948.230
948.570
948.900
949.240
949.600
949.950
950.290
950.630
950.990
951.330
951.680
952.020
952.350
952.700
953.050
953.400
953.760
954.100
954.460
954.810
955.160
955.510
955.860
956.210
956.560
956.900
957.250
957.600
957.950
958.290
958.640
958.980
959.330
959.670
960.000
960.360
960.700
961.050
961.380
961.730
962.070
962.420
962.740
963.100
963.450
963.800
964.140
964.490
964.830
965.170
965.520
965.850
966.190
966.530
966.890
967.240
967.580
967.920
968.250
968.600
968.950
969.290
969.630
969.970
970.300
970.660
971.000
971.350
971.690
972.050
972.400
972.740
973.090
973.440
973.780
974.130
974.480
974.820
975.150
975.480
975.830
976.190
976.530
976.870
977.210
977.560
977.900
978.240
978.580
978.920
979.270
979.590
979.950
980.290
980.630
980.980
981.330
981.670
982.020
982.360
982.690
983.040
983.380
983.730
984.070
984.400
984.740
985.090
985.430
985.760
986.100
986.460
986.800
987.150
987.500
987.850
988.200
988.540
988.880
989.220
989.570
989.920
990.260
990.610
990.950
991.300
991.630
991.970
992.300
992.650
993.000
993.340
993.680
994.040
994.370
994.710
995.040
995.390
995.720
996.080
996.430
996.780
997.100
997.440
997.780
998.130
998.470
998.820
999.150
999.500
999.840
1000.180
1000.520
1000.860
1001.200
1001.540
1001.890
1002.230
1002.600
1002.950
1003.280
1003.620
1003.960
1004.310
1004.640
1005.000
1005.350
1005.690
1006.030
1006.380
1006.710
1007.070
1007.420
1007.770
1008.120
1008.460
1008.810
1009.150
1009.490
1009.830
1010.180
1010.520
1010.850
1011.200
1011.530
1011.870
1012.200
1012.550
1012.880
1013.230
1013.590
1013.930
1014.280
1014.620
1014.970
1015.320
1015.660
1016.010
1016.350
1016.700
1017.040
1017.400
1017.740
1018.080
1018.420
1018.770
1019.110
1019.440
1019.770
1020.120
1020.460
1020.820
1021.180
1021.520
1021.860
1022.200
1022.550
1022.890
1023.220
1023.580
1023.930
1024.270
1024.620
1024.960
1025.300
1025.640
1026.000
1026.340
1026.680
1027.030
1027.370
1027.710
1028.060
1028.400
1028.760
1029.100
1029.440
1029.790
1030.130
1030.470
1030.810
1031.170
1031.520
1031.870
1032.210
1032.550
1032.880
1033.220
1033.560
1033.900
1034.240
1034.600
1034.930
1035.280
1035.620
1035.970
1036.330
1036.680
1037.040
1037.370
1037.730
1038.080
1038.430
1038.770
1039.100
1039.450
1039.780
1040.120
1040.470
1040.810
1041.150
1041.500
1041.830
1042.180
1042.520
1042.880
1043.210
1043.560
1043.910
1044.260
1044.600
1044.940
1045.280
1045.650
1046.000
1046.340
1046.670
1047.010
1047.360
1047.700
1048.040
1048.370
1048.720
1049.070
1049.400
1049.720
1050.030
1050.350
1050.680
1051.030
1051.380
1051.740
1052.080
1052.420
1052.780
1053.110
1053.450
1053.780
1054.140
1054.480
1054.800
1055.150
1055.530
1055.870
1056.260
1056.620
1057.000
1057.400
1057.780
1058.140
1058.540
1058.900
1059.270
1059.650
1059.990
1060.350
1060.740
1061.100
1061.460
1061.860
1062.220
1062.610
1063.000
1063.410
