0.760
1.840
2.750
3.710
4.710
5.650
6.580
7.520
8.450
9.430
10.350
11.270
12.250
13.140
14.140
15.050
16.040
16.970
17.950
18.850
19.820
20.820
21.800
22.740
23.670
24.670
25.640
26.600
27.580
28.580
29.560
30.530
31.460
32.420
33.380
34.350
35.300
36.260
37.250
38.260
39.290
40.260
41.270
42.250
43.240
44.220
45.140
46.110
47.040
48.020
49.060
50.030
51.040
52.010
52.970
53.910
54.850
55.870
56.830
57.800
58.760
59.730
60.680
61.590
62.550
63.510
64.500
65.530
66.480
67.470
68.410
69.350
70.380
71.320
72.290
73.270
74.300
75.340
76.350
77.270
78.260
79.270
80.350
81.320
82.360
83.350
84.370
85.360
86.360
87.420
88.420
89.400
90.430
91.440
92.430
93.430
94.460
95.450
96.470
97.500
98.450
99.450
100.500
101.480
102.470
103.430
104.440
105.440
106.410
107.410
108.420
109.430
110.450
111.470
112.470
113.510
114.470
115.480
116.460
117.480
118.470
119.510
120.630
121.610
122.640
123.610
124.650
125.690
126.690
127.700
128.770
129.780
130.830
131.880
132.980
134.090
135.100
136.200
137.220
138.320
139.390
140.490
141.540
142.630
143.690
144.730
145.810
146.860
147.910
148.990
150.050
151.130
152.210
153.260
154.360
155.450
156.520
157.570
158.630
159.650
160.710
161.730
162.840
163.900
164.990
166.010
167.110
168.210
169.220
170.310
171.360
172.390
173.430
174.490
175.520
176.540
177.570
178.660
179.720
180.750
181.830
182.860
183.910
184.980
186.070
187.170
188.250
189.300
190.340
191.380
192.440
193.490
194.510
195.510
196.570
197.580
198.570
199.450
200.100
200.600
201.100
201.610
202.090
202.620
203.090
203.640
204.130
204.670
205.180
205.700
206.210
206.720
207.220
207.700
208.220
208.720
209.250
209.770
210.270
210.760
211.260
211.750
212.260
212.780
213.260
213.760
214.270
214.750
215.250
215.730
216.240
216.720
217.210
217.680
218.220
218.730
219.230
219.760
220.330
220.860
221.410
221.910
222.440
222.940
223.420
223.920
224.450
224.960
225.480
225.990
226.470
226.990
227.490
228.000
228.530
229.030
229.550
230.080
230.610
231.090
231.590
232.100
232.600
233.080
233.630
234.130
234.660
235.160
235.700
236.210
236.750
237.250
237.790
238.300
238.830
239.350
239.890
240.390
240.920
241.410
241.930
242.430
242.930
243.420
243.900
244.380
244.910
245.400
245.910
246.400
246.890
247.410
247.890
248.430
248.930
249.450
249.990
250.500
251.000
251.490
252.000
252.510
253.050
253.560
254.060
254.550
255.060
255.550
256.020
256.510
257.000
257.480
257.980
258.460
258.960
259.450
259.920
260.400
260.910
261.380
261.890
262.380
262.880
263.400
263.870
264.350
264.860
265.360
265.870
266.350
266.870
267.330
267.840
268.320
268.820
269.310
269.820
270.290
270.810
271.340
271.830
272.350
272.860
273.340
273.840
274.340
274.830
275.310
275.830
276.330
276.840
277.320
277.830
278.320
278.820
279.330
279.800
280.320
280.790
281.290
281.800
282.290
282.820
283.330
283.830
284.330
284.840
285.310
285.830
286.340
286.870
287.360
287.880
288.380
288.870
289.380
289.870
290.380
290.880
291.380
291.880
292.370
292.870
293.360
293.890
294.370
294.890
295.380
295.890
296.360
296.880
297.370
297.890
298.380
298.860
299.370
299.870
300.370
300.880
301.360
301.870
302.380
302.910
303.400
303.930
304.430
304.960
305.450
305.980
306.480
306.970
307.480
307.980
308.480
308.990
309.510
310.020
310.500
311.030
311.550
312.030
312.570
313.070
313.590
314.070
314.580
315.210
315.850
316.470
317.140
317.850
318.490
319.170
319.860
320.580
321.530
322.430
323.440
324.430
325.470
326.440
327.470
328.470
329.480
330.510
331.520
332.540
333.490
334.510
335.540
336.520
337.530
338.520
339.520
340.460
341.510
342.480
343.500
344.480
345.490
346.520
347.480
348.510
349.540
350.590
351.560
352.570
353.620
354.400
355.200
355.710
356.190
356.730
357.240
357.750
358.300
358.800
359.340
359.850
360.350
360.850
361.350
361.870
362.390
362.890
363.430
363.950
364.450
364.940
365.450
365.960
366.490
366.980
367.490
367.990
368.470
368.970
369.490
369.970
370.480
370.950
371.450
371.970
372.460
372.950
373.480
374.000
374.520
375.030
375.530
376.050
376.530
377.020
377.540
378.030
378.550
379.060
379.580
380.050
380.550
381.030
381.550
382.040
382.540
383.040
383.540
384.030
384.540
385.030
385.530
386.030
386.530
387.020
387.530
388.000
388.510
388.970
389.500
390.000
390.510
391.020
391.510
392.010
392.530
393.050
393.580
394.070
394.590
395.090
395.610
396.110
396.630
397.120
397.650
398.160
398.710
399.210
399.710
400.220
400.700
401.210
401.750
402.290
402.800
403.350
403.780
404.230
404.680
405.100
405.550
405.960
406.350
406.750
407.140
407.520
407.890
408.270
408.670
409.060
409.450
409.840
410.210
410.580
410.960
411.320
411.710
412.050
412.410
412.790
413.140
413.500
413.870
414.230
414.600
414.970
415.340
415.710
416.070
416.440
416.820
417.200
417.570
417.930
418.310
418.690
419.060
419.440
419.810
420.190
420.570
420.950
421.310
421.670
422.050
422.430
422.800
423.160
423.530
423.890
424.250
424.620
424.980
425.340
425.700
426.070
426.430
426.790
427.140
427.510
427.850
428.220
428.570
428.910
429.270
429.630
430.010
430.370
430.720
431.090
431.430
431.790
432.150
432.510
432.880
433.250
433.590
433.960
434.360
434.730
435.110
435.500
435.850
436.190
436.530
436.900
437.260
437.610
437.970
438.320
438.700
439.050
439.410
439.760
440.130
440.480
440.830
441.190
441.560
441.900
442.270
442.630
442.990
443.350
443.710
444.070
444.440
444.800
445.140
445.500
445.850
446.190
446.550
446.910
447.270
447.630
447.990
448.330
448.680
449.030
449.370
449.730
450.070
450.440
450.780
451.130
451.480
451.840
452.190
452.550
452.910
453.280
453.640
454.000
454.360
454.720
455.080
455.440
455.810
456.170
456.530
456.890
457.240
457.590
457.940
458.310
458.670
459.040
459.390
459.740
460.100
460.450
460.810
461.160
461.510
461.870
462.210
462.570
462.910
463.280
463.620
464.000
464.350
464.700
465.030
465.380
465.750
466.080
466.450
466.810
467.180
467.540
467.890
468.230
468.590
468.940
469.290
469.630
470.000
470.360
470.710
471.060
471.410
471.770
472.130
472.470
472.830
473.180
473.510
473.850
474.200
474.560
474.900
475.240
475.600
475.940
476.280
476.640
476.980
477.320
477.640
478.000
478.330
478.670
479.010
479.360
479.690
480.040
480.380
480.720
481.070
481.430
481.760
482.100
482.450
482.790
483.140
483.490
483.860
484.210
484.570
484.920
485.270
485.630
485.990
486.350
486.690
487.040
487.400
487.730
488.090
488.440
488.800
489.150
489.500
489.850
490.190
490.530
490.880
491.210
491.560
491.890
492.250
492.590
492.930
493.250
493.600
493.950
494.280
494.630
494.970
495.310
495.650
495.980
496.300
496.650
496.980
497.290
497.620
497.970
498.280
498.630
498.960
499.290
499.620
499.940
500.290
500.640
500.970
501.310
501.650
501.990
502.330
502.660
503.010
503.360
503.700
504.030
504.380
504.720
505.070
505.420
505.770
506.100
506.460
506.810
507.160
507.500
507.840
508.190
508.530
508.880
509.230
509.570
509.920
510.280
510.620
510.960
511.310
511.650
512.010
512.330
512.680
513.030
513.350
513.690
514.040
514.380
514.710
515.050
515.360
515.690
516.030
516.390
516.720
517.050
517.390
517.720
518.050
518.380
518.710
519.060
519.400
519.730
520.080
520.420
520.770
521.100
521.440
521.770
522.110
522.450
522.770
523.120
523.450
523.800
524.140
524.480
524.810
525.150
525.460
525.820
526.150
526.500
526.830
527.170
527.500
527.860
528.180
528.520
528.850
529.190
529.530
529.880
530.230
530.570
530.910
531.260
531.600
531.950
532.280
532.630
532.960
533.320
533.670
534.030
534.370
534.710
535.070
535.410
535.750
536.100
536.430
536.770
537.110
537.450
537.810
538.150
538.500
538.830
539.180
539.520
539.860
540.210
540.540
540.870
541.210
541.550
541.900
542.250
542.570
542.920
543.270
543.610
543.930
544.280
544.620
544.970
545.310
545.650
545.980
546.330
546.660
547.010
547.340
547.690
548.020
548.360
548.690
549.050
549.380
549.710
550.050
550.400
550.730
551.070
551.410
551.760
552.080
552.420
552.760
553.100
553.450
553.800
554.140
554.480
554.900
555.390
555.840
556.450
557.060
557.730
558.440
559.100
559.810
560.520
561.190
561.850
562.520
563.210
563.900
564.560
565.200
565.890
566.530
567.200
567.840
568.510
569.210
569.850
570.550
571.180
571.850
572.520
573.200
573.820
574.480
575.150
575.770
576.430
577.130
577.830
578.560
579.260
579.940
580.620
581.310
581.970
582.590
583.230
583.860
584.540
585.160
585.870
586.510
587.190
587.880
588.570
589.230
589.910
590.600
591.300
592.000
592.690
593.400
594.090
594.800
595.500
596.180
596.830
597.530
598.180
598.880
599.570
600.230
600.910
601.580
602.270
602.960
603.630
604.290
604.940
605.610
606.310
607.050
607.710
608.420
609.110
609.820
610.480
611.180
611.840
612.530
613.220
613.850
614.560
615.220
615.860
616.550
617.230
617.870
618.580
619.260
619.930
620.590
621.290
621.940
622.620
623.320
624.000
624.650
625.330
626.040
626.690
627.380
628.020
628.680
629.410
630.090
630.790
631.460
632.200
632.980
633.690
634.470
635.290
636.080
636.930
637.760
638.520
639.340
640.140
640.930
641.760
642.570
643.400
644.250
645.120
645.990
646.890
647.750
648.630
649.530
650.520
651.460
652.390
653.310
654.180
