0.000
0.390
0.760
1.140
1.510
1.890
2.290
2.650
3.030
3.380
3.750
4.120
4.490
4.880
5.250
5.620
5.990
6.340
6.730
7.090
7.470
7.830
8.180
8.540
8.910
9.250
9.610
9.970
10.340
10.690
11.060
11.430
11.790
12.130
12.470
12.840
13.190
13.560
13.920
14.260
14.620
14.990
15.360
15.710
16.060
16.430
16.780
17.160
17.520
17.870
18.220
18.570
18.920
19.270
19.620
19.990
20.340
20.700
21.070
21.420
21.760
22.120
22.460
22.820
23.180
23.520
23.880
24.220
24.580
24.940
25.300
25.660
26.020
26.370
26.720
27.090
27.430
27.780
28.130
28.490
28.840
29.180
29.540
29.900
30.250
30.620
30.960
31.300
31.650
32.000
32.350
32.720
33.060
33.420
33.760
34.120
34.470
34.800
35.150
35.520
35.870
36.220
36.570
36.900
37.260
37.590
37.950
38.270
38.620
39.000
39.350
39.720
40.070
40.420
40.790
41.150
41.510
41.860
42.220
42.570
42.930
43.270
43.620
43.990
44.330
44.690
45.030
45.390
45.740
46.070
46.420
46.790
47.140
47.480
47.830
48.180
48.530
48.880
49.230
49.580
49.930
50.280
50.650
51.000
51.360
51.740
52.090
52.440
52.770
53.130
53.470
53.840
54.170
54.520
54.870
55.230
55.590
55.940
56.290
56.640
56.970
57.320
57.670
58.040
58.370
58.730
59.070
59.440
59.790
60.140
60.500
60.850
61.200
61.560
61.910
62.260
62.620
62.970
63.310
63.680
64.020
64.370
64.720
65.060
65.420
65.770
66.130
66.480
66.830
67.180
67.520
67.850
68.200
68.540
68.860
69.210
69.550
69.900
70.250
70.610
70.960
71.300
71.640
71.980
72.320
72.670
73.010
73.350
73.700
74.030
74.380
74.740
75.080
75.430
75.780
76.140
76.490
76.840
77.200
77.550
77.890
78.230
78.590
78.950
79.280
79.610
79.960
80.290
80.640
80.990
81.320
81.650
82.020
82.360
82.710
83.050
83.400
83.760
84.120
84.470
84.810
85.150
85.510
85.880
86.230
86.600
86.940
87.290
87.630
87.990
88.330
88.700
89.040
89.390
89.740
90.100
90.450
90.780
91.130
91.480
91.830
92.190
92.530
92.890
93.240
93.600
93.950
94.310
94.650
95.010
95.350
95.700
96.040
96.410
96.770
97.130
97.480
97.840
98.190
98.540
98.890
99.240
99.580
99.940
100.290
100.650
100.980
101.340
101.680
102.040
102.380
102.730
103.080
103.430
103.780
104.130
104.500
104.850
105.180
105.540
105.890
106.240
106.580
106.940
107.280
107.640
108.000
108.350
108.710
109.070
109.420
109.800
110.140
110.480
110.830
111.200
111.560
111.910
112.260
112.630
112.980
113.320
113.660
114.010
114.360
114.710
115.060
115.430
115.780
116.130
116.480
116.810
117.170
117.540
117.890
118.260
118.590
118.950
119.300
119.660
120.010
120.370
120.720
121.070
121.420
121.780
122.120
122.490
122.830
123.180
123.520
123.880
124.220
124.560
124.910
125.260
125.600
125.940
126.290
126.640
126.990
127.330
127.670
128.020
128.380
128.730
129.070
129.420
129.770
130.120
130.480
130.840
131.190
131.540
131.890
132.240
132.590
132.930
133.280
133.620
133.980
134.330
134.680
135.020
135.350
135.690
136.030
136.380
136.710
137.060
137.410
137.770
138.110
138.450
138.800
139.150
139.500
139.850
140.200
140.570
140.920
141.270
141.620
141.970
142.310
142.670
143.020
143.370
143.710
144.060
144.410
144.770
145.120
145.460
145.800
146.160
146.510
146.850
147.220
147.560
147.900
148.250
148.620
148.960
149.310
149.640
149.980
150.330
150.670
151.030
151.370
151.720
152.060
152.410
152.760
153.130
153.470
153.800
154.140
154.500
154.840
155.190
155.540
155.900
156.240
156.600
156.930
157.290
157.640
157.980
158.330
158.680
159.030
159.350
159.690
160.050
160.380
160.730
161.080
161.430
161.770
162.130
162.480
162.810
163.160
163.510
163.870
164.240
164.590
164.950
165.280
165.650
166.000
166.350
166.700
167.050
167.390
167.750
168.080
168.440
168.800
169.130
169.480
169.840
170.160
170.510
170.850
171.190
171.530
171.880
172.220
172.570
172.920
173.270
173.620
173.970
174.320
174.660
175.010
175.360
175.690
176.050
176.400
176.740
177.090
177.430
177.790
178.150
178.500
178.850
179.180
179.540
179.880
180.230
180.560
180.920
181.260
181.600
181.950
182.290
182.640
183.000
183.340
183.700
184.040
184.390
184.730
185.080
185.420
185.770
186.120
186.480
186.820
187.180
187.520
187.880
188.220
188.580
188.910
189.270
189.610
189.970
190.310
190.660
191.010
191.360
191.720
192.070
192.400
192.740
193.090
193.450
193.810
194.160
194.510
194.840
195.180
195.520
195.870
196.220
196.550
196.890
197.230
197.600
197.940
198.290
198.620
198.970
199.320
199.640
199.980
200.330
200.670
201.020
201.350
201.700
202.060
202.400
202.730
203.090
203.410
203.760
204.110
204.470
204.790
205.150
205.480
205.820
206.150
206.500
206.850
207.190
207.530
207.870
208.200
208.560
208.890
209.260
209.590
209.960
210.290
210.660
210.990
211.360
211.700
212.050
212.390
212.730
213.090
213.430
213.790
214.150
214.480
214.840
215.180
215.530
215.870
216.200
216.530
216.890
217.210
217.560
217.900
218.250
218.590
218.940
219.290
219.630
219.970
220.340
220.660
221.020
221.350
221.700
222.020
222.370
222.710
223.060
223.390
223.730
224.070
224.410
224.750
225.100
225.440
225.800
226.130
226.500
226.830
227.190
227.530
227.890
228.230
228.580
228.920
229.260
229.600
229.940
230.290
230.630
230.970
231.310
231.650
232.010
232.360
232.700
233.030
233.370
233.710
234.050
234.380
234.740
235.080
235.410
235.740
236.080
236.430
236.780
237.100
237.440
237.780
238.140
238.480
238.820
239.160
239.500
239.850
240.190
240.530
240.870
241.200
241.550
241.880
242.230
242.560
242.910
243.250
243.590
243.930
244.280
244.610
244.960
245.300
245.640
245.980
246.320
246.650
246.990
247.320
247.670
248.000
248.350
248.680
249.030
249.360
249.690
250.040
250.390
250.710
251.060
251.400
251.730
252.070
252.420
252.750
253.100
253.450
253.810
254.140
254.480
254.820
255.180
255.510
255.860
256.200
256.540
256.880
257.200
257.550
257.900
258.250
258.590
258.930
259.290
259.640
259.990
260.320
260.650
261.010
261.350
261.700
262.050
262.420
262.750
263.100
263.470
263.810
264.150
264.500
264.850
265.220
265.570
265.890
266.240
266.580
266.930
267.290
267.640
267.980
268.330
268.670
269.000
269.330
269.670
270.030
270.380
270.730
271.080
271.410
271.760
272.110
272.440
272.780
273.130
273.480
273.830
274.170
274.530
274.870
275.220
275.560
275.910
276.260
276.610
276.970
277.350
277.690
278.060
278.410
278.740
279.060
279.370
279.700
280.010
280.340
280.660
280.980
281.300
281.610
281.940
282.250
282.580
282.890
283.210
283.530
283.850
284.170
284.490
284.820
285.130
285.450
285.780
286.100
286.420
286.730
