0.460
0.920
1.390
1.870
2.320
2.800
3.250
3.700
4.170
4.620
5.080
5.550
6.000
6.480
6.930
7.390
7.840
8.300
8.760
9.230
9.690
10.160
10.610
11.060
11.530
11.970
12.430
12.910
13.350
13.810
14.270
14.740
15.190
15.650
16.120
16.580
17.040
17.500
17.950
18.400
18.860
19.310
19.790
20.230
20.680
21.130
21.590
22.030
22.490
22.940
23.410
23.860
24.300
24.760
25.210
25.660
26.120
26.570
27.030
27.480
27.930
28.390
28.850
29.310
29.760
30.200
30.660
31.120
31.580
32.040
32.480
32.930
33.390
33.830
34.300
34.740
35.190
35.650
36.110
36.550
37.010
37.460
37.920
38.380
38.820
39.280
39.730
40.180
40.650
41.090
41.550
41.990
42.430
42.890
43.340
43.810
44.260
44.710
45.180
45.640
46.100
46.560
47.030
47.480
47.940
48.390
48.840
49.310
49.760
50.230
50.680
51.150
51.610
52.040
52.500
52.970
53.430
53.900
54.350
54.810
55.260
55.720
56.180
56.640
57.100
57.540
58.000
58.450
58.910
59.340
59.820
60.270
60.730
61.190
61.640
62.090
62.540
63.000
63.470
63.910
64.370
64.840
65.290
65.770
66.210
66.680
67.140
67.590
68.050
68.510
68.970
69.430
69.880
70.340
70.820
71.270
71.710
72.170
72.640
73.100
73.550
74.000
74.480
74.940
75.390
75.860
76.300
76.760
77.210
77.650
78.120
78.580
79.030
79.500
79.960
80.410
80.880
81.350
81.810
82.250
82.700
83.170
83.630
84.080
84.550
85.000
85.470
85.930
86.380
86.850
87.300
87.780
88.230
88.680
89.150
89.610
90.060
90.510
90.980
91.440
91.890
92.350
92.810
93.270
93.720
94.180
94.640
95.100
95.550
96.000
96.450
96.910
97.360
97.820
98.260
98.730
99.180
99.630
100.070
100.540
100.990
101.440
101.890
102.350
102.800
103.230
103.690
104.150
104.600
105.060
105.510
105.960
106.410
106.860
107.320
107.790
108.240
108.690
109.150
109.600
110.050
110.520
110.970
111.430
111.880
112.340
112.790
113.240
113.690
114.130
114.590
115.050
115.490
115.940
116.400
116.860
117.310
117.760
118.240
118.690
119.140
119.600
120.050
120.520
120.970
121.410
121.870
122.320
122.780
123.250
123.700
124.160
124.620
125.090
125.550
126.010
126.450
126.930
127.370
127.830
128.290
128.730
129.190
129.650
130.100
130.570
131.020
131.490
131.940
132.400
132.870
133.330
133.790
134.230
134.700
135.160
135.600
136.050
136.520
136.970
137.400
137.860
138.310
138.770
139.230
139.660
140.120
140.590
141.040
141.500
141.950
142.400
142.860
143.300
143.750
144.220
144.670
145.140
145.580
146.050
146.510
146.960
147.440
147.920
148.400
148.880
149.380
149.860
150.320
150.820
151.280
151.780
152.250
152.740
153.220
153.680
154.180
154.640
155.140
155.600
156.080
156.580
157.040
157.540
158.000
158.500
158.960
159.440
159.940
160.400
160.900
161.360
161.860
162.320
162.820
163.290
163.760
164.260
164.720
165.220
165.680
166.180
166.650
167.140
167.620
168.080
168.580
169.040
169.540
170.000
170.480
170.970
171.440
171.940
172.400
172.900
173.360
173.860
174.340
174.820
175.300
175.760
176.260
176.720
177.200
177.680
178.160
178.650
179.120
179.620
180.090
180.580
181.060
181.520
182.000
182.480
