0.560
1.300
1.990
2.710
3.460
4.140
4.840
5.580
6.290
6.910
7.580
8.250
8.880
9.550
10.160
10.830
11.570
12.240
12.970
13.630
14.350
15.060
15.810
16.510
17.250
17.970
18.650
19.370
20.110
20.830
21.570
22.270
23.000
23.720
24.450
25.140
25.850
26.600
27.320
28.030
28.770
29.470
30.210
30.890
31.630
32.350
33.100
33.800
34.560
35.260
36.020
36.720
37.470
38.180
38.920
39.650
40.390
41.110
41.810
42.530
43.230
43.950
44.670
45.360
46.090
46.810
47.540
48.230
48.980
49.690
50.430
51.120
51.840
52.550
53.300
53.990
54.750
55.430
56.160
56.870
57.620
58.310
59.060
59.780
60.510
61.210
61.950
62.680
63.430
64.140
64.850
65.550
66.290
66.980
67.710
68.390
69.140
69.830
70.580
71.250
72.000
72.710
73.410
74.100
74.840
75.520
76.270
76.950
77.700
78.410
79.120
79.850
80.590
81.300
82.040
82.760
83.490
84.180
84.920
85.640
86.380
87.060
87.810
88.530
89.220
89.950
90.660
91.340
92.070
92.770
93.530
94.230
94.940
95.680
96.370
97.090
97.840
98.550
99.280
99.970
100.680
101.390
102.090
102.810
103.570
104.290
105.030
105.770
106.480
107.220
107.960
108.670
109.350
110.070
110.830
111.540
112.270
112.990
113.720
114.410
115.140
115.850
116.600
117.320
118.030
118.730
119.460
120.150
120.870
121.560
122.310
123.030
123.750
124.460
125.230
125.940
126.640
127.360
128.110
128.810
129.530
130.200
130.910
131.650
132.400
133.110
133.880
134.640
135.360
136.200
136.970
137.870
138.740
139.600
140.410
141.330
142.230
143.080
143.980
144.920
145.710
146.570
147.370
148.260
149.050
149.920
150.770
151.750
152.630
153.640
154.600
155.540
156.430
157.370
158.340
159.290
160.200
161.150
162.080
163.030
164.030
165.000
