0.260
1.100
1.930
2.830
3.780
4.760
5.690
6.670
7.620
8.520
9.480
10.480
11.360
12.200
13.050
13.940
14.810
15.720
16.570
17.480
18.420
19.350
20.320
21.270
22.240
23.210
24.190
25.140
26.140
27.100
28.080
29.020
30.010
30.980
31.950
32.960
33.990
34.950
36.000
37.040
38.110
39.170
40.150
41.170
42.130
43.100
44.120
45.140
46.210
47.280
48.320
49.380
50.390
51.420
52.490
53.510
54.550
55.550
56.590
57.630
58.680
59.820
60.910
61.920
62.980
64.040
65.110
66.190
67.330
68.390
69.340
70.390
71.420
72.440
73.520
74.600
75.670
76.820
77.910
78.930
79.930
80.990
82.090
83.110
84.140
85.190
86.250
87.360
88.410
89.480
90.570
91.610
92.670
93.780
94.880
95.890
96.940
97.980
99.080
100.190
101.270
102.370
103.370
104.440
105.470
106.470
107.540
108.540
109.590
110.610
111.620
112.630
113.690
114.690
115.780
116.830
117.850
118.900
119.880
120.890
121.890
122.960
123.990
125.030
126.130
127.150
128.200
129.200
130.190
131.210
132.350
133.400
134.510
135.570
136.620
137.730
138.850
139.890
140.990
142.110
143.190
144.310
145.400
146.430
147.550
148.610
149.700
150.820
151.880
153.010
154.080
155.200
156.130
157.040
158.000
158.900
159.830
160.740
161.750
162.820
163.830
164.840
165.900
166.950
167.950
168.980
170.120
171.190
172.200
173.220
174.260
175.320
176.460
177.510
178.590
179.670
180.760
181.870
182.950
184.080
185.140
186.270
187.340
188.430
189.520
190.600
191.670
192.700
193.740
194.770
195.780
196.770
197.730
198.750
199.670
200.750
201.760
202.860
203.850
204.920
205.970
207.080
208.120
209.230
210.340
211.340
212.440
213.390
214.440
215.420
216.390
217.370
218.370
219.430
220.440
221.520
222.560
223.580
224.590
225.580
226.600
227.670
228.670
229.710
230.800
231.820
232.770
233.780
234.870
235.880
236.880
237.860
238.890
239.910
240.940
242.010
243.080
244.160
245.170
246.230
247.310
248.400
249.450
250.560
251.630
252.700
253.840
254.930
255.980
257.110
258.140
259.260
260.350
261.280
262.320
263.350
264.330
265.280
266.170
267.130
268.020
268.930
269.880
270.770
271.640
272.560
273.510
274.400
275.340
276.320
277.220
278.210
279.110
