0.600
1.550
2.450
3.210
4.010
4.860
5.680
6.590
7.630
8.540
9.420
10.320
11.270
12.140
13.070
14.000
14.910
15.770
16.680
17.700
18.810
19.890
20.960
22.020
23.040
24.090
25.110
26.230
27.310
28.410
29.330
30.330
31.240
32.120
33.010
33.990
34.900
35.700
36.570
37.370
38.220
39.020
39.850
40.730
41.600
42.420
43.280
44.150
44.990
45.710
46.470
47.170
47.830
48.500
49.130
49.820
50.510
51.260
51.970
52.640
53.370
54.210
55.030
55.980
56.860
57.860
58.820
59.850
60.850
61.900
62.750
63.620
64.480
65.310
66.170
67.070
67.980
68.890
69.830
70.820
71.720
72.750
73.710
74.660
75.700
76.650
77.600
78.580
79.570
80.610
81.550
82.600
83.650
84.660
85.690
86.650
87.680
88.630
89.580
90.590
91.550
92.600
93.560
94.590
95.640
96.650
97.620
98.630
99.640
100.680
101.670
102.710
103.750
104.790
105.770
106.770
107.800
108.850
109.860
110.910
111.900
112.940
113.910
114.960
115.960
117.030
118.060
119.060
120.110
121.170
122.170
123.210
124.280
125.340
126.340
127.370
128.410
129.330
130.310
131.330
132.270
133.320
134.320
135.330
136.310
137.360
138.390
139.390
140.410
141.490
142.510
143.580
144.570
145.620
146.610
147.620
148.600
149.610
150.620
151.640
152.600
153.650
154.620
155.630
156.610
157.650
158.650
159.660
160.670
161.700
162.730
163.760
164.780
165.820
166.840
167.900
168.880
169.900
170.880
171.900
172.900
173.980
174.970
176.030
177.000
178.060
179.050
180.060
181.090
182.120
183.190
184.250
185.270
186.290
187.310
188.330
189.340
190.400
191.380
192.400
193.440
194.490
195.480
196.490
197.500
198.500
199.480
200.570
201.570
202.590
203.640
204.680
205.660
206.690
207.700
208.740
209.780
210.830
211.850
212.910
213.930
214.940
215.990
217.030
218.080
219.120
220.100
221.080
222.090
223.110
224.150
225.170
226.190
227.170
228.170
229.190
230.180
231.180
232.170
233.160
234.160
235.170
236.170
237.130
238.130
239.140
240.160
241.130
242.100
243.080
244.050
245.050
246.010
246.990
247.980
248.970
250.010
251.000
252.000
253.040
254.040
255.010
255.960
256.910
257.960
258.930
259.930
260.950
261.930
262.940
263.960
265.010
266.040
267.060
268.080
269.070
270.100
271.200
272.220
273.260
274.360
275.370
276.390
277.400
278.440
279.510
280.550
281.580
282.620
283.660
284.660
285.640
286.640
287.670
288.660
289.710
290.680
291.610
292.590
293.590
294.580
295.600
296.600
297.620
298.620
299.610
300.600
301.590
302.560
303.600
304.590
305.620
306.630
307.630
308.600
309.550
310.540
311.520
312.530
313.570
314.560
315.620
316.630
317.630
318.660
319.730
320.760
321.810
322.870
323.910
324.920
325.960
327.050
328.150
329.200
330.230
331.290
332.330
333.340
334.350
335.390
336.440
337.450
338.490
339.480
340.540
341.550
342.540
343.540
344.620
345.590
346.610
347.680
348.710
349.740
350.720
351.830
352.890
354.000
355.060
356.050
357.140
358.140
359.220
360.210
361.260
362.310
363.360
364.290
365.220
366.170
367.080
368.060
369.010
369.960
370.920
371.890
372.860
