0.350
0.910
1.470
2.030
2.570
3.160
3.710
4.270
4.820
5.350
5.920
6.450
7.030
7.570
8.140
8.710
9.260
9.780
10.340
10.910
11.460
11.980
12.540
13.080
13.660
14.200
14.780
15.330
15.870
16.430
17.010
17.580
18.110
18.610
19.160
19.720
20.270
20.790
21.350
21.900
22.430
22.970
23.550
24.110
24.640
25.200
25.770
26.320
26.870
27.400
27.950
28.530
29.060
29.700
30.330
30.910
31.530
32.070
32.630
33.210
33.760
34.330
34.880
35.440
35.990
36.570
37.160
37.730
38.300
38.880
39.450
40.040
40.630
41.200
41.770
42.330
42.910
43.480
44.050
44.610
45.180
45.740
46.300
46.870
47.430
48.000
48.550
49.120
49.670
50.240
50.800
51.340
51.890
52.440
52.990
53.530
54.100
54.670
55.210
55.770
56.330
56.880
57.440
57.980
58.520
59.090
59.630
60.200
60.760
61.320
61.870
62.420
62.990
63.540
64.100
64.660
65.220
65.770
66.310
66.880
67.430
67.980
68.540
69.090
69.640
70.200
70.760
71.310
71.850
72.400
72.960
73.520
74.070
74.620
75.190
75.760
76.330
76.890
77.450
78.000
78.560
79.100
79.640
80.180
80.720
81.260
81.800
82.350
82.880
83.420
83.950
84.490
85.010
85.530
86.060
86.590
87.130
87.680
88.210
88.760
89.300
89.850
90.390
90.940
91.480
92.020
92.590
93.140
93.680
94.230
94.760
95.310
95.850
96.400
96.950
97.500
98.060
98.600
99.160
99.710
100.250
100.790
101.330
101.870
102.420
102.950
103.490
104.040
104.610
105.130
105.660
106.230
106.750
107.280
107.820
108.330
108.880
109.420
109.960
110.500
111.040
111.580
112.120
112.670
113.210
113.740
114.290
114.830
115.350
115.880
116.430
116.970
117.500
118.030
118.560
119.110
119.650
120.160
120.710
121.240
121.780
122.310
122.840
123.380
123.920
124.450
124.990
125.540
126.090
126.610
127.160
127.670
128.230
128.770
129.320
129.850
130.380
130.930
131.460
131.990
132.530
133.050
133.590
134.130
134.660
135.200
135.730
136.290
136.820
137.350
137.890
138.420
138.960
139.490
140.010
140.540
141.070
141.610
142.150
142.690
143.220
143.760
144.290
144.820
145.360
145.880
146.430
146.970
147.480
148.040
148.570
149.090
149.620
150.140
150.690
151.220
151.750
152.290
152.820
153.360
153.900
154.440
154.970
155.490
156.030
156.560
157.090
157.610
158.130
158.660
159.180
159.710
160.230
160.760
161.290
161.820
162.360
162.910
163.440
163.980
164.520
165.040
165.570
166.100
166.610
167.150
167.670
168.190
168.720
169.240
169.760
170.280
170.820
171.350
171.880
172.400
172.920
173.450
173.980
174.510
175.030
175.570
176.070
176.580
177.110
177.630
178.180
178.710
179.240
179.760
180.290
180.830
181.350
181.860
182.380
182.900
183.420
183.940
184.460
184.980
185.510
186.040
186.560
187.080
187.620
188.160
188.680
189.200
189.740
190.260
190.790
191.330
191.830
192.370
192.900
193.440
193.980
194.510
195.040
195.570
196.100
196.610
197.150
197.650
198.190
198.710
199.240
199.760
200.290
200.810
201.330
201.850
202.370
202.890
203.400
203.920
204.440
204.970
205.480
206.000
206.530
207.040
207.540
208.040
208.550
209.100
209.620
210.150
210.680
211.210
211.740
212.260
212.780
213.310
213.830
214.360
214.900
215.420
215.950
216.470
216.990
217.510
218.040
218.560
219.090
219.610
220.120
220.630
221.160
221.700
222.190
222.720
223.250
223.780
224.300
224.820
225.340
225.870
226.390
226.920
227.450
227.980
228.490
229.010
229.540
230.070
230.570
231.090
231.600
232.120
232.650
233.170
233.700
234.210
234.740
235.250
235.770
236.300
236.810
237.340
237.860
238.380
238.920
239.460
239.970
240.510
241.020
241.520
242.040
242.580
243.120
243.650
244.150
244.680
245.210
245.710
246.250
246.770
247.280
247.820
248.340
248.850
249.380
249.900
250.420
250.960
251.480
252.010
252.530
253.060
253.590
254.110
254.640
255.160
255.690
256.210
256.740
257.270
257.810
258.330
258.860
259.390
259.920
260.440
260.980
261.480
262.000
262.520
263.050
263.560
264.090
264.620
265.120
265.640
266.180
266.700
267.230
267.740
268.260
268.780
269.290
269.810
270.330
270.860
271.370
271.890
272.430
272.940
273.450
273.980
274.490
275.010
275.520
276.040
276.550
277.090
277.620
278.130
278.660
279.190
279.710
280.230
280.740
281.240
281.770
282.290
282.800
283.310
283.820
284.330
284.840
285.350
285.860
286.360
286.870
287.380
287.890
288.410
288.920
289.430
289.940
290.470
290.980
291.490
292.020
292.520
293.040
293.540
294.060
294.570
295.100
295.610
296.120
296.630
297.150
297.660
298.180
298.700
299.210
299.720
300.250
300.770
301.290
301.810
302.310
302.820
303.340
303.850
304.360
304.870
305.390
305.910
306.430
306.950
307.460
307.940
308.470
308.980
309.490
310.010
310.520
311.040
311.560
312.080
312.610
313.110
313.630
314.150
314.650
315.150
315.650
316.150
316.660
317.190
317.700
318.210
318.720
319.230
319.750
320.240
320.750
321.270
321.780
322.300
322.790
323.320
323.830
324.320
324.840
325.340
325.860
326.360
326.870
327.400
327.910
328.430
328.940
329.440
329.950
330.460
330.960
331.490
331.990
332.500
333.000
333.510
334.020
334.530
335.040
335.540
336.060
336.570
337.060
337.580
338.100
338.610
339.100
339.600
340.100
340.620
341.100
341.600
342.110
342.620
343.110
343.630
344.160
344.670
345.180
345.680
346.140
346.600
347.090
347.540
348.020
348.530
349.050
349.550
350.080
350.600
351.130
351.620
352.140
352.650
353.160
353.700
354.230
354.730
355.220
355.740
356.240
356.750
357.280
357.820
358.350
358.870
359.380
359.890
360.400
360.910
361.440
361.930
362.430
362.930
363.430
363.920
364.420
364.930
365.420
365.950
366.440
366.950
367.470
367.960
368.450
368.970
369.470
369.960
370.450
370.950
371.460
371.980
372.470
372.970
373.470
373.990
374.470
375.000
375.480
375.990
376.520
377.030
377.520
378.020
378.530
379.030
379.540
380.030
380.520
381.010
381.540
382.010
382.530
383.030
383.530
384.030
384.550
385.050
385.560
386.080
386.600
387.100
387.620
388.120
388.630
389.110
389.610
390.130
390.640
391.180
391.680
392.200
392.700
393.210
393.710
394.220
394.720
395.200
395.730
396.240
396.740
397.220
397.690
398.210
398.730
399.230
399.760
400.250
400.760
401.230
401.730
402.230
402.760
403.260
403.750
404.280
404.760
405.260
405.790
406.310
406.820
407.340
407.880
408.380
408.900
409.390
409.830
410.290
410.710
411.170
411.560
411.930
412.320
412.740
413.130
413.540
413.970
414.440
414.980
415.490
415.990
416.490
417.020
417.510
418.070
418.600
419.140
419.670
420.170
420.660
421.200
421.690
422.220
422.700
423.240
423.740
424.230
424.750
425.280
425.790
426.260
426.780
427.290
427.800
428.310
428.840
429.350
429.880
430.360
430.860
431.380
431.880
432.400
432.890
433.420
433.930
434.440
435.000
435.520
436.050
436.570
437.080
437.610
438.130
438.600
439.090
439.550
440.040
440.500
440.980
441.460
441.910
442.380
442.850
443.320
443.810
