0.350
0.920
1.490
2.070
2.660
3.240
3.830
4.380
4.970
5.560
6.160
6.740
7.330
7.910
8.530
9.130
9.730
10.330
10.950
11.540
12.180
12.830
13.440
14.070
14.710
15.360
16.010
16.640
17.300
17.960
18.600
19.260
19.910
20.560
21.230
21.840
22.490
23.170
23.820
24.490
25.140
25.800
26.450
27.110
27.760
28.420
29.090
29.730
30.400
31.030
31.720
32.350
33.010
33.660
34.320
34.980
35.630
36.290
36.940
37.580
38.260
38.920
39.590
40.250
40.900
41.560
42.210
42.860
43.540
44.200
44.880
45.560
46.190
46.840
47.500
48.130
48.780
49.440
50.110
50.740
51.430
52.090
52.740
53.420
54.100
54.780
55.440
56.100
56.780
57.420
58.130
58.830
59.500
60.190
60.880
61.550
62.240
62.910
63.590
64.250
64.950
65.640
66.300
66.980
67.690
68.350
69.030
69.700
70.380
71.050
71.720
72.380
73.050
73.720
74.410
75.070
75.770
76.430
77.140
77.810
78.500
79.170
79.860
80.540
81.230
81.900
82.600
83.270
83.970
84.650
85.320
86.010
86.710
87.400
88.090
88.780
89.490
90.180
90.870
91.550
92.230
92.910
93.590
94.290
94.970
95.640
96.320
97.010
97.730
98.380
99.080
99.730
100.410
101.120
101.800
102.470
103.150
103.850
104.550
105.230
105.910
106.590
107.270
107.940
108.600
109.300
109.990
110.690
111.370
112.040
112.730
113.370
114.070
114.770
115.440
116.110
116.800
117.480
118.140
118.810
119.500
120.170
120.870
121.550
122.250
122.910
123.580
124.280
124.970
125.660
126.310
126.980
127.650
128.360
129.030
129.700
130.380
131.040
131.670
132.370
133.060
133.780
134.460
135.140
135.800
136.510
137.170
137.830
138.520
139.240
139.940
140.610
141.290
141.990
142.690
143.370
144.070
144.760
145.430
146.090
146.800
147.490
148.180
148.870
149.540
150.220
150.900
151.590
152.290
152.960
153.650
154.320
155.000
155.720
156.390
157.070
157.740
158.430
159.120
159.770
160.470
161.150
161.810
162.520
163.180
163.880
164.580
165.270
165.980
166.680
167.400
168.090
168.770
169.500
170.210
170.890
171.610
172.310
172.980
173.690
174.420
175.090
175.810
176.480
177.210
177.880
178.570
179.270
179.950
180.660
181.340
182.030
182.660
183.350
184.000
184.640
185.310
186.100
186.940
187.740
188.510
189.360
190.300
191.160
192.120
193.030
193.930
194.780
195.550
196.360
197.210
198.050
198.900
199.710
200.460
201.280
202.050
202.800
203.600
204.370
