0.360
0.730
1.100
1.490
1.810
2.150
2.470
2.780
3.090
3.400
3.710
4.020
4.330
4.630
4.950
5.250
5.560
5.870
6.180
6.500
6.810
7.130
7.430
7.750
8.060
8.370
8.680
8.980
9.290
9.620
9.930
10.250
10.580
10.890
11.230
11.550
11.880
12.200
12.520
12.850
13.160
13.490
13.810
14.140
14.460
14.790
15.110
15.440
15.770
16.080
16.400
16.730
17.040
17.360
17.690
18.020
18.350
18.670
18.980
19.300
19.630
19.960
20.280
20.620
20.940
21.270
21.580
21.920
22.230
22.570
22.890
23.230
23.570
23.890
24.220
24.530
24.850
25.170
25.490
25.820
26.140
26.460
26.790
27.120
27.450
27.780
28.120
28.440
28.780
29.110
29.420
29.740
30.060
30.380
30.720
31.040
31.380
31.700
32.030
32.360
32.690
33.030
33.350
33.680
34.010
34.350
34.660
35.000
35.330
35.660
35.980
36.310
36.640
36.980
37.310
37.650
37.970
38.290
38.620
38.950
39.270
39.600
39.920
40.250
40.580
40.900
41.230
41.550
41.880
42.230
42.540
42.880
43.210
43.540
43.870
44.210
44.560
44.880
45.220
45.550
45.880
46.220
46.550
46.880
47.210
47.520
47.850
48.190
48.520
48.840
49.170
49.520
49.840
50.150
50.480
50.820
51.140
51.470
51.800
52.130
52.460
52.790
53.120
53.460
53.790
54.130
54.460
54.790
55.110
55.430
55.770
56.110
56.440
56.800
57.140
57.480
57.820
58.140
58.490
58.810
59.130
59.470
59.790
60.140
60.460
60.800
61.130
61.450
61.780
62.110
62.440
62.780
63.110
63.460
63.770
64.120
64.440
64.770
65.090
65.420
65.750
66.080
66.410
66.750
67.070
67.410
67.730
68.060
68.390
68.740
69.060
69.400
69.730
70.050
70.370
70.700
71.010
71.350
71.680
72.000
72.320
72.660
72.980
73.320
73.650
73.990
74.310
74.650
74.980
75.320
75.650
76.000
76.320
76.660
76.980
77.310
77.630
77.970
78.290
78.610
78.930
79.260
79.580
79.910
80.240
80.570
80.900
81.230
81.560
81.900
82.230
82.570
82.900
83.220
83.540
83.870
84.210
84.540
84.870
85.210
85.530
85.860
86.190
86.520
86.850
87.180
87.500
87.830
88.170
88.510
88.830
89.160
89.500
89.820
90.150
90.490
90.810
91.160
91.490
91.820
92.150
92.480
92.820
93.150
93.480
93.810
94.130
94.450
94.780
95.110
95.440
95.780
96.110
96.450
96.760
97.110
97.440
97.770
98.100
98.430
98.760
99.090
99.410
99.740
100.060
100.400
100.730
101.070
101.400
101.750
102.070
102.400
102.730
103.070
103.390
103.740
104.060
104.400
104.720
105.040
105.380
105.720
106.050
106.380
106.710
107.040
107.370
107.700
108.040
108.370
108.690
109.030
109.360
109.700
110.030
110.360
110.690
111.030
111.360
111.700
112.030
112.380
112.710
113.070
113.380
113.730
114.040
114.390
114.700
115.040
115.360
115.700
116.040
116.370
116.690
117.020
117.360
117.690
118.020
118.350
118.680
119.010
119.330
119.660
119.980
120.310
120.640
120.970
121.280
121.610
121.930
122.260
122.590
122.930
123.260
123.590
123.910
124.240
124.580
124.910
125.240
125.580
125.900
126.220
126.550
126.870
127.190
127.520
127.840
128.170
128.490
128.820
129.150
129.470
129.790
130.120
130.440
130.780
131.110
131.440
131.760
132.090
132.410
132.750
133.070
133.400
133.710
134.040
134.350
134.690
135.010
135.350
135.660
135.980
136.300
136.630
136.950
137.280
137.610
137.940
138.270
138.600
138.930
139.250
139.590
139.920
140.240
140.570
140.900
141.230
141.550
141.880
142.200
142.520
142.850
143.180
143.500
143.840
144.150
144.500
144.810
145.160
145.480
145.820
146.150
146.480
146.810
147.150
147.480
147.830
148.170
148.510
148.830
149.170
149.490
149.840
150.160
150.510
150.840
151.190
151.510
151.850
152.180
152.510
152.860
153.190
153.520
153.830
154.160
154.490
154.820
155.170
155.520
155.840
156.200
156.520
156.860
157.200
157.530
157.860
158.200
158.530
158.870
159.190
159.540
159.870
160.210
160.560
160.900
161.230
161.580
161.920
162.240
162.580
162.890
163.220
163.560
163.900
164.230
164.550
164.860
165.180
165.500
165.820
166.150
166.460
166.780
167.110
167.430
167.760
168.080
168.430
168.760
169.090
169.420
169.730
170.080
170.390
170.720
171.060
171.390
171.720
172.050
172.390
172.730
173.080
173.400
173.720
174.070
174.390
174.730
175.050
175.390
175.720
176.060
176.400
176.760
177.100
177.440
177.750
178.080
178.430
178.740
179.090
179.400
179.740
180.070
180.410
180.770
181.090
181.420
181.740
182.090
182.420
182.750
183.070
183.400
183.730
184.060
184.390
184.720
185.060
185.380
185.720
186.080
186.420
186.740
187.090
187.430
187.760
188.100
188.420
188.740
189.060
189.400
189.720
190.040
190.380
190.720
191.030
191.400
191.790
192.160
192.510
192.850
193.180
193.520
193.860
194.180
194.520
194.870
195.210
195.540
195.890
196.220
196.570
196.900
197.230
197.570
197.910
198.220
198.550
198.900
199.220
199.550
199.890
200.220
200.540
200.870
201.200
201.550
201.900
202.230
202.580
202.900
203.250
203.580
203.930
204.260
204.610
204.940
205.280
205.630
205.970
206.310
206.650
206.990
207.330
207.660
207.990
208.320
208.650
208.970
209.300
209.630
209.980
210.310
210.640
210.970
211.310
211.640
211.980
212.310
212.650
212.970
213.310
213.640
213.990
214.320
214.670
214.990
215.330
215.660
216.000
216.320
216.670
217.000
217.330
217.650
217.980
218.310
218.650
218.970
219.310
219.640
219.970
220.290
220.650
220.990
221.330
221.660
222.000
222.330
222.680
223.010
223.350
223.690
224.040
224.370
224.720
225.050
225.400
225.730
226.060
226.390
226.740
227.070
227.400
227.720
228.060
228.370
228.700
229.030
229.370
229.710
230.040
230.380
230.720
231.050
231.380
231.720
232.050
232.390
232.740
233.060
233.390
233.710
234.050
234.360
234.690
235.010
235.350
235.660
235.990
236.320
236.650
236.990
237.330
237.660
237.990
238.330
238.670
239.000
239.340
239.670
240.010
240.350
240.690
241.020
241.370
241.710
242.040
242.390
242.730
243.070
243.390
243.730
244.070
244.410
244.750
245.090
245.430
245.770
246.110
246.450
246.780
247.110
247.460
247.780
248.120
248.450
248.800
249.130
249.470
249.810
250.160
250.490
250.850
251.180
251.510
251.850
252.190
252.510
252.870
253.190
253.540
253.860
254.200
254.530
254.870
255.190
255.530
255.860
256.210
256.540
256.900
257.240
257.570
257.900
258.240
258.570
258.900
259.230
259.580
259.920
260.250
260.600
260.950
261.290
261.640
261.980
262.340
262.690
263.020
263.330
263.660
264.000
264.340
264.670
265.000
265.340
265.680
266.020
266.360
266.680
267.010
267.350
267.690
268.010
268.350
268.680
269.030
269.360
269.700
270.030
270.370
270.700
271.030
271.360
271.680
272.020
272.350
272.680
272.980
273.290
273.600
273.920
274.220
274.540
274.840
275.160
275.470
275.780
276.130
276.460
276.790
277.120
277.440
277.760
278.090
278.440
278.770
279.100
279.430
279.780
280.120
280.450
280.770
281.100
281.430
281.780
282.110
282.450
282.800
283.150
283.490
283.830
284.160
284.510
284.840
285.180
285.530
285.860
286.210
286.550
286.890
287.210
287.570
287.900
288.250
288.580
288.930
289.270
289.610
289.920
290.270
290.600
290.940
291.280
291.640
291.980
292.310
292.640
292.970
293.290
293.630
293.960
294.290
294.620
294.960
295.300
295.650
295.980
296.340
296.680
297.020
297.340
297.680
298.020
298.350
298.680
299.010
299.330
299.680
299.990
300.340
300.690
301.010
301.340
301.670
301.990
302.340
302.650
303.000
303.350
303.680
304.010
304.340
304.670
304.990
305.300
305.620
305.940
306.260
306.580
306.890
307.210
307.520
307.820
308.140
308.440
308.750
309.060
309.370
309.680
309.990
310.300
310.610
310.920
311.230
311.550
311.860
312.160
312.480
312.780
313.090
313.400
313.710
314.020
314.340
314.650
314.950
315.260
315.570
315.890
316.200
316.510
