0.130
0.720
1.310
1.880
2.500
3.110
3.760
4.370
4.960
5.570
6.210
6.790
7.420
8.030
8.640
9.230
9.860
10.430
11.020
11.610
12.210
12.800
13.380
13.970
14.580
15.170
15.760
16.350
16.950
17.560
18.180
18.850
19.490
20.110
20.730
21.370
21.970
22.580
23.200
23.800
24.410
25.020
25.650
26.260
26.870
27.490
28.090
28.700
29.320
29.930
30.540
31.160
31.780
32.390
33.000
33.590
34.190
34.800
35.430
36.050
36.650
37.260
37.870
38.470
39.110
39.710
40.320
40.920
41.540
42.140
42.760
43.360
43.970
44.580
45.220
45.820
46.440
47.040
47.640
48.250
48.870
49.480
50.090
50.690
51.320
51.930
52.540
53.140
53.750
54.380
55.000
55.620
56.240
56.850
57.470
58.070
58.710
59.340
59.970
60.580
61.210
61.820
62.420
63.020
63.630
64.230
64.860
65.470
66.090
66.690
67.300
67.900
68.500
69.100
69.720
70.330
70.940
71.570
72.170
72.780
73.380
74.000
74.610
75.190
75.810
76.410
77.020
77.620
78.240
78.860
79.470
80.110
80.740
81.340
81.950
82.560
83.170
83.770
84.400
85.010
85.640
86.240
86.860
87.470
88.100
88.730
89.330
89.950
90.560
91.150
91.770
92.380
92.980
93.590
94.210
94.830
95.450
96.070
96.680
97.290
97.890
98.530
99.150
99.770
100.390
101.010
101.620
102.250
102.850
103.470
104.090
104.690
105.330
105.940
106.570
107.180
107.780
108.390
109.000
109.630
110.240
110.860
111.470
112.080
112.690
113.310
113.950
114.560
115.210
115.810
116.430
117.050
117.670
118.290
118.930
119.550
120.160
120.780
121.390
121.990
122.610
123.220
123.830
124.450
125.060
125.670
126.290
126.910
127.540
128.150
128.750
129.370
130.000
130.590
131.200
131.830
132.460
133.080
133.720
134.330
134.940
135.550
136.170
136.790
137.430
138.060
138.690
139.300
139.940
140.550
141.160
141.770
142.400
143.030
143.630
144.280
144.880
145.490
146.100
146.710
147.320
147.940
148.550
149.180
149.800
150.410
151.020
151.640
152.250
152.860
153.480
154.110
154.730
155.340
155.960
156.570
157.180
157.800
158.420
159.030
159.640
160.270
160.870
161.510
162.100
162.710
163.330
163.940
164.570
165.180
165.790
166.400
167.020
167.630
168.230
168.840
169.460
170.070
170.670
171.280
171.880
172.480
173.110
173.730
174.350
174.970
175.590
176.200
176.850
177.470
178.100
178.710
179.320
179.950
180.570
181.180
181.800
182.400
183.020
183.630
184.240
184.860
185.470
186.100
186.720
187.310
187.920
188.540
189.160
189.760
190.370
190.980
191.590
192.180
192.800
193.400
194.030
194.650
195.280
195.880
196.500
197.110
197.720
198.340
198.960
199.570
200.170
200.810
201.400
202.010
202.630
203.230
203.850
204.460
205.070
205.690
206.300
206.910
207.520
208.130
208.750
209.360
209.980
210.580
211.200
211.800
212.430
213.060
213.680
214.270
214.910
215.510
216.130
216.750
217.350
217.950
218.570
219.180
219.770
220.380
220.990
221.580
222.200
222.800
223.410
224.010
224.610
225.200
225.820
226.410
227.030
227.620
228.250
228.860
229.470
230.080
230.670
231.280
231.910
232.570
233.200
233.840
234.440
235.080
235.710
236.360
236.980
237.610
238.240
238.840
239.450
240.050
240.660
241.270
241.880
242.490
243.110
243.720
244.330
244.960
245.580
246.160
246.770
247.390
248.000
248.630
249.220
249.840
250.480
251.120
251.730
252.350
252.970
253.580
254.230
254.840
255.480
256.120
256.750
257.360
257.980
258.590
259.230
259.840
260.460
261.080
261.700
262.320
262.910
263.550
264.130
264.750
265.380
265.990
266.610
267.200
267.830
268.420
269.040
269.620
270.210
270.810
271.410
272.020
272.650
273.270
273.900
274.530
275.190
275.810
276.440
277.070
277.710
278.350
278.980
279.600
280.230
280.840
281.470
282.090
282.730
283.340
283.970
284.600
285.210
285.840
286.490
287.110
287.740
288.350
288.980
289.580
290.230
290.850
291.460
292.080
292.710
293.320
293.950
294.570
295.190
295.820
296.480
297.120
297.780
298.400
299.050
299.670
300.310
300.930
301.560
302.180
302.810
303.450
304.100
304.720
305.360
305.990
306.640
307.260
307.900
308.540
309.180
309.800
310.460
311.100
311.760
312.430
313.070
313.700
314.320
314.970
315.630
316.310
316.950
317.600
318.260
318.880
319.540
320.170
320.830
321.450
322.120
322.750
323.390
324.040
324.680
325.320
325.990
326.620
327.270
327.910
328.570
329.210
329.880
330.500
331.160
331.840
332.640
333.470
334.350
335.230
336.050
336.880
337.650
338.440
339.200
339.960
340.790
341.560
342.380
343.190
343.960
344.680
345.460
346.220
346.980
347.780
