0.380
0.900
1.390
1.850
2.330
2.820
3.310
3.790
4.260
4.740
5.210
5.680
6.140
6.630
7.120
7.590
8.060
8.550
9.040
9.500
9.970
10.450
10.920
11.400
11.870
12.330
12.790
13.260
13.750
14.230
14.750
15.310
15.810
16.320
16.780
17.260
17.760
18.220
18.710
19.210
19.680
20.190
20.650
21.150
21.660
22.120
22.640
23.110
23.600
24.070
24.570
25.060
25.550
26.030
26.520
27.010
27.520
28.000
28.490
28.970
29.460
29.940
30.450
30.910
31.360
31.780
32.240
32.690
33.170
33.640
34.110
34.570
35.040
35.510
35.950
36.430
36.890
37.330
37.790
38.240
38.700
39.170
39.620
40.070
40.530
41.010
41.450
41.910
42.430
42.930
43.470
43.950
44.460
44.980
45.500
45.990
46.470
46.970
47.450
47.930
48.410
48.890
49.400
49.880
50.360
50.860
51.330
51.810
52.310
52.770
53.270
53.750
54.210
54.690
55.180
55.650
56.160
56.630
57.130
57.640
58.100
58.600
59.080
59.560
60.060
60.520
61.020
61.460
61.880
62.320
62.780
63.240
63.700
64.170
64.610
65.070
65.550
66.030
66.470
66.940
67.390
67.870
68.310
68.790
69.240
69.700
70.150
70.660
71.200
71.700
72.180
72.660
73.150
73.630
74.150
74.620
75.090
75.590
76.050
76.550
77.030
77.500
77.960
78.440
78.910
79.390
79.870
80.340
80.810
81.280
81.740
82.230
82.680
83.130
83.560
84.010
84.470
84.960
85.420
85.900
86.360
86.830
87.300
87.770
88.230
88.720
89.170
89.640
90.100
90.530
90.940
91.380
91.820
92.290
92.750
93.230
93.690
94.170
94.640
95.110
95.560
96.040
96.500
96.940
97.400
97.880
98.330
98.790
99.240
99.710
100.160
100.630
101.080
101.560
102.020
102.460
102.890
103.320
103.790
104.240
104.690
105.120
105.600
106.080
106.540
107.000
107.470
107.960
108.420
108.890
109.370
109.850
110.320
110.790
111.270
111.730
112.190
112.660
113.130
113.620
114.090
114.560
115.000
115.460
115.900
116.370
116.820
117.280
117.740
118.200
118.670
119.150
119.600
120.050
120.580
121.140
121.760
122.380
123.000
123.590
124.220
124.790
125.420
126.000
126.590
127.190
127.750
128.360
128.970
129.550
130.170
130.760
131.370
131.830
132.290
132.750
133.210
133.650
134.100
134.550
135.000
135.440
135.870
136.330
136.790
137.250
137.720
138.190
138.640
139.120
139.580
140.040
140.490
140.950
141.400
141.850
142.300
142.770
143.220
143.680
144.130
144.580
145.040
145.480
145.940
146.410
146.870
147.330
147.790
148.240
148.690
149.150
149.600
150.050
150.500
150.940
151.400
151.850
152.290
152.740
153.210
153.640
154.100
154.530
154.970
155.420
155.870
156.290
156.740
157.190
157.630
158.060
158.520
158.960
159.430
159.870
160.320
160.770
161.210
161.670
162.120
162.560
163.000
163.450
163.900
164.350
164.800
165.230
165.690
166.160
166.610
167.080
167.550
168.000
168.470
168.940
169.390
169.860
170.310
170.770
171.230
171.690
172.130
172.580
173.050
173.510
173.950
174.410
174.880
175.340
175.810
176.260
176.720
177.160
177.610
178.070
178.540
179.000
179.450
179.920
180.370
180.830
181.290
181.750
182.200
182.680
183.110
183.560
184.010
184.460
184.930
185.350
185.810
186.240
186.680
187.110
187.570
188.030
188.480
188.910
189.370
189.820
190.260
190.740
191.190
191.640
192.120
192.590
193.040
193.510
193.970
194.420
194.890
195.370
195.850
196.290
196.740
197.210
197.650
198.110
198.570
199.040
199.500
199.960
200.420
200.880
201.330
201.810
202.240
202.710
203.150
203.600
204.050
204.500
204.950
205.370
205.830
206.290
206.740
207.190
207.630
208.060
208.500
208.920
209.320
209.770
210.220
210.680
211.120
211.570
212.010
212.470
212.930
213.380
213.810
214.270
214.730
215.170
215.610
216.060
216.530
216.980
217.410
217.880
218.350
218.820
219.290
219.760
220.270
220.760
221.240
221.710
222.220
222.710
223.190
223.650
224.120
224.600
225.060
225.530
225.990
226.470
226.930
227.400
227.850
228.340
228.790
229.270
229.720
230.170
230.610
231.070
231.530
231.990
232.440
232.900
233.380
233.840
234.300
234.760
235.200
235.680
236.130
236.590
237.040
237.470
237.900
238.320
238.720
239.170
239.630
240.080
240.550
241.000
241.470
241.930
242.390
242.850
243.290
243.770
244.210
244.690
245.150
245.590
246.070
246.510
246.990
247.440
247.920
248.380
248.850
249.380
249.880
250.410
250.890
251.390
251.910
252.400
252.880
253.350
253.850
254.350
254.800
255.280
255.760
256.210
256.700
257.140
257.620
258.080
258.540
259.000
259.480
259.940
260.410
260.870
261.350
261.830
262.290
262.770
263.230
263.720
264.180
264.660
265.120
265.600
266.060
266.520
267.000
267.470
267.920
268.390
268.860
269.360
269.830
270.320
270.780
271.280
271.770
272.260
272.730
273.200
273.680
274.180
274.640
275.100
275.580
276.060
276.540
277.030
277.510
277.990
278.460
278.950
279.450
279.920
280.390
280.870
281.340
281.820
282.290
282.750
283.190
283.620
284.060
284.520
284.990
285.440
285.910
286.360
286.820
287.280
287.740
288.210
288.640
289.110
289.540
290.010
290.440
290.910
291.340
291.830
292.320
292.850
293.340
293.850
294.350
294.820
295.280
295.760
296.220
296.690
297.170
297.650
298.090
298.570
299.030
299.490
299.950
300.420
300.890
301.360
301.830
302.290
302.750
303.220
303.670
304.150
304.610
305.060
305.510
305.970
306.440
306.910
307.370
307.810
308.270
308.750
309.190
309.650
310.120
310.580
311.050
311.500
311.940
312.400
312.840
313.290
313.750
314.210
314.660
315.110
315.580
316.040
316.490
316.950
317.410
317.860
318.310
318.770
319.220
319.670
320.130
320.600
321.040
321.500
321.940
322.390
322.850
323.300
323.730
324.200
324.660
325.120
325.570
326.030
326.480
326.940
327.380
327.840
328.290
328.740
329.170
329.630
330.080
330.520
330.990
331.440
331.900
332.370
332.820
333.280
333.730
334.190
334.650
335.090
335.560
336.010
336.490
336.940
337.370
337.820
338.270
338.720
339.180
339.640
340.070
340.540
341.000
341.440
341.900
342.360
342.830
343.300
343.760
344.220
344.660
345.140
345.600
