0.760
1.610
2.520
3.360
4.290
5.170
6.120
7.030
7.900
8.850
9.670
10.570
11.380
12.260
13.140
13.860
14.520
15.200
15.870
16.570
17.150
17.750
18.360
18.950
19.540
20.140
20.750
21.320
21.910
22.510
23.100
23.680
24.250
24.850
25.440
26.030
26.620
27.220
27.800
28.390
28.980
29.570
30.160
30.760
31.340
31.930
32.520
33.110
33.690
34.280
34.870
35.460
36.040
36.620
37.210
37.780
38.360
38.960
39.520
40.100
40.690
41.260
41.840
42.420
43.000
43.580
44.170
44.750
45.330
45.910
46.500
47.090
47.650
48.230
48.820
49.400
49.980
50.560
51.150
51.730
52.320
52.910
53.470
54.070
54.660
55.250
55.840
56.430
57.020
57.600
58.200
58.790
59.380
59.960
60.540
61.130
61.710
62.310
62.880
63.480
64.050
64.650
65.220
65.820
66.390
66.970
67.550
68.140
68.720
69.310
69.910
70.490
71.080
71.660
72.240
72.840
73.420
74.010
74.580
75.160
75.720
76.300
76.890
77.450
78.030
78.610
79.200
79.780
80.350
80.930
81.520
82.110
82.700
83.280
83.870
84.450
85.030
85.620
86.200
86.790
87.360
87.960
88.550
89.160
89.750
90.340
90.920
91.520
92.100
92.670
93.260
93.840
94.400
95.000
95.560
96.140
96.710
97.300
97.890
98.480
99.060
99.650
100.230
100.810
101.400
101.990
102.560
103.150
103.740
104.330
104.910
105.500
106.080
106.670
107.260
107.850
108.430
109.000
109.570
110.160
110.740
111.350
111.930
112.500
113.070
113.650
114.250
114.820
115.400
116.000
116.570
117.150
117.730
118.310
118.890
119.480
120.060
120.650
121.230
121.810
122.390
122.970
123.550
124.140
124.720
125.320
125.890
126.480
127.050
127.640
128.220
128.810
129.380
129.950
130.530
131.100
131.680
132.270
132.850
133.430
134.030
134.610
135.190
135.770
136.350
136.930
137.520
138.100
138.670
139.250
139.810
140.400
140.960
141.550
142.130
142.710
143.300
143.870
144.440
145.010
145.560
146.150
146.710
147.290
147.840
148.430
149.060
149.690
150.320
150.950
