0.480
1.020
1.570
2.100
2.640
3.200
3.720
4.280
4.830
5.340
5.910
6.420
6.990
7.520
8.050
8.610
9.120
9.660
10.230
10.790
11.340
11.860
12.410
12.990
13.510
14.060
14.640
15.170
15.720
16.290
16.830
17.350
17.910
18.450
19.000
19.540
20.100
20.680
21.220
21.780
22.320
22.870
23.430
23.970
24.500
25.050
25.580
26.130
26.680
27.220
27.760
28.290
28.820
29.320
29.870
30.430
30.970
31.490
32.040
32.570
33.110
33.670
34.190
34.720
35.260
35.780
36.320
36.860
37.410
37.980
38.530
39.060
39.590
40.130
40.670
41.220
41.760
42.320
42.860
43.400
43.970
44.480
45.050
45.580
46.130
46.650
47.160
47.700
48.230
48.780
49.320
49.840
50.390
50.950
51.460
52.000
52.530
53.050
53.580
54.120
54.660
55.160
55.720
56.270
56.800
57.340
57.870
58.430
58.980
59.500
60.030
60.600
61.120
61.650
62.210
62.760
63.310
63.870
64.420
64.970
65.510
66.060
66.610
67.160
67.690
68.250
68.790
69.320
69.870
70.410
70.950
71.500
72.060
72.630
73.170
73.700
74.260
74.800
75.350
75.900
76.410
76.960
77.520
78.080
78.630
79.130
79.670
80.200
80.760
81.300
81.850
82.380
82.930
83.450
83.970
84.530
85.080
85.630
86.180
86.720
87.250
87.790
88.320
88.860
89.420
89.980
90.540
91.060
91.610
92.150
92.700
93.240
93.780
94.310
94.870
95.410
95.950
96.470
97.040
97.560
98.100
98.630
99.160
99.710
100.250
100.780
101.310
101.880
102.430
102.970
103.510
104.060
104.590
105.130
105.690
106.250
106.770
107.310
107.870
108.380
108.920
109.470
110.000
110.560
111.080
111.610
112.160
112.690
113.220
113.760
114.310
114.840
115.390
115.930
116.480
117.020
117.540
118.070
118.590
119.130
119.660
120.200
120.720
121.240
121.780
122.330
122.880
123.420
123.960
124.500
125.060
125.590
126.110
126.660
127.200
127.760
128.270
128.850
129.390
129.950
130.480
131.010
131.560
132.100
132.650
133.190
133.770
134.290
134.830
135.350
135.880
136.420
136.970
137.520
138.050
138.600
139.140
139.700
140.230
140.750
141.290
141.860
142.380
142.890
143.440
143.970
144.510
145.050
145.580
146.130
146.670
147.190
147.740
148.270
148.830
149.350
149.890
150.420
150.980
151.500
152.050
152.600
153.150
153.680
154.210
154.730
155.260
155.770
156.330
156.880
157.400
157.950
158.500
159.050
159.610
160.120
160.660
161.190
161.720
162.260
162.810
163.340
163.890
164.450
164.990
165.510
166.060
166.620
167.130
167.680
168.200
168.750
169.300
169.830
170.360
170.920
171.430
171.980
172.530
173.070
173.610
174.160
174.710
175.250
175.800
176.350
176.910
177.440
177.970
178.530
179.070
179.640
180.180
180.730
181.260
181.810
182.340
182.890
183.440
184.000
184.540
185.070
185.620
186.150
186.710
187.250
187.790
188.350
188.910
189.430
189.990
190.540
191.080
191.620
192.170
192.710
193.260
193.810
194.360
194.890
195.430
195.970
196.530
197.080
197.630
198.190
198.750
199.300
199.840
200.390
200.940
201.480
202.010
202.550
203.090
203.630
204.150
204.710
205.260
205.810
206.360
206.920
207.480
208.040
208.570
209.140
209.690
210.220
210.770
211.310
211.850
212.400
212.940
213.500
214.050
214.640
215.260
215.840
216.390
216.940
217.460
218.020
218.530
219.090
219.610
220.150
220.690
221.210
221.730
222.240
222.720
223.190
223.730
224.270
224.810
225.330
225.900
226.430
226.970
227.500
228.040
228.560
229.080
229.560
230.070
230.600
231.160
231.680
232.200
232.710
233.240
233.770
234.320
234.820
235.370
235.880
236.440
236.950
237.490
238.030
238.560
239.140
239.750
240.300
240.910
241.490
241.990
242.530
243.070
243.610
244.130
244.670
245.200
245.710
246.250
246.800
247.310
247.850
248.420
248.930
249.500
250.030
250.590
251.150
251.690
252.210
252.740
253.300
253.850
254.360
254.910
255.420
255.940
256.490
257.020
257.550
258.090
258.640
259.180
259.730
260.230
260.780
261.300
261.850
262.380
262.900
263.450
263.970
264.520
265.050
265.610
266.130
266.670
267.190
267.740
268.270
268.800
269.330
269.900
270.430
271.010
271.540
272.110
272.660
273.190
273.740
274.250
274.830
275.380
275.930
276.500
277.040
277.620
278.160
278.720
279.290
279.850
280.400
280.940
281.510
282.040
282.610
283.140
283.690
284.240
284.800
285.350
285.900
286.460
286.980
287.540
288.070
288.610
289.140
289.700
290.220
290.750
291.310
291.860
292.400
292.940
293.470
294.020
294.560
295.100
295.610
296.150
296.710
297.260
297.780
298.340
298.840
299.390
299.930
300.460
300.970
301.450
301.980
302.530
303.060
303.600
304.100
304.640
305.210
305.750
306.260
306.810
307.370
307.890
308.410
308.950
309.500
310.030
310.560
311.150
311.750
312.330
312.880
313.430
314.000
314.560
315.100
315.660
316.210
316.770
317.360
317.940
318.480
319.060
319.580
320.150
320.700
321.210
321.760
322.330
322.880
323.440
324.010
324.530
325.100
325.640
326.210
326.740
327.310
327.860
328.420
329.000
329.530
330.080
330.630
331.190
331.740
332.300
332.890
333.450
334.010
334.590
335.190
335.770
336.350
336.900
337.490
338.010
338.590
339.120
339.700
340.230
340.810
341.380
341.920
342.470
343.020
343.570
344.130
344.660
345.230
345.790
346.320
346.910
347.460
348.020
348.580
349.120
349.720
350.350
350.940
351.520
352.090
352.650
353.310
353.910
354.570
355.200
355.810
356.450
357.040
357.680
358.270
358.880
359.480
360.110
360.710
361.320
361.940
362.560
363.160
363.750
364.350
364.950
365.540
366.170
366.740
367.350
367.970
