0.620
1.380
2.150
2.920
3.710
4.420
5.210
5.930
6.700
7.480
8.310
9.100
9.860
10.680
11.450
12.240
13.020
13.800
14.570
15.360
16.180
16.930
17.720
18.510
19.310
20.080
20.900
21.660
22.440
23.270
24.060
24.830
25.620
26.510
27.290
28.090
28.870
29.690
30.480
31.280
32.030
32.820
33.590
34.400
35.150
35.960
36.730
37.540
38.300
39.100
39.880
40.690
41.500
42.280
43.090
43.850
44.640
45.440
46.260
47.030
47.840
48.650
49.430
50.110
50.630
51.050
51.460
51.870
52.310
52.720
53.130
53.570
53.960
54.370
54.760
55.180
55.570
55.990
56.400
56.810
57.220
57.620
58.030
58.450
58.840
59.240
59.640
60.050
60.450
60.860
61.240
61.640
62.060
62.450
62.850
63.270
63.680
64.090
64.500
64.890
65.300
65.710
66.120
66.540
66.950
67.350
67.780
68.190
68.600
69.000
69.400
69.800
70.190
70.600
71.000
71.390
71.790
72.190
72.610
73.020
73.430
73.830
74.230
74.630
75.020
75.410
75.830
76.240
76.660
77.050
77.460
77.870
78.290
78.710
79.100
79.520
79.920
80.310
80.720
81.110
81.520
81.910
82.320
82.700
83.110
83.500
83.890
84.280
84.680
85.090
85.490
85.880
86.270
86.680
87.080
87.470
87.890
88.280
88.650
89.060
89.440
89.850
90.250
90.660
91.090
91.500
91.900
92.300
92.720
93.130
93.530
93.940
94.350
94.750
95.150
95.570
95.970
96.370
96.760
97.150
97.570
97.960
98.380
98.770
99.190
99.590
99.980
100.380
100.790
101.190
101.590
101.990
102.390
102.810
103.210
103.610
104.030
104.440
104.820
105.220
105.640
106.020
106.450
106.840
107.260
107.660
108.060
108.460
108.850
109.270
109.670
110.060
110.470
110.870
111.260
111.670
112.070
112.460
112.860
113.250
113.640
114.030
114.430
114.810
115.200
115.600
115.990
116.390
116.790
117.190
117.580
117.980
118.390
118.780
119.180
119.580
119.990
120.380
120.770
121.170
121.560
121.960
122.350
122.740
123.150
123.540
123.940
124.340
124.740
125.130
125.540
125.930
126.330
126.750
127.140
127.540
127.940
128.350
128.750
129.140
129.550
129.950
130.340
130.760
131.160
131.580
131.980
132.360
132.760
133.150
133.530
133.920
134.330
134.710
135.120
135.510
135.920
136.300
136.710
137.120
137.540
137.950
138.360
138.770
139.160
139.590
139.950
140.350
140.720
141.070
141.440
141.840
142.240
142.630
143.000
143.410
143.840
144.250
144.650
145.060
145.450
145.870
146.260
146.650
147.050
147.450
147.870
148.250
148.670
149.050
149.470
149.850
150.270
150.680
151.120
151.520
151.960
152.370
152.750
153.160
153.570
153.960
154.360
154.760
155.150
155.560
155.970
156.360
156.770
157.170
157.570
157.980
158.400
158.780
159.190
159.590
159.980
160.370
160.770
161.180
161.570
161.970
162.360
162.770
163.170
163.570
163.970
164.360
164.750
165.140
165.540
165.940
166.350
166.740
167.140
167.530
167.940
168.340
168.720
169.110
169.510
169.910
170.310
170.700
171.110
171.500
171.910
172.320
172.720
173.090
173.500
173.890
174.290
174.690
175.080
175.480
175.900
176.300
176.680
177.070
177.460
177.860
178.260
178.650
179.050
179.460
179.850
180.240
180.620
181.030
181.400
181.790
182.190
182.600
183.000
183.390
183.780
184.160
184.560
184.950
185.360
185.770
186.160
186.570
186.960
187.350
187.740
188.140
188.530
188.920
189.300
189.700
190.090
190.470
190.850
191.240
191.630
192.040
192.430
192.810
193.220
193.620
194.020
194.400
194.810
195.220
195.650
196.060
196.460
196.850
197.240
197.640
198.050
198.440
198.850
199.250
199.660
200.060
200.450
200.840
201.260
201.660
202.060
202.450
202.860
203.240
203.640
204.040
204.450
204.850
205.250
205.650
206.050
206.460
206.870
207.280
207.680
208.110
208.520
208.930
209.320
209.720
210.110
210.530
210.900
211.300
211.700
212.090
212.500
212.890
213.300
213.690
214.100
214.500
214.880
215.270
215.670
216.090
216.500
216.890
217.300
217.700
218.100
218.500
218.900
219.290
219.690
220.110
220.510
220.920
221.340
221.760
222.160
222.580
222.980
223.390
223.790
224.180
224.580
224.980
225.380
225.790
226.200
226.610
227.010
227.420
227.820
228.210
228.610
229.020
229.420
229.830
230.210
230.610
231.010
231.390
231.780
232.170
232.560
232.950
233.340
233.730
234.130
234.520
234.920
235.310
235.700
236.080
236.470
236.880
237.260
237.650
238.040
238.420
238.820
239.210
239.600
240.000
240.390
240.790
241.200
241.580
241.970
242.350
242.760
243.160
243.570
243.960
244.370
244.770
245.160
245.540
245.940
246.340
246.730
247.140
247.520
247.930
248.300
248.690
249.090
249.480
249.870
250.270
250.660
251.060
251.450
251.840
252.250
252.640
253.060
253.450
253.840
254.230
254.630
255.030
255.430
255.800
256.200
256.590
256.990
257.390
257.800
258.180
258.560
258.960
259.370
259.780
260.180
260.580
260.980
261.360
261.760
262.140
262.530
262.940
263.340
263.740
264.140
264.520
264.930
265.330
265.720
266.110
266.490
266.890
267.300
267.680
268.090
268.480
268.880
269.280
269.700
270.100
270.490
270.890
271.290
271.710
272.110
272.530
272.940
273.320
273.730
274.130
274.550
274.940
275.360
275.750
276.150
276.550
276.970
277.350
277.760
278.170
278.570
278.960
279.330
279.720
280.130
280.530
280.940
281.340
281.720
282.140
282.530
282.930
283.310
283.690
284.080
284.470
284.870
285.260
285.660
286.060
286.450
286.840
287.240
287.630
288.030
288.400
288.800
289.180
289.590
290.000
290.400
290.780
291.170
291.570
291.960
292.340
292.730
293.120
293.510
293.920
294.300
294.700
295.100
295.480
295.870
296.280
296.670
297.080
297.470
297.870
298.260
298.640
299.030
299.410
299.810
300.210
300.600
301.010
301.410
301.800
302.190
302.610
303.000
303.410
303.810
304.210
304.600
305.000
305.400
305.810
306.210
306.600
307.000
307.400
307.800
308.190
308.590
308.990
309.390
309.780
310.170
310.580
310.980
311.380
311.770
312.170
312.570
312.970
313.360
313.760
314.130
314.530
314.920
315.320
315.720
316.120
316.530
316.910
317.310
317.700
318.090
318.490
318.900
319.300
319.710
320.110
320.520
320.930
321.320
321.720
322.120
322.520
322.930
323.330
323.700
324.100
324.490
324.870
325.260
325.660
326.050
326.460
326.850
327.260
327.660
328.060
328.460
328.870
329.260
329.650
330.040
330.430
330.840
331.230
331.620
332.030
332.440
332.840
333.240
333.640
334.030
334.440
334.820
335.230
335.620
336.040
336.420
336.820
337.210
337.590
337.980
338.380
338.770
339.160
339.540
339.930
340.320
340.720
341.100
341.500
341.900
342.290
342.680
343.090
343.480
343.890
344.270
344.670
345.070
345.440
345.830
346.220
346.620
347.010
347.400
347.800
348.180
348.560
348.960
349.350
349.740
350.130
350.520
350.910
351.300
351.700
352.110
352.510
352.890
353.290
353.690
354.110
354.510
354.910
355.270
355.660
356.050
356.420
356.790
357.140
357.520
357.930
358.320
358.720
359.120
359.510
359.930
360.330
360.710
361.120
361.510
361.890
362.290
362.680
363.100
363.550
363.980
364.400
364.790
365.190
365.590
365.980
366.400
366.800
367.160
367.550
367.940
368.310
368.680
369.060
369.480
369.900
370.290
370.720
371.110
371.540
371.930
372.360
372.750
373.160
373.560
373.970
374.360
374.760
375.180
375.570
375.980
376.390
376.780
377.190
377.570
377.960
378.350
378.750
379.140
379.540
379.930
380.330
380.720
381.140
381.520
381.940
382.340
382.770
383.180
383.570
383.960
384.370
384.780
385.180
385.560
385.970
386.340
386.740
387.140
387.530
387.920
388.300
388.680
389.090
389.490
389.900
390.300
390.700
391.100
391.500
391.870
392.260
392.650
393.040
393.450
393.840
394.230
394.610
395.010
395.400
395.810
396.190
396.610
397.010
397.390
397.810
398.210
398.600
398.990
399.410
399.790
400.190
400.600
401.030
401.430
401.820
402.230
402.620
403.010
403.410
403.820
404.210
404.610
405.030
405.410
405.810
406.210
406.630
407.010
407.430
407.820
408.210
408.600
408.990
409.370
409.760
410.140
410.530
410.920
411.310
411.710
412.110
412.500
412.890
413.270
413.650
414.040
414.450
414.830
415.230
415.650
416.050
416.440
416.850
417.220
417.630
418.010
418.410
418.780
419.190
419.570
419.930
420.310
420.700
421.080
421.490
421.900
422.280
422.680
423.100
423.490
423.900
424.300
424.720
425.110
425.490
425.890
426.290
426.670
427.060
427.440
427.830
428.220
428.590
428.970
429.380
429.750
430.150
430.530
430.940
431.330
431.720
432.100
432.480
432.890
433.280
433.690
434.120
434.510
434.920
435.350
435.770
436.180
436.600
437.020
437.410
437.800
438.180
438.590
438.960
439.350
439.740
440.140
440.540
440.920
441.320
441.700
442.040
442.420
442.760
443.160
443.530
443.910
444.320
444.720
445.130
445.530
445.960
446.370
446.810
447.230
447.650
448.050
448.480
448.900
449.330
449.730
450.140
450.520
450.900
451.290
451.700
452.070
452.480
452.860
453.260
453.640
454.030
454.440
454.840
455.250
455.650
456.050
456.430
456.820
457.210
457.590
458.000
458.400
458.800
459.180
459.580
460.000
460.390
460.780
461.170
461.570
461.950
462.340
462.720
463.090
463.480
463.880
464.260
464.660
465.050
465.430
465.820
466.210
466.620
467.000
467.380
467.750
468.130
468.480
468.830
469.200
469.580
469.950
470.320
470.700
471.050
471.430
471.810
472.190
472.590
472.980
473.360
473.760
474.160
474.550
474.940
475.300
475.690
476.070
476.460
476.830
477.230
477.620
478.010
478.410
478.820
479.230
479.620
480.000
480.390
480.770
481.160
481.510
481.890
482.270
482.630
482.990
483.350
483.690
484.060
484.420
484.790
485.180
485.580
485.970
486.350
486.750
487.130
487.510
487.900
488.290
488.680
489.060
489.450
489.820
490.200
490.600
490.980
491.350
491.740
492.120
492.500
492.890
493.280
493.660
494.050
494.440
494.840
495.230
495.630
496.010
496.400
496.780
497.170
497.560
497.970
498.350
498.750
499.130
499.510
499.910
500.310
500.680
501.070
501.460
501.850
502.250
502.630
503.030
503.410
503.800
504.190
504.590
504.990
505.380
505.750
506.160
506.550
506.930
507.320
507.700
508.090
508.480
508.890
509.320
509.710
510.140
510.550
510.960
511.370
511.750
512.160
512.550
512.970
513.370
513.750
514.150
514.580
514.970
515.400
515.800
516.190
516.600
516.980
517.390
517.820
518.230
518.630
519.010
519.430
519.810
520.230
520.610
521.020
521.420
521.790
522.210
522.610
523.000
523.390
523.810
524.190
524.600
525.010
525.400
525.810
526.210
526.630
527.020
527.450
527.850
528.260
528.670
529.050
529.460
529.850
530.280
530.690
531.090
531.480
531.890
532.280
532.700
533.100
533.500
533.900
534.290
534.680
535.080
535.500
535.920
536.310
536.730
537.120
537.530
537.930
538.330
538.730
539.120
539.510
539.930
540.310
540.710
541.110
541.510
541.910
542.310
542.710
543.130
543.510
543.930
544.330
544.710
545.120
545.520
545.930
546.330
546.730
547.130
547.520
547.940
548.330
548.750
549.150
549.580
549.990
550.400
550.800
551.210
551.630
552.030
552.420
552.810
553.240
553.640
554.050
554.470
554.880
555.350
555.850
556.340
556.820
557.330
557.820
558.350
558.870
559.350
559.860
560.410
560.930
561.530
562.150
562.730
563.320
563.930
564.500
565.170
565.890
566.560
567.210
567.830
568.480
569.120
569.760
570.420
571.060
571.680
572.330
572.950
573.590
574.280
574.980
575.680
576.360
577.040
577.740
578.450
579.140
579.810
580.530
581.210
581.940
582.610
583.230
583.900
