0.000
0.460
0.920
1.350
1.800
2.250
2.710
3.170
3.610
4.030
4.470
4.920
5.350
5.810
6.250
6.690
7.130
7.560
7.990
8.430
8.850
9.290
9.720
10.130
10.560
10.980
11.380
11.800
12.240
12.660
13.060
13.500
13.900
14.340
14.760
15.180
15.580
16.010
16.420
16.850
17.270
17.700
18.100
18.510
18.930
19.350
19.740
20.150
20.570
20.990
21.380
21.810
22.230
22.640
23.060
23.490
23.890
24.330
24.730
25.150
25.540
25.950
26.360
26.780
27.180
27.610
28.020
28.430
28.820
29.230
29.650
30.060
30.470
30.890
31.280
31.670
32.070
32.490
32.880
33.290
33.670
34.070
34.480
34.910
35.310
35.730
36.130
36.530
36.960
37.370
37.770
38.170
38.570
38.980
39.370
39.770
40.160
40.580
40.960
41.380
41.770
42.180
42.570
42.970
43.380
43.780
44.160
44.590
44.980
45.390
45.790
46.200
46.590
46.990
47.390
47.790
48.200
48.600
49.020
49.430
49.830
50.240
50.630
51.030
51.430
51.840
52.250
52.640
53.050
53.450
53.850
54.250
54.650
55.050
55.460
55.890
56.300
56.710
57.110
57.510
57.920
58.350
58.730
59.150
59.540
59.970
60.370
60.770
61.200
61.600
62.010
62.420
62.800
63.190
63.580
63.970
64.350
64.760
65.150
65.560
65.960
66.380
66.780
67.210
67.620
68.020
68.430
68.830
69.350
70.070
70.880
71.670
72.460
73.250
74.040
74.830
75.600
76.420
77.240
78.060
78.850
79.670
80.470
81.280
82.080
82.880
83.690
84.480
85.280
86.080
86.880
87.660
88.460
89.240
90.030
90.790
91.600
92.370
93.170
93.950
94.730
95.510
96.310
97.090
97.880
98.680
99.480
100.310
101.100
101.870
102.710
103.500
104.280
105.060
105.850
106.630
107.420
108.230
109.020
109.820
110.610
111.390
112.200
112.990
113.810
114.580
115.380
116.180
116.990
117.770
118.580
119.380
120.180
120.990
121.780
122.570
123.380
124.200
125.020
125.830
126.640
127.450
128.250
129.060
129.870
130.690
131.510
132.300
133.090
133.880
134.680
135.470
136.290
137.090
137.890
138.700
139.500
140.280
141.080
141.880
142.680
143.470
144.240
145.050
145.850
146.660
147.460
148.250
149.040
149.820
150.590
151.400
152.180
152.990
153.760
154.530
155.340
156.150
156.980
157.820
158.640
159.420
160.260
161.080
161.910
162.730
163.530
164.390
165.190
166.010
166.830
167.660
168.490
169.340
170.170
171.010
171.830
172.660
173.490
174.330
175.150
175.970
176.780
177.590
178.410
179.210
180.020
180.830
181.630
182.440
183.260
184.080
184.860
185.680
186.520
187.360
188.210
188.990
189.820
190.610
191.450
192.260
193.060
193.880
194.710
195.510
196.320
197.110
197.920
198.740
199.560
200.380
201.200
202.000
202.810
203.620
204.430
205.240
206.030
206.840
207.640
208.450
209.250
210.060
210.870
211.680
212.500
213.290
214.090
214.880
215.690
216.500
217.300
218.130
218.920
219.710
220.500
221.320
222.140
222.940
223.750
224.540
225.340
226.140
226.930
227.750
228.540
229.340
230.140
230.920
231.420
231.930
232.450
232.840
233.240
233.660
234.040
234.460
234.850
235.250
235.650
236.060
236.460
236.880
237.270
237.670
238.060
238.480
238.860
239.280
239.650
240.050
240.450
240.840
241.230
241.630
242.020
242.420
242.830
243.220
243.620
244.000
244.390
244.800
245.170
245.580
245.960
246.360
246.750
247.140
247.530
247.920
248.310
248.680
249.090
249.460
249.870
250.240
250.650
251.030
251.410
251.810
252.220
252.620
253.010
253.420
253.810
254.200
254.600
255.000
255.370
255.780
256.160
256.560
256.950
257.350
257.730
258.130
258.530
258.950
259.330
259.740
260.120
260.520
260.900
261.310
261.690
262.090
262.480
262.870
263.260
263.650
264.030
264.430
264.840
265.220
265.600
266.000
266.390
266.780
267.180
267.560
267.960
268.350
268.730
269.130
269.520
269.890
270.280
270.690
271.120
271.530
271.930
272.330
272.730
273.140
273.550
273.940
274.340
274.740
275.150
275.540
275.950
276.340
276.740
277.140
277.530
277.940
278.330
278.740
279.130
279.540
279.910
280.320
280.700
281.100
281.470
281.870
282.250
282.650
283.040
283.440
283.830
284.220
284.620
285.010
285.410
285.810
286.200
286.590
286.990
287.380
287.770
288.190
288.560
288.950
289.350
289.730
290.100
290.490
290.880
291.270
291.660
292.050
292.430
292.830
293.200
293.600
293.980
294.380
294.760
295.150
295.540
295.940
296.330
296.740
297.120
297.520
297.920
298.340
298.730
299.130
299.520
299.940
300.330
300.730
301.150
301.560
301.960
302.350
302.740
303.150
303.540
303.930
304.330
304.730
305.110
305.510
305.880
306.270
306.670
307.080
307.480
307.890
308.270
308.670
309.080
309.460
309.840
310.260
310.640
311.050
311.450
311.850
312.210
312.600
312.980
313.360
313.760
314.160
314.540
314.950
315.330
315.750
316.130
316.530
316.930
317.330
317.730
318.140
318.550
318.940
319.340
319.740
320.130
320.540
320.920
321.300
321.690
322.080
322.480
322.880
323.270
323.650
324.040
324.420
324.820
325.200
325.580
325.960
326.340
326.750
327.150
327.540
327.950
328.350
328.750
329.160
329.550
329.950
330.340
330.760
331.140
331.540
331.940
332.340
332.740
333.160
333.560
333.950
334.330
334.730
335.120
335.520
335.910
336.290
336.690
337.110
337.500
337.900
338.290
338.700
339.080
339.480
339.860
340.280
340.660
341.060
341.460
341.870
342.280
342.680
343.060
343.480
343.870
344.280
344.660
345.050
345.450
345.840
346.230
346.610
347.000
347.400
347.820
348.230
348.630
349.040
349.440
349.840
350.240
350.640
351.020
351.400
351.790
352.190
352.580
352.980
353.380
353.790
354.190
354.600
354.980
355.390
355.780
356.190
356.600
357.000
357.380
357.770
358.180
358.560
358.960
359.340
359.720
360.110
360.500
360.890
361.290
361.690
362.080
362.450
362.850
363.250
363.620
364.010
364.390
364.760
365.140
365.530
365.900
366.280
366.660
367.060
367.440
367.820
368.190
368.540
368.940
369.310
369.690
370.060
370.450
370.830
371.210
371.580
371.970
372.360
372.740
373.120
373.490
373.860
374.220
374.580
374.960
375.330
375.690
376.070
376.440
376.820
377.160
377.530
377.900
378.260
378.620
378.980
379.340
379.720
380.090
380.460
380.840
381.230
381.610
381.970
382.360
382.720
383.110
383.470
383.840
384.220
384.580
384.950
385.330
385.680
386.070
386.430
386.790
387.180
387.540
387.900
388.270
388.630
388.990
389.370
389.730
390.100
390.470
390.840
391.200
391.560
391.910
392.290
392.650
393.000
393.380
393.760
394.120
394.460
394.850
395.200
395.580
395.960
396.310
396.680
397.040
397.400
397.780
398.160
398.530
398.900
399.280
399.670
400.020
400.410
400.760
401.150
401.500
401.880
402.240
402.630
402.980
403.370
403.720
404.100
404.460
404.850
405.200
405.570
405.950
406.310
406.700
407.060
407.440
407.800
408.160
408.510
408.870
409.210
409.570
409.920
410.290
410.630
411.010
411.360
411.730
412.090
412.440
412.790
413.160
413.520
413.890
414.270
414.630
415.000
415.360
415.730
416.090
416.460
416.830
417.210
417.600
417.980
418.360
418.770
419.150
419.550
419.930
420.340
420.720
421.120
421.510
421.910
422.280
422.690
423.070
423.460
423.870
424.280
424.670
425.060
425.440
425.800
426.180
426.580
426.960
427.360
427.770
428.180
428.580
428.970
429.350
429.760
430.140
430.530
430.910
431.310
431.690
432.070
432.440
432.840
433.210
433.600
434.000
434.390
434.770
435.170
435.570
435.930
436.320
436.700
437.090
437.500
437.880
438.270
438.650
439.050
439.430
439.840
440.220
440.620
441.000
441.400
441.770
442.180
442.560
442.960
443.330
443.730
444.120
444.520
444.900
445.280
445.660
446.050
446.430
446.820
447.190
447.580
447.950
448.330
448.690
449.060
449.430
449.830
450.210
450.590
450.970
451.330
451.720
452.100
452.470
452.860
453.230
453.630
453.990
454.380
454.750
455.130
455.480
455.870
456.240
456.640
457.020
457.410
457.820
458.210
458.590
458.990
459.370
459.750
460.120
460.510
460.890
461.290
461.680
462.080
462.470
462.860
463.230
463.640
464.020
464.420
464.820
465.210
465.610
466.010
466.390
466.790
467.170
467.570
467.960
468.360
468.740
469.120
469.520
469.940
470.330
470.710
471.070
471.450
471.850
472.270
472.660
473.060
473.430
473.830
474.190
474.590
474.960
475.350
475.710
476.110
476.470
476.860
477.240
477.600
477.970
478.290
478.620
478.930
479.250
479.570
479.890
480.220
480.540
480.860
481.180
481.490
481.810
482.140
482.450
482.780
483.100
483.410
483.730
484.050
484.370
484.700
