0.400
0.890
1.390
1.880
2.380
2.850
3.340
3.820
4.300
4.780
5.270
5.760
6.230
6.720
7.200
7.660
8.140
8.620
9.120
9.600
10.080
10.560
11.050
11.540
12.030
12.510
13.010
13.490
13.980
14.460
14.940
15.400
15.880
16.370
16.860
17.350
17.830
18.330
18.820
19.290
19.780
20.250
20.740
21.240
21.720
22.210
22.700
23.170
23.660
24.150
24.650
25.140
25.620
26.120
26.620
27.100
27.590
28.050
28.550
28.990
29.420
29.850
30.310
30.800
31.300
31.810
32.290
32.780
33.270
33.760
34.240
34.740
35.230
35.720
36.210
36.700
37.190
37.670
38.160
38.660
39.150
39.640
40.130
40.620
41.110
41.610
42.100
42.590
43.090
43.590
44.080
44.580
45.070
45.560
46.060
46.540
47.040
47.540
48.020
48.520
49.020
49.500
49.980
50.470
50.960
51.450
51.950
52.440
52.930
53.430
53.930
54.420
54.910
55.420
55.910
56.400
56.900
57.400
57.900
58.390
58.880
59.370
59.860
60.360
60.860
61.360
61.850
62.360
62.850
63.350
63.840
64.340
64.830
65.330
65.830
66.320
66.810
67.300
67.800
68.290
68.790
69.280
69.780
70.270
70.750
71.250
71.740
72.230
72.720
73.210
73.700
74.190
74.660
75.150
75.620
76.100
76.580
77.070
77.550
78.020
78.490
78.990
79.480
79.970
80.450
80.930
81.420
81.900
82.370
82.850
83.340
83.820
84.300
84.780
85.270
85.750
86.230
86.720
87.220
87.690
88.180
88.660
89.250
89.790
90.350
90.850
91.350
91.840
92.320
92.810
93.300
93.800
94.270
94.760
95.250
95.730
96.240
96.720
97.200
97.710
98.190
98.690
99.180
99.680
100.190
100.680
101.180
101.690
102.170
102.680
103.190
103.690
104.180
104.680
105.190
105.700
106.200
106.690
107.190
107.690
108.190
108.710
109.200
109.710
110.200
110.700
111.210
111.710
112.210
112.710
113.200
113.690
114.180
114.670
115.160
115.650
116.150
116.650
117.140
117.630
118.130
118.630
119.120
119.620
120.120
120.630
121.120
121.610
122.120
122.640
123.130
123.640
124.150
124.650
125.120
125.630
126.100
126.610
127.100
127.600
128.100
128.600
129.100
129.610
130.100
130.610
131.110
131.610
132.110
132.620
133.120
133.630
134.120
134.630
135.130
135.630
136.130
136.630
137.130
137.620
138.120
138.610
139.110
139.620
140.130
140.630
141.140
141.630
142.130
142.630
143.140
143.640
144.140
144.650
145.150
145.650
146.130
146.630
147.120
147.620
148.120
148.620
149.120
149.610
150.100
150.610
151.100
151.600
152.100
152.600
153.100
153.600
154.080
154.590
155.070
155.560
156.060
156.550
157.040
157.540
158.040
158.550
159.060
159.540
160.040
160.560
161.070
161.580
162.090
162.610
163.090
163.630
164.160
164.670
165.190
165.720
166.210
166.740
167.230
167.710
168.210
168.720
169.260
169.790
170.290
170.810
171.320
171.870
172.350
172.880
173.360
173.870
174.380
174.870
175.390
175.900
176.410
176.910
177.430
177.930
178.390
178.910
179.420
179.930
180.430
180.960
181.450
181.930
182.440
182.950
183.460
183.930
184.440
184.980
185.510
186.000
186.480
186.980
187.480
187.990
188.510
189.020
189.510
190.000
190.510
191.020
191.520
192.020
192.520
193.020
193.520
194.020
194.510
195.000
195.490
195.970
196.450
196.940
197.430
197.960
198.430
198.930
199.410
199.910
200.390
200.870
201.360
201.830
202.300
202.790
203.310
203.810
204.300
204.780
205.230
205.720
206.170
206.660
207.170
207.660
208.160
208.640
209.130
209.610
210.110
210.590
211.060
211.520
212.000
212.490
213.020
213.520
214.000
214.510
215.010
215.510
215.990
216.490
216.970
217.450
217.950
218.460
218.950
219.410
219.910
220.420
220.900
221.390
221.860
222.380
222.880
223.370
223.870
224.370
224.860
225.350
225.840
226.330
226.830
227.290
227.780
228.270
228.760
229.260
229.730
230.250
230.760
231.270
231.760
232.260
232.760
233.260
233.740
234.240
234.730
235.220
235.700
236.180
236.650
237.150
237.640
238.140
238.640
239.130
239.610
240.110
240.590
241.070
241.540
242.000
242.500
242.970
243.450
243.920
244.420
244.910
245.410
245.920
246.420
246.900
247.400
247.890
248.390
248.890
249.380
249.900
250.380
250.890
251.400
251.910
252.420
252.940
253.440
253.930
254.440
254.960
255.440
255.950
256.460
256.960
257.460
257.960
258.450
258.960
259.460
259.970
260.480
260.980
261.490
261.970
262.480
262.980
263.480
263.970
264.480
264.990
265.490
266.000
266.500
267.010
267.510
268.020
268.520
269.020
269.500
270.000
270.500
271.010
271.510
272.010
272.510
273.020
273.520
274.020
274.530
275.020
275.510
276.020
276.520
277.010
277.510
278.030
278.530
279.050
279.550
280.050
280.560
281.070
281.560
282.080
282.560
283.100
283.580
284.100
284.650
285.150
285.680
286.250
286.780
287.390
288.000
288.600
289.200
289.790
290.400
