0.590
1.220
1.910
2.520
3.180
3.800
4.450
5.110
5.750
6.380
6.990
7.610
8.230
8.950
9.690
10.390
11.100
11.870
12.560
13.300
14.060
14.770
15.510
16.240
16.960
17.680
18.410
19.130
19.850
20.570
21.310
22.030
22.750
23.470
24.220
24.950
25.670
26.380
27.130
27.860
28.570
29.310
30.070
30.770
31.510
32.200
32.940
33.670
34.400
35.130
35.870
36.600
37.330
38.050
38.800
39.520
40.230
40.940
41.670
42.370
43.130
43.830
44.570
45.310
46.020
46.740
47.480
48.200
48.920
49.650
50.360
51.080
51.820
52.500
53.240
53.950
54.660
55.360
56.100
56.810
57.520
58.210
58.930
59.650
60.370
61.080
61.810
62.530
63.250
63.950
64.710
65.440
66.170
66.880
67.620
68.340
69.070
69.800
70.500
71.220
71.940
72.650
73.370
74.070
74.810
75.500
76.200
76.910
77.650
78.330
79.030
79.710
80.440
81.160
81.850
82.560
83.280
83.970
84.670
85.390
86.100
86.790
87.510
88.210
88.910
89.600
90.320
91.040
91.760
92.440
93.150
93.880
94.580
95.300
96.000
96.710
97.430
98.120
98.860
99.570
100.270
101.000
101.720
102.450
103.160
103.870
104.600
105.340
106.020
106.720
107.440
108.160
108.890
109.590
110.330
111.060
111.760
112.470
113.180
113.900
114.610
115.290
116.010
116.730
117.450
118.160
118.850
119.560
120.280
120.990
121.740
122.450
123.170
123.880
124.600
125.330
126.040
126.760
127.490
128.220
128.950
129.640
130.380
131.100
131.800
132.510
133.250
133.960
134.690
135.410
136.100
136.810
137.550
138.260
138.990
139.710
140.450
141.170
141.880
142.570
143.300
144.010
144.750
145.460
146.170
146.900
147.610
148.340
149.040
149.740
150.480
151.180
151.920
152.640
153.390
154.090
154.810
155.540
156.280
156.990
157.710
158.470
159.190
159.920
160.630
161.340
162.080
162.830
163.550
164.250
164.970
165.700
166.410
167.130
167.880
168.580
169.310
170.020
170.760
171.470
172.160
172.870
173.570
174.290
175.000
175.690
176.430
177.130
177.850
178.520
179.250
179.960
180.690
181.410
182.130
182.830
183.560
184.260
184.980
185.690
186.410
187.130
187.830
188.550
189.260
189.970
190.700
191.430
192.130
192.820
193.520
194.220
194.880
195.590
196.320
197.020
197.740
198.440
199.150
199.870
200.580
201.300
202.000
202.740
203.440
204.140
204.860
205.570
206.260
206.950
207.680
208.370
209.090
209.770
210.500
211.210
211.900
212.600
213.310
214.040
214.770
215.470
216.190
216.880
217.600
218.330
219.030
219.750
220.480
221.200
221.940
222.660
223.340
224.030
224.760
225.440
226.170
226.890
227.590
228.320
229.010
229.700
230.430
231.160
231.890
232.590
233.300
234.030
234.740
235.440
236.140
236.870
237.590
238.290
239.030
239.760
240.500
241.220
241.920
242.630
243.330
244.050
244.770
245.480
246.210
246.910
247.650
248.360
249.040
249.740
250.450
251.140
251.870
252.560
253.290
254.020
254.730
255.440
256.170
256.860
257.570
258.270
258.980
259.670
260.380
261.080
261.770
262.500
263.200
263.930
264.640
265.320
266.020
266.710
267.410
268.130
268.800
269.490
270.210
270.930
271.630
272.310
273.040
273.740
274.430
275.110
275.820
276.530
277.220
277.910
278.610
279.340
280.030
280.740
281.410
282.090
282.810
283.520
284.220
284.920
285.650
286.340
287.070
287.780
288.470
289.180
289.900
290.610
291.310
291.980
292.720
293.410
294.090
294.780
295.490
296.150
296.850
297.530
298.260
298.980
299.660
300.350
301.070
301.760
302.450
303.140
303.870
304.570
305.270
305.960
306.670
307.370
308.040
308.770
309.500
310.210
310.900
311.610
312.290
313.010
313.690
314.380
315.100
315.780
316.480
317.180
317.890
318.580
319.290
319.990
320.710
321.440
322.120
322.810
323.540
324.230
324.920
325.600
326.320
327.030
327.690
328.390
329.090
329.770
330.470
331.150
331.850
332.550
333.250
333.940
334.630
335.340
336.040
336.740
337.420
338.130
338.820
339.480
340.190
340.880
341.570
342.270
342.960
343.660
344.350
345.030
345.720
346.420
347.100
347.790
348.490
349.180
349.860
350.540
351.200
351.910
352.590
353.280
353.980
354.680
355.370
356.050
356.730
357.460
358.150
358.860
359.500
360.200
360.880
361.560
362.250
362.930
363.610
364.300
365.000
365.700
366.390
367.070
367.770
368.470
369.150
369.830
370.550
371.230
371.920
372.600
373.290
373.960
374.650
375.320
376.030
376.760
377.460
378.160
378.870
379.570
380.250
380.960
381.660
382.360
383.030
383.730
384.410
385.110
385.790
386.490
387.200
387.910
388.590
389.300
390.000
390.710
391.410
392.090
392.800
393.500
394.200
394.920
395.610
396.300
396.980
397.680
398.420
399.120
399.820
400.510
401.210
401.920
402.630
403.290
404.020
404.720
405.400
406.080
406.810
407.480
408.140
408.820
409.520
410.200
410.900
411.560
412.250
412.940
413.600
414.290
414.960
415.680
416.350
417.070
417.740
418.430
419.110
419.810
420.480
421.190
421.860
422.550
423.240
423.930
424.650
425.330
426.010
426.720
427.410
428.100
428.780
429.460
430.150
430.850
431.560
432.250
432.940
433.630
434.330
435.000
435.690
436.380
437.090
437.780
438.460
439.180
439.860
440.530
441.240
441.920
442.610
443.290
443.970
444.670
445.360
446.040
446.720
447.380
448.060
448.730
449.400
450.070
450.740
451.410
452.070
452.720
453.420
454.110
454.800
455.490
456.160
456.860
457.540
458.200
458.890
459.570
460.250
460.930
461.610
462.320
463.010
463.700
464.390
465.070
465.770
466.450
467.150
467.830
468.520
469.190
469.870
470.590
471.280
471.950
472.640
473.330
474.010
474.670
475.350
476.060
476.730
477.410
478.100
478.770
479.420
480.080
480.770
481.450
482.130
482.800
483.450
484.140
484.820
485.490
486.180
486.870
487.560
488.250
488.930
489.610
490.270
490.950
491.620
492.310
492.960
493.640
494.320
495.020
495.670
496.390
497.060
497.750
498.430
499.100
499.830
500.480
501.140
501.830
502.480
503.180
503.840
504.510
505.190
505.900
506.550
507.230
507.900
508.590
509.260
509.930
510.650
511.320
512.010
512.690
513.360
514.040
514.730
515.400
516.100
516.770
517.410
518.100
518.800
519.470
520.130
520.830
521.520
522.190
522.890
523.540
524.230
524.920
525.590
526.260
526.940
527.590
528.290
528.970
529.670
530.370
531.020
531.710
532.370
533.070
533.730
534.430
535.100
535.780
536.450
537.120
537.800
538.470
539.170
539.840
540.540
541.210
541.890
542.570
543.250
543.910
544.590
545.270
545.950
546.620
547.290
547.970
548.640
549.330
549.990
550.660
551.330
552.030
552.700
553.390
554.060
554.700
555.370
556.040
556.730
557.420
558.110
558.790
559.490
560.150
560.850
561.530
562.230
562.960
563.630
564.290
565.000
565.680
566.340
567.000
567.700
568.360
569.060
569.760
570.430
571.110
571.810
572.490
573.180
573.870
574.580
575.250
575.950
576.670
577.350
578.060
578.750
579.430
580.130
580.820
581.520
582.210
582.900
583.600
584.320
585.030
585.720
586.420
587.130
587.830
588.540
589.220
589.910
590.630
591.320
592.020
592.720
593.410
594.120
594.800
595.520
596.230
596.890
597.600
598.310
599.030
599.730
600.400
601.110
601.810
602.490
603.160
603.860
604.540
605.240
605.930
606.650
607.340
608.040
608.720
609.430
610.130
610.840
611.530
612.250
612.970
613.670
614.360
615.060
615.730
616.440
617.150
617.880
618.600
619.270
619.990
620.670
621.380
622.090
622.800
623.470
624.160
624.910
625.600
626.310
626.990
627.670
628.360
629.040
629.750
630.440
631.130
631.830
632.520
633.220
633.890
634.590
635.290
635.940
636.610
637.300
638.000
638.650
639.340
640.030
640.740
641.400
642.100
642.790
643.480
644.130
644.800
645.490
646.180
646.850
647.550
648.220
648.950
649.640
650.300
650.820
651.350
651.870
652.370
652.920
653.450
653.970
654.490
655.040
655.570
656.090
656.610
