1.413
1.763
2.113	1
2.463
2.814
3.164
3.514	1
3.864
4.214
4.571
4.928	1
5.285
5.642
5.999
6.356	1
6.713
7.070
7.425
7.780	1
8.135
8.490
8.845
9.200	1
9.555
9.910
10.290
10.660	1
11.010
11.400
11.750
12.120	1
12.500
12.890
13.260
13.660	1
14.020
14.400
14.760
15.130	1
15.510
15.890
16.260
16.650	1
17.020
17.400
17.770
18.150	1
18.530
18.900
19.290
19.680	1
20.040
20.420
20.800
21.180	1
21.560
21.960
22.320
22.700	1
23.060
23.430
23.810
24.180	1
24.560
24.940
25.310
25.710	1
26.080
26.460
26.820
27.190	1
27.550
27.940
28.310
28.700	1
29.090
29.470
29.830
30.200	1
30.570
30.960
31.320
31.720	1
32.100
32.480
32.840
33.210	1
33.590
33.980
34.360
34.750	1
35.130
35.510
35.880
36.250	1
36.630
37.030
37.410
37.800	1
38.200
38.570
38.930
39.300	1
39.680
40.070
40.450
40.840	1
41.250
41.620
41.980
42.350	1
42.730
43.100
43.480
43.870	1
44.260
44.630
45.010
45.380	1
45.780
46.170
46.550
46.930	1
47.330
47.690
48.060
48.430	1
48.800
49.190
49.570
49.960	1
50.340
50.720
51.100
51.470	1
51.840
52.230
52.600
52.990	1
53.380
53.740
54.130
54.490	1
54.850
55.240
55.610
56.010	1
56.380
56.760
57.140
57.520	1
57.900
58.300
58.670
59.060	1
59.430
59.800
60.170
60.540	1
60.910
61.310
61.680
62.070	1
62.450
62.820
63.210
63.580	1
63.950
64.350
64.720
65.110	1
65.480
65.850
66.250
66.620	1
67.000
67.390
67.770
68.150	1
68.530
68.900
69.280
69.650	1
70.030
70.410
70.780
71.170	1
71.540
71.930
72.300
72.690	1
73.050
73.450
73.810
74.200	1
74.580
74.950
75.340
75.700	1
76.070
76.470
76.840
77.220	1
77.590
77.970
78.340
78.700	1
79.070
79.470
79.830
80.220	1
80.600
80.970
81.340
81.720	1
82.080
82.460
82.840
83.220	1
83.590
83.960
84.330
84.690	1
85.070
85.450
85.820
86.200	1
86.560
86.930
87.310
87.680	1
88.060
88.430
88.800
89.190	1
89.580
89.940
90.320
90.680	1
91.070
91.440
91.820
92.200	1
92.580
92.940
93.320
93.690	1
94.070
94.450
94.810
95.190	1
95.570
95.950
96.340
96.710	1
97.080
97.460
97.830
98.220	1
98.590
98.990
99.340
99.710	1
100.080
100.460
100.830
101.210	1
101.580
101.940
102.320
102.700	1
103.090
103.450
103.830
104.210	1
104.610
104.980
105.360
105.720	1
106.100
106.450
106.850
107.220	1
107.610
107.980
108.350
108.710	1
109.080
109.470
109.840
110.230	1
110.610
110.970
111.360
111.730	1
112.130
112.510
112.870
113.240	1
113.610
113.980
114.350
114.720	1
115.090
115.470
115.840
116.210	1
116.580
116.950
117.330
117.700	1
118.070
118.450
118.820
119.200	1
119.590
119.960
120.340
120.700	1
121.080
121.450
121.830
122.190	1
122.570
122.950
123.330
123.690	1
124.080
124.450
124.820
125.200	1
125.570
125.930
126.310
126.680	1
127.050
127.420
127.800
128.160	1
128.540
128.920
129.290
129.650	1
130.040
130.410
130.780
131.140	1
131.510
131.870
132.250
132.620	1
132.990
133.360
133.730
134.100	1
134.470
134.840
135.220
135.580	1
135.940
136.330
136.690
137.070	1
137.440
137.800
138.160
138.520	1
138.890
139.250
139.620
139.980	1
140.340
140.710
141.080
141.440	1
141.800
142.170
142.520
142.880	1
143.240
143.630
144.000
144.360	1
144.720
145.080
145.450
145.800	1
146.170
146.530
146.890
147.260	1
147.610
147.960
148.320
148.680	1
149.050
149.400
149.760
150.140	1
150.490
150.870
151.230
151.590	1
151.940
152.290
152.660
153.010	1
153.370
153.740
154.090
154.450	1
154.810
155.190
155.540
155.900	1
156.250
156.610
156.980
157.350	1
157.700
158.070
158.410
158.770	1
159.120
159.470
159.810
160.170	1
160.520
160.880
161.230
161.580	1
161.930
162.270
162.650
163.000	1
163.360
163.720
164.070
164.430	1
164.767
165.105
165.442
165.779	1
166.130
166.480
166.830
167.180	1
167.540
167.910
168.250
168.630	1
168.990
169.320
169.680
170.040	1
170.380
170.720
171.070
171.430	1
171.790
172.140
172.480
172.820	1
173.190
173.550
173.910
174.250	1
174.610
174.960
175.320
175.660	1
176.010
176.340
176.670
177.000	1
177.330
177.650
178.020
178.350	1
178.710
179.080
179.430
179.810	1
180.160
180.520
180.880
181.230	1
181.590
181.950
182.300
182.630	1
182.990
183.350
183.700
184.060	1
184.410
184.770
185.120
185.490	1
185.840
186.200
186.550
186.900	1
187.260
187.630
187.980
188.330	1
188.690
189.060
189.390
189.750	1
190.100
190.460
190.800
191.140	1
191.510
191.850
192.200
192.550	1
192.900
193.240
193.600
193.950	1
194.320
194.660
195.020
195.370	1
195.720
196.080
196.430
196.790	1
197.150
197.510
197.860
198.210	1
198.570
198.910
199.270
199.630	1
199.980
200.320
200.680
201.020	1
201.370
201.720
202.060
202.420	1
202.770
203.120
203.470
203.810	1
204.160
204.510
204.850
205.200	1
205.540
205.880
206.230
206.590	1
206.930
207.270
207.610
207.960	1
208.300
208.650
208.980
209.330	1
209.690
210.040
210.380
210.740	1
211.080
211.420
211.760
212.100	1
212.450
212.810
213.150
213.500	1
213.850
214.190
214.520
214.870	1
215.210
215.560
215.900
216.270	1
216.610
216.960
217.290
217.640	1
217.980
218.320
218.650
219.000	1
219.340
219.690
220.030
220.380	1
220.720
221.060
221.400
221.750	1
222.100
222.440
222.770
223.100	1
223.440
223.810
224.140
224.510	1
224.850
225.200
225.550
225.910	1
226.250
226.610
226.950
227.300	1
227.650
228.010
228.360
228.720	1
229.070
229.420
229.760
230.120	1
230.470
230.820
231.170
231.520	1
231.870
232.220
232.580
232.930	1
233.290
233.650
234.000
234.360	1
234.710
235.070
235.420
235.780	1
236.130
236.490
236.850
237.200	1
237.550
237.900
238.260
238.610	1
238.970
239.330
239.680
240.030	1
240.380
240.750
241.090
241.450	1
241.790
242.130
242.470
242.820	1
243.170
243.510
243.860
244.210	1
244.560
244.920
245.240
245.600	1
245.940
246.290
246.640
246.990	1
247.340
247.700
248.040
248.390	1
248.730
249.070
249.420
249.780	1
250.120
250.470
250.820
251.170	1
251.520
251.870
252.220
252.570	1
252.920
253.280
253.610
253.970	1
254.310
254.660
255.000
255.360	1
255.690
256.030
256.380
256.710	1
257.050
257.400
257.750
258.100	1
258.450
258.810
259.160
259.510	1
259.850
260.200
260.540
260.900	1
261.240
261.590
261.960
262.290	1
262.630
262.980
263.320
263.670	1
264.020
264.370
264.700
265.050	1
265.400
265.740
266.080
266.440	1
266.780
267.130
267.480
267.820	1
268.170
268.510
268.860
269.220	1
269.570
269.910
270.250
270.600	1
270.940
271.280
271.620
271.960	1
272.300
272.650
273.000
273.340	1
273.690
274.040
274.390
274.740	1
275.070
275.420
275.760
276.100	1
276.440
276.790
277.120
277.470	1
277.800
278.160
278.510
278.860	1
279.200
279.530
279.880
280.230	1
280.580
280.930
281.260
281.620	1
281.950
282.300
282.620
282.980	1
283.320
283.650
283.980
284.330	1
284.670
285.020
285.360
285.690	1
286.040
286.380
286.710
287.070	1
287.420
287.770
288.100
288.460	1
288.790
289.120
289.460
289.770	1
290.120
290.460
290.830
291.180	1
291.540
291.890
292.250
292.590	1
292.940
293.280
293.630
293.980	1
294.330
294.650
294.990
295.340	1
295.680
296.030
296.360
296.710	1
297.030
297.380
297.720
298.050	1
298.390
298.750
299.080
299.430	1
299.790
300.140
300.470
300.820	1
301.180
301.550
301.910
302.280	1
302.630
302.990
303.320
303.690	1
304.030
304.380
304.720
305.060	1
305.410
305.760
306.100
306.420	1
306.780
307.100
307.460
307.770	1
308.100
308.450
308.770
309.110	1
309.440
309.770
310.090
310.400	1
310.740
311.060
311.380
311.720	1
312.080
312.410
312.760
313.090	1
313.440
313.780
314.130
314.460	1
314.810
315.170
315.510
315.870	1
316.210
316.580
316.930
317.270	1
317.630
317.980
318.310
318.660	1
319.000
319.330
319.660
320.000	1
320.340
320.670
320.990
321.340	1
321.680
322.030
322.370
322.700	1
323.040
323.380
323.730
324.070	1
324.390
324.730
325.070
325.410	1
325.770
326.110
326.450
326.810	1
327.150
327.480
327.840
328.180	1
328.520
328.870
329.210
329.560	1
329.900
330.260
330.590
330.920	1
331.270
331.610
331.950
332.300	1
332.640
332.980
333.330
333.670	1
334.020
334.390
334.730
335.090	1
335.420
335.770
336.110
336.450	1
336.790
337.130
337.460
337.810	1
338.150
338.500
338.830
339.190	1
339.530
339.890
340.220
340.560	1
340.900
341.250
341.580
341.920	1
342.250
342.590
342.920
343.250	1
343.580
343.920
344.270
344.610	1
344.940
345.280
345.630
345.980	1
346.330
346.690
347.020
347.390	1
347.730
348.090
348.420
348.790	1
349.110
349.460
349.800
350.130	1
350.480
350.840
351.180
351.540	1
351.900
352.260
352.610
352.970	1
353.320
353.670
354.020
354.390	1
354.750
355.140
355.500
355.870	1
356.220
356.590
356.950
357.310	1
357.690
358.070
358.430
358.800	1
359.190
359.560
359.930
360.290	1
360.670
361.040
361.410
361.780	1
362.140
362.500
362.870
363.240	1
363.610
363.990
364.370
364.730	1
365.110
365.480
365.850
366.220	1
366.570
366.940
367.310
367.690	1
368.060
368.420
368.790
369.150	1
369.490
369.850
370.230
370.590	1
370.950
371.310
371.670
372.030	1
372.400
372.770
373.160
373.520	1
373.900
374.260
374.640
375.010	1
375.370
375.750
376.150
376.520	1
376.890
377.240
377.590
377.940	1
378.300
378.660
379.010
379.380	1
379.740
380.110
380.460
380.840	1
381.190
381.570
381.920
382.290	1
382.640
383.010
383.360
383.720	1
384.080
384.440
384.790
385.160	1
385.510
385.890
386.250
386.630	1
386.980
387.370
387.720
388.110	1
388.480
388.850
389.210
389.570	1
389.940
390.320
390.710
391.100	1
391.480
391.860
392.230
392.580	1
392.930
393.290
393.680
394.040	1
394.410
394.780
395.150
395.540	1
395.910
396.280
396.680
397.050	1
397.420
397.800
398.210
398.600	1
399.030
399.460
399.880
400.320	1
