3.240	1
3.465
3.690
3.945
4.200	1
4.450
4.700
4.940
5.180	1
5.440
5.700
5.955
6.210	1
6.465
6.720
6.975
7.230	1
7.480
7.730
7.985
8.240	1
8.510
8.780
9.040
9.300	1
9.550
9.800
10.050
10.300	1
10.555
10.810
11.064
11.310	1
11.605
11.900
12.160
12.420	1
12.690
12.960
13.220
13.480	1
13.740
14.000
14.260
14.520	1
14.790
15.060
15.330
15.600	1
15.865
16.130
16.400
16.670	1
16.935
17.200
17.455
17.710	1
17.975
18.240
18.505
18.770	1
19.030
19.290
19.560
19.830	1
20.100
20.370
20.640
20.910	1
21.175
21.440
21.710
21.980	1
22.250
22.520
22.785
23.050	1
23.315
23.580
23.845
24.110	1
24.380
24.650
24.920
25.190	1
25.450
25.710
25.970
26.230	1
26.495
26.760
27.030
27.300	1
27.565
27.830
28.085
28.340	1
28.610
28.880
29.155
29.430	1
29.690
29.950
30.225
30.500	1
30.765
31.030
31.310
31.590	1
31.855
32.120
32.390
32.660	1
32.925
33.190
33.460
33.730	1
33.995
34.260
34.530
34.800	1
35.065
35.330
35.600
35.870	1
36.130
36.390
36.655
36.920	1
37.190
37.460
37.735
38.010	1
38.265
38.520
38.800
39.080	1
39.340
39.600
39.865
40.130	1
40.400
40.670
40.935
41.200	1
41.465
41.730
42.005
42.280	1
42.545
42.810
43.080
43.350	1
43.615
43.880
44.145
44.410	1
44.675
44.940
45.215
45.490	1
45.756
46.023
46.289
46.556	1
46.822
47.088
47.354
47.620	1
47.900
48.170
48.440
48.710	1
48.980
49.245
49.510
49.790	1
50.070
50.330
50.590
50.865	1
51.140
51.410
51.680
51.945	1
52.210
52.480
52.750
53.020	1
53.290
53.560
53.830
54.100	1
54.370
54.645
54.920
55.190	1
55.460
55.730
56.000
56.270	1
56.540
56.810
57.080
57.345	1
57.610
57.880
58.150
58.420	1
58.690
58.960
59.230
59.495	1
59.760
60.030
60.300
60.575	1
60.850
61.120
61.390
61.660	1
61.930
62.200
62.470
62.740	1
63.010
63.280
63.550
63.810	1
64.070
64.335
64.600
64.865	1
65.130
65.410
65.690
65.955	1
66.220
66.495
66.770
67.040	1
67.310
67.565
67.820
68.085	1
68.350
68.630
68.910
69.175	1
69.440
69.710
69.980
70.250	1
70.520
70.785
71.050
71.320	1
71.590
71.860
72.130
72.400	1
72.670
72.930
73.190
73.450	1
73.710
73.980
74.250
74.520	1
74.790
75.055
75.320
75.580	1
75.840
76.110
76.380
76.650	1
76.920
77.190
77.460
77.725	1
77.990
78.260
78.530
78.800	1
79.070
79.330
79.590
79.860	1
80.130
80.400
80.670
80.935	1
81.200
81.480
81.760
82.020	1
82.280
82.555
82.830
83.090	1
83.350
83.615
83.880
84.145	1
84.410
84.680
84.950
85.225	1
85.500
85.765
86.030
86.295	1
86.560
86.830
87.100
87.365	1
87.630
87.900
88.170
88.440	1
88.710
88.980
89.250
89.515	1
89.780
90.050
90.320
90.585	1
90.850
91.110
91.370
91.640	1
91.910
92.170
92.430
92.700	1
92.970
93.240
93.510
93.775	1
94.040
94.300
94.560
94.825	1
95.090
95.350
95.610
95.875	1
96.140
96.405
96.670
96.930	1
97.190
97.460
97.730
98.000	1
98.270
98.535
98.800
99.080	1
99.360
99.620
99.880
100.160	1
100.440
100.690
100.940
101.220	1
101.500
101.755
102.010
102.280	1
102.550
102.810
103.070
103.340	1
103.610
103.880
104.150
104.420	1
104.690
104.955
105.220
105.485	1
105.750
106.015
106.280
106.540	1
106.800
107.070
107.340
107.595	1
107.850
108.120
108.390
108.645	1
108.900
109.165
109.430
109.695	1
109.960
110.235
110.510
110.765	1
111.020
111.285
111.550
111.815	1
112.080
112.345
112.610
112.875	1
113.140
113.410
113.680
113.940	1
114.200
114.465
114.730
114.980	1
115.230
115.510
115.790
116.045	1
116.300
116.560
116.820
117.080	1
117.340
117.605
117.870
118.135	1
118.400
118.665
118.930
119.195	1
119.460
119.715
119.970
120.235	1
120.500
120.765
121.030
121.295	1
121.560
121.820
122.080
122.335	1
122.590
122.865
123.140
123.400	1
123.660
123.915
124.170
124.435	1
124.700
124.960
125.220
125.485	1
125.750
126.010
126.270
126.540	1
126.810
127.075
127.340
127.605	1
127.870
128.140
128.410
128.670	1
128.930
129.195
129.460
129.730	1
130.000
130.255
130.510
130.775	1
131.040
131.300
131.560
131.825	1
132.090
132.355
132.620
132.885	1
133.150
133.415
133.680
133.940	1
134.200
134.475
134.750
135.010	1
135.270
135.525
135.780
136.055	1
136.330
136.590
136.850
137.120	1
137.390
137.660
137.930
138.185	1
138.440
138.700
138.960
139.225	1
139.490
139.745
140.000
140.255	1
140.510
140.775
141.040
141.300	1
141.560
141.825
142.090
142.355	1
142.620
142.885
143.150
143.410	1
143.670
143.925
144.180
144.445	1
144.710
144.980
145.250
145.505	1
145.760
146.015
146.270
146.535	1
146.800
147.060
147.320
147.585	1
147.850
148.115
148.380
148.635	1
148.890
149.155
149.420
149.680	1
149.940
150.205
150.470
150.730	1
150.990
151.250
151.510
151.770	1
152.030
152.295
152.560
152.820	1
153.080
153.340
153.600
153.860	1
154.120
154.380
154.640
154.900	1
155.160
155.420
155.680
155.935	1
156.190
156.450
156.710
156.970	1
157.230
157.495
157.760
158.020	1
158.280
158.545
158.810
159.075	1
159.340
159.595
159.850
160.115	1
160.380
160.635
160.890
161.155	1
161.420
161.685
161.950
162.205	1
162.460
162.720
162.980
163.240	1
163.500
163.770
164.040
164.305	1
164.570
164.815
165.060
165.330	1
165.600
165.855
166.110
166.380	1
166.650
166.915
167.180
167.435	1
167.690
167.955
168.220
168.470	1
168.720
168.985
169.250
169.515	1
169.780
170.045
170.310
170.570	1
170.830
171.090
171.350
171.615	1
171.880
172.140
172.400
172.660	1
172.920
173.180
173.440
173.705	1
173.970
174.230
174.490
174.750	1
175.010
175.275
175.540
175.795	1
176.050
176.305
176.560
176.820	1
177.080
177.340
177.600
177.865	1
178.130
178.390
178.650
178.910	1
179.170
179.430
179.690
179.955	1
180.220
180.485
180.750
181.010	1
181.270
181.525
181.780
182.040	1
182.300
182.555
182.810
183.080	1
183.350
183.610
183.870
184.125	1
184.380
184.640
184.900
185.155	1
185.410
185.660
185.910
186.165	1
186.420
186.685
186.950
187.210	1
187.470
187.730
187.990
188.245	1
188.500
188.760
189.020
189.280	1
189.540
189.805
190.070
190.330	1
190.590
190.845
191.100
191.350	1
191.600
191.860
192.120
192.380	1
192.640
192.900
193.160
193.410	1
193.660
193.915
194.170
194.425	1
194.680
194.940
195.200
195.460	1
195.720
195.985
196.250
196.500	1
196.750
197.015
197.280
197.535	1
197.790
198.050
198.310
198.560	1
198.810
199.080
199.350
199.605	1
199.860
200.120
200.380
200.635	1
200.890
201.140
201.390
201.645	1
201.900
202.160
202.420
202.675	1
202.930
203.190
203.450
203.705	1
203.960
204.225
204.490
204.750	1
205.010
205.265
205.520
205.780	1
206.040
206.300
206.560
206.815	1
207.070
207.325
207.580
207.840	1
208.100
208.355
208.610
208.870	1
209.130
209.395
209.660
209.920	1
210.180
210.435
210.690
210.950	1
211.210
211.470
211.730
211.990	1
212.250
212.505
212.760
213.020	1
213.280
213.540
213.800
214.065	1
214.330
214.570
214.810
215.075	1
215.340
215.600
215.860
216.125	1
216.390
216.645
216.900
217.160	1
217.420
217.680
217.940
218.200	1
218.460
218.725
218.990
219.250	1
219.510
219.770
220.030
220.290	1
220.550
220.815
221.080
221.335	1
221.590
221.840
222.090
222.350	1
222.610
222.880
223.150
223.395	1
223.640
223.900
224.160
224.415	1
224.670
224.920
225.170
225.430	1
225.690
225.955
226.220
226.480	1
226.740
227.000
227.260
227.525	1
227.790
228.050
228.310
228.565	1
228.820
229.075
229.330
229.600	1
229.870
230.140
230.410
230.665	1
230.920
231.180
231.440
231.715	1
231.990
232.250
232.510
232.765	1
233.020
233.285
233.550
233.805	1
234.060
234.325
234.590
234.855	1
235.120
235.380
235.640
235.900	1
236.160
236.425
236.690
236.955	1
237.220
237.470
237.720
237.990	1
238.260
238.525
238.790
239.055	1
239.320
239.570
239.820
240.090	1
240.360
240.615
240.870
241.125	1
241.380
241.640
241.900
242.155	1
242.410
242.665
242.920
243.185	1
243.450
243.710
243.970
244.230	1
244.490
244.745
245.000
245.255	1
245.510
245.770
246.030
246.290	1
246.550
246.805
247.060
247.320	1
247.580
247.835
248.090
248.355	1
248.620
248.880
249.140
249.400	1
249.660
249.920
250.180
250.440	1
250.700
250.960
251.220
251.480	1
251.740
252.000
252.260
252.515	1
252.770
253.045
253.320
253.570	1
253.820
254.080
254.340
254.605	1
254.870
255.125
255.380
255.655	1
255.930
256.185
256.440
256.705	1
256.970
257.230
257.490
257.745	1
258.000
258.260
258.520
258.785	1
259.050
259.315
259.580
259.840	1
260.100
260.360
260.620
260.885	1
261.150
261.405
261.660
261.920	1
262.180
262.440
262.700
262.965	1
263.230
263.495
263.760
264.025	1
264.290
264.545
264.800
265.060	1
265.320
265.580
265.840
266.100	1
266.360
266.620
266.880
267.140	1
267.400
267.665
267.930
268.190	1
268.450
268.710
268.970
269.235	1
269.500
269.765
270.030
270.295	1
270.560
270.825
271.090
271.350	1
271.610
271.875
272.140
272.395	1
272.650
272.915
273.180
273.440	1
273.700
273.960
274.220
274.485	1
274.750
275.010
275.270
275.530	1
275.790
276.065
276.340
276.600	1
276.860
277.115
277.370
277.630	1
277.890
278.165
278.440
278.705	1
278.970
279.225
279.480
279.740	1
280.000
280.265
280.530
280.800	1
281.070
281.320
281.570
281.840	1
282.110
282.370
282.630
282.890	1
283.150
283.410
283.670
283.930	1
284.190
284.455
284.720
284.985	1
285.250
285.510
285.770
286.040	1
286.310
286.570
286.830
287.090	1
287.350
287.610
287.870
288.130	1
288.390
288.655
288.920
289.185	1
289.450
289.715
289.980
290.235	1
290.490
290.750
291.010
291.275	1
291.540
291.800
292.060
292.315	1
292.570
292.840
293.110
293.370	1
293.630
293.890
294.150
294.405	1
294.660
294.915
295.170
295.430	1
295.690
295.955
296.220
296.480	1
296.740
296.995
297.250
297.510	1
297.770
298.030
298.290
298.550	1
298.810
299.070
299.330
299.590	1
299.850
300.115
300.380
300.640	1
300.900
301.165
301.430
301.695	1
301.960
302.225
302.490
302.745	1
303.000
303.260
303.520
303.780	1
304.040
304.300
304.560
304.825	1
305.090
305.355
305.620
305.885	1
306.150
306.415
306.680
306.940	1
307.200
307.465
307.730
307.990	1
308.250
308.510
308.770
309.035	1
309.300
309.565
309.830
310.090	1
310.350
310.615
310.880
311.140	1
311.400
311.660
311.920
312.190	1
312.460
312.720
312.980
313.245	1
313.510
313.775
314.040
314.300	1
314.560
314.820
315.080
315.345	1
315.610
315.870
316.130
316.400	1
316.670
316.935
317.200
317.465	1
317.730
317.985
318.240
318.510	1
318.780
319.045
319.310
319.580	1
319.850
320.120
320.390
320.650	1
320.910
321.180
321.450
321.715	1
321.980
322.245
322.510
322.770	1
323.030
323.285
323.540
323.800	1
324.060
324.325
324.590
324.855	1
325.120
325.385
325.650
325.905	1
326.160
326.425
326.690
326.945	1
327.200
327.465
327.730
327.990	1
328.250
328.515
328.780
329.035	1
329.290
329.555
329.820
330.085	1
330.350
330.615
330.880
331.145	1
331.410
331.675
331.940
332.205	1
332.470
332.740
333.010
333.270	1
333.530
333.795
334.060
334.320	1
334.580
334.840
335.100
335.360	1
335.620
335.885
336.150
336.410	1
336.670
336.930
337.190
337.455	1
337.720
337.975
338.230
338.495	1
338.760
339.020
339.280
339.535	1
339.790
340.060
340.330
340.590	1
340.850
341.110
341.370
341.635	1
341.900
342.165
342.430
342.690	1
342.950
343.210
343.470
343.730	1
343.990
344.245
344.500
344.760	1
345.020
345.290
345.560
345.820	1
346.080
346.345
346.610
346.880	1
347.150
347.410
347.670
347.935	1
348.200
348.460
348.720
348.975	1
349.230
349.485
349.740
350.010	1
350.280
350.535
350.790
351.055	1
351.320
351.590
351.860
352.110	1
352.360
352.625
352.890
353.150	1
353.410
353.675
353.940
354.185	1
354.430
354.695
354.960
355.215	1
355.470
355.730
355.990
356.240	1
356.490
356.745
357.000
357.250	1
357.500
357.760
358.020
358.270	1
358.520
358.775
359.030
359.280	1
359.530
359.795
360.060
360.325	1
360.590
360.850
361.110
361.365	1
361.620
361.880
362.140
362.390	1
362.640
362.895
363.150
363.410	1
363.670
363.915
364.160
364.420	1
364.680
364.940
365.200
365.460	1
365.720
365.975
366.230
366.490	1
366.750
367.015
367.280
367.540	1
367.800
368.065
368.330
368.590	1
368.850
369.120
369.390
369.650	1
369.910
370.170
370.430
370.690	1
370.950
371.205
371.460
371.720	1
371.980
372.235
372.490
372.750	1
373.010
373.275
373.540
373.795	1
374.050
374.310
374.570
374.840	1
375.110
375.365
375.620
375.890	1
376.160
376.415
376.670
376.930	1
377.190
377.455
377.720
377.970	1
378.220
378.475
378.730
378.990	1
379.250
379.510
379.770
380.030	1
380.290
380.545
380.800
381.055	1
381.310
381.575
381.840
382.100	1
382.360
382.625
382.890
383.150	1
383.410
383.670
383.930
384.185	1
384.440
384.695
384.950
385.210	1
385.470
385.735
386.000
386.250	1
386.500
386.760
387.020
387.275	1
387.530
387.795
388.060
388.320	1
388.580
388.845
389.110
389.370	1
389.630
389.885
390.140
390.405	1
390.670
390.940
391.210
391.475	1
391.740
391.990
392.240
392.505	1
392.770
393.030
393.290
393.550	1
393.810
394.060
394.310
394.575	1
394.840
395.110
395.380
395.630	1
395.880
396.145
396.410
396.675	1
396.940
397.195
397.450
397.705	1
397.960
398.215
398.470
398.735	1
399.000
399.260
399.520
399.785	1
400.050
400.310
400.570
400.830	1
401.090
401.350
401.610
401.865	1
402.120
402.385
402.650
402.910	1
403.170
403.425
403.680
403.940	1
404.200
404.460
404.720
404.975	1
405.230
405.495
405.760
406.010	1
406.260
406.510
406.760
407.020	1
407.280
407.535
407.790
408.045	1
408.300
408.550
408.800
409.060	1
409.320
409.575
409.830
410.090	1
410.350
410.595
410.840
411.110	1
411.380
411.630
411.880
412.120	1
412.360
412.615
412.870
413.140	1
413.410
413.660
413.910
414.170	1
414.430
414.700
414.970
415.215	1
415.460
415.715
415.970
416.230	1
416.490
416.760
417.030
417.275	1
417.520
417.780
418.040
418.295	1
418.550
418.810
419.070
419.325	1
419.580
419.845
420.110
420.370	1
420.630
420.885
421.140
421.400	1
421.660
421.915
422.170
422.435	1
422.700
422.965
423.230
423.480	1
423.730
423.990
424.250
424.515	1
424.780
425.035
425.290
425.550	1
425.810
426.070
426.330
426.605	1
426.880
427.135
427.390
427.670	1
427.928
428.186
428.443
428.701	1
428.966
429.231
429.496
429.761	1
430.013
430.266
430.518
430.770	1
431.035
431.300
431.570
431.840	1
432.105
432.370
432.630
432.890	1
433.155
433.420
433.685
433.950	1
434.210
434.470
434.735
435.000	1
435.260
435.520
435.795
436.070	1
436.340
436.610
436.865
437.120	1
437.395
437.670
437.930
438.190	1
438.450
438.710
438.975
439.240	1
439.510
439.780
440.050
440.320	1
440.590
440.860
441.125
441.390	1
441.650
441.910
442.180
442.450	1
442.705
442.960
443.225
443.490	1
443.750
444.010
444.285
444.560	1
444.825
445.090
445.355
445.620	1
445.880
446.140
446.395
446.650	1
446.920
447.190
447.450
447.710	1
447.970
448.230
448.485
448.740	1
449.005
449.270
449.530
449.790	1
450.055
450.320
450.575
450.830	1
451.085
451.340
451.610
451.880	1
452.150
452.420
452.690
452.960	1
453.220
453.480
453.740
454.000	1
454.275
454.550
454.820
455.090	1
455.350
455.610
455.870
456.130	1
456.395
456.660
456.930
457.200	1
457.475
457.750
458.020
458.290	1
458.560
458.830
459.100
459.370	1
459.635
459.900
460.175
460.450	1
460.730
461.010
461.280
461.550	1
461.814
462.078
462.342
462.606	1
462.889
463.171
463.454
463.737	1
464.009
464.282
464.555
464.827	1
465.102
465.377
465.651
465.926	1
466.201
466.477
466.752
467.027	1
467.302
467.577
467.852
468.127	1
468.415
468.703
468.990
469.278	1
469.560
469.842
470.124
470.406	1
