0.000
0.470
0.940
1.390
1.860
2.350
2.810
3.270
3.740
4.210
4.700
5.180
5.650
6.180
6.710
7.270
7.830
8.430
8.980
9.590
10.140
10.720
11.390
12.010
12.640
13.300
14.000
14.710
15.490
16.510
17.520
18.590
19.620
20.740
21.750
22.830
23.890
24.950
25.950
27.010
28.020
29.060
30.090
31.180
32.190
33.250
34.290
35.330
36.400
37.450
38.500
39.600
40.650
41.690
42.830
43.860
44.950
46.040
47.130
48.220
49.310
50.430
51.520
52.610
53.730
54.820
55.910
57.000
58.080
59.130
60.270
61.340
62.360
63.440
64.530
65.580
66.650
67.700
68.740
69.860
70.940
72.000
73.090
74.190
75.300
76.420
77.480
78.580
79.640
80.650
81.700
82.730
83.820
84.900
85.960
86.980
88.070
89.100
90.120
91.170
92.250
93.320
94.430
95.510
96.550
97.640
98.700
99.770
100.880
101.910
102.970
104.080
105.120
106.200
107.260
108.400
109.460
110.520
111.630
112.720
113.810
114.880
115.980
117.120
118.120
119.220
120.260
121.270
122.330
123.330
124.450
125.470
126.550
127.600
128.590
129.570
130.550
131.640
132.770
133.820
134.880
136.000
137.050
138.130
139.260
140.360
141.450
142.550
143.590
144.660
145.730
146.790
147.880
148.970
150.000
151.010
152.040
153.050
154.110
155.190
156.120
157.150
158.130
159.070
160.060
161.070
162.040
163.090
164.090
165.170
166.230
167.300
168.390
169.480
170.550
171.550
172.660
173.710
174.780
175.860
176.980
178.080
179.140
180.180
181.300
182.350
183.460
184.540
185.580
186.610
187.740
188.750
189.850
190.920
192.000
193.050
194.120
195.220
196.240
197.360
198.430
199.480
200.550
201.650
202.750
203.820
204.850
205.940
207.030
208.130
209.190
210.110
211.110
212.030
212.940
213.820
214.750
215.800
216.870
217.970
219.110
220.170
221.250
222.370
223.450
224.510
225.620
226.730
227.600
228.380
229.160
229.930
230.680
231.210
231.750
232.250
232.800
233.330
233.840
234.390
234.910
235.490
236.020
236.580
237.170
237.700
238.260
238.770
239.340
239.860
240.420
240.970
241.560
242.090
242.660
243.190
243.740
244.280
244.830
245.400
245.930
246.530
247.070
247.670
248.240
248.790
249.340
249.870
250.440
250.970
251.530
252.080
252.650
253.210
253.760
254.310
254.820
255.360
255.920
256.470
257.010
257.520
258.060
258.640
259.160
259.720
260.290
260.830
261.340
261.900
262.420
263.000
263.540
264.110
264.690
265.220
265.810
266.370
266.900
267.440
267.990
268.560
269.090
269.660
270.240
270.780
271.340
271.890
272.430
273.010
273.560
274.110
274.660
275.230
275.820
276.360
276.960
277.500
278.090
278.630
279.210
279.750
280.300
280.870
281.450
282.000
282.540
283.120
283.690
284.250
284.780
285.340
285.910
286.520
287.070
287.680
288.230
288.810
289.400
289.970
290.530
291.120
291.660
292.260
292.810
293.350
293.940
294.500
295.040
295.600
296.180
296.710
297.280
297.880
298.430
299.010
299.620
300.200
300.720
301.250
301.790
302.330
302.900
303.440
303.960
304.490
305.000
305.530
306.070
306.630
307.150
307.700
308.250
308.850
309.390
309.960
310.560
311.090
311.670
312.240
312.770
313.330
313.920
314.460
315.010
315.560
316.070
316.630
317.200
317.740
318.270
318.840
319.420
320.000
320.650
321.240
321.890
322.500
323.130
323.820
324.640
325.580
326.480
327.430
328.430
329.500
330.520
331.500
332.590
333.680
334.730
335.770
