0.350
0.920
1.470
2.020
2.550
3.130
3.680
4.230
4.760
5.320
5.880
6.430
6.970
7.510
8.060
8.620
9.160
9.720
10.300
10.860
11.410
11.950
12.520
13.060
13.610
14.160
14.710
15.270
15.810
16.360
16.920
17.450
18.000
18.550
19.110
19.640
20.190
20.720
21.280
21.830
22.370
22.910
23.460
24.010
24.570
25.090
25.660
26.200
26.750
27.270
27.820
28.360
28.890
29.440
29.990
30.520
31.080
31.610
32.190
32.700
33.250
33.800
34.340
34.900
35.470
36.000
36.580
37.110
37.640
38.180
38.720
39.260
39.780
40.300
40.860
41.400
41.940
42.480
43.040
43.570
44.120
44.650
45.180
45.690
46.240
46.770
47.310
47.860
48.370
48.920
49.450
50.000
50.550
51.090
51.630
52.150
52.670
53.220
53.750
54.290
54.830
55.380
55.920
56.450
57.010
57.520
58.060
58.590
59.130
59.670
60.210
60.760
61.290
61.830
62.360
62.900
63.440
63.990
64.540
65.070
65.630
66.170
66.730
67.290
67.860
68.400
68.940
69.500
70.040
70.610
71.160
71.710
72.290
72.830
73.380
73.950
74.480
75.020
75.570
76.110
76.650
77.180
77.700
78.230
78.770
79.330
79.860
80.410
80.960
81.510
82.060
82.620
83.160
83.690
84.240
84.770
85.300
85.820
86.360
86.890
87.440
87.960
88.500
89.030
89.540
90.090
90.620
91.160
91.700
92.230
92.780
93.320
93.860
94.400
94.930
95.470
96.000
96.560
97.100
97.630
98.160
98.710
99.250
99.790
100.310
100.860
101.420
101.980
102.520
103.080
103.610
104.140
104.680
105.210
105.770
106.310
106.840
107.390
107.920
108.470
108.990
109.530
110.080
110.620
111.160
111.700
112.230
112.770
113.260
113.800
114.340
114.870
115.400
115.970
116.490
117.050
117.570
118.130
118.680
119.210
119.760
120.300
120.830
121.360
121.910
122.450
122.990
123.530
124.060
124.610
125.150
125.690
126.240
126.780
127.310
127.860
128.400
128.990
129.530
130.090
130.630
131.170
131.720
132.250
132.790
133.320
133.870
134.400
134.930
135.470
136.000
136.540
137.080
137.610
138.150
138.720
139.250
139.790
140.310
140.840
141.370
141.900
142.440
142.960
143.460
144.030
144.570
145.150
145.710
146.240
146.770
147.340
147.880
148.430
148.980
149.540
150.100
150.670
151.190
151.720
152.250
152.780
153.320
153.850
154.400
154.910
155.450
155.960
156.500
157.060
157.570
158.120
158.670
159.210
159.760
160.300
160.860
161.390
161.920
162.470
163.000
163.540
164.070
164.620
165.160
165.700
166.260
166.790
167.340
167.880
168.430
169.000
169.580
170.120
170.680
171.230
171.770
172.320
172.890
173.430
173.970
174.510
175.060
175.620
176.150
176.700
177.230
177.800
178.330
178.850
179.410
179.950
180.490
181.020
181.580
182.120
182.660
183.200
183.710
184.270
184.790
185.360
185.900
186.430
186.970
187.540
188.090
188.680
189.290
189.890
190.450
191.040
191.630
192.250
192.810
193.400
194.010
194.610
195.170
