0.000
0.500
0.990
1.480
2.000
2.470
2.950
3.450
3.920
4.390
4.840
5.310
5.800
6.270
6.720
7.210
7.680
8.160
8.620
9.110
9.580
10.050
10.530
11.000
11.450
11.910
12.370
12.840
13.320
13.800
14.270
14.730
15.190
15.650
16.120
16.590
17.050
17.520
17.990
18.470
18.930
19.390
19.860
20.320
20.800
21.270
21.730
22.210
22.680
23.140
23.610
24.070
24.540
25.000
25.460
25.930
26.380
26.830
27.270
27.720
28.180
28.620
29.060
29.520
29.990
30.440
30.890
31.360
31.820
32.280
32.740
33.190
33.640
34.100
34.560
35.020
35.470
35.950
36.400
36.850
37.310
37.750
38.190
38.640
39.100
39.550
40.000
40.450
40.920
41.380
41.820
42.280
42.740
43.190
43.650
44.100
44.540
44.980
45.410
45.870
46.320
46.760
47.220
47.670
48.120
48.590
49.050
49.490
49.950
50.410
50.870
51.340
51.800
52.270
52.710
53.180
53.650
54.090
54.530
54.990
55.410
55.860
56.310
56.780
57.230
57.670
58.130
58.570
59.030
59.470
59.920
60.380
60.840
61.300
61.760
62.210
62.670
63.130
63.590
64.060
64.520
64.980
65.440
65.900
66.360
66.810
67.270
67.720
68.180
68.640
69.100
69.570
70.030
70.480
70.940
71.410
71.880
72.340
72.810
73.270
73.730
74.200
74.650
75.120
75.580
76.030
76.490
76.940
77.390
77.830
78.280
78.730
79.180
79.630
80.090
80.540
80.990
81.450
81.900
82.350
82.810
83.250
83.710
84.150
84.600
85.040
85.490
85.940
86.410
86.850
87.310
87.760
88.210
88.640
89.080
89.520
89.970
90.440
90.900
91.350
91.800
92.260
92.710
93.170
93.640
94.090
94.550
95.010
95.460
95.910
96.370
96.820
97.270
97.720
98.170
98.640
99.100
99.540
100.000
100.440
100.880
101.330
101.780
102.230
102.680
103.120
103.570
104.010
104.460
104.890
105.340
105.780
106.230
106.660
107.100
107.560
108.000
108.460
108.920
109.370
109.840
110.270
110.720
111.160
111.590
112.050
112.480
112.930
113.370
113.810
114.250
114.680
115.130
115.570
116.040
116.490
116.950
117.400
117.840
118.300
118.760
119.210
119.660
120.110
120.590
121.040
121.490
121.940
122.390
122.840
123.300
123.750
124.210
124.650
125.120
125.570
126.030
126.480
126.940
127.390
127.850
128.300
128.740
129.190
129.650
130.100
130.570
131.020
131.480
131.930
132.380
132.810
133.270
133.720
134.170
134.610
135.080
135.520
135.960
136.400
136.860
137.300
137.750
138.190
138.640
139.080
139.530
139.970
140.410
140.860
141.310
141.750
142.200
142.650
143.090
143.540
144.000
144.450
144.910
145.360
145.830
146.280
146.740
147.190
147.650
148.110
148.570
149.030
149.490
149.940
150.400
150.870
151.330
151.790
152.260
152.710
153.170
153.620
154.070
154.510
154.950
155.400
155.840
156.290
156.740
157.180
157.620
158.060
158.510
158.940
159.410
159.850
160.300
160.740
161.180
161.630
162.070
162.520
162.960
163.400
163.850
164.290
164.750
165.200
165.650
166.090
166.550
167.000
167.470
167.910
168.360
168.790
169.230
169.690
170.120
170.570
171.030
171.480
171.930
172.390
172.840
173.300
173.760
174.220
174.680
175.130
175.590
176.040
176.500
176.950
177.410
177.850
178.300
178.750
179.200
179.660
180.110
180.550
181.020
181.480
181.950
182.380
182.830
183.260
183.710
184.150
184.580
185.020
185.470
185.900
186.340
186.770
187.220
187.660
188.100
188.540
188.980
189.410
189.840
190.270
190.710
191.150
191.600
192.050
192.490
192.930
193.360
193.800
194.250
194.690
195.140
195.580
196.020
196.450
196.890
197.330
197.770
198.200
198.640
199.100
199.550
200.000
200.440
200.900
201.360
201.820
202.280
202.730
203.190
203.650
204.100
204.550
205.010
205.460
205.920
206.400
206.840
207.280
207.710
208.170
208.630
209.100
209.570
210.030
210.490
210.950
211.400
211.860
212.310
212.750
213.220
213.680
214.140
214.580
215.030
215.470
215.940
216.390
216.850
217.290
217.740
218.200
218.660
219.130
219.580
220.040
220.500
220.950
221.420
221.880
222.330
222.770
223.240
223.690
224.140
224.590
225.040
225.480
225.930
226.360
226.800
227.230
227.680
228.120
228.580
229.020
229.440
229.870
230.310
230.750
231.200
231.650
232.090
232.540
233.000
233.460
233.900
234.340
234.790
235.240
235.670
236.110
236.540
236.980
237.410
237.870
238.320
238.770
239.230
239.680
240.120
240.560
241.010
241.440
241.900
242.350
242.810
243.260
243.690
244.140
244.600
245.040
245.510
245.970
246.430
246.880
247.340
247.780
248.250
248.680
249.150
249.620
250.070
250.510
250.960
251.410
251.860
252.310
252.760
253.200
253.650
254.080
254.540
254.980
255.430
255.870
256.320
256.760
257.200
257.630
258.070
258.520
258.950
259.390
259.830
260.280
260.710
261.150
261.600
262.040
262.490
262.950
263.400
263.870
264.320
264.760
265.210
265.660
266.130
266.590
267.030
267.480
267.940
268.390
268.840
269.280
269.730
270.170
270.620
271.060
271.500
271.950
272.400
272.850
273.310
273.760
274.210
274.650
275.130
275.580
276.030
276.480
276.930
277.370
277.820
278.260
278.710
279.180
279.630
280.080
280.540
280.990
281.460
281.900
282.350
282.780
283.220
283.670
284.130
284.580
285.030
285.490
285.950
286.430
286.880
287.370
287.830
288.290
288.820
289.410
290.010
290.610
291.210
291.770
292.360
293.010
293.650
294.320
294.980
295.720
296.500
297.300
298.110
298.890
299.690
300.460
301.280
302.070
302.830
303.610
304.440
305.190
306.010
306.790
307.580
308.370
309.140
309.940
310.760
311.520
312.280
313.100
313.870
314.630
315.400
316.200
316.960
317.740
318.520
319.310
