0.980
2.040
3.120
4.250
5.320
6.440
7.480
8.620
9.580
10.550
11.500
12.500
13.330
14.210
15.090
16.000
16.900
17.750
18.610
19.530
20.410
21.330
22.280
23.220
24.140
25.040
25.960
26.910
27.830
28.750
29.690
30.560
31.530
32.400
33.340
34.300
35.180
36.130
37.070
38.020
38.910
39.810
40.750
41.700
42.610
43.540
44.400
45.290
46.230
47.120
48.050
48.920
49.860
50.730
51.700
52.570
53.510
54.400
55.320
56.260
57.130
58.040
58.920
59.870
60.750
61.660
62.570
63.420
64.330
65.270
66.220
67.120
68.060
68.930
69.880
70.790
71.690
72.650
73.540
74.450
75.360
76.290
77.210
78.070
78.990
79.890
80.850
81.740
82.730
83.620
84.590
85.490
86.440
87.400
88.310
89.210
90.170
91.090
92.040
92.940
93.880
94.790
95.760
96.650
97.620
98.510
99.450
100.350
101.300
102.180
103.120
104.070
104.990
105.860
106.800
107.680
108.590
109.500
110.430
111.330
112.300
113.170
114.120
115.030
115.980
116.850
117.770
118.750
119.650
120.580
121.520
122.460
123.350
124.250
125.190
126.080
127.030
127.900
128.840
129.730
130.660
131.550
132.490
133.390
134.330
135.240
136.160
137.110
137.980
138.920
139.790
140.750
141.640
142.550
143.480
144.390
145.280
146.160
147.130
148.000
148.950
149.870
150.840
151.750
152.660
153.600
154.530
155.440
156.380
157.310
158.240
159.150
160.120
161.030
161.900
162.840
163.760
164.660
165.620
166.540
167.490
168.410
169.360
170.280
171.200
172.120
173.110
174.050
174.950
175.890
176.820
177.750
178.730
179.650
180.620
181.550
182.510
183.410
184.370
185.310
186.250
187.200
188.120
189.040
190.000
190.970
191.870
192.800
193.690
194.590
195.530
196.430
197.350
198.260
199.240
200.170
201.100
202.040
203.060
204.080
205.090
206.010
206.990
207.950
208.880
209.890
210.830
211.810
212.720
213.680
214.690
215.600
216.590
217.570
218.530
219.480
220.400
221.380
222.430
223.480
224.490
225.560
226.620
227.660
228.730
229.790
230.830
