0.360
1.090
1.890
2.660
3.410
4.200
5.050
5.850
6.660
7.600
8.460
9.380
10.290
11.250
12.160
13.060
13.960
14.850
15.770
16.680
17.600
18.540
19.540
20.460
21.370
22.290
23.180
24.140
25.080
26.000
26.850
27.760
28.660
29.610
30.490
31.450
32.380
33.310
34.260
35.160
36.090
37.070
38.000
38.920
39.840
40.790
41.690
42.660
43.590
44.530
45.490
46.430
47.370
48.370
49.290
50.250
51.220
52.170
53.130
54.080
54.990
55.910
56.810
57.720
58.650
59.600
60.530
61.460
62.430
63.380
64.290
65.230
66.170
67.150
68.100
68.990
69.920
70.890
71.830
72.790
73.710
74.660
75.580
76.530
77.480
78.400
79.340
80.280
81.210
82.180
83.130
84.070
84.990
85.950
86.880
87.810
88.750
89.720
90.670
91.650
92.590
93.520
94.450
95.410
96.350
97.330
98.280
99.230
100.240
101.190
102.120
103.100
104.050
105.010
105.960
106.900
107.880
108.860
109.840
110.770
111.770
112.740
113.700
114.660
115.630
116.560
117.490
118.440
119.400
120.380
121.320
122.310
123.260
124.190
125.160
126.090
127.050
127.990
128.920
129.850
130.760
131.690
132.610
133.540
134.480
135.440
136.380
137.320
138.240
139.170
140.100
141.060
141.980
142.870
143.780
144.760
145.670
146.590
147.560
148.480
149.400
150.340
151.260
152.220
153.140
154.080
155.030
155.980
156.920
157.860
158.830
159.780
160.710
161.640
162.580
163.540
164.490
165.440
166.400
167.340
168.280
169.240
170.170
171.150
172.070
173.000
173.950
174.880
175.810
176.740
177.690
178.600
179.540
180.450
181.360
182.310
183.260
184.210
185.160
186.090
187.060
188.010
188.970
189.920
190.890
191.830
192.810
193.740
194.710
195.680
196.640
197.620
198.530
199.500
200.460
201.430
202.370
203.290
204.250
205.210
206.160
207.100
208.060
209.030
209.960
210.910
211.870
212.780
213.750
214.690
215.660
216.640
217.570
218.500
219.470
220.460
221.410
222.340
223.270
224.240
225.200
226.160
227.110
228.030
228.980
229.940
230.900
231.860
232.800
233.760
234.770
235.720
236.670
237.570
238.560
239.480
240.430
241.370
242.310
243.290
244.230
245.210
246.150
247.130
248.140
249.090
250.070
251.020
252.010
252.980
253.950
254.910
255.880
256.830
257.810
258.800
259.760
260.800
261.760
262.720
263.680
264.640
265.630
266.640
267.590
268.510
269.470
270.420
271.390
272.370
273.320
274.280
275.250
276.190
277.130
278.080
279.010
279.980
280.970
281.970
282.900
283.870
284.840
285.790
286.720
287.710
288.680
289.630
290.630
291.580
292.530
293.510
294.470
295.450
296.420
297.370
298.320
299.260
300.200
301.170
302.150
303.160
304.110
305.080
305.990
306.960
307.920
308.880
309.860
310.820
311.780
312.700
313.650
314.610
315.560
316.460
317.400
318.350
319.320
320.310
321.240
322.190
323.140
324.100
325.080
326.050
326.980
327.990
328.910
329.890
330.850
331.810
332.740
333.710
334.670
335.620
336.550
337.460
338.430
339.360
340.360
341.360
342.330
343.310
344.290
345.270
346.250
347.220
348.170
349.160
350.110
351.140
352.110
353.110
354.140
355.080
356.030
357.030
358.050
359.020
359.980
360.960
361.960
362.960
363.920
364.920
365.890
366.920
367.900
368.890
369.840
370.810
371.760
372.710
373.660
374.630
375.500
376.460
377.350
378.440
379.480
380.560
381.580
382.620
