0.500
1.070
1.680
2.270
2.870
3.500
4.090
4.670
5.230
5.820
6.390
6.990
7.580
8.130
8.720
9.260
9.860
10.420
11.010
11.640
12.320
12.940
13.620
14.240
14.870
15.460
16.070
16.680
17.220
17.790
18.340
18.880
19.380
19.870
20.390
20.850
21.330
21.830
22.290
22.790
23.270
23.720
24.170
24.630
25.110
25.580
26.060
26.520
26.950
27.410
27.850
28.320
28.780
29.240
29.740
30.200
30.690
31.180
31.650
32.120
32.620
33.090
33.560
34.030
34.510
34.980
35.440
35.920
36.380
36.820
37.290
37.740
38.220
38.650
39.070
39.500
39.900
40.240
40.620
40.960
41.340
41.680
42.050
42.390
42.760
43.090
43.460
43.810
44.120
44.450
44.780
45.130
45.440
45.800
46.130
46.460
46.810
47.140
47.490
47.840
48.190
48.540
48.900
49.270
49.600
49.970
50.310
50.670
51.020
51.360
51.710
52.070
52.420
52.790
53.140
53.500
53.860
54.210
54.560
54.910
55.270
55.620
55.950
56.330
56.690
57.040
57.400
57.750
58.120
58.480
58.850
59.200
59.580
59.960
60.330
60.690
61.070
61.430
61.800
62.170
62.550
62.910
63.290
63.660
64.040
64.420
64.800
65.160
65.550
65.920
66.300
66.700
67.070
67.430
67.810
68.190
68.550
68.930
69.300
69.660
70.030
70.400
70.750
71.130
71.500
71.870
72.230
72.590
72.970
73.340
73.700
74.080
74.460
74.810
75.190
75.560
75.940
76.300
76.660
77.040
77.410
77.780
78.140
78.500
78.880
79.240
79.620
79.990
80.350
80.730
81.090
81.460
81.840
82.220
82.580
82.980
83.350
83.740
84.100
84.490
84.870
85.240
85.610
85.970
86.340
86.720
87.090
87.450
87.840
88.210
88.580
88.940
89.310
89.660
90.030
90.380
90.750
91.100
91.470
91.830
92.190
92.550
92.900
93.250
93.630
93.980
94.330
94.690
95.060
95.430
95.790
96.160
96.520
96.890
97.260
97.630
97.990
98.340
98.720
99.090
99.460
99.810
100.190
100.560
100.930
101.300
101.670
102.030
102.390
102.760
103.120
103.500
103.860
104.230
104.590
104.960
105.320
105.690
106.060
106.420
106.790
107.160
107.520
107.890
108.250
108.630
108.980
109.360
109.730
110.100
110.460
110.830
111.200
111.570
111.940
112.330
112.700
113.060
113.450
113.820
114.190
114.580
114.970
115.330
115.680
116.040
116.400
116.790
117.150
117.530
117.900
118.270
118.630
118.990
119.350
119.720
120.080
120.440
120.820
121.190
121.560
121.930
122.310
122.690
123.090
123.470
123.850
124.230
124.610
124.990
125.360
125.740
126.120
126.490
126.870
127.240
127.630
128.020
128.390
128.760
129.120
129.510
129.870
130.240
130.610
130.990
131.370
131.760
132.130
132.500
132.870
133.250
133.610
134.000
134.360
134.740
135.110
135.480
135.840
136.210
136.580
136.960
137.330
137.710
138.070
138.450
138.830
139.210
139.590
139.960
140.340
140.710
141.080
141.460
141.820
142.190
142.550
142.930
143.300
143.680
144.060
144.440
144.820
145.190
145.570
145.950
146.330
146.690
147.070
147.450
147.830
148.200
148.590
148.970
149.340
149.720
150.100
150.490
150.870
151.240
151.610
151.990
152.370
152.750
153.140
153.520
153.890
154.290
154.660
155.030
155.410
155.780
156.140
156.520
156.910
157.280
157.650
158.030
158.420
158.800
159.170
159.550
159.930
160.310
160.710
161.090
161.470
161.860
162.240
162.610
162.990
163.350
163.720
164.090
164.470
164.840
165.220
165.600
165.980
166.340
166.710
167.080
167.460
167.820
168.200
168.550
168.920
169.290
169.660
170.030
170.400
170.780
171.160
171.530
171.900
172.280
172.660
173.040
173.420
173.810
174.210
174.590
174.980
175.350
175.730
176.100
176.480
176.860
177.230
177.600
177.990
178.370
178.740
179.120
179.500
179.870
180.250
180.630
181.020
181.400
181.780
182.160
182.550
182.940
183.320
183.710
184.100
184.480
184.880
185.270
185.660
186.040
186.420
186.800
187.200
187.580
187.960
188.330
188.710
189.090
189.480
189.860
190.230
190.620
191.010
191.380
191.760
192.130
192.540
192.910
193.300
193.670
194.060
194.440
194.830
195.210
195.600
195.990
196.380
196.760
197.140
197.530
197.920
198.300
198.690
199.070
199.450
199.840
200.220
200.600
200.990
201.370
201.760
202.150
202.530
202.920
203.300
203.680
204.060
204.440
204.830
205.190
205.590
205.970
206.360
206.750
207.130
207.520
207.910
208.290
208.690
209.070
209.460
209.840
210.230
210.610
210.980
211.360
211.740
212.130
212.520
212.900
213.270
213.650
214.030
214.410
214.780
215.160
215.540
215.920
216.320
216.680
217.070
217.460
217.830
218.200
218.580
218.960
219.350
219.720
220.110
220.490
220.880
221.270
221.650
222.040
222.430
222.820
223.220
223.600
223.980
224.370
224.750
225.120
225.520
225.900
226.290
226.680
227.060
227.440
227.830
228.210
228.600
228.980
229.370
229.760
230.140
230.510
230.900
231.270
231.660
232.050
232.440
232.840
233.230
233.610
234.000
234.390
234.790
235.200
235.590
235.970
236.370
236.750
237.150
237.530
237.940
238.330
238.720
239.090
239.490
239.880
240.270
240.660
241.040
241.410
241.790
242.170
242.560
242.930
243.320
243.690
244.070
244.450
244.830
245.210
245.600
245.980
246.370
246.750
247.120
247.500
247.900
248.280
248.660
249.040
249.420
249.810
250.190
250.560
250.950
251.320
251.720
252.100
252.510
252.870
253.260
253.640
254.020
254.410
254.800
255.180
255.580
255.960
256.350
256.750
257.140
257.530
257.920
258.300
258.680
259.060
259.460
259.830
260.230
260.600
261.000
261.380
261.790
262.170
262.560
262.950
263.350
263.730
264.120
264.500
264.890
265.270
265.660
266.040
266.430
266.810
267.190
267.570
267.970
268.350
268.740
269.120
269.520
269.910
270.310
270.690
271.080
271.450
271.830
272.210
272.590
272.970
273.340
273.720
274.100
274.480
274.870
275.250
275.630
276.010
276.400
276.780
277.170
277.540
277.930
278.310
278.700
279.090
279.480
279.870
280.250
280.640
281.050
281.440
281.840
282.230
282.630
283.020
283.400
283.810
284.210
284.590
285.000
285.390
285.790
286.170
286.570
286.960
287.360
287.770
288.170
288.560
288.950
289.340
289.740
290.130
290.540
290.930
291.320
291.710
292.100
292.490
292.880
293.280
293.670
294.060
294.460
294.850
295.240
295.630
296.020
296.420
296.800
297.200
297.590
297.990
298.370
298.770
299.160
299.540
299.930
300.320
300.700
301.070
301.450
301.830
302.220
302.600
302.980
303.360
303.730
304.120
304.520
304.910
305.310
305.690
306.080
306.460
306.840
307.220
307.630
308.000
308.400
308.780
309.180
309.560
309.970
310.350
310.740
311.120
311.500
311.880
312.260
312.620
313.010
313.390
313.770
314.150
314.530
314.910
315.290
315.660
316.040
316.420
316.800
317.170
317.560
317.930
318.310
318.710
319.100
319.470
319.880
320.260
320.640
321.040
321.420
321.800
322.190
322.530
322.840
323.180
323.530
323.900
324.290
324.670
325.060
325.430
325.820
326.200
326.580
326.960
327.350
327.740
328.140
328.520
328.910
329.280
329.680
330.060
330.450
330.840
331.230
331.600
331.980
332.350
332.740
333.130
333.500
333.880
334.260
334.630
335.030
335.410
335.800
336.180
336.580
336.950
337.340
337.720
338.110
338.490
338.880
339.270
339.640
340.020
340.400
340.790
341.170
341.540
341.920
342.280
342.670
343.040
343.430
343.800
344.200
344.580
344.960
345.330
345.710
346.100
346.490
346.890
347.260
347.650
348.030
348.400
348.800
349.180
349.560
349.960
350.330
350.730
351.110
351.490
351.870
352.250
352.620
353.000
353.390
353.790
354.180
354.550
354.960
355.340
355.720
356.110
356.520
356.910
357.310
357.710
358.100
358.490
358.880
359.250
359.640
360.020
360.410
360.800
361.190
361.580
361.980
362.360
362.750
363.140
363.540
363.930
364.320
364.700
365.090
365.490
365.890
366.270
366.670
367.060
367.460
367.860
368.260
368.640
369.050
369.430
369.830
370.220
370.620
371.000
371.380
371.760
372.150
372.540
372.930
373.310
373.720
374.100
374.500
374.900
375.300
375.690
376.080
376.460
376.860
377.250
377.640
378.030
378.410
378.800
379.190
379.590
379.960
380.360
380.750
381.140
381.540
381.940
382.340
382.710
383.120
383.500
383.880
384.260
384.660
385.050
385.460
385.850
386.250
386.630
387.030
387.420
387.820
388.200
388.590
388.980
389.380
389.770
390.170
390.550
390.960
391.340
391.740
392.120
392.520
392.910
393.310
393.710
394.100
394.490
394.890
395.270
395.690
396.080
396.480
396.890
397.290
397.670
398.070
398.470
398.850
399.240
399.640
400.020
400.420
400.810
401.180
401.570
401.960
402.350
402.750
403.140
403.530
403.910
404.300
404.690
405.080
405.470
405.860
406.250
406.650
407.030
407.420
407.820
408.220
408.610
409.000
409.390
409.790
410.170
410.560
410.940
411.330
411.710
412.100
412.470
412.860
413.240
413.640
414.020
414.410
414.790
415.190
415.560
415.950
416.340
416.730
417.110
417.500
417.890
418.280
418.680
419.080
419.470
419.860
420.250
420.660
421.040
421.430
421.830
422.220
422.610
423.010
423.390
423.790
424.180
424.590
424.970
425.380
425.770
426.170
426.560
426.950
427.330
427.720
428.100
428.490
428.860
429.250
429.640
430.030
430.430
430.830
431.240
431.650
432.040
432.450
432.840
433.240
433.630
434.030
434.430
434.810
435.190
435.600
435.990
436.380
436.790
437.190
437.580
437.980
438.370
438.760
439.140
439.530
439.910
440.310
440.690
441.100
441.490
441.880
442.270
442.670
443.070
443.460
443.850
444.250
444.630
445.030
445.420
445.820
446.210
446.610
447.000
447.410
447.800
448.210
448.590
448.990
449.390
449.790
450.190
450.590
450.970
451.380
451.780
452.190
452.580
452.980
453.370
453.770
454.160
454.540
454.930
455.310
455.710
456.100
456.500
456.920
457.310
457.710
458.120
458.520
458.920
459.320
459.710
460.100
460.490
460.890
461.280
461.680
462.080
462.500
462.900
463.310
463.710
464.120
464.530
464.940
465.330
465.730
466.120
466.520
466.930
467.330
467.730
468.130
468.540
468.940
469.340
469.730
470.140
470.540
470.940
471.360
471.760
472.170
472.570
472.960
473.360
473.760
474.140
474.540
474.920
475.320
475.720
476.120
476.520
476.910
477.310
477.720
478.110
478.520
478.920
479.330
479.720
480.140
480.540
480.950
481.360
481.770
482.160
482.570
482.970
483.370
483.780
484.200
484.590
484.990
485.390
485.790
486.200
486.600
486.990
487.390
487.790
488.190
488.580
488.980
489.380
489.770
490.170
490.570
490.970
491.360
491.760
492.170
492.570
492.980
493.380
493.790
494.200
494.600
495.020
495.430
495.830
496.230
496.630
497.040
497.440
497.830
498.250
498.650
499.050
499.460
499.860
500.270
500.680
501.090
501.490
501.890
502.290
502.700
503.080
503.500
503.900
504.310
504.710
505.120
505.530
505.940
506.350
506.760
507.160
507.580
507.970
508.370
508.780
509.180
509.580
509.990
510.390
510.800
511.210
511.630
512.020
512.440
512.820
513.250
513.650
514.050
514.470
514.890
515.290
515.720
516.120
516.530
516.940
517.350
517.750
518.140
518.550
518.940
519.340
519.770
520.190
520.610
521.010
521.450
521.860
522.270
522.670
523.080
523.490
523.900
524.300
524.700
525.100
525.520
525.920
526.320
526.700
527.120
527.510
527.900
528.290
528.670
529.060
529.470
529.850
530.240
530.650
531.050
531.430
531.830
532.220
532.610
533.010
533.400
533.800
534.200
534.600
534.980
535.370
535.770
536.160
536.540
536.920
537.310
537.710
538.100
538.500
538.910
539.300
539.700
540.110
540.500
540.890
541.300
541.690
542.070
542.460
542.870
543.250
543.640
544.030
544.420
544.810
545.190
545.590
545.980
546.370
546.770
547.160
547.550
547.940
548.330
548.720
549.130
549.520
549.920
550.310
550.710
551.100
551.510
551.900
552.300
552.690
553.090
553.480
553.870
554.270
554.670
555.060
555.450
555.840
556.240
556.630
557.050
557.450
557.840
558.230
558.630
559.030
559.450
559.850
560.270
560.670
561.080
561.480
561.880
562.260
562.670
563.050
563.450
563.840
564.250
564.640
565.050
565.450
565.860
566.250
566.660
567.050
567.450
567.840
568.240
568.630
569.030
569.420
569.810
570.200
570.590
570.990
571.400
571.800
572.200
572.580
572.970
573.350
573.750
574.130
574.530
574.920
575.290
575.670
576.060
576.450
576.840
577.220
577.610
578.010
578.380
578.780
579.170
579.550
579.950
580.340
580.730
581.140
581.540
581.910
582.320
582.700
583.080
583.470
583.870
584.260
584.660
585.050
585.440
585.830
586.230
586.620
587.010
587.380
587.770
588.170
588.560
588.950
589.340
589.720
590.120
590.500
590.890
591.260
591.630
592.010
592.400
592.770
593.150
593.510
593.910
594.280
594.660
595.060
595.450
595.830
596.230
596.600
596.980
597.370
597.760
598.130
598.520
598.880
599.280
599.660
600.040
600.410
600.800
601.180
601.570
601.940
602.340
602.730
603.120
603.490
603.860
604.240
604.630
605.000
605.390
605.770
606.150
606.530
606.910
607.290
607.680
608.060
608.440
608.810
609.200
609.600
609.980
610.360
610.750
611.120
611.500
611.870
612.250
612.630
613.010
613.390
613.780
614.170
614.550
614.940
615.330
615.710
616.090
616.460
616.850
617.220
617.590
617.970
618.340
618.730
619.110
619.490
619.860
620.240
620.640
621.020
621.410
621.800
622.180
622.570
622.940
623.330
623.720
624.100
624.490
624.870
625.250
625.650
626.050
626.420
626.810
627.190
627.580
627.960
628.350
628.720
629.090
629.480
629.870
630.250
630.650
631.020
631.400
631.780
632.160
632.560
632.950
633.320
633.720
634.100
634.480
634.840
635.240
635.610
636.000
636.380
636.780
637.160
637.540
637.930
638.300
638.690
639.070
639.440
639.840
640.210
640.600
640.980
641.360
641.730
642.120
642.490
642.880
643.250
643.630
644.020
644.390
644.780
645.170
645.550
645.950
646.340
646.730
647.110
647.500
647.890
648.280
648.650
649.040
649.430
649.810
650.190
650.580
650.960
651.370
651.740
652.150
652.510
652.900
653.280
653.680
654.060
654.440
654.840
655.220
655.590
655.950
656.320
656.700
657.090
657.510
657.890
658.310
658.700
659.110
659.500
659.910
660.310
660.710
661.110
661.510
661.890
662.290
662.670
663.070
663.450
663.850
664.220
664.640
665.020
665.420
665.830
666.220
666.600
666.990
667.380
667.780
668.170
668.560
668.950
669.340
669.720
670.100
670.490
670.880
671.270
671.660
672.060
672.440
672.840
673.240
673.610
674.000
674.410
674.800
675.190
675.600
675.980
676.400
676.780
677.190
677.580
677.980
678.360
678.770
679.140
679.550
679.920
680.330
680.710
681.090
681.500
681.900
682.280
682.680
683.060
683.470
683.860
684.270
684.660
685.060
685.460
685.850
686.250
686.640
687.020
687.420
687.810
688.210
688.580
688.980
689.370
689.760
690.140
690.530
690.910
691.290
691.670
692.050
692.430
692.830
693.230
693.620
694.000
694.380
694.790
695.180
695.550
695.960
696.340
696.730
697.110
697.500
697.880
698.270
698.660
699.040
699.430
699.810
700.210
700.610
700.980
701.370
701.750
702.150
702.530
702.930
703.300
703.710
704.080
704.470
704.870
705.260
705.640
706.040
706.440
706.830
707.220
707.580
707.980
708.380
708.760
709.150
709.550
709.930
710.320
710.710
711.090
711.490
711.880
712.260
712.640
713.030
713.410
713.810
714.200
714.580
714.970
715.360
715.750
716.150
716.520
716.890
717.290
717.690
718.080
718.480
718.880
719.290
719.690
720.080
720.480
720.880
721.280
721.690
722.080
722.480
722.870
723.280
723.670
724.070
724.470
724.860
725.250
725.650
726.040
726.440
726.820
727.220
727.610
728.000
728.400
728.780
729.170
729.570
729.950
730.350
730.720
731.110
731.480
731.890
732.270
732.660
733.030
733.430
733.810
734.190
734.580
734.970
735.350
735.740
736.130
736.530
736.910
737.310
737.690
738.090
738.470
738.870
739.240
739.640
740.020
740.380
740.740
741.060
741.380
741.700
742.020
742.350
742.660
742.980
743.300
743.620
743.950
744.260
744.590
