0.180
0.590
1.000
1.400
1.800
2.210
2.640
3.040
3.440
3.870
4.260
4.670
5.080
5.460
5.860
6.280
6.690
7.100
7.510
7.930
8.330
8.740
9.150
9.560
9.980
10.380
10.790
11.190
11.590
12.010
12.400
12.800
13.210
13.610
14.020
14.420
14.830
15.230
15.640
16.080
16.480
16.890
17.310
17.730
18.140
18.530
18.940
19.360
19.760
20.180
20.590
20.990
21.390
21.780
22.180
22.590
22.990
23.420
23.820
24.230
24.610
25.020
25.420
25.820
26.230
26.610
27.030
27.450
27.840
28.240
28.640
29.050
29.460
29.840
30.260
30.640
31.060
31.460
31.850
32.250
32.640
33.060
33.470
33.870
34.280
34.680
35.110
35.490
35.900
36.310
36.700
37.130
37.520
37.930
38.360
38.750
39.180
39.590
39.990
40.410
40.810
41.220
41.620
42.040
42.460
42.860
43.280
43.690
44.090
44.520
44.930
45.360
45.780
46.200
46.610
47.010
47.440
47.840
48.250
48.680
49.090
49.510
49.940
50.360
50.760
51.180
51.600
52.020
52.440
52.870
53.290
53.720
54.140
54.550
54.980
55.390
55.810
56.200
56.620
57.030
57.430
57.860
58.250
58.690
59.110
59.510
59.940
60.370
60.770
61.190
61.590
62.010
62.420
62.830
63.250
63.660
64.070
64.490
64.900
65.340
65.750
66.160
66.590
67.000
67.410
67.820
68.240
68.660
69.060
69.480
69.880
70.300
70.710
71.150
71.550
71.950
72.370
72.780
73.190
73.610
74.010
74.440
74.860
75.260
75.680
76.120
76.540
76.950
77.360
77.770
78.180
78.610
79.020
79.420
79.820
80.230
80.660
81.070
81.510
81.920
82.310
82.740
83.140
83.550
83.950
84.360
84.790
85.210
85.630
86.050
86.450
86.870
87.290
87.710
88.140
88.560
88.980
89.380
89.790
90.210
90.620
91.020
91.440
91.860
92.270
92.680
93.090
93.520
93.940
94.340
94.770
95.180
95.580
96.000
96.410
96.800
97.220
97.640
98.070
98.470
98.880
99.280
99.700
100.110
100.530
100.930
101.350
101.760
102.170
102.580
102.990
103.410
103.820
104.230
104.630
105.030
105.440
105.860
106.270
106.710
107.100
107.520
107.930
108.340
108.760
109.160
109.570
109.980
110.400
110.810
111.220
111.610
112.040
112.440
112.850
113.250
113.660
114.070
114.480
114.890
115.300
115.730
116.130
116.550
116.960
117.350
117.770
118.170
118.590
119.000
119.410
119.830
120.250
120.660
121.080
121.490
121.910
122.310
122.710
123.120
123.530
123.940
124.360
124.770
125.170
125.580
126.010
126.400
126.820
127.240
127.640
128.050
128.450
128.840
129.240
129.630
130.050
130.460
130.860
131.270
131.670
132.070
132.490
132.890
133.290
133.720
134.130
134.530
134.920
135.320
135.710
136.130
136.540
136.940
137.350
137.760
138.180
138.570
138.970
139.370
139.780
140.190
140.590
140.990
141.420
141.840
142.250
142.680
143.100
143.510
143.920
144.340
144.760
145.180
145.580
145.990
146.410
146.820
147.240
147.660
148.060
148.490
148.900
149.330
149.740
150.160
150.570
150.960
151.370
151.790
152.190
152.600
152.990
153.400
153.800
154.180
154.590
155.000
155.420
155.830
156.240
156.640
157.060
157.450
157.860
158.290
158.700
159.090
159.490
159.900
160.310
160.710
161.150
161.560
161.980
162.400
162.810
163.230
163.650
164.090
164.500
164.900
165.320
165.730
166.140
166.530
166.960
167.360
167.760
168.190
168.580
168.990
169.400
169.830
170.220
170.610
171.030
171.440
171.850
172.270
172.660
173.070
173.470
173.870
174.260
174.650
175.050
175.470
175.870
176.290
176.690
177.100
177.510
177.920
178.320
178.720
179.130
179.530
179.940
180.350
180.740
181.150
181.550
181.950
182.350
182.760
183.160
183.570
183.970
184.390
184.800
185.200
185.600
186.010
186.430
186.820
187.250
187.650
188.070
188.480
188.870
189.270
189.670
190.060
190.470
190.870
191.270
191.670
192.080
192.470
192.890
193.300
193.720
194.130
194.540
194.930
195.350
195.770
196.180
196.590
196.990
197.390
197.820
198.210
198.620
199.040
199.450
199.850
200.260
200.660
201.040
201.460
201.860
202.280
202.670
203.070
203.480
203.870
204.270
204.680
205.080
205.490
205.880
206.290
206.700
207.120
207.530
207.940
208.350
208.770
209.170
209.580
209.980
210.390
210.820
211.220
211.640
212.040
212.450
212.870
213.270
213.670
214.070
214.480
214.890
215.290
215.720
216.150
216.550
216.970
217.370
217.780
218.170
218.590
219.000
219.400
219.810
220.210
220.630
221.050
221.450
221.850
222.270
222.670
223.090
223.500
223.920
224.330
224.730
225.160
225.570
225.990
226.400
226.810
227.240
227.650
228.050
228.470
228.860
229.270
229.680
230.090
230.510
230.910
231.320
231.740
232.150
232.560
232.960
233.380
233.780
234.190
234.600
235.010
235.420
235.840
236.250
236.660
237.080
237.480
237.890
238.310
238.720
239.130
239.550
239.960
240.370
240.760
241.170
241.580
242.000
242.410
242.810
243.230
243.640
244.040
244.450
244.880
245.270
245.690
246.100
246.520
246.930
247.340
247.760
248.180
248.580
248.990
249.400
249.820
250.210
250.620
251.040
251.440
251.870
252.260
252.670
253.080
253.490
253.920
254.330
254.740
255.160
255.560
255.970
256.400
256.810
257.250
257.650
258.050
258.470
258.880
259.280
259.680
260.060
260.460
260.880
261.300
261.700
262.110
262.530
262.950
263.350
263.770
264.200
264.630
265.050
265.470
265.890
266.310
