0.450
1.100
1.790
2.480
3.170
3.810
4.470
5.140
5.800
6.450
7.120
7.800
8.410
9.100
9.730
10.390
11.050
11.710
12.380
13.020
13.710
14.330
15.020
15.660
16.290
16.960
17.580
18.250
18.920
19.560
20.200
20.880
21.500
22.180
22.830
23.480
24.180
24.840
25.540
26.230
26.900
27.570
28.250
28.910
29.610
30.260
30.920
31.590
32.250
32.920
33.590
34.270
34.940
35.600
36.280
36.930
37.600
38.240
38.890
39.550
40.250
40.890
41.520
42.190
42.860
43.430
43.790
44.140
44.480
44.840
45.170
45.530
45.860
46.210
46.540
46.880
47.210
47.570
47.890
48.220
48.560
48.890
49.220
49.560
49.890
50.240
50.570
50.910
51.240
51.580
51.910
52.250
52.570
52.910
53.230
53.570
53.890
54.230
54.560
54.900
55.230
55.560
55.890
56.240
56.560
56.900
57.230
57.570
57.900
58.230
58.550
58.880
59.210
59.550
59.870
60.210
60.530
60.880
61.200
61.540
61.870
62.220
62.550
62.890
63.220
63.560
63.890
64.240
64.560
64.900
65.230
65.570
65.910
66.260
66.590
66.940
67.280
67.620
67.950
68.310
68.640
68.980
69.310
69.660
69.990
70.340
70.670
71.020
71.340
71.690
72.020
72.370
72.700
73.050
73.380
73.730
74.060
74.420
74.740
75.090
75.400
75.730
76.080
76.410
76.750
77.100
77.410
77.750
78.080
78.430
78.750
79.100
79.430
79.770
80.100
80.440
80.770
81.090
81.430
81.760
82.090
82.430
82.750
83.100
83.430
83.780
84.110
84.460
84.790
85.130
85.460
85.820
86.130
86.470
86.800
87.130
87.470
87.820
88.170
88.500
88.830
89.170
89.500
89.850
90.180
90.520
90.860
91.210
91.540
91.890
92.220
92.580
92.900
93.240
93.580
93.920
94.260
94.600
94.930
95.280
95.610
95.950
96.290
96.630
96.960
97.300
97.620
97.970
98.300
98.650
98.980
99.320
99.660
100.010
100.330
100.690
101.010
101.350
101.690
102.020
102.360
102.700
103.030
103.380
103.710
104.060
104.380
104.730
105.070
105.420
105.750
106.090
106.420
106.760
107.080
107.420
107.760
108.090
108.420
108.750
109.110
109.440
109.760
110.100
110.440
110.780
111.110
111.470
111.800
112.140
112.480
112.820
113.160
113.500
113.830
114.170
114.510
114.850
115.170
115.520
115.850
116.190
116.530
116.860
117.190
117.530
117.870
118.200
118.530
118.870
119.220
119.560
119.910
120.230
120.550
120.900
121.230
121.580
121.920
122.260
122.590
122.940
123.270
123.610
123.940
124.290
124.620
124.960
125.290
125.630
125.970
126.320
126.650
127.000
127.330
127.680
128.010
128.360
128.700
129.040
129.370
129.710
130.050
130.390
130.720
131.060
131.400
131.740
132.070
132.410
132.730
133.080
133.410
133.760
134.090
134.440
134.780
135.120
135.450
135.810
136.130
136.470
136.800
137.140
137.490
137.840
138.170
138.520
138.850
139.190
139.520
139.870
140.200
140.550
140.880
141.210
141.550
141.900
142.220
142.570
142.900
143.250
143.580
143.920
144.260
144.610
144.950
145.290
145.620
145.960
146.290
146.630
146.950
147.290
147.630
147.970
148.300
148.640
148.970
149.310
149.640
149.990
150.320
150.660
150.980
151.330
151.670
152.010
152.350
152.700
153.020
153.380
153.710
154.060
154.400
154.740
155.060
155.410
155.740
156.080
156.420
156.770
157.100
157.450
157.780
158.120
158.460
158.800
159.140
159.490
159.830
160.180
160.510
160.860
161.190
161.540
161.880
162.230
162.570
162.920
163.250
163.600
163.930
164.280
164.610
164.960
165.290
165.640
165.970
166.320
166.660
167.000
167.340
167.770
168.390
169.040
169.730
170.410
171.090
171.770
172.460
173.150
173.850
174.560
175.280
175.980
176.690
177.410
178.120
178.800
179.520
180.230
180.910
181.620
182.310
183.000
183.690
184.390
185.070
185.800
186.510
187.230
187.920
188.640
189.350
190.060
190.760
191.470
192.170
192.870
193.580
194.290
195.000
195.720
196.430
197.140
197.840
198.580
199.280
199.990
200.670
201.380
202.070
202.790
203.500
204.220
204.920
205.640
206.340
207.050
207.750
208.470
209.190
209.900
210.580
211.270
211.980
212.660
213.360
214.050
214.740
215.460
216.170
216.840
217.560
218.260
218.950
219.610
220.310
221.000
221.660
222.340
223.010
223.730
224.400
225.120
225.820
226.540
227.220
227.920
228.700
229.420
230.150
230.910
231.620
232.370
