0.390
0.870
1.340
1.780
2.260
2.710
3.150
3.590
4.050
4.500
4.960
5.400
5.860
6.310
6.760
7.210
7.640
8.090
8.550
8.990
9.460
9.910
10.370
10.820
11.260
11.720
12.170
12.610
13.070
13.520
13.980
14.430
14.900
15.360
15.830
16.290
16.770
17.230
17.710
18.170
18.630
19.090
19.560
20.030
20.490
20.970
21.450
21.920
22.380
22.840
23.310
23.760
24.220
24.690
25.170
25.640
26.100
26.580
27.060
27.520
27.980
28.450
28.930
29.410
29.890
30.360
30.870
31.340
31.820
32.320
32.810
33.280
33.750
34.230
34.720
35.200
35.700
36.180
36.660
37.140
37.620
38.100
38.590
39.080
39.570
40.060
40.540
41.020
41.510
42.000
42.470
42.950
43.430
43.910
44.420
44.890
45.390
45.870
46.360
46.840
47.320
47.810
48.320
48.810
49.280
49.780
50.270
50.740
51.220
51.710
52.220
52.700
53.180
53.670
54.170
54.650
55.140
55.630
56.120
56.610
57.090
57.580
58.060
58.540
59.030
59.520
60.020
60.490
60.990
61.480
61.960
62.440
62.910
63.410
63.910
64.390
64.880
65.360
65.840
66.310
66.790
67.280
67.750
68.240
68.710
69.180
69.660
70.150
70.620
71.090
71.570
72.060
72.540
73.030
73.530
74.020
74.510
75.010
75.490
75.980
76.450
76.940
77.420
77.900
78.370
78.850
79.340
79.830
80.320
80.800
81.300
81.800
82.290
82.770
83.250
83.740
84.210
84.690
85.180
85.660
86.140
86.600
87.080
87.560
88.040
88.510
89.010
89.490
89.990
90.460
90.950
91.420
91.900
92.380
92.850
93.340
93.810
94.300
94.790
95.260
95.750
96.220
96.700
97.180
97.660
98.140
98.630
99.100
99.580
100.050
100.540
100.990
101.460
101.940
102.410
102.890
103.360
103.850
104.340
104.820
105.330
105.790
106.270
106.770
107.250
107.740
108.240
108.720
109.220
109.690
110.190
110.660
111.140
111.640
112.130
112.630
113.150
113.610
114.120
114.610
115.080
115.570
116.050
116.540
117.030
117.510
117.990
118.470
118.950
119.430
119.900
120.380
120.840
121.330
121.800
122.280
122.770
123.230
123.700
124.180
124.640
125.110
125.590
126.060
126.530
127.030
127.520
128.010
128.480
128.960
129.440
129.910
130.390
130.850
131.330
131.800
132.280
132.760
133.250
133.720
134.210
134.690
135.160
135.640
136.110
136.580
137.070
137.530
138.000
138.460
138.950
139.400
139.880
140.350
140.820
141.280
141.750
142.220
142.690
143.170
143.630
144.100
144.570
145.040
145.530
146.010
146.500
146.970
147.450
147.930
148.410
148.900
149.360
149.840
150.330
150.810
151.280
151.760
152.240
152.720
153.210
153.700
154.170
154.660
155.130
155.610
156.090
156.560
157.060
157.530
158.000
158.460
158.950
159.420
159.900
160.380
160.870
161.350
161.840
162.310
162.780
163.260
163.730
164.230
164.700
165.170
165.640
166.130
166.600
167.090
167.580
168.060
168.540
169.020
169.500
169.970
170.460
170.940
171.430
171.910
172.390
172.910
173.380
173.870
174.360
174.850
175.350
175.830
176.300
176.800
177.280
177.760
178.250
178.740
179.240
179.720
180.220
180.720
181.220
181.730
182.210
182.710
183.210
183.710
184.230
184.720
185.210
185.710
186.200
186.730
187.230
187.750
188.220
188.710
189.170
189.650
190.100
190.570
191.020
191.490
191.930
192.390
192.850
193.330
