0.220
0.610
1.000
1.390
1.790
2.190
2.580
2.990
3.400
3.800
4.180
4.570
4.960
5.350
5.730
6.120
6.510
6.920
7.300
7.680
8.060
8.450
8.830
9.230
9.620
10.020
10.400
10.780
11.190
11.580
11.970
12.340
12.750
13.140
13.520
13.910
14.290
14.680
15.070
15.450
15.840
16.250
16.640
17.030
17.440
17.830
18.240
18.640
19.020
19.420
19.820
20.200
20.600
20.990
21.380
21.770
22.130
22.520
22.930
23.340
23.720
24.120
24.510
24.890
25.290
25.680
26.070
26.460
26.860
27.250
27.650
28.040
28.430
28.820
29.210
29.600
30.000
30.400
30.780
31.180
31.570
31.970
32.350
32.740
33.130
33.520
33.910
34.300
34.690
35.080
35.480
35.860
36.250
36.650
37.030
37.420
37.810
38.190
38.590
38.970
39.370
39.750
40.150
40.530
40.920
41.310
41.720
42.110
42.500
42.900
43.300
43.710
44.100
44.510
44.900
45.280
45.670
46.070
46.460
46.860
47.250
47.650
48.040
48.440
48.830
49.240
49.640
50.040
50.440
50.830
51.240
51.630
52.030
52.420
52.820
53.210
53.610
54.000
54.390
54.790
55.170
55.570
55.960
56.360
56.740
57.130
57.520
57.920
58.310
58.710
59.100
59.500
59.890
60.290
60.680
61.090
61.490
61.900
62.300
62.690
63.080
63.480
63.870
64.270
64.660
65.050
65.450
65.840
66.240
66.650
67.040
67.430
67.820
68.220
68.600
69.000
69.400
69.790
70.170
70.570
70.950
71.340
71.740
72.130
72.520
72.910
73.320
73.720
74.110
74.510
74.900
75.300
75.710
76.100
76.500
76.900
77.280
77.660
78.040
78.440
78.840
79.240
79.650
80.050
80.440
80.830
81.230
81.630
82.020
82.420
82.810
83.210
83.600
83.990
84.390
84.780
85.170
85.570
85.970
86.380
86.770
87.170
87.560
87.950
88.350
88.750
89.140
89.540
89.930
90.330
90.720
91.110
91.500
91.900
92.290
92.690
93.080
93.480
93.880
94.280
94.670
95.080
95.470
95.880
96.260
96.660
97.060
97.470
97.850
98.250
98.660
99.050
99.450
99.840
100.240
100.640
101.030
101.420
101.810
102.210
102.610
103.020
103.410
103.800
104.200
104.600
105.010
105.410
105.800
106.180
106.560
106.940
107.340
107.720
108.120
108.520
108.930
109.300
109.710
110.090
110.480
110.870
111.250
111.640
112.030
112.420
112.800
113.190
113.570
113.980
114.370
114.760
115.150
115.520
115.920
116.320
116.690
117.090
117.480
117.870
118.280
118.690
119.060
119.460
119.840
120.240
120.630
121.030
121.410
121.820
122.200
122.610
123.000
123.360
123.750
124.120
124.530
124.910
125.300
125.690
126.080
126.470
126.870
127.270
127.670
128.080
128.450
128.850
129.230
129.620
130.010
130.410
130.800
131.190
131.590
131.980
132.360
132.760
133.150
133.550
133.940
134.330
134.720
135.110
135.500
135.880
136.280
136.690
137.090
137.490
137.890
138.280
138.690
139.070
139.470
139.880
140.270
140.670
141.060
141.460
141.850
142.240
142.640
143.020
143.420
143.830
144.220
144.610
144.990
145.390
145.790
146.200
146.580
146.970
147.380
147.750
148.140
148.550
148.930
149.350
149.730
150.140
150.520
150.910
151.310
151.710
152.110
152.500
152.880
153.290
153.680
154.080
154.470
154.870
155.260
155.670
156.050
156.460
156.860
157.250
157.650
158.040
158.420
158.820
159.200
159.590
159.980
160.370
160.740
161.130
161.520
161.930
162.320
162.710
163.100
163.490
163.890
164.290
164.680
165.080
165.460
165.870
166.250
166.640
167.040
167.430
167.820
168.220
168.600
168.990
169.390
169.790
170.170
170.560
170.950
171.350
171.740
172.140
172.540
172.940
173.320
173.700
174.100
174.500
174.880
175.280
175.670
176.060
176.440
176.830
177.220
177.620
178.010
178.410
178.790
179.180
179.570
179.970
180.360
180.750
181.150
181.550
181.940
182.340
182.730
183.130
183.510
183.910
184.290
184.680
185.070
185.470
185.840
186.230
186.620
187.010
187.400
187.790
188.170
188.560
188.950
189.350
189.730
190.130
190.510
190.910
191.290
191.680
192.080
192.480
192.870
193.270
193.650
194.040
194.430
194.820
195.220
195.600
196.000
196.400
196.790
197.180
197.570
197.960
198.360
198.760
199.140
199.540
199.940
200.330
200.720
201.130
201.530
201.920
202.310
202.720
203.120
203.510
203.900
204.300
204.690
205.090
205.470
205.880
206.280
206.670
207.060
207.470
207.870
208.270
208.650
209.050
209.430
209.830
210.230
210.610
211.000
211.400
211.800
212.190
212.590
213.000
213.390
213.790
214.180
214.580
214.960
215.370
215.750
216.140
216.530
216.930
217.320
217.720
218.100
218.510
218.900
219.290
219.680
220.090
220.470
220.870
221.250
221.660
222.040
222.440
222.820
223.210
223.610
224.000
224.390
224.780
225.160
225.550
225.940
226.330
226.710
227.100
227.490
227.890
228.280
228.670
229.060
229.460
229.840
230.240
230.640
231.040
231.420
231.810
232.200
232.600
232.980
233.370
233.770
234.160
234.550
234.940
235.330
235.730
236.120
236.510
236.890
237.290
237.700
238.100
238.470
238.870
239.270
239.660
240.040
240.430
240.820
241.210
241.600
241.980
242.370
242.760
243.150
243.540
243.910
244.280
244.690
245.100
245.480
245.900
246.280
246.670
247.050
247.450
247.850
248.230
248.590
249.000
249.380
249.770
250.170
250.570
250.970
251.380
251.760
252.160
252.540
252.940
253.330
253.730
254.110
254.510
254.890
255.290
255.680
256.070
256.470
256.880
257.260
257.660
258.040
258.460
258.840
259.240
259.620
260.020
260.410
260.810
261.210
261.620
262.020
262.410
262.790
263.180
263.580
263.990
264.390
264.780
265.180
265.580
265.970
266.370
266.790
267.190
267.590
267.970
268.370
268.790
269.180
269.580
269.970
270.380
270.700
271.010
271.340
271.650
271.970
272.290
272.610
272.940
273.260
273.570
273.900
274.220
274.530
274.850
275.180
275.500
275.810
276.140
276.460
276.770
277.090
277.420
277.740
278.050
278.370
278.700
279.010
279.330
279.660
279.980
280.290
280.610
280.940
281.260
281.570
281.900
282.220
282.530
282.850
283.180
283.500
283.810
284.140
284.460
284.770
285.090
285.420
285.730
286.060
286.370
