0.700
1.540
2.360
3.230
4.090
5.040
5.960
6.850
7.790
8.740
9.690
10.530
11.410
12.190
12.940
13.690
14.500
15.270
16.030
16.790
17.510
18.280
19.020
19.750
20.530
21.400
22.190
23.070
23.940
24.810
25.610
26.390
27.130
27.930
28.730
29.490
30.270
31.080
31.870
32.620
33.390
34.190
34.990
35.830
36.580
37.310
38.070
38.910
39.710
40.490
41.420
42.340
43.230
44.190
45.090
46.030
46.980
47.860
48.800
49.770
50.710
51.810
52.860
54.010
55.060
55.890
56.780
57.660
58.530
59.380
60.320
61.190
62.080
62.910
63.770
64.630
65.480
66.340
67.200
68.030
68.880
69.730
70.570
71.450
72.310
73.130
73.970
74.830
75.700
76.560
77.430
78.290
79.160
80.000
80.860
81.720
82.580
83.470
84.280
85.150
86.040
86.880
87.750
88.600
89.460
90.300
91.170
92.010
92.820
93.670
94.560
95.390
96.230
97.060
97.910
98.760
99.610
100.460
101.320
102.190
103.040
103.900
104.760
105.640
106.510
107.340
108.220
109.090
109.940
110.780
111.640
112.490
113.360
114.240
115.090
115.970
116.830
117.690
118.560
119.440
120.300
121.180
122.060
122.930
123.760
124.640
125.520
126.370
127.230
128.090
128.940
129.800
130.670
131.540
132.390
133.290
134.130
135.010
135.890
136.750
137.630
138.490
139.360
140.260
141.100
141.950
142.840
143.710
144.560
145.400
146.270
147.110
147.960
148.820
149.680
150.520
151.410
152.250
153.110
153.980
154.820
155.680
156.560
157.430
158.280
159.100
159.960
160.820
161.650
162.490
163.360
164.210
165.000
165.830
166.720
167.550
168.440
169.280
170.130
171.020
171.840
172.660
173.520
174.390
175.260
176.110
176.980
177.860
178.700
179.520
180.390
181.280
182.140
183.020
183.880
184.760
185.610
186.500
187.390
188.270
189.180
190.040
190.910
191.790
192.650
193.540
194.380
195.250
196.150
196.970
197.840
198.690
199.580
200.450
201.280
202.150
203.020
203.860
204.750
205.600
206.410
207.280
208.160
209.070
209.950
210.840
211.690
212.570
213.450
214.330
215.210
216.090
216.970
217.830
218.700
219.600
220.450
221.330
222.210
223.080
223.970
224.810
225.670
226.520
227.370
228.230
229.060
229.940
230.820
231.670
232.560
233.400
234.250
235.110
235.960
236.820
237.690
238.550
239.440
240.290
241.150
241.990
242.860
243.750
244.610
245.490
246.340
247.210
248.080
248.980
249.830
250.680
251.580
252.400
253.280
254.140
255.000
255.840
256.750
257.630
258.490
259.360
260.220
261.080
261.930
262.780
263.620
264.510
265.350
266.220
267.080
267.960
268.830
269.690
270.540
271.430
272.300
273.140
274.000
274.870
275.730
276.570
277.470
278.330
279.200
280.020
280.880
281.730
282.580
283.440
284.320
285.170
286.020
286.890
287.770
288.620
289.540
290.400
291.390
292.310
293.290
294.200
295.150
296.100
297.060
297.990
298.940
299.910
300.800
301.760
302.720
303.690
304.690
305.650
306.580
307.570
308.480
309.490
310.420
311.410
