0.180
0.910
1.590
2.300
2.970
3.690
4.420
5.170
5.950
6.660
7.370
8.120
8.870
9.570
10.280
11.010
11.740
12.450
13.180
13.930
14.670
15.410
16.120
16.900
17.630
18.320
19.020
19.730
20.450
21.200
21.950
22.680
23.370
24.100
24.860
25.570
26.310
27.060
27.760
28.510
29.280
30.030
30.750
31.540
32.280
32.990
33.730
34.490
35.210
35.990
36.730
37.470
38.200
38.920
39.680
40.420
41.150
41.890
42.580
43.290
44.060
44.760
45.500
46.250
46.950
47.680
48.440
49.210
49.950
50.670
51.470
52.210
52.950
53.660
54.360
55.100
55.870
56.640
57.360
58.160
58.900
59.620
60.370
61.080
61.850
62.600
63.300
64.020
64.790
65.490
66.240
66.970
67.740
68.460
69.190
69.900
70.660
71.380
72.080
72.760
73.470
74.220
74.940
75.710
76.410
77.170
77.890
78.640
79.410
80.140
80.850
81.630
82.340
83.030
83.770
84.540
85.260
85.990
86.730
87.480
88.200
88.920
89.700
90.400
91.180
91.900
92.560
93.290
94.000
94.670
95.370
96.090
96.790
97.490
98.210
98.960
99.700
100.410
101.190
101.890
102.610
103.310
104.050
104.770
105.490
106.220
106.900
107.640
108.320
109.040
109.730
110.440
111.210
111.940
112.660
113.410
114.150
114.900
115.650
116.380
117.120
117.890
118.640
119.410
120.160
120.900
121.620
122.370
123.070
123.820
124.560
125.250
125.990
126.690
127.430
128.160
128.920
129.620
130.320
131.030
131.780
132.520
133.240
133.990
134.710
135.480
136.240
136.980
137.720
138.480
139.210
139.960
140.720
141.410
142.160
142.880
143.630
144.370
145.110
145.880
146.640
147.390
148.160
148.870
149.580
150.290
150.980
151.670
152.410
153.150
153.850
154.610
155.390
156.130
156.870
157.600
158.370
159.090
159.830
160.560
161.310
162.050
162.820
163.540
164.290
165.010
165.710
166.420
167.160
167.890
168.570
169.310
170.070
170.840
171.620
172.400
173.200
173.990
174.740
175.500
176.290
177.050
177.800
178.540
179.290
180.080
180.840
181.590
182.350
183.090
183.860
184.640
185.390
186.090
186.830
187.530
188.260
189.000
189.710
190.420
191.150
191.860
192.550
193.330
194.120
194.900
195.700
196.460
197.240
198.020
198.780
199.540
200.350
201.100
201.820
202.560
203.310
204.100
204.850
205.580
206.330
207.100
207.840
208.580
209.320
210.100
210.840
211.590
212.350
213.140
213.910
214.680
215.390
216.150
216.910
217.680
218.420
219.160
219.860
220.630
221.340
222.090
222.820
223.590
224.380
225.110
225.860
226.660
227.400
228.150
228.910
229.650
230.400
231.180
231.930
232.680
233.410
234.200
234.960
235.730
236.450
237.240
237.990
238.720
239.470
240.230
241.050
241.830
242.550
243.300
244.070
244.820
245.550
246.300
247.070
247.810
248.550
249.300
250.060
250.810
251.560
252.290
253.010
253.760
254.490
255.270
255.970
256.710
257.470
258.170
258.930
259.660
260.400
261.200
261.940
262.730
263.460
264.190
264.950
265.680
266.460
267.220
267.950
268.720
269.450
270.180
270.900
271.660
272.400
273.190
273.910
274.670
275.430
276.160
276.920
277.670
278.470
279.220
279.940
280.700
281.450
282.170
282.890
283.610
284.320
284.860
285.410
285.940
286.520
287.060
287.660
288.240
288.840
289.440
290.020
290.620
291.180
291.770
292.360
292.970
293.580
294.190
294.830
295.410
296.050
296.660
