0.700
1.640
2.590
3.540
4.500
5.440
6.360
7.300
8.190
9.030
9.910
10.730
11.560
12.410
13.210
14.030
14.900
15.720
16.520
17.310
18.160
18.940
19.760
20.520
21.320
22.180
23.020
23.800
24.650
25.460
26.270
27.070
27.890
28.700
29.500
30.340
31.160
32.030
32.860
33.690
34.480
35.330
36.140
36.950
37.760
38.570
39.450
40.260
41.120
41.910
42.740
43.570
44.380
45.180
46.090
46.930
47.830
48.700
49.520
50.390
51.300
52.130
52.980
53.830
54.680
55.480
56.340
57.190
58.030
58.980
59.880
60.770
61.640
62.510
63.380
64.260
65.150
66.010
66.910
67.750
68.640
69.510
70.420
71.220
71.980
72.780
73.550
74.340
75.120
75.920
76.710
77.450
78.210
79.010
79.810
80.560
81.340
82.120
82.920
83.700
84.530
85.280
86.100
86.850
87.610
88.380
89.160
89.910
90.700
91.480
92.270
93.040
93.830
94.610
95.430
96.210
97.000
97.780
98.560
99.350
100.120
100.880
101.690
102.510
103.270
104.050
104.850
105.610
106.370
107.190
108.000
108.770
109.560
110.340
111.090
111.870
112.630
113.450
114.280
115.090
115.850
116.660
117.360
117.930
118.490
119.090
119.670
120.250
120.830
121.420
121.970
122.570
123.150
123.730
124.270
124.840
125.430
125.980
126.570
127.090
127.650
128.150
128.680
129.230
129.780
130.320
130.910
131.460
132.000
132.550
133.080
133.620
134.170
134.700
135.240
135.770
136.320
136.860
137.350
137.880
138.360
138.870
139.370
139.870
140.370
140.900
141.440
141.940
142.450
142.970
143.480
144.010
144.540
145.060
145.570
146.080
146.600
147.110
147.630
148.160
148.670
149.190
149.690
150.220
150.730
151.210
151.750
152.270
152.780
153.290
153.820
154.360
154.890
155.410
155.920
156.440
156.950
157.480
158.000
158.510
159.020
159.570
160.060
160.600
161.120
161.650
162.150
162.670
163.200
163.730
164.280
164.780
165.320
165.850
166.350
166.880
167.380
167.910
168.440
168.940
169.480
169.990
170.520
171.040
171.540
172.060
172.620
173.140
173.650
174.190
174.710
175.230
175.750
176.260
176.790
177.320
177.830
178.350
178.870
179.380
179.900
180.420
180.940
181.470
182.000
182.500
183.020
183.570
184.100
184.610
185.100
185.640
186.150
186.660
187.210
187.720
188.250
188.800
189.350
189.970
190.820
191.680
192.560
193.380
194.220
195.110
195.960
196.780
197.640
198.520
199.330
200.160
201.010
201.920
202.770
203.630
204.470
205.310
206.220
207.080
207.880
208.750
209.610
210.470
211.330
212.210
213.040
213.910
214.730
215.610
216.470
217.310
218.170
219.080
219.930
220.760
221.540
222.100
222.650
223.230
223.790
224.350
224.930
225.480
226.050
226.630
227.200
227.750
228.320
228.890
229.460
230.020
230.570
231.150
231.720
232.320
232.880
233.440
234.020
234.590
235.150
235.700
236.270
236.830
237.390
237.950
238.510
239.070
239.670
240.250
240.820
241.370
241.950
242.500
243.060
243.620
244.210
244.770
245.320
245.920
246.480
247.030
247.590
248.160
248.720
249.310
249.870
250.430
251.040
251.620
