0.490
1.430
2.290
3.170
4.040
4.880
5.740
6.620
7.470
8.350
9.230
10.120
10.980
11.900
12.770
13.700
14.600
15.520
16.400
17.290
18.200
19.070
20.020
20.920
21.810
22.710
23.650
24.570
25.500
26.390
27.310
28.210
29.130
30.060
31.000
31.920
32.810
33.730
34.660
35.540
36.460
37.390
38.300
39.230
40.140
41.000
41.920
42.830
43.750
44.660
45.600
46.500
47.390
48.340
49.260
50.200
51.110
52.070
52.970
53.890
54.810
55.720
56.630
57.550
58.480
59.390
60.310
61.240
62.180
63.090
64.020
64.940
65.870
66.770
67.730
68.630
69.550
70.470
71.380
72.310
73.230
74.160
75.070
76.000
76.920
77.860
78.810
79.720
80.660
81.590
82.500
83.440
84.360
85.300
86.250
87.200
88.100
89.020
89.990
90.900
91.830
92.770
93.680
94.580
95.540
96.440
97.380
98.340
99.240
100.200
101.130
102.080
103.030
104.000
104.960
105.940
106.880
107.810
108.740
109.690
110.630
111.570
112.500
113.440
114.420
115.360
116.270
117.210
118.140
119.110
120.070
121.010
121.940
122.880
123.840
124.760
125.730
126.640
127.590
128.510
129.440
130.350
131.300
132.220
133.180
134.150
135.080
136.030
136.960
137.910
138.850
139.810
140.760
141.730
142.700
143.670
144.600
145.580
146.480
147.420
148.370
149.340
150.310
151.290
152.230
153.210
154.120
155.060
155.980
156.910
157.840
158.790
159.700
160.640
161.590
162.530
163.470
164.400
165.370
166.230
167.150
168.100
169.020
169.930
170.830
171.730
172.660
173.590
174.520
175.460
176.340
177.270
178.170
179.140
180.040
180.960
181.890
182.810
183.770
184.690
185.620
186.520
187.480
188.350
189.270
190.160
191.080
191.970
192.890
193.880
194.850
195.770
196.780
197.650
198.570
199.480
200.410
201.350
202.260
203.140
204.080
204.990
205.930
206.870
207.840
208.830
209.700
210.550
211.420
212.330
213.220
214.080
215.010
215.920
216.820
217.720
218.620
219.590
220.530
221.420
222.360
223.350
224.280
225.150
226.090
226.960
227.890
228.790
229.670
230.590
231.500
232.430
233.310
234.230
235.170
236.070
237.020
237.930
238.830
239.750
240.680
241.600
242.500
243.420
244.310
245.220
246.140
247.060
248.010
248.950
249.860
250.810
251.730
252.680
253.620
254.540
255.470
256.410
257.360
258.310
259.220
260.160
261.100
262.020
262.950
263.870
264.810
265.740
266.670
267.610
268.610
269.540
270.450
271.380
272.370
273.240
274.180
275.100
276.010
276.940
277.880
278.790
279.690
280.610
281.520
282.450
283.400
284.340
285.250
286.200
287.120
288.060
288.990
289.950
290.860
291.790
292.700
293.650
294.550
295.440
296.370
297.300
298.250
299.170
300.100
301.020
301.950
302.830
303.750
304.670
305.580
306.510
307.420
308.340
309.260
310.200
311.110
312.060
312.980
313.910
314.830
315.770
316.690
317.630
318.540
319.500
320.440
321.360
322.290
323.220
324.130
325.020
325.910
326.850
327.750
328.640
329.620
330.570
331.500
332.440
333.350
334.300
335.200
336.130
337.070
338.030
338.990
339.920
340.820
341.800
342.750
343.720
344.690
345.580
346.530
347.420
348.350
349.300
350.220
351.170
352.100
353.050
354.010
354.900
355.870
356.800
357.730
358.710
359.610
360.550
361.500
362.470
363.470
364.410
365.420
366.330
367.380
368.430
369.440
370.360
371.420
372.380
373.410
374.400
375.360
376.410
377.320
378.310
379.290
