0.610
1.630
2.640
3.550
4.560
5.500
6.380
7.260
8.210
9.070
10.130
11.190
12.330
13.270
14.280
15.270
16.250
17.270
18.240
19.250
20.220
21.220
22.200
23.230
24.220
25.220
26.190
27.210
28.260
29.240
30.240
31.210
32.190
33.170
34.130
35.140
36.130
37.130
38.170
39.270
40.340
41.320
42.310
43.330
44.360
45.350
46.330
47.350
48.350
49.330
50.300
51.290
52.270
53.290
54.320
55.290
56.340
57.370
58.330
59.320
60.320
61.300
62.300
63.260
64.250
65.310
66.270
67.320
68.280
69.350
70.320
71.350
72.340
73.350
74.330
75.330
76.390
77.440
78.370
79.390
80.310
81.340
82.320
83.340
84.300
85.310
86.310
87.330
88.300
89.330
90.330
91.320
92.310
93.320
94.300
95.330
96.300
97.310
98.320
99.390
100.330
101.380
102.330
103.310
104.270
105.310
106.350
107.390
108.440
109.490
110.540
111.490
112.560
113.550
114.550
115.580
116.580
117.600
118.680
119.680
120.790
121.800
122.910
123.880
124.890
125.890
126.880
127.830
128.890
129.960
131.030
132.060
133.110
134.180
135.270
136.400
137.430
138.520
139.620
140.680
141.730
142.810
143.810
144.930
146.000
147.100
148.180
149.280
150.360
