0.670
1.540
2.450
3.340
4.300
5.190
6.080
7.050
8.050
9.030
9.960
10.910
11.750
12.520
13.320
14.140
14.980
15.770
16.440
17.180
17.870
18.520
19.160
19.850
20.480
21.150
21.830
22.450
23.040
23.590
24.140
24.730
25.200
25.720
26.200
26.720
27.210
27.710
28.230
28.770
29.330
29.840
30.380
30.950
31.450
31.980
32.550
33.080
33.630
34.150
34.710
35.250
35.790
36.300
36.850
37.380
37.930
38.510
39.060
39.580
40.150
40.790
41.430
42.090
42.800
43.510
44.170
44.910
45.720
46.460
47.260
48.010
48.790
49.470
50.180
50.910
51.720
52.470
53.250
54.060
54.850
55.620
56.380
57.160
57.950
58.750
59.480
60.200
60.960
61.740
62.480
63.220
63.990
64.720
65.470
66.200
66.990
67.710
68.450
69.170
69.960
70.720
71.590
72.510
73.420
74.270
75.220
76.240
77.170
78.150
79.070
79.950
80.690
81.480
82.260
83.000
83.810
84.640
85.590
86.470
87.410
88.290
89.210
89.950
90.760
91.490
92.290
93.130
93.930
94.610
95.330
96.060
96.800
97.540
98.250
98.900
99.540
100.210
100.820
101.420
102.050
102.700
103.350
104.080
104.760
105.450
106.110
106.800
107.510
108.200
108.860
109.520
110.200
110.920
111.590
112.300
112.980
113.720
114.420
115.130
115.840
116.540
117.270
117.970
118.710
119.420
120.170
120.870
121.550
122.290
122.970
123.640
124.330
124.990
125.730
126.400
127.100
127.830
128.570
129.260
130.000
130.690
131.440
132.130
132.880
133.580
134.290
135.040
135.730
136.440
137.130
137.860
138.570
139.280
139.990
140.780
141.520
142.180
142.900
143.570
144.280
144.950
145.610
146.260
146.910
147.600
148.300
148.970
149.730
150.480
151.180
151.940
152.690
153.460
154.210
154.910
155.640
156.380
157.050
157.790
158.480
159.150
159.840
160.530
161.230
161.930
162.650
163.370
164.110
164.840
165.520
166.270
167.000
167.690
168.390
169.110
169.830
170.530
171.250
171.980
172.730
173.550
174.290
175.090
175.850
176.610
177.390
178.110
178.870
179.670
180.390
181.150
181.840
182.580
183.290
184.000
184.740
185.460
186.210
186.920
187.660
188.430
189.140
189.890
190.610
191.300
192.040
192.730
193.450
194.140
194.860
195.640
196.350
197.150
197.890
198.630
199.400
200.180
201.010
201.770
202.570
203.340
204.180
204.950
205.780
206.550
207.340
208.110
208.870
209.610
210.400
211.100
211.840
212.600
213.320
214.000
214.690
215.380
216.020
216.710
217.440
218.120
218.930
219.730
220.500
221.270
222.070
222.860
223.630
224.390
225.200
225.990
226.680
227.320
227.980
228.600
229.260
229.980
230.800
231.550
232.320
233.080
233.860
234.570
235.330
236.100
236.820
237.490
238.240
238.920
239.620
240.440
241.220
241.990
242.790
243.620
244.420
245.210
246.030
246.820
247.620
248.390
249.210
249.970
250.750
251.560
252.350
253.020
253.770
254.460
255.160
255.940
256.760
257.550
258.360
259.220
260.160
261.030
261.960
262.940
263.900
264.860
265.790
266.880
