0.290
0.830
1.410
1.980
2.510
3.100
3.600
4.120
4.640
5.190
5.690
6.210
6.720
7.280
7.800
8.320
8.850
9.380
9.890
10.420
10.930
11.470
11.980
12.510
13.020
13.560
14.080
14.600
15.130
15.650
16.170
16.690
17.210
17.750
18.260
18.820
19.320
19.880
20.370
20.920
21.400
21.930
22.440
22.960
23.460
23.990
24.500
25.000
25.510
26.030
26.570
27.080
27.580
28.110
28.620
29.160
29.670
30.220
30.730
31.240
31.770
32.300
32.820
33.340
33.880
34.400
34.920
35.470
35.990
36.520
37.020
37.560
38.070
38.580
39.090
39.620
40.170
40.690
41.220
41.740
42.240
42.780
43.280
43.800
44.310
44.860
45.350
45.890
46.390
46.930
47.440
47.950
48.480
49.000
49.510
50.020
50.530
51.060
51.570
52.100
52.600
53.140
53.640
54.180
54.680
55.220
55.710
56.240
56.740
57.250
57.750
58.270
58.790
59.310
59.840
60.330
60.860
61.370
61.880
62.390
62.900
63.420
63.920
64.460
64.990
65.530
66.050
66.580
67.120
67.630
68.160
68.700
69.220
69.730
70.240
70.760
71.270
71.800
72.320
72.840
73.360
73.890
74.410
74.900
75.410
75.930
76.420
76.940
77.460
77.980
78.480
79.010
79.510
80.030
80.540
81.060
81.560
82.080
82.570
83.070
83.560
84.070
84.570
85.080
85.600
86.100
86.620
87.140
87.660
88.180
88.690
89.200
89.720
90.220
90.710
91.230
91.750
92.260
92.770
93.290
93.800
94.320
94.830
95.340
95.840
96.350
96.890
97.390
97.890
98.420
98.930
99.440
99.950
100.450
100.960
101.480
101.960
102.490
102.990
103.500
104.010
104.530
105.040
105.530
106.030
106.550
107.050
107.570
108.070
108.610
109.120
109.620
110.120
110.630
111.130
111.640
112.150
112.660
113.160
113.670
114.190
114.700
115.200
115.720
116.210
116.730
117.240
117.750
118.270
118.770
119.260
119.770
120.270
120.780
121.280
121.800
122.300
122.810
123.310
123.810
124.310
124.830
125.350
125.890
126.400
126.920
127.420
127.940
128.460
128.970
129.460
129.970
130.490
130.990
131.500
132.010
132.520
133.050
133.550
134.070
134.570
135.080
135.580
136.100
136.600
137.110
137.630
138.120
138.610
139.150
139.660
140.160
140.670
141.180
141.690
142.190
142.700
143.210
143.720
144.230
144.740
145.260
145.760
146.270
146.790
147.320
147.820
148.320
148.830
149.350
149.850
150.360
150.880
151.410
151.910
152.430
152.920
153.420
153.920
154.440
154.930
155.450
155.940
156.450
156.950
157.470
157.980
158.490
159.000
159.510
160.000
160.520
161.000
161.510
162.010
162.540
163.040
163.550
164.040
164.550
165.020
165.530
166.010
166.540
167.050
167.560
168.050
168.560
169.080
169.590
170.080
170.570
171.100
171.590
172.090
172.560
173.040
173.490
173.980
174.440
174.910
175.370
175.860
176.310
176.780
177.250
177.720
178.200
178.680
179.170
179.660
180.140
180.620
181.100
181.560
