0.380
0.860
1.340
1.840
2.300
2.800
3.260
3.740
4.220
4.720
5.200
5.660
6.160
6.640
7.100
7.580
8.060
8.570
9.080
9.620
10.140
10.680
11.220
11.760
12.290
12.820
13.340
13.850
14.380
14.890
15.410
15.930
16.470
17.000
17.540
18.070
18.600
19.130
19.660
20.190
20.710
21.250
21.780
22.300
22.810
23.350
23.860
24.280
24.740
25.170
25.690
26.210
26.730
27.250
27.770
28.250
28.770
29.270
29.790
30.300
30.820
31.320
31.830
32.360
32.870
33.380
33.890
34.400
34.940
35.470
35.990
36.520
37.050
37.590
38.090
38.610
39.110
39.620
40.140
40.670
41.180
41.700
42.240
42.770
43.340
43.870
44.430
45.000
45.540
46.050
46.570
47.080
47.590
48.100
48.630
49.130
49.640
50.150
50.660
51.180
51.680
52.170
52.690
53.200
53.710
54.240
54.750
55.260
55.750
56.260
56.760
57.280
57.810
58.310
58.830
59.320
59.810
60.330
60.840
61.370
61.900
62.430
62.920
63.440
63.950
64.440
64.940
65.460
65.980
66.490
67.000
67.510
68.000
68.530
69.040
69.550
70.070
70.580
71.070
71.560
72.070
72.590
73.080
73.590
74.080
74.600
75.120
75.610
76.130
76.620
77.110
77.630
78.180
78.770
79.360
79.920
80.440
80.950
81.460
81.950
82.460
82.970
83.480
84.000
84.520
85.050
85.560
86.080
86.610
87.140
87.650
88.160
88.680
89.190
89.680
90.170
90.660
91.100
91.490
91.890
92.280
92.660
93.000
93.370
93.730
94.070
94.420
94.780
95.160
95.500
95.880
96.270
96.650
97.040
97.420
