0.230
0.680
1.150
1.590
2.030
2.470
2.930
3.360
3.800
4.250
4.680
5.090
5.530
5.970
6.410
6.850
7.320
7.780
8.250
8.690
9.120
9.530
9.980
10.420
10.840
11.290
11.730
12.120
12.540
12.960
13.360
13.740
14.150
14.580
15.010
15.440
15.870
16.300
16.720
17.130
17.560
17.980
18.420
18.850
19.270
19.700
20.130
20.550
20.980
21.430
21.840
22.300
22.740
23.230
23.690
24.170
24.670
25.140
25.580
26.040
26.520
26.970
27.420
27.890
28.420
28.950
29.450
29.980
30.490
30.930
31.340
31.770
32.200
32.610
33.030
33.460
33.890
34.310
34.730
35.160
35.610
36.010
36.450
36.860
37.290
37.720
38.160
38.580
39.010
39.420
39.850
40.260
40.660
41.060
41.480
41.880
42.290
42.700
43.120
43.530
43.950
44.340
44.760
45.170
45.570
45.990
46.390
46.810
47.220
47.640
48.040
48.440
48.850
49.250
49.650
50.070
50.470
50.870
51.260
51.660
52.090
52.490
52.910
53.340
53.770
54.170
54.600
55.010
55.440
55.850
56.280
56.700
57.130
57.540
57.960
58.400
58.830
59.270
59.680
60.110
60.530
60.950
61.360
61.780
62.260
62.710
63.180
63.610
64.070
64.520
64.920
65.340
65.750
66.160
66.580
67.000
67.430
67.830
68.250
68.680
69.110
69.510
69.960
70.380
70.800
71.230
71.670
72.110
72.540
72.950
73.360
73.810
74.220
74.650
75.100
75.530
75.950
76.350
76.790
77.190
77.620
78.070
78.480
78.930
79.360
79.770
80.220
80.650
81.070
81.530
81.950
82.400
82.810
83.240
83.650
84.090
84.490
84.930
85.330
85.780
86.190
86.620
87.070
87.490
87.910
88.360
88.760
89.200
89.610
90.020
90.460
90.870
91.320
91.740
92.180
92.640
93.080
93.510
93.930
94.370
94.780
95.210
95.620
96.070
96.480
96.920
97.360
97.790
98.220
98.630
99.070
99.490
99.940
100.340
100.780
101.200
101.610
102.020
102.460
102.870
103.280
103.710
104.150
104.580
105.000
105.430
105.850
106.290
106.700
107.140
107.550
107.980
108.390
108.800
109.240
109.640
110.060
110.490
110.910
111.320
111.760
112.190
112.610
113.050
113.460
113.880
114.300
114.690
115.110
115.520
115.930
116.350
116.770
117.200
117.650
118.130
118.610
119.020
119.430
119.840
120.240
120.650
121.070
121.470
121.880
122.290
122.700
123.110
123.520
123.930
124.350
124.760
125.160
125.580
125.980
126.400
126.800
127.210
127.620
128.030
128.440
128.850
129.270
129.690
130.100
130.530
130.930
131.330
131.750
132.170
132.580
132.980
133.400
133.790
134.200
134.630
135.040
135.450
135.850
136.260
136.680
137.090
137.500
137.900
138.310
138.720
139.140
139.540
139.950
140.360
140.770
141.190
141.580
142.000
142.400
142.810
143.220
143.630
144.030
144.430
144.840
145.270
145.690
146.110
146.520
146.930
147.350
147.760
148.180
148.580
148.990
149.410
149.830
150.230
150.660
151.070
151.480
151.880
152.280
152.690
153.120
153.520
153.940
154.340
154.750
155.160
155.570
155.990
156.400
156.810
157.240
157.650
158.060
158.480
158.880
159.310
159.720
160.120
160.540
160.960
161.370
161.790
162.200
162.620
163.040
163.450
163.870
164.280
164.680
165.090
165.490
165.910
166.300
166.710
167.140
167.540
167.940
168.350
168.770
169.160
169.580
169.970
170.380
170.780
171.160
171.580
171.970
172.380
172.810
173.220
173.620
174.030
174.440
174.850
175.250
175.660
176.060
176.470
176.860
177.270
177.670
178.080
178.490
178.890
179.290
179.700
180.110
180.530
180.950
181.350
181.760
182.200
182.610
183.020
183.430
183.840
184.240
184.650
185.050
185.450
185.840
186.270
186.680
187.070
187.490
187.900
188.320
188.730
189.120
189.540
189.940
190.360
190.750
191.160
191.570
191.990
192.400
192.800
193.210
193.630
194.040
194.460
194.870
195.300
195.700
196.100
196.520
196.930
197.340
197.750
198.180
198.590
199.000
199.420
199.830
200.250
200.660
201.080
201.490
201.900
202.330
202.740
203.150
203.560
203.960
204.380
204.780
205.200
205.610
206.010
206.420
206.840
207.240
207.650
208.060
208.470
208.890
209.290
209.710
210.130
210.530
210.940
211.350
211.780
212.190
212.600
213.010
213.420
213.820
214.240
214.640
215.050
215.460
215.860
216.280
216.680
217.080
217.500
217.920
218.340
218.750
219.160
219.570
219.980
220.400
220.800
221.230
221.640
222.060
222.460
222.870
223.290
223.710
224.120
224.530
224.930
225.340
225.730
226.120
226.540
226.950
227.390
227.810
228.220
228.630
229.040
229.440
229.850
230.250
230.660
231.080
231.490
231.910
232.300
232.730
233.120
233.530
233.930
234.330
234.750
235.140
235.560
235.960
236.380
236.790
237.200
237.620
238.010
238.430
238.830
239.250
239.660
240.060
240.480
240.880
241.290
241.720
242.120
242.540
242.950
243.350
243.760
244.160
244.570
245.000
245.410
245.810
246.200
246.610
247.020
247.420
247.820
248.220
248.620
249.010
249.420
249.820
250.240
250.640
251.040
251.430
251.800
252.230
252.670
253.120
253.560
254.030
254.460
254.910
255.320
255.740
256.150
256.530
256.930
257.340
257.760
258.170
258.570
258.970
259.360
259.760
260.160
260.580
260.980
261.390
261.790
262.210
262.590
262.990
263.380
263.780
264.150
264.560
264.930
265.320
265.720
266.150
266.570
266.980
267.420
267.830
268.250
268.670
269.080
269.500
269.900
270.320
270.730
271.140
271.540
271.950
272.350
272.750
273.130
273.530
273.940
274.340
274.730
275.120
275.520
275.920
276.290
276.710
277.100
277.510
277.930
278.360
278.770
279.170
279.570
279.940
280.330
280.740
281.120
281.500
281.910
282.310
282.690
283.090
283.480
283.870
284.260
284.660
285.050
285.460
285.860
286.270
286.660
287.070
287.450
287.880
288.290
288.690
289.090
289.470
289.880
290.280
290.680
291.080
291.470
291.900
292.320
292.720
293.150
293.570
293.980
294.390
294.800
295.230
295.660
296.070
296.470
296.880
297.300
297.710
298.110
298.520
298.930
299.330
299.740
300.140
300.540
300.970
301.370
301.770
302.200
302.600
303.000
303.420
303.840
304.240
304.650
305.060
305.470
305.890
306.300
306.700
307.110
307.530
307.940
308.350
308.740
309.150
309.570
309.980
310.400
310.810
311.220
311.620
312.030
312.440
312.820
313.230
313.620
314.030
314.430
314.860
315.260
315.680
316.070
316.490
316.900
317.310
317.730
318.120
318.540
318.930
319.350
319.730
320.140
320.570
320.960
321.380
321.800
322.230
322.660
323.080
323.500
323.900
324.340
324.760
325.170
325.600
326.030
326.470
326.930
327.370
327.800
328.240
328.680
329.110
329.560
330.020
330.490
330.940
331.420
331.870
332.320
332.780
333.260
333.700
334.140
334.610
335.050
335.490
335.950
336.390
336.840
337.290
337.760
338.190
338.640
339.110
339.560
340.020
340.480
340.940
