0.340
1.110
1.810
2.590
3.280
4.000
4.670
5.370
6.110
6.820
7.500
8.230
8.920
9.620
10.340
11.050
11.780
12.460
13.200
13.890
14.610
15.340
16.040
16.720
17.440
18.120
18.840
19.560
20.250
20.910
21.590
22.300
23.000
23.690
24.390
25.080
25.820
26.520
27.230
27.930
28.610
29.330
30.050
30.720
31.390
32.110
32.820
33.490
34.180
34.900
35.600
36.290
36.980
37.670
38.340
39.050
39.750
40.450
41.160
41.830
42.530
43.250
43.990
44.670
45.340
46.050
46.750
47.430
48.110
48.810
49.540
50.240
50.910
51.610
52.310
52.990
53.650
54.330
54.990
55.670
56.370
57.040
57.710
58.380
59.080
59.760
60.490
61.170
61.870
62.540
63.250
63.950
64.670
65.360
66.040
66.720
67.360
68.050
68.730
69.430
70.100
70.800
71.520
72.210
72.870
73.570
74.290
74.970
75.650
76.320
77.040
77.740
78.400
79.070
79.750
80.480
81.170
81.860
82.530
83.240
83.910
84.630
85.330
86.030
86.700
87.390
88.080
88.770
89.450
90.150
90.860
91.560
92.250
92.980
93.670
94.310
94.970
95.670
96.370
97.010
97.680
98.380
99.010
99.690
100.380
101.050
101.740
102.440
103.100
103.770
104.480
105.180
105.850
106.520
107.230
107.880
108.570
109.260
109.890
110.600
111.230
111.890
112.580
113.240
113.860
114.550
115.180
115.890
116.600
117.270
117.960
118.640
119.330
120.030
120.720
121.380
122.070
122.750
123.400
124.080
124.770
125.410
126.110
126.820
127.490
128.150
128.830
129.500
130.190
130.820
131.490
132.150
132.790
133.480
134.160
134.800
135.500
136.170
136.830
137.500
138.170
138.820
139.500
140.170
140.820
141.530
142.180
142.860
143.530
144.210
144.910
145.560
146.240
146.890
147.580
148.270
148.940
149.560
150.240
150.910
151.550
152.250
152.910
153.600
154.240
154.900
155.560
156.210
156.890
157.580
158.260
158.930
159.590
160.280
160.960
161.660
162.300
162.990
163.660
164.340
165.020
165.720
166.370
167.060
167.740
168.420
169.100
169.750
170.440
171.110
171.780
172.400
173.100
173.780
174.440
175.120
175.820
176.500
177.160
177.810
178.500
179.150
179.830
180.510
181.190
181.850
182.520
183.170
183.870
184.530
185.180
185.850
186.520
187.220
187.890
188.540
189.210
189.880
190.560
191.240
191.920
192.590
193.260
193.950
194.600
195.280
195.950
196.620
197.300
197.990
198.640
199.300
199.990
200.650
201.320
201.990
202.650
203.320
203.980
204.660
205.330
206.010
206.670
207.350
208.020
208.710
209.380
210.040
210.700
211.360
212.030
212.680
213.350
214.010
214.660
215.350
216.000
216.660
217.300
217.980
218.630
219.310
219.980
220.640
221.300
221.960
222.610
223.270
223.960
224.620
225.270
225.920
226.590
227.260
227.930
228.610
229.260
229.940
230.630
231.290
231.940
232.610
233.270
233.930
234.600
235.250
235.890
236.590
237.240
237.910
238.630
239.300
239.960
240.610
241.290
241.930
242.590
243.250
243.910
244.570
245.250
245.920
246.600
247.280
247.970
248.670
249.330
249.960
250.630
251.300
251.910
252.570
253.250
253.920
254.540
255.220
255.870
256.560
257.200
257.900
258.570
259.240
259.900
260.550
261.250
261.870
262.540
263.200
263.890
264.520
265.190
265.830
266.520
267.170
267.840
268.530
269.180
269.850
270.500
271.140
271.810
272.430
273.120
273.800
274.450
275.130
275.770
276.400
277.060
277.670
278.330
278.970
279.660
280.300
280.960
281.630
282.280
282.930
283.590
284.230
284.900
285.550
286.230
286.860
287.540
288.210
288.870
289.540
290.180
290.860
291.520
292.130
292.800
293.460
294.100
294.760
295.430
296.090
296.760
297.410
298.050
298.730
299.390
300.060
300.720
301.390
302.030
302.650
303.320
303.930
304.600
305.240
305.890
306.560
307.210
307.890
308.550
309.220
309.880
310.490
311.150
311.850
312.490
313.160
313.830
314.450
315.120
315.790
316.430
317.060
317.720
318.390
319.050
319.710
320.350
321.010
321.650
322.330
322.970
323.580
324.240
324.870
325.540
326.190
326.830
327.490
328.120
328.730
329.350
329.980
330.690
331.330
332.030
332.660
333.320
333.980
334.640
335.310
335.980
336.640
337.290
337.970
338.660
339.310
339.970
340.630
341.290
341.950
342.590
343.250
343.930
344.570
345.240
345.900
346.570
347.230
347.880
348.510
349.160
349.810
350.460
351.160
351.800
352.480
353.100
353.760
354.390
355.060
355.700
356.370
357.000
357.640
358.300
358.960
359.620
360.290
360.920
361.580
362.210
362.860
363.500
364.140
364.800
365.450
366.090
366.740
367.390
368.050
368.690
369.350
370.000
370.660
371.320
371.950
372.620
373.240
373.900
374.570
375.210
375.810
376.460
377.100
377.740
378.380
379.020
379.660
380.280
380.950
381.630
382.250
382.940
383.590
384.230
384.860
385.510
386.180
386.830
387.500
388.150
388.820
389.460
390.110
390.750
391.390
392.050
392.740
393.380
394.020
394.700
395.360
396.070
396.740
397.370
398.040
398.700
399.370
400.040
400.690
401.340
402.040
402.680
403.390
404.090
404.750
405.460
406.150
406.840
407.490
408.150
408.800
409.450
410.110
410.790
411.490
412.190
412.890
413.520
414.190
414.890
415.550
416.220
416.910
417.580
418.250
418.920
419.550
420.210
420.920
421.610
422.300
422.920
423.570
424.220
424.940
425.620
426.280
426.960
427.720
428.430
429.180
429.920
430.610
431.330
431.990
432.650
433.320
433.970
434.640
435.310
435.940
436.620
437.470
438.420
439.430
440.410
441.390
442.400
443.390
444.410
445.410
446.370
447.430
448.370
449.270
450.200
451.070
452.000
452.980
453.880
454.660
455.450
456.180
456.870
457.580
458.320
459.000
459.710
460.450
461.120
461.800
462.460
463.140
463.840
464.470
465.160
465.830
466.510
467.160
467.830
468.510
469.190
469.840
470.520
471.220
471.890
472.570
473.230
473.930
474.600
475.230
475.860
476.520
477.210
477.840
478.540
479.190
479.830
480.480
481.150
481.830
482.520
483.150
483.840
484.500
485.110
485.740
486.420
487.080
487.780
488.450
489.100
489.780
490.420
491.090
491.770
492.430
493.090
493.770
494.410
495.090
495.770
496.430
497.050
497.710
498.400
499.010
499.680
500.350
500.980
501.630
502.300
502.960
503.640
504.250
504.880
505.520
506.160
506.780
507.420
508.050
508.690
509.330
509.960
510.600
511.240
511.850
512.510
513.160
513.770
514.460
515.080
515.740
516.380
517.020
517.670
518.290
518.960
519.580
520.240
520.880
521.530
522.160
522.790
523.430
524.110
524.780
525.420
526.050
526.730
527.360
528.020
528.650
529.270
529.920
530.560
531.210
531.850
532.520
533.170
533.850
534.490
535.160
535.790
536.440
537.100
537.750
538.390
539.010
539.670
540.340
540.960
541.620
542.290
542.930
543.540
544.200
544.830
545.490
546.100
546.720
547.390
548.020
548.660
549.360
549.990
550.640
551.280
551.910
552.510
553.130
553.760
554.450
555.100
555.750
556.430
557.070
557.720
558.370
559.010
559.660
560.320
560.970
561.620
562.260
562.890
563.520
564.160
564.800
565.460
566.090
566.700
567.350
568.010
568.650
569.260
569.880
570.530
571.150
571.780
572.410
573.050
573.670
574.300
574.960
575.640
576.280
576.920
577.580
578.230
578.870
579.540
580.190
580.850
581.480
582.120
582.790
583.400
584.050
584.700
585.350
586.020
586.670
587.310
587.960
588.620
589.260
589.910
590.560
591.160
591.790
592.450
593.060
593.710
594.380
595.030
595.670
596.360
597.010
597.660
598.300
598.960
599.620
600.250
600.880
601.570
602.180
602.850
603.490
604.150
604.810
605.430
606.060
606.710
607.370
608.020
608.680
609.320
609.970
610.620
611.270
611.920
612.570
613.220
613.870
614.520
615.160
615.800
616.460
617.090
617.750
618.370
619.030
619.690
620.330
620.990
621.630
622.270
622.940
623.600
624.240
624.900
625.540
626.210
626.830
627.490
628.140
628.790
629.430
630.090
630.750
631.400
632.060
632.700
633.350
634.010
634.640
635.300
635.950
636.600
637.230
637.860
638.520
639.200
639.820
640.480
641.180
641.820
642.440
643.070
643.740
644.350
645.020
645.640
646.290
646.940
647.570
648.230
648.880
649.510
650.160
650.800
651.460
652.090
652.740
653.390
654.040
654.720
655.330
656.000
656.630
657.280
657.960
658.580
659.240
659.910
660.560
661.190
661.860
662.520
663.160
663.830
664.470
665.130
665.780
666.430
667.080
667.730
668.400
669.050
669.690
670.380
671.040
671.660
672.310
672.970
673.630
674.280
674.920
675.580
676.230
676.860
677.550
678.220
678.890
679.600
680.270
680.960
681.660
682.380
683.010
683.600
684.070
684.530
685.010
685.480
685.940
686.410
686.890
687.370
687.860
688.360
688.850
689.330
689.830
690.320
690.780
691.240
691.690
692.150
692.600
693.080
693.520
693.980
694.450
694.900
695.360
695.820
696.320
696.850
697.340
697.810
698.300
698.820
699.310
699.770
700.230
700.710
701.170
701.620
702.050
702.490
702.910
703.340
703.780
704.210
704.630
705.070
705.500
705.920
706.330
706.750
707.160
707.640
708.090
708.580
