0.140
0.990
1.850
2.690
3.560
4.430
5.320
6.150
6.980
7.820
8.700
9.540
10.430
11.280
12.130
13.000
13.900
14.720
15.540
16.400
17.270
18.160
19.010
19.850
20.700
21.530
22.330
22.910
23.460
24.030
24.590
25.160
25.760
26.310
26.900
27.460
28.010
28.580
29.140
29.710
30.310
30.900
31.470
32.030
32.620
33.220
33.800
34.340
34.920
35.450
36.010
36.590
37.160
37.730
38.320
38.880
39.450
40.020
40.600
41.210
41.860
42.460
43.130
43.820
44.700
45.550
46.440
47.340
48.190
49.100
49.990
50.860
51.750
52.640
53.520
54.390
55.280
56.210
57.060
57.960
58.810
59.660
60.510
61.410
62.260
63.120
63.960
64.820
65.690
66.590
67.470
68.310
69.200
70.110
70.980
71.910
72.780
73.680
74.530
75.420
76.320
77.210
78.090
78.990
79.850
80.740
81.640
82.530
83.480
84.360
85.260
86.150
87.010
87.920
88.850
89.740
90.600
91.510
92.380
93.280
94.180
95.090
96.020
96.940
97.870
98.760
99.710
100.610
101.450
102.390
103.260
104.170
105.100
106.060
106.940
107.880
108.800
109.700
110.660
111.570
112.480
113.360
114.310
115.180
116.110
117.010
117.950
118.870
119.830
120.750
121.650
122.620
123.530
124.450
125.330
126.250
127.180
128.160
129.100
130.030
130.940
131.860
132.780
133.680
134.640
135.580
136.530
137.450
138.400
139.320
140.260
141.200
142.110
143.100
144.050
144.980
145.930
146.890
147.820
148.780
149.750
150.740
151.670
152.620
153.580
154.590
155.550
156.530
157.500
158.530
159.470
160.480
161.470
162.440
163.390
164.350
165.320
166.350
167.310
168.320
169.250
170.250
171.210
172.190
173.140
174.190
175.130
176.120
177.120
178.120
179.130
180.210
181.190
182.190
183.150
184.120
185.160
186.140
187.120
188.070
189.070
190.090
191.030
192.000
193.040
194.100
195.230
196.270
197.330
198.350
199.400
200.300
201.280
202.190
203.120
204.060
205.040
206.070
207.220
208.280
209.360
210.450
211.520
212.670
213.700
