0.120
0.620
1.130
1.620
2.150
2.650
3.110
3.590
4.070
4.590
5.090
5.600
6.080
6.580
7.070
7.570
8.090
8.590
9.090
9.600
10.080
10.600
11.080
11.560
12.060
12.560
13.060
13.570
14.060
14.540
15.030
15.490
15.990
16.460
16.940
17.430
17.950
18.440
18.930
19.400
19.890
20.370
20.880
21.350
21.870
22.360
22.850
23.310
23.810
24.310
24.830
25.330
25.820
26.310
26.800
27.300
27.800
28.310
28.790
29.280
29.780
30.250
30.770
31.270
31.770
32.260
32.770
33.270
33.740
34.220
34.710
35.240
35.730
36.230
36.710
37.210
37.740
38.220
38.720
39.230
39.730
40.230
40.740
41.250
41.760
42.260
42.750
43.260
43.750
44.250
44.750
45.240
45.740
46.260
46.760
47.250
47.770
48.230
48.740
49.220
49.720
50.210
50.700
51.220
51.710
52.200
52.720
53.230
53.730
54.220
54.710
55.210
55.720
56.230
56.750
57.270
57.770
58.280
58.830
59.330
59.840
60.370
60.880
61.400
61.880
62.390
62.910
63.420
63.920
64.410
64.910
65.420
65.930
66.430
66.940
67.450
67.940
68.450
68.940
69.430
69.960
70.460
70.980
71.480
71.960
72.480
72.980
73.450
73.970
74.460
74.960
75.450
75.980
76.480
76.990
77.480
78.020
78.510
79.010
79.510
80.030
80.510
81.050
81.530
82.030
82.530
83.030
83.560
84.060
84.540
85.070
85.590
86.090
86.590
87.100
87.610
88.120
88.600
89.110
89.620
90.110
90.630
91.120
91.630
92.140
92.630
93.140
93.640
94.170
94.650
95.200
95.720
96.230
96.760
97.250
97.740
98.240
98.740
99.200
99.700
100.220
100.760
101.280
101.780
102.270
102.810
103.300
103.810
104.330
104.830
105.360
105.900
106.410
106.900
107.390
107.910
108.410
108.920
109.390
109.890
110.420
110.910
111.440
111.950
112.460
112.980
113.500
114.020
114.510
115.000
115.510
116.010
116.510
117.010
117.540
118.060
118.560
119.070
119.580
120.050
120.550
121.050
121.560
122.060
122.520
123.010
123.520
124.030
124.540
125.030
125.540
126.070
126.570
127.080
127.610
128.130
128.660
129.170
129.680
130.160
130.650
131.150
131.670
132.180
132.700
133.210
133.730
134.230
134.730
135.210
135.720
136.210
136.740
137.230
137.720
138.240
138.730
139.230
139.710
140.200
140.660
141.160
141.640
142.140
142.700
143.230
143.730
144.290
144.800
145.280
145.820
146.310
146.830
147.350
147.830
148.330
148.860
149.330
149.860
150.340
150.860
151.360
151.870
152.370
152.890
153.390
153.880
154.390
154.930
155.410
155.950
156.460
156.940
157.440
157.960
158.460
158.950
159.460
159.950
160.440
160.940
161.480
161.970
162.490
163.040
163.560
164.120
164.630
165.190
165.730
166.250
166.790
167.280
167.770
168.230
168.730
169.210
169.670
170.170
170.630
171.110
171.590
172.070
172.570
