0.130
0.530	1
0.970	1
1.380
1.810
2.210
2.650	1
3.070
3.480
3.870
4.290	1
4.700
5.100
5.490
5.880	1
6.290
6.700
7.110
7.520	1
7.930
8.350
8.760
9.150	1
9.560
9.970
10.390
10.800	1
11.220
11.620
12.040
12.440	1
12.850
13.250
13.660
14.060	1
14.470
14.870
15.280
15.690	1
16.100
16.500
16.900
17.300	1
17.710
18.110
18.530
18.970	1
19.380
19.790
20.180
20.580	1
20.970
21.380
21.780
22.200	1
22.610
23.000
23.390
23.790	1
24.190
24.600
25.010
25.410	1
25.820
26.210
26.620
27.020	1
27.430
27.830
28.240
28.630	1
29.030
29.430
29.830
30.220	1
30.630
31.050
31.440
31.860	1
32.260
32.660
33.070
33.460	1
33.860
34.280
34.690
35.080	1
35.490
35.890
36.280
36.680	1
37.090
37.480
37.880
38.280	1
38.670
39.080
39.470
39.870	1
40.260
40.650
41.050
41.460	1
41.850
42.240
42.630
43.020	1
43.420
43.830
44.220
44.620	1
45.010
45.420
45.810
46.210	1
46.610
47.020
47.430
47.840	1
48.230
48.630
49.040
49.440	1
49.840
50.240
50.640
51.050	1
51.450
51.850
52.260
52.680	1
53.070
53.470
53.870
54.280	1
54.670
55.060
55.470
55.870	1
56.280
56.680
57.080
57.470	1
57.880
58.270
58.670
59.080	1
59.470
59.880
60.300
60.690	1
61.090
61.510
61.910
62.300	1
62.700
63.110
63.490
63.900	1
64.300
64.710
65.100
65.490	1
65.900
66.310
66.700
67.090	1
67.490
67.890
68.290
68.680	1
69.070
69.450
69.840
70.220	1
70.620
71.030
71.420
71.830	1
72.210
72.620
73.030
73.410	1
73.820
74.230
74.630
75.020	1
75.430
75.810
76.210
76.600	1
76.980
77.390
77.760
78.170	1
78.570
78.970
79.360
79.750	1
80.150
80.560
80.950
81.330	1
81.730
82.120
82.520
82.910	1
83.290
83.680
84.070
84.460	1
84.870
85.270
85.680
86.090	1
86.480
86.880
87.270
87.660	1
88.060
88.470
88.860
89.260	1
89.670
90.050
90.440
90.840	1
91.230
91.640
92.020
92.430	1
92.820
93.200
93.600
93.970	1
94.360
94.770
95.160
95.560	1
95.970
96.370
96.750
97.160	1
97.550
97.940
98.340
98.740	1
99.150
99.540
99.920
100.330	1
100.700
101.080
101.460
101.850	1
102.250
102.660
103.030
103.420	1
103.820
104.210
104.600
104.990	1
105.370
105.760
106.140
106.540	1
106.920
107.320
107.710
108.110	1
108.510
108.890
109.300
109.690	1
110.100
110.490
110.890
111.300	1
111.690
112.090
112.470
112.850	1
113.250
113.640
114.050
114.440	1
114.820
115.220
115.590
115.980	1
116.380
116.760
117.160
117.550	1
117.940
118.340
118.720
119.110	1
119.500
119.900
120.290
120.680	1
121.070
121.450
121.830
122.220	1
122.610
123.010
123.410
123.820	1
124.220
124.610
124.990
125.390	1
125.780
126.180
126.580
126.980	1
127.370
127.770
128.140
128.540	1
128.930
129.330
129.720
130.120	1
130.510
130.890
131.290
131.660	1
132.050
132.450
132.850
133.250	1
133.630
134.030
134.450
134.870	1
135.280
135.690
136.080
136.500	1
136.920
137.350
137.770
138.170	1
138.590
139.020
139.430
139.810	1
140.200
140.600
140.990
141.380	1
141.790
142.190
142.580
143.000	1
143.380
143.780
144.190
144.590	1
144.990
145.390
145.790
146.210	1
