0.790
1.620
2.460
3.340
4.140
5.000
5.730
6.450
7.190
7.930
8.670
9.370
10.050
10.770
11.510
12.220
12.890
13.610
14.340
15.080
15.870
16.590
17.340
18.090
18.900
19.710
20.460
21.190
21.980
22.720
23.460
24.240
24.960
25.710
26.420
27.180
27.930
28.670
29.400
30.140
30.870
31.620
32.430
33.190
33.980
34.740
35.470
36.220
36.980
37.720
38.510
39.260
40.040
40.780
41.560
42.290
43.070
43.820
44.530
45.260
46.020
46.770
47.500
48.280
49.030
49.880
50.720
51.500
52.320
53.080
53.900
54.670
55.430
56.190
56.930
57.800
58.650
59.600
60.560
61.530
62.490
63.430
64.430
65.400
66.400
67.350
68.260
69.210
70.230
71.260
72.230
73.220
74.200
75.180
76.180
77.030
77.850
78.720
79.570
80.440
81.310
82.160
82.900
83.630
84.330
85.010
85.700
86.330
86.950
87.550
88.150
88.740
89.350
89.940
90.570
91.140
91.770
92.340
92.970
93.560
94.140
94.770
95.370
95.940
96.530
97.070
97.640
98.250
98.800
99.430
100.000
100.620
101.230
101.820
102.400
103.000
103.610
104.220
104.850
105.410
106.020
106.510
106.990
107.480
107.940
108.420
108.870
109.340
109.820
110.300
110.780
111.250
111.730
112.210
112.690
113.180
113.650
114.130
114.620
115.100
115.570
116.070
116.550
117.030
117.500
117.970
118.470
118.940
119.430
119.910
120.390
120.850
121.350
121.830
122.280
122.770
123.230
123.720
124.200
124.680
125.130
125.600
126.080
126.560
127.030
127.490
127.940
128.410
128.870
129.320
129.770
130.240
130.720
131.180
131.650
132.140
132.590
133.070
133.570
134.050
134.530
134.990
135.480
135.970
136.440
136.890
137.370
137.840
138.320
138.800
139.290
139.770
140.250
140.740
141.210
141.690
142.170
142.630
143.120
143.600
144.080
144.550
145.030
145.510
145.980
146.470
146.950
147.400
147.870
148.370
148.830
149.300
149.770
150.250
150.710
151.180
151.640
152.110
152.600
153.060
153.540
154.010
154.480
154.940
155.410
155.880
156.350
156.800
157.280
157.740
158.190
158.670
159.140
159.610
160.070
160.540
160.980
161.450
161.900
162.380
162.840
163.300
163.740
164.200
164.690
165.160
165.620
166.090
166.570
167.020
167.480
167.950
168.410
168.860
169.330
169.800
170.280
170.760
171.230
171.700
172.170
172.630
173.100
173.560
174.040
174.510
174.990
175.450
175.920
176.390
176.870
177.340
177.800
178.280
178.730
179.210
179.690
180.160
180.630
181.070
181.530
182.000
182.470
182.930
183.380
183.860
184.320
184.790
185.270
185.720
186.160
186.580
187.030
187.460
187.940
188.400
188.850
189.300
189.770
190.250
190.730
191.210
191.680
192.170
192.630
193.120
193.600
194.080
194.570
195.040
195.510
195.990
196.440
196.920
197.400
197.880
198.350
198.820
199.300
199.780
200.240
200.710
201.190
201.640
202.120
202.580
203.060
203.520
204.000
204.470
204.930
205.420
205.880
206.360
206.820
207.300
207.770
208.250
208.730
209.210
209.660
210.120
210.580
211.050
211.510
211.980
212.450
212.930
213.380
213.850
214.320
214.790
215.280
215.730
216.190
216.660
217.110
217.560
218.010
218.450
218.900
219.320
219.770
220.240
220.730
221.210
221.680
222.160
222.640
223.100
223.570
224.050
224.510
224.970
225.410
225.880
226.350
226.790
227.250
227.710
228.170
228.620
229.080
229.540
230.000
230.440
230.910
231.360
231.820
232.280
232.730
233.190
233.650
234.110
234.570
235.030
235.480
235.930
236.360
236.840
237.300
237.760
238.220
238.680
239.120
239.590
240.060
240.500
240.950
241.400
241.850
242.320
242.750
243.220
243.670
244.120
244.560
245.010
245.460
245.920
246.350
246.800
247.270
247.720
248.160
248.630
249.090
249.530
249.990
250.420
250.870
251.340
251.780
252.240
252.720
253.190
253.650
254.120
254.570
255.040
255.500
255.950
256.430
256.890
257.340
257.820
258.260
258.720
259.190
259.650
260.110
260.570
261.030
261.490
261.960
262.400
262.870
263.320
263.790
264.240
264.700
265.150
265.580
266.050
266.500
266.970
267.430
267.880
268.340
268.790
269.260
269.720
270.170
270.630
271.100
271.550
272.000
272.450
272.880
273.340
273.780
274.240
274.700
275.140
275.580
276.040
276.490
276.950
277.400
277.820
278.270
278.700
279.160
279.630
280.080
280.540
281.020
281.470
281.940
282.390
282.860
283.290
283.740
284.200
284.660
285.120
285.590
286.050
286.500
286.970
287.420
287.870
288.340
288.800
289.270
289.730
290.210
290.660
291.120
291.570
292.040
292.500
292.950
293.410
293.870
294.300
294.750
295.200
295.660
296.110
296.570
297.020
297.450
297.920
298.360
298.800
299.250
299.700
300.150
300.590
301.030
301.450
301.890
302.340
302.790
303.260
303.690
304.160
304.600
305.040
305.490
305.960
306.400
306.840
307.310
307.760
308.210
308.660
309.140
309.590
310.050
310.510
310.970
311.420
311.880
312.340
312.790
313.250
313.700
314.150
314.610
315.070
315.510
315.970
316.410
316.880
317.330
317.760
318.210
318.660
319.130
319.590
320.040
320.490
320.940
321.400
321.850
322.310
322.780
323.240
323.710
324.170
324.620
325.090
325.550
326.010
326.450
326.920
327.370
327.830
328.260
328.740
329.200
329.660
330.100
330.580
331.060
331.560
332.040
332.510
332.990
333.460
333.940
334.380
334.860
335.310
335.740
336.210
336.660
337.130
337.590
338.040
338.520
338.950
339.420
339.870
340.320
340.750
341.200
341.650
342.100
342.570
343.000
343.470
343.920
344.360
344.820
345.240
345.680
346.140
346.570
347.030
347.460
347.910
348.380
348.820
349.270
349.720
350.160
350.610
351.070
351.540
351.980
352.460
352.890
353.360
353.790
354.260
354.690
355.150
355.620
356.070
356.550
357.010
357.450
357.870
358.310
358.770
359.220
359.670
360.130
360.570
361.020
361.460
361.920
362.350
362.790
363.220
363.630
364.060
364.500
364.940
365.350
365.780
366.230
366.640
367.070
367.520
367.930
368.390
368.830
369.260
369.720
370.170
370.630
371.070
371.520
371.970
372.400
372.860
373.310
373.760
374.220
374.660
375.110
375.560
376.010
376.450
376.900
377.330
377.780
378.210
378.640
379.090
379.510
379.960
380.390
380.830
381.260
381.690
382.130
382.590
383.020
383.470
383.920
384.370
384.800
385.260
385.700
386.150
386.610
387.070
387.520
387.970
388.410
388.850
389.330
389.830
390.300
390.790
391.260
391.700
392.150
392.590
393.010
393.460
393.890
394.330
394.780
395.250
395.690
396.170
396.610
397.090
397.550
398.010
398.440
398.900
399.350
399.810
400.260
400.730
401.220
401.670
402.160
402.620
403.100
403.540
403.980
404.430
404.850
405.280
405.710
406.140
406.570
407.030
407.460
407.910
408.340
408.770
409.230
409.680
410.140
410.570
411.020
411.480
411.910
412.340
412.790
413.240
413.670
414.110
414.560
415.000
415.440
415.860
416.320
416.760
417.190
417.630
418.060
418.500
418.940
419.370
419.810
420.240
420.690
421.130
421.550
422.010
422.440
422.870
423.320
423.790
424.230
424.680
425.120
425.550
426.000
426.440
426.860
427.310
427.740
428.200
428.650
429.110
429.540
429.990
430.410
430.860
431.310
431.740
432.190
432.630
433.060
433.400
433.750
434.090
434.420
434.740
435.060
435.400
435.740
436.050
436.360
436.650
436.950
437.250
437.550
437.860
438.180
438.500
438.820
439.150
439.480
439.800
440.120
440.450
440.830
441.220
441.640
442.040
442.440
442.820
443.220
443.650
444.080
444.530
444.960
445.390
445.840
446.270
446.700
447.160
447.590
448.020
448.460
448.910
449.350
449.800
450.220
450.680
451.110
451.550
451.980
452.430
452.860
453.310
453.740
454.190
454.640
455.080
455.520
455.950
456.420
456.870
457.320
457.750
458.210
458.660
459.100
459.550
460.010
460.470
460.920
461.370
461.800
462.260
462.700
463.170
463.600
464.070
464.520
464.970
465.410
465.870
466.310
466.760
467.200
467.660
468.100
468.520
468.960
469.420
469.840
470.290
470.750
471.200
471.640
472.090
472.520
472.980
473.400
473.860
474.290
474.750
475.200
475.650
476.100
476.550
476.980
477.450
477.880
478.320
478.770
479.200
479.630
480.070
480.510
480.970
481.430
481.860
482.300
482.740
483.180
483.610
484.030
484.450
484.880
485.330
485.800
486.230
486.690
487.140
487.580
488.000
488.440
488.900
489.350
489.800
490.250
490.700
491.130
491.560
492.020
492.440
492.880
493.350
493.820
494.270
494.710
495.160
495.610
496.040
496.460
496.900
497.320
497.770
498.180
498.630
499.050
499.490
499.910
500.340
500.760
501.210
501.640
502.050
502.490
502.950
503.390
503.830
504.250
504.690
505.130
505.590
506.010
506.430
506.860
507.290
507.720
508.160
508.600
509.030
509.460
509.880
510.330
510.780
511.220
511.640
512.100
512.530
512.970
513.420
513.860
514.300
514.740
515.150
515.580
516.030
516.460
516.900
517.330
517.790
518.230
518.640
519.080
519.510
519.940
520.380
520.800
521.230
521.650
522.080
522.520
522.960
523.400
523.820
524.270
524.740
525.180
525.620
526.100
526.560
527.030
527.490
527.970
528.430
528.880
529.330
529.820
530.280
530.750
531.210
531.690
532.180
532.650
533.110
533.590
534.050
534.540
535.010
535.450
535.890
536.320
536.760
537.200
537.640
538.080
538.510
538.920
539.350
539.800
540.220
540.640
541.080
541.510
541.910
542.340
542.790
543.200
543.640
544.080
544.540
544.980
545.410
545.840
546.260
546.660
547.090
547.540
547.960
548.380
548.830
549.280
549.720
550.160
550.590
551.020
551.460
551.920
552.360
552.770
553.210
553.640
554.070
554.500
554.920
555.350
555.780
556.220
556.670
557.090
557.550
557.980
558.410
558.860
559.300
559.740
560.150
560.590
561.010
561.460
561.880
562.300
562.760
563.200
563.630
564.080
564.500
564.950
565.400
565.820
566.260
566.720
567.160
567.600
568.040
568.500
568.950
569.390
569.830
570.280
570.720
571.160
571.610
572.050
572.500
572.920
573.360
573.790
574.210
574.660
575.100
575.550
575.980
576.420
576.860
577.290
577.730
578.160
578.590
579.030
579.470
579.900
580.320
580.750
581.190
581.630
582.060
582.500
582.940
583.380
583.790
584.220
584.670
585.090
585.520
585.940
586.330
586.740
587.150
587.580
587.990
588.420
588.850
589.270
589.670
590.110
590.530
590.950
591.350
591.790
592.230
592.650
593.080
593.510
593.930
594.350
594.770
595.200
595.650
596.080
596.500
596.930
597.370
597.770
598.190
598.640
599.070
599.500
599.920
600.350
600.760
601.180
601.620
602.050
602.470
602.900
603.320
603.750
604.180
604.590
605.010
605.440
605.860
606.280
606.720
607.340
607.980
608.600
609.210
609.860
610.480
611.110
611.760
612.410
613.040
613.700
614.330
614.970
615.590
616.240
616.880
617.540
618.150
618.800
619.440
620.130
620.820
621.490
622.170
622.870
623.510
624.230
625.000
625.720
626.620
627.510
628.340
629.240
630.090
630.930
631.720
632.580
633.410
634.210
635.100
635.930
636.730
637.490
638.300
639.130
639.920
640.690
641.470
642.430
643.310
644.370
645.410
646.440
647.440
648.450
649.510
650.590
651.640
652.660
653.560
654.440
655.270
656.160
657.040
657.890
658.740
659.620
660.510
661.330
662.230
663.080
663.940
664.840
665.670
666.520
667.380
668.220
669.080
669.940
670.810
671.660
672.510
673.360
674.210
675.080
675.910
676.740
677.620
678.450
679.260
680.000
680.810
681.570
682.340
683.100
683.780
684.430
685.070
685.690
686.260
686.860
687.410
688.030
688.620
689.270
689.870
690.530
691.150
691.810
692.440
693.060
693.690
694.300
694.940
695.610
696.260
696.920
697.550
698.210
698.850
699.570
700.270
700.930
701.730
702.540
703.410
704.240
705.080
705.950
706.820
707.720
708.590
709.420
710.320
711.160
712.030
713.030
714.010
715.040
716.020
716.990
718.030
718.930
719.830
720.660
721.500
722.410
723.250
724.110
724.960
725.830
726.720
727.550
728.460
729.310
730.190
731.040
731.900
732.790
733.590
734.490
735.280
736.140
737.020
737.840
738.690
739.570
740.400
741.260
742.130
742.970
743.840
744.660
745.470
746.310
747.220
748.050
748.910
749.770
750.670
751.540
752.430
753.260
754.190
755.050
756.030
756.960
757.900
758.880
759.760
760.640
761.500
762.360
763.180
763.950
764.690
765.480
766.170
766.940
767.560
768.260
768.910
769.550
770.230
770.880
771.560
772.270
772.960
773.640
774.320
775.000
775.680
776.410
777.110
777.800
778.480
779.160
779.830
780.510
781.190
781.850
782.490
783.130
