0.560
1.400
2.240
3.070
3.890
4.710
5.580
6.450
7.200
7.980
8.680
9.290
9.940
10.590
11.240
11.910
12.520
13.170
13.820
14.420
14.960
15.530
16.060
16.640
17.180
17.730
18.260
18.820
19.350
19.890
20.450
21.010
21.550
21.970
22.400
22.830
23.270
23.710
24.130
24.560
24.990
25.430
25.880
26.320
26.740
27.200
27.620
28.060
28.500
28.950
29.390
29.840
30.270
30.700
31.170
31.600
32.040
32.480
32.920
33.360
33.810
34.240
34.690
35.130
35.560
36.000
36.440
36.890
37.320
37.760
38.190
38.630
39.090
39.530
39.960
40.370
40.800
41.240
41.660
42.090
42.530
42.960
43.400
43.830
44.270
44.700
45.150
45.590
46.020
46.440
46.880
47.320
47.760
48.200
48.630
49.060
49.490
49.930
50.360
50.780
51.210
51.650
52.090
52.530
52.970
53.380
53.810
54.250
54.660
55.100
55.510
55.950
56.380
56.820
57.250
57.670
58.120
58.560
58.990
59.420
59.840
60.290
60.720
61.150
61.580
61.990
62.430
62.850
63.280
63.720
64.160
64.570
65.020
65.440
65.860
66.290
66.740
67.160
67.580
68.000
68.430
68.840
69.260
69.690
70.130
70.560
71.010
71.430
71.870
72.290
72.730
73.140
73.560
73.980
74.420
74.860
75.280
75.690
76.130
76.550
76.980
77.410
77.840
78.280
78.700
79.120
79.550
79.950
80.400
80.820
81.260
81.680
82.100
82.520
82.950
83.360
83.780
84.210
84.630
85.060
85.480
85.910
86.340
86.780
87.210
87.620
88.050
88.490
88.910
89.350
89.780
90.210
90.630
91.080
91.490
91.900
92.330
92.760
93.180
93.610
94.030
94.440
94.860
95.280
95.690
96.120
96.540
96.950
97.380
97.800
98.210
98.640
99.070
99.500
99.920
100.340
100.750
101.170
101.600
102.010
102.440
102.860
103.270
103.680
104.110
104.520
104.950
105.360
105.770
106.200
106.610
107.050
107.470
107.870
108.300
108.710
109.150
109.550
109.970
110.400
110.810
111.230
111.660
112.090
112.500
112.920
113.340
113.760
114.170
114.590
115.010
115.430
115.860
116.280
116.690
117.110
117.520
117.940
118.350
118.770
119.170
119.590
120.010
120.420
120.830
121.250
121.690
122.110
122.520
122.950
123.350
123.760
124.180
124.600
125.020
125.430
125.860
126.300
126.710
127.150
127.570
127.980
128.370
128.790
129.200
129.610
130.040
130.470
130.880
131.310
131.720
132.140
132.560
132.970
133.390
133.830
134.240
134.660
135.070
135.470
135.870
136.320
136.740
137.160
137.590
138.010
138.440
138.860
139.270
139.710
140.130
140.540
140.970
141.390
141.810
142.220
142.640
143.070
143.480
143.910
144.310
144.720
145.140
145.550
145.960
146.380
146.800
147.210
147.620
148.050
148.460
148.850
149.270
149.690
150.080
150.500
150.920
151.310
151.720
152.150
152.550
152.960
153.370
153.760
154.130
154.520
154.930
155.320
155.690
156.080
156.490
156.910
157.330
157.740
158.160
158.580
159.010
159.410
159.820
160.230
160.660
161.080
161.490
161.900
162.300
162.710
163.140
163.540
163.960
164.360
164.780
165.200
165.640
166.060
166.460
166.870
167.290
167.700
168.120
168.540
168.960
169.370
169.800
170.220
170.640
171.050
171.480
171.900
172.310
172.730
173.150
173.560
173.980
174.390
174.810
175.230
175.630
176.050
176.460
176.870
177.290
177.730
178.140
178.560
178.970
179.400
179.810
180.240
180.650
181.060
181.490
181.920
182.320
182.750
183.160
183.570
183.980
184.410
184.820
185.240
185.640
186.050
186.460
186.850
187.270
187.680
188.100
188.500
188.900
189.320
189.730
190.130
190.550
190.960
191.360
191.760
192.180
192.590
193.010
193.430
193.850
194.260
194.680
195.090
195.510
195.920
196.320
196.720
197.120
197.550
197.950
198.350
198.760
199.180
199.590
199.990
200.420
200.820
201.240
201.630
202.040
202.440
202.840
203.230
203.640
204.040
204.460
204.870
205.280
205.670
206.080
206.490
206.890
207.300
207.730
208.130
208.540
208.940
209.330
209.760
210.150
210.570
210.980
211.390
211.780
212.200
212.620
213.010
213.440
213.850
214.240
214.650
215.060
215.440
215.860
216.280
216.680
217.080
217.500
217.910
218.320
218.730
219.150
219.560
219.970
220.360
220.790
221.190
221.610
222.020
222.440
222.840
223.270
223.680
224.090
224.500
224.890
225.320
225.710
226.120
226.550
226.960
227.340
227.750
228.170
228.570
228.980
229.380
229.790
230.190
230.590
231.010
231.420
231.840
232.260
232.660
233.090
233.500
233.900
234.300
234.710
235.140
235.550
235.950
236.360
236.780
237.180
237.590
238.000
238.410
238.810
239.230
239.630
240.040
240.450
240.850
241.260
241.690
242.100
242.490
242.900
243.320
243.740
244.160
244.580
245.000
245.400
245.810
246.230
246.640
247.050
247.450
247.860
248.270
248.690
249.090
249.500
249.910
250.340
250.740
251.150
251.560
251.960
252.450
252.960
253.450
253.940
254.440
254.940
255.540
256.110
256.710
257.290
257.940
258.550
259.170
259.840
260.450
261.120
261.730
262.360
262.960
263.590
264.200
264.820
265.480
266.100
266.730
267.420
268.060
268.660
269.290
269.880
270.450
271.050
271.630
272.240
272.800
273.410
273.980
274.570
275.130
275.690
276.250
276.830
277.440
278.040
278.620
279.200
279.800
280.350
280.940
281.530
281.950
282.370
282.770
283.190
283.620
284.020
284.420
284.830
285.240
285.660
286.060
286.470
286.860
287.260
287.670
288.040
288.450
288.830
289.240
289.650
290.090
290.510
290.900
291.300
291.710
292.110
292.500
292.910
293.370
293.850
294.290
294.770
295.210
295.640
296.080
296.510
296.950
297.370
297.790
298.220
298.660
299.090
299.520
299.960
300.390
300.810
301.230
301.660
302.090
302.500
302.940
303.340
303.790
304.220
304.630
305.060
305.510
305.940
306.360
306.800
307.220
307.660
308.070
308.480
308.920
309.360
309.790
310.220
310.630
311.080
311.500
311.930
312.360
312.780
313.200
313.620
314.050
314.480
314.900
315.310
315.740
316.160
316.570
316.980
317.420
317.840
318.280
318.710
319.130
319.550
319.950
320.380
320.810
321.210
321.610
322.040
322.440
322.870
323.290
323.690
324.120
324.550
324.970
325.400
325.820
326.260
326.680
327.100
327.520
327.940
328.360
328.780
329.210
329.630
330.060
330.480
330.900
331.330
331.750
332.170
332.600
333.020
333.430
333.840
334.250
334.650
335.080
335.470
335.890
336.330
336.770
337.200
337.630
338.050
338.450
338.850
339.280
339.670
340.080
340.510
340.920
341.330
341.780
342.210
342.670
343.120
343.600
344.040
344.520
344.950
345.380
345.820
346.220
346.650
347.060
347.500
347.920
348.340
348.770
349.190
349.620
350.050
350.470
350.900
351.320
351.720
352.160
352.580
352.980
353.410
353.840
354.260
354.700
355.120
355.550
356.000
356.430
356.840
357.270
357.700
358.140
358.580
358.990
359.430
359.850
360.280
360.730
361.160
361.590
362.020
362.450
362.880
363.300
363.730
364.170
364.600
365.010
365.440
365.890
366.300
366.730
367.170
367.580
368.000
368.440
368.860
369.270
369.690
370.120
370.540
370.990
371.420
371.840
372.270
372.700
373.140
373.570
373.980
374.410
374.810
375.240
375.660
376.080
376.490
376.930
377.320
377.750
378.160
378.590
379.000
379.410
379.830
380.270
380.680
381.090
381.500
381.920
382.330
382.750
383.160
383.580
384.010
384.450
384.860
385.290
385.720
386.170
386.580
387.020
387.440
387.860
388.260
388.680
389.100
389.530
389.960
390.370
390.790
391.210
391.640
392.070
392.490
392.900
393.320
393.750
394.170
394.590
395.020
395.460
395.870
396.300
396.730
397.140
397.570
397.970
398.410
398.830
399.250
399.690
400.100
400.520
400.950
401.370
401.780
402.210
402.640
403.060
403.460
403.880
404.300
404.720
405.160
405.560
406.000
406.420
406.830
407.250
407.680
408.120
408.550
408.970
409.400
409.810
410.240
410.670
411.090
411.520
411.960
412.370
412.820
413.250
413.700
414.130
414.560
415.000
415.430
415.840
416.290
416.720
417.140
417.580
418.000
418.450
418.900
419.330
419.750
420.180
420.630
421.060
421.480
421.920
422.350
422.770
423.200
423.640
424.070
424.500
424.910
425.340
425.790
426.220
426.630
427.060
427.490
427.940
428.350
428.780
429.210
429.650
430.090
430.500
430.940
431.350
431.750
432.130
432.540
432.980
433.400
433.830
434.270
434.680
435.120
435.570
436.010
436.450
436.870
437.330
437.740
438.190
438.620
439.030
439.490
439.950
440.440
440.890
441.380
441.850
442.310
442.770
443.240
443.730
444.180
444.670
445.140
445.590
446.070
446.550
447.020
447.490
447.940
448.410
448.890
449.350
449.840
450.290
450.760
451.210
451.690
452.140
452.590
453.050
453.510
453.990
454.430
454.910
455.370
455.810
456.250
456.690
457.110
457.550
458.000
458.440
458.900
459.360
459.810
460.260
460.690
461.140
461.610
462.040
462.510
462.960
463.390
