0.770
1.650
2.550
3.400
4.340
5.250
6.220
7.150
8.060
8.910
9.760
10.640
11.550
12.410
13.240
14.160
15.020
15.870
16.730
17.610
18.490
19.410
20.280
21.210
22.030
22.950
23.790
24.660
25.500
26.390
27.260
28.120
28.990
29.910
30.860
31.690
32.480
33.380
34.210
35.140
36.000
36.890
37.780
38.680
39.580
40.480
41.310
42.160
43.040
43.870
44.770
45.670
46.540
47.430
48.270
49.110
49.970
50.880
51.730
52.580
53.430
54.330
55.250
56.130
56.980
57.870
58.760
59.650
60.500
61.390
62.260
63.160
64.040
64.930
65.870
66.750
67.620
68.490
69.370
70.260
71.150
72.030
72.920
73.790
74.630
75.560
76.420
77.270
78.150
79.040
79.910
80.740
81.640
82.540
83.380
84.240
85.130
85.980
86.860
87.730
88.560
89.430
90.300
91.150
91.980
92.820
93.660
94.540
95.380
96.270
97.140
98.000
98.820
99.720
100.580
101.470
102.350
103.200
104.050
104.930
105.770
106.660
107.500
108.330
109.190
110.080
110.960
111.820
112.690
113.580
114.420
115.300
116.090
116.920
117.800
118.640
119.520
120.360
121.220
122.080
122.890
123.740
124.580
125.480
126.290
127.190
128.070
128.920
129.800
130.680
131.550
132.380
133.300
134.190
135.080
135.910
136.800
137.670
138.490
139.380
140.220
141.110
141.910
142.810
143.640
144.520
145.350
146.260
147.080
147.940
148.850
149.700
150.580
151.420
152.320
153.160
154.010
154.890
155.810
156.700
157.540
158.410
159.310
160.160
161.020
161.920
162.770
163.610
164.490
165.380
166.270
167.130
168.010
168.890
169.770
170.640
171.480
172.370
173.210
174.060
174.910
175.760
176.590
177.450
178.260
179.110
180.080
180.980
182.000
183.010
183.880
184.740
185.690
186.620
187.560
188.500
189.470
190.480
191.440
