0.440
1.010
1.540
2.060
2.590
3.120
3.660
4.210
4.720
5.260
5.780
6.320
6.840
7.380
7.890
8.420
8.950
9.490
10.010
10.540
11.060
11.550
12.090
12.610
13.120
13.650
14.180
14.700
15.230
15.740
16.250
16.740
17.270
17.810
18.310
18.830
19.350
19.880
20.390
20.920
21.450
21.990
22.510
23.040
23.570
24.090
24.610
25.120
25.640
26.200
26.720
27.240
27.760
28.250
28.790
29.310
29.820
30.360
30.880
31.390
31.910
32.450
32.950
33.480
34.000
34.530
35.060
35.580
36.100
36.640
37.160
37.690
38.210
38.750
39.270
39.790
40.320
40.850
41.370
41.880
42.390
42.920
43.450
43.960
44.490
45.020
45.550
46.080
46.580
47.100
47.640
48.160
48.680
49.200
49.720
50.240
50.760
51.270
51.790
52.300
52.810
53.370
53.890
54.390
54.900
55.420
55.950
56.470
56.990
57.510
58.020
58.530
59.050
59.570
60.080
60.600
61.120
61.660
62.200
62.730
63.250
63.790
64.320
64.850
65.370
65.890
66.410
66.930
67.450
67.980
68.500
69.020
69.530
70.050
70.580
71.100
71.620
72.160
72.680
73.200
73.720
74.230
74.740
75.260
75.770
76.310
76.820
77.360
77.870
78.400
78.930
79.470
79.990
80.500
81.030
81.540
82.060
82.580
83.100
83.630
84.140
84.670
85.200
85.720
86.240
86.780
87.290
87.810
88.320
88.860
89.390
89.910
90.430
90.960
91.480
91.990
92.490
93.020
93.530
94.060
94.600
95.120
95.650
96.180
96.710
97.250
97.750
98.280
98.800
99.320
99.820
100.350
100.880
101.410
101.920
102.440
102.960
103.490
104.020
104.530
105.070
105.600
106.130
106.660
107.180
107.710
108.230
108.760
109.290
109.820
110.340
110.870
111.400
111.920
112.440
112.950
113.470
114.000
114.530
115.040
115.580
116.100
116.620
117.160
117.690
118.220
118.740
119.270
119.800
120.320
120.850
121.380
121.910
122.440
122.970
123.500
124.020
124.550
125.070
125.590
126.110
126.650
127.180
127.700
128.240
128.760
129.280
129.820
130.360
130.890
131.410
131.930
132.460
132.990
133.520
134.040
134.570
135.110
135.630
136.180
136.740
137.270
137.780
138.320
138.850
139.380
139.920
140.460
140.990
141.510
142.040
142.560
143.080
143.620
144.160
144.690
145.210
145.740
146.280
146.800
147.340
147.880
148.400
148.940
149.430
149.970
150.510
151.030
151.560
152.100
152.620
153.160
153.690
154.220
154.730
155.270
155.800
156.310
156.850
157.380
157.910
158.420
158.940
159.460
159.970
160.490
161.020
161.560
162.080
162.620
163.130
163.680
164.210
164.750
165.270
165.820
166.350
166.880
167.410
167.920
168.460
168.990
169.530
170.060
170.590
171.130
171.670
172.200
172.720
173.250
173.770
174.310
174.840
175.350
175.860
176.370
176.890
177.420
177.940
178.460
178.960
179.520
180.040
180.550
181.080
181.610
182.140
182.660
183.200
183.720
184.250
184.770
185.300
185.840
186.360
186.890
187.420
187.950
188.460
188.990
189.520
190.030
190.570
191.090
191.610
192.140
192.660
193.170
193.700
194.240
194.740
195.300
195.820
196.350
196.880
197.400
197.920
198.460
199.000
199.530
200.070
200.610
201.140
201.650
202.190
202.730
203.260
203.800
204.320
204.860
205.380
205.910
206.420
206.970
207.500
208.020
208.540
209.070
209.580
210.100
210.630
211.150
211.690
212.230
212.760
213.290
213.810
214.360
214.880
215.420
215.960
216.500
217.010
217.570
218.090
218.620
219.150
219.680
220.200
220.740
221.270
221.810
222.350
222.880
223.410
223.940
224.470
225.010
225.550
226.060
226.580
227.100
227.610
228.140
228.680
229.220
229.740
230.280
230.810
231.340
231.850
232.380
232.920
233.440
233.970
234.510
235.020
235.550
236.070
236.610
237.120
237.660
238.180
238.710
239.230
239.750
240.270
240.800
241.330
241.850
242.350
242.890
243.410
243.920
244.410
244.940
245.470
246.010
246.540
247.090
247.610
248.140
248.660
249.200
249.730
250.280
250.800
251.320
251.850
252.390
252.910
253.450
253.970
254.500
255.040
255.570
256.090
256.620
257.160
257.690
258.220
258.750
259.260
259.790
260.330
260.850
261.360
261.890
262.420
262.940
263.460
263.970
264.500
265.020
265.550
266.080
266.600
267.130
267.650
268.180
268.700
269.210
269.730
270.270
270.810
271.350
271.880
272.430
272.950
273.480
274.010
274.550
275.080
275.620
276.150
276.680
277.210
277.740
278.260
278.800
279.330
279.860
280.390
280.920
281.450
281.990
282.520
283.060
283.580
284.130
284.650
285.190
285.720
286.250
286.780
287.320
287.850
288.390
288.920
289.450
289.970
290.520
291.040
291.590
292.120
292.660
293.180
293.720
294.230
294.760
295.280
295.820
296.370
296.870
297.420
297.950
298.490
299.030
299.560
300.100
300.630
301.160
301.680
302.220
302.730
303.270
303.800
304.340
304.860
305.410
305.930
306.460
306.990
307.510
308.050
308.590
309.120
309.650
310.180
310.710
311.240
311.750
312.270
312.800
313.320
313.850
314.370
314.900
315.430
315.940
316.460
317.000
317.530
318.050
318.570
319.110
319.630
320.140
320.660
321.190
321.730
322.240
322.760
323.310
323.870
324.380
324.910
325.450
325.980
326.510
327.020
327.540
328.060
328.540
329.080
329.620
330.160
330.690
331.210
331.730
332.280
332.800
333.340
333.880
334.410
334.930
335.460
336.000
336.500
337.030
337.570
338.120
338.630
339.180
339.720
340.250
340.770
341.320
341.840
342.390
342.930
343.450
343.980
344.530
345.040
345.590
346.120
346.670
347.220
347.740
348.270
348.810
349.330
349.870
350.390
350.930
351.470
351.990
352.520
353.050
353.570
354.110
354.660
355.190
355.720
356.240
356.760
357.320
357.850
358.410
358.950
359.520
360.040
360.600
361.170
361.750
362.330
362.900
363.450
363.980
364.520
365.080
365.650
366.130
366.610
367.090
367.570
368.050
368.550
369.030
369.510
369.990
370.450
