0.980
1.940
2.970
3.910
4.840
5.830
6.760
7.680
8.640
9.650
10.610
11.540
12.610
13.720
14.760
15.850
16.980
18.060
18.970
19.980
20.900
21.890
22.870
23.860
24.820
25.740
26.700
27.650
28.650
29.560
30.540
31.400
32.300
33.240
34.090
35.010
35.890
36.790
37.510
38.260
39.030
39.740
40.500
41.250
41.940
42.690
43.430
44.130
44.900
45.550
46.190
46.870
47.490
48.140
48.820
49.430
50.160
50.930
51.650
52.340
53.070
53.790
54.580
55.310
56.060
56.820
57.610
58.370
59.100
59.890
60.660
61.390
62.410
63.470
64.460
65.460
66.480
67.440
68.480
69.450
70.510
71.490
72.540
73.520
74.540
75.510
76.540
77.560
78.600
79.620
80.570
81.480
82.410
83.280
84.350
85.360
86.380
87.360
88.420
89.420
90.440
91.520
92.530
93.590
94.550
95.600
96.630
97.620
98.630
99.620
100.680
101.700
102.760
103.760
104.810
105.860
106.930
107.950
108.960
110.020
111.050
112.100
113.150
114.210
115.210
116.210
117.260
118.240
119.240
120.220
121.180
122.330
123.360
124.420
125.470
126.540
127.520
128.570
129.610
130.680
131.670
132.710
133.790
134.830
135.930
136.940
137.970
139.020
140.080
141.090
142.140
143.190
144.280
145.340
146.330
147.370
148.420
149.490
150.450
151.500
152.540
153.530
154.240
154.950
155.690
156.370
157.090
157.770
158.450
159.160
159.880
160.570
161.260
161.970
162.660
163.380
164.110
164.780
165.490
166.190
166.880
167.570
168.280
169.000
169.680
170.380
171.070
171.790
172.520
173.220
173.920
174.660
175.350
176.070
176.780
177.470
178.170
178.900
179.590
180.360
181.090
181.790
182.480
183.170
183.880
184.630
185.330
186.030
186.710
187.430
188.160
188.900
189.620
190.340
191.090
191.790
192.510
193.250
193.960
194.660
195.380
196.090
196.810
197.520
198.250
198.960
199.660
200.360
201.060
201.780
202.490
203.220
203.930
204.670
205.380
206.130
206.850
207.560
208.420
209.270
210.010
210.680
211.300
211.960
212.590
213.230
213.880
214.520
215.250
215.930
216.590
217.250
217.880
218.560
219.300
220.040
220.750
221.490
222.240
222.960
223.680
224.410
225.150
225.880
226.630
227.350
228.060
228.760
229.490
230.210
230.950
231.670
232.400
233.110
233.860
234.600
235.280
235.990
236.700
237.360
238.100
238.820
239.600
240.330
241.130
241.900
242.670
243.440
244.210
244.970
245.720
246.480
