0.280	1
0.720
1.140
1.590
2.030	1
2.460
2.890
3.320
3.750	1
4.180
4.600
5.030
5.460	1
5.890
6.320
6.760
7.180	1
7.630
8.060
8.490
8.910	1
9.330
9.770
10.210
10.630	1
11.040
11.480
11.900
12.310	1
12.750
13.180
13.600
14.040	1
14.490
14.940
15.400
15.830	1
16.300
16.730
17.180
17.640	1
18.060
18.500
18.940
19.370	1
19.810
20.240
20.660
21.090	1
21.520
21.950
22.380
22.820	1
23.270
23.710
24.140
24.570	1
25.010
25.440
25.860
26.290	1
26.720
27.160
27.580
28.020	1
28.460
28.900
29.340
29.780	1
30.190
30.620
31.050
31.490	1
31.930
32.360
32.790
33.200	1
33.640
34.070
34.480
34.910	1
35.350
35.770
36.210
36.630	1
37.060
37.480
37.900
38.330	1
38.760
39.190
39.620
40.050	1
40.480
40.910
41.350
41.780	1
42.220
42.650
43.090
43.510	1
43.950
44.380
44.810
45.240	1
45.670
46.090
46.530
46.950	1
47.370
47.800
48.230
48.660	1
49.090
49.520
49.970
50.390	1
50.820
51.250
51.680
52.110	1
52.560
52.990
53.430
53.850	1
54.280
54.710
55.130
55.560	1
55.990
56.420
56.870
57.290	1
57.730
58.150
58.580
59.010	1
59.470
59.910
60.350
60.780	1
61.210
61.650
62.080
62.510	1
62.940
63.380
63.820
64.240	1
64.680
65.110
65.540
65.970	1
66.410
66.850
67.290
67.710	1
68.150
68.580
68.980
69.410	1
69.850
70.280
70.700
71.140	1
71.560
71.980
72.420
72.860	1
73.290
73.720
74.150
74.580	1
74.990
75.440
75.870
76.300	1
76.730
77.150
77.570
78.010	1
78.430
78.870
79.290
79.720	1
80.140
80.570
80.990
81.420	1
81.840
82.270
82.700
83.130	1
83.550
83.980
84.390
84.820	1
85.230
85.660
86.070
86.490	1
86.910
87.340
87.750
88.170	1
88.600
89.020
89.440
89.860	1
90.280
90.700
91.130
91.550	1
91.970
92.390
92.810
93.240	1
93.660
94.080
94.500
94.940	1
95.350
95.770
96.200
96.620	1
97.040
97.470
97.890
98.310	1
98.740
99.180
99.600
100.020	1
100.450
100.870
101.300
101.730	1
102.160
102.590
103.000
103.430	1
103.850
104.280
104.710
105.140	1
105.560
105.990
106.420
106.850	1
107.270
107.690
108.130
108.550	1
108.970
109.410
109.840
110.270	1
110.690
111.120
111.550
111.980	1
112.420
112.840
113.290
113.710	1
114.120
114.560
114.960
115.410	1
115.820
116.240
116.660
117.090	1
117.500
117.940
118.340
118.780	1
119.190
119.610
120.030
120.450	1
120.870
121.300
121.720
122.140	1
122.560
122.990
123.420
123.850	1
124.280
124.700
125.130
125.570	1
125.990
126.430
126.850
127.280	1
127.720
128.140
128.570
129.000	1
129.410
129.840
130.250
130.680	1
131.100
131.530
131.950
132.370	1
132.790
133.210
133.640
134.060	1
134.490
134.920
135.330
135.770	1
136.190
136.610
137.040
137.470	1
137.890
138.300
138.720
139.160	1
139.570
140.000
140.430
140.860	1
141.280
141.700
142.130
142.550	1
142.970
143.410
143.840
144.260	1
144.690
145.120
145.540
145.960	1
146.380
146.810
147.230
147.650	1
148.070
148.500
148.920
149.340	1
149.750
150.180
150.590
151.020	1
151.450
151.870
152.290
152.730	1
153.150
153.590
154.010
154.440	1
154.860
155.290
155.720
156.140	1
156.560
156.990
157.430
157.860	1
158.300
158.720
159.140
159.580	1
160.000
160.430
160.870
161.300	1
161.730
162.150
162.590
163.010	1
163.450
163.890
164.310
164.740	1
165.170
165.600
166.040
166.470	1
166.900
167.340
167.780
168.200	1
168.630
169.060
169.500
169.940	1
170.360
170.790
171.220
171.650	1
172.080
172.510
172.930
173.360	1
173.800
174.230
174.670
175.100	1
175.510
175.950
176.380
176.800	1
177.250
177.680
178.100
178.520	1
178.960
179.390
179.810
180.240	1
180.670
181.120
181.560
181.990	1
182.420
182.850
183.270
183.710	1
184.140
184.580
185.010
185.460	1
185.880
186.330
186.750
187.190	1
187.630
188.060
188.500
188.940	1
189.360
189.800
190.220
190.650	1
191.070
191.510
191.940
192.380	1
192.810
193.240
193.680
194.120	1
194.540
194.970
195.420
195.840	1
196.270
196.720
197.140
197.580	1
198.010
198.450
198.880
199.320	1
199.750
200.180
200.610
201.050	1
201.470
201.910
202.340
202.770	1
203.200
203.630
204.060
204.500	1
204.930
205.360
205.770
206.200	1
206.630
207.060
207.490
207.920	1
208.360
208.810
209.220
209.660	1
210.080
210.510
210.940
211.380	1
211.800
212.240
212.660
213.100	1
213.520
213.960
214.380
214.810	1
215.240
215.670
216.110
216.540	1
216.970
217.410
217.830
218.270	1
218.690
219.120
219.560
219.990	1
220.410
220.840
221.270
221.700	1
222.120
222.560
222.990
223.430	1
223.840
224.280
224.700
225.130	1
225.550
225.980
226.410
226.840	1
227.260
227.700
228.120
228.550	1
228.970
229.410
229.840
230.260	1
230.690
231.130
231.540
231.960	1
232.390
232.800
233.240
233.660	1
234.070
234.510
234.930
235.370	1
235.780
236.210
236.640
237.060	1
237.470
237.900
238.320
238.750	1
239.150
239.590
240.000
240.430	1
240.860
241.290
241.720
242.160	1
242.580
243.010
243.440
243.880	1
244.300
244.730
245.150
245.580	1
246.010
246.440
246.860
247.300	1
247.710
248.150
248.570
249.010	1
249.430
249.870
250.300
250.740	1
251.160
251.590
252.020
252.440	1
252.880
253.300
253.720
254.160	1
254.590
255.020
255.440
255.880	1
256.290
256.730
257.150
257.570	1
258.000
258.420
258.840
259.270	1
259.690
260.120
260.550
260.950	1
261.380
261.810
262.220
262.650	1
263.060
263.490
263.930
264.360	1
264.800
265.220
265.650
266.080	1
266.510
266.950
267.380
267.800	1
268.230
268.670
269.090
269.530	1
269.960
270.380
270.800
271.250	1
271.650
272.090
272.500
272.920	1
273.340
273.770
274.200
274.620	1
275.050
275.480
275.900
276.340	1
276.750
277.200
277.620
278.040	1
278.470
278.890
279.310
279.740	1
280.160
280.590
281.000
281.420	1
281.840
282.260
282.680
283.110	1
283.530
283.960
284.380
284.800	1
285.220
285.640
286.070
286.490	1
286.930
287.360
287.780
288.200	1
288.620
289.030
289.450
289.890	1
290.300
290.730
291.140
291.560	1
291.980
292.410
292.810
293.230	1
293.650
294.080
294.500
294.910	1
295.330
295.760
296.170
296.600	1
297.020
297.440
297.860
298.290	1
298.700
299.120
299.540
299.960	1
300.380
300.810
301.230
301.660	1
302.090
302.500
302.930
303.360	1
303.790
304.220
304.650
305.080	1
305.490
305.910
306.310
306.730	1
307.150
307.580
307.990
308.420	1
308.850
309.280
309.700
310.140	1
310.560
311.000
311.420
311.850	1
312.260
312.690
313.110
313.530	1
313.950
314.380
314.810
315.240	1
315.680
316.110
316.540
316.960	1
317.380
317.820
318.240
318.670	1
319.100
319.530
319.950
320.370	1
320.790
321.220
321.640
322.070	1
322.480
322.900
323.310
323.750	1
324.160
324.590
325.010
325.440	1
325.860
326.280
326.700
327.130	1
327.560
327.990
328.410
328.840	1
329.270
329.700
330.130
330.560	1
330.990
331.420
331.840
332.270	1
332.690
333.110
333.520
333.950	1
334.360
334.790
335.210
335.640	1
336.050
336.480
336.880
337.320	1
337.740
338.160
338.580
339.010	1
339.440
339.860
340.290
340.700	1
341.150
341.570
342.000
342.430	1
342.860
343.280
343.730
344.160	1
344.620
345.040
345.500
345.920	1
346.380
346.820
347.260
347.670	1
348.110
348.550
349.000
349.440	1
349.870
350.310
350.750
351.180	1
351.610
352.030
352.460
352.900	1
353.340
353.770
354.180
354.620	1
355.050
355.480
355.910
356.350	1
356.800
357.240
357.690
358.120	1
358.540
358.970
359.390
359.830	1
360.260
360.710
361.130
361.580	1
362.010
362.440
362.880
363.300	1
363.730
364.150
364.590
365.020	1
365.440
365.870
366.310
366.750	1
367.200
367.640
368.060
368.480	1
368.920
369.340
369.770
370.210	1
370.650
371.090
371.530
371.950	1
372.400
372.840
373.280
373.710	1
374.150
374.590
375.020
375.460	1
375.890
376.300
376.730
377.170	1
377.630
378.070
378.510
378.930	1
379.370
379.800
380.230
380.660	1
381.100
381.530
381.960
382.390	1
382.820
383.240
383.680
384.100	1
384.540
384.960
385.400
385.820	1
386.260
386.690
387.130
387.580	1
388.020
388.450
388.880
389.330	1
389.770
390.200
390.640
391.070	1
391.510
391.950
392.380
392.820	1
393.250
393.700
394.130
394.580	1
395.010
395.470
395.890
396.330	1
396.770
397.220
397.670
398.100	1
398.530
398.990
399.430
399.870	1
