0.260
0.850
1.390
1.930
2.480
3.020
3.560
4.060
4.570
5.070
5.580
6.120
6.700
7.270
7.820
8.350
8.900
9.440
9.970
10.480
11.000
11.540
12.070
12.580
13.120
13.620
14.140
14.690
15.240
15.750
16.300
16.830
17.370
17.940
18.460
18.980
19.480
19.990
20.520
21.040
21.590
22.130
22.640
23.170
23.680
24.210
24.730
25.270
25.780
26.290
26.810
27.330
27.840
28.370
28.900
29.420
29.940
30.450
30.960
31.480
31.980
32.480
33.020
33.530
34.050
34.580
35.090
35.600
36.110
36.640
37.170
37.690
38.200
38.740
39.280
39.790
40.290
40.800
41.340
41.850
42.350
42.850
43.360
43.860
44.390
44.890
45.400
45.900
46.450
46.950
47.480
48.030
48.550
49.050
49.560
50.100
50.610
51.150
51.640
52.140
52.620
53.150
53.640
54.160
54.670
55.160
55.650
56.180
56.680
57.180
57.670
58.210
58.700
59.210
59.690
60.200
60.690
61.180
61.670
62.170
62.660
63.180
63.670
64.180
64.670
65.150
65.650
66.120
66.630
67.110
67.600
68.110
68.610
69.100
69.590
70.090
70.590
71.080
71.580
72.050
72.550
73.050
73.530
74.040
74.520
75.020
75.500
75.980
76.470
76.950
77.450
77.950
78.440
78.910
79.410
79.900
80.410
80.890
81.360
81.870
82.380
82.870
83.360
83.840
84.340
84.840
85.330
85.830
86.310
86.790
87.270
87.780
88.260
88.740
89.230
89.720
90.200
90.700
91.180
91.680
92.150
92.660
93.140
93.640
94.110
94.580
95.100
95.580
96.070
96.560
97.040
97.530
98.000
98.490
98.980
99.470
99.960
100.450
100.930
101.410
101.900
102.390
102.880
103.390
103.870
104.350
104.840
105.340
105.820
106.320
106.790
107.280
107.770
108.260
108.730
109.220
109.720
110.210
110.700
111.190
111.670
112.170
112.660
113.140
113.650
114.130
114.640
115.120
115.630
116.140
116.650
117.150
117.620
118.110
118.610
119.090
119.560
120.060
120.560
121.050
121.520
122.020
122.510
122.980
123.460
123.970
124.430
124.940
125.420
125.900
126.400
126.880
127.360
127.840
128.330
128.810
129.290
129.770
130.250
130.750
131.220
131.720
132.210
132.670
133.160
133.660
134.140
134.620
135.100
135.590
136.100
136.590
137.080
137.560
138.050
138.530
139.040
139.520
140.000
140.500
140.960
141.460
141.940
142.410
142.900
143.370
143.860
144.330
144.810
145.300
145.770
146.240
146.740
147.210
147.680
148.160
148.620
149.110
149.590
150.070
150.530
151.020
151.510
151.980
152.470
152.960
153.450
153.930
154.390
154.880
155.350
155.820
156.290
156.770
157.250
157.720
158.190
158.690
159.170
159.630
160.110
160.600
161.050
161.540
161.990
162.480
162.950
163.430
163.910
164.390
164.840
165.330
165.800
166.280
166.770
167.250
167.720
168.200
168.680
169.160
169.640
170.120
170.590
171.060
171.530
171.990
172.460
172.940
173.410
173.880
174.360
174.850
175.310
175.800
176.270
176.740
177.200
177.700
178.190
178.670
179.140
179.630
180.120
180.580
181.090
181.570
182.080
182.540
183.050
183.530
184.010
184.510
184.990
185.470
185.930
186.410
186.910
187.410
187.900
188.400
188.880
189.350
189.820
190.300
190.770
191.250
191.710
192.190
192.660
193.110
193.570
194.020
194.460
194.920
195.380
195.840
196.330
196.780
197.270
197.740
198.190
198.670
199.150
199.600
200.080
200.560
201.030
201.470
201.930
202.410
202.860
203.310
203.780
204.250
204.710
205.160
205.620
206.070
206.560
207.020
207.490
207.950
208.420
208.910
209.380
209.840
210.290
210.760
211.210
211.680
212.150
212.610
213.090
213.610
214.090
214.570
215.040
215.500
215.990
216.470
216.960
217.440
217.930
218.410
218.910
219.380
219.870
220.350
220.860
221.320
221.820
222.330
222.820
223.290
223.770
224.290
224.770
225.260
225.710
226.190
226.670
227.160
227.630
228.110
228.570
229.030
229.520
229.990
230.460
230.920
231.400
231.880
232.360
232.830
233.300
233.790
234.260
234.730
235.210
235.680
236.160
236.630
237.100
237.580
238.050
238.540
239.010
239.500
239.980
240.450
240.910
241.380
241.850
242.330
242.780
243.260
243.730
244.230
244.700
245.180
245.670
246.130
246.590
247.060
247.530
248.010
248.490
248.990
249.460
249.940
250.410
250.890
251.370
251.830
252.290
252.760
253.240
253.700
254.190
254.660
255.130
255.610
256.090
256.580
257.050
257.520
258.000
258.480
258.940
259.410
259.880
260.350
260.810
261.280
261.750
262.220
262.690
263.160
263.640
264.110
264.560
265.020
265.480
265.960
266.440
266.900
267.360
267.830
268.290
268.730
269.170
269.640
270.120
270.590
271.060
271.520
271.990
272.470
272.950
273.410
273.880
274.360
274.840
275.300
275.780
276.240
276.710
277.200
277.680
278.140
278.630
279.090
279.560
280.040
280.520
280.980
281.430
281.890
282.370
282.820
283.300
283.760
284.220
284.700
285.160
285.630
286.080
286.550
287.020
287.470
287.930
288.390
288.840
289.290
289.710
290.160
290.600
291.040
291.480
291.960
292.440
292.910
293.370
293.840
294.290
294.750
295.220
295.680
296.140
296.610
297.040
297.470
297.920
298.350
298.800
299.260
299.720
300.180
300.640
301.130
301.580
302.050
302.490
302.960
303.420
303.860
304.290
304.700
305.160
305.600
306.060
306.550
307.020
307.490
307.950
308.410
308.890
309.360
309.820
310.280
310.740
311.190
311.650
312.090
312.510
312.930
313.400
313.880
314.390
314.860
315.360
315.810
316.300
316.760
317.230
317.720
318.210
318.690
319.170
319.650
320.140
320.620
321.130
321.590
322.080
322.550
323.040
323.530
324.010
324.500
325.000
325.470
325.940
326.430
326.920
327.400
327.890
328.370
328.860
329.370
329.850
330.320
330.790
331.270
331.750
332.230
332.710
333.190
333.660
334.140
334.640
335.120
335.590
336.070
336.560
337.060
337.530
338.040
338.520
339.000
339.480
339.970
340.470
340.960
341.470
341.940
342.440
342.930
343.430
343.930
344.430
344.910
345.410
345.890
346.400
346.880
347.370
347.890
348.360
348.860
349.340
349.830
350.290
350.780
351.260
351.750
352.200
352.650
353.110
353.590
354.050
354.490
355.070
355.590
356.170
356.740
357.290
357.840
358.460
359.090
359.760
360.470
361.170
361.870
362.570
363.340
364.070
364.780
365.560
366.290
367.070
367.820
368.540
369.280
