0.420
0.880
1.360
1.810
2.270
2.730
3.170
3.620
4.040
4.490
4.940
5.380
5.820
6.280
6.710
7.160
7.590
8.020
8.470
8.910
9.350
9.800
10.240
10.660
11.110
11.550
11.980
12.420
12.870
13.310
13.740
14.190
14.620
15.060
15.500
15.940
16.380
16.820
17.260
17.690
18.120
18.560
18.980
19.420
19.830
20.280
20.690
21.120
21.550
21.980
22.430
22.850
23.290
23.730
24.150
24.580
25.010
25.450
25.890
26.320
26.740
27.170
27.590
28.020
28.450
28.880
29.300
29.730
30.160
30.590
31.030
31.480
31.900
32.330
32.770
33.200
33.630
34.080
34.500
34.950
35.370
35.810
36.240
36.670
37.090
37.530
37.950
38.390
38.810
39.240
39.680
40.130
40.550
40.990
41.420
41.850
42.280
42.720
43.150
43.580
44.000
44.440
44.880
45.300
45.750
46.190
46.620
47.050
47.490
47.920
48.360
48.780
49.210
49.640
50.080
50.520
50.950
51.390
51.820
52.250
52.680
53.100
53.540
53.980
54.420
54.860
55.280
55.700
56.130
56.570
57.000
57.440
57.880
58.310
58.750
59.190
59.610
60.040
60.470
60.910
61.340
61.760
62.190
62.620
63.070
63.500
63.940
64.370
64.810
65.240
65.670
66.100
66.530
66.960
67.390
67.820
68.250
68.680
69.110
69.530
69.970
70.410
70.840
71.280
71.720
72.160
72.600
73.050
73.470
73.910
74.330
74.770
75.210
75.660
76.090
76.530
76.970
77.410
77.820
78.250
78.710
79.160
79.610
80.040
80.480
80.920
81.360
81.800
82.220
82.660
83.100
83.540
83.980
84.400
84.830
85.280
85.700
86.140
86.580
87.020
87.460
87.900
88.350
88.770
89.200
89.640
90.060
90.510
90.950
91.390
91.810
92.250
92.690
93.110
93.540
93.960
94.390
94.820
95.260
95.690
96.140
96.570
96.990
97.440
97.860
98.290
98.730
99.140
99.570
100.010
100.450
100.910
101.340
101.780
102.230
102.670
103.110
103.540
103.980
104.420
104.850
105.290
105.720
106.150
106.580
107.020
107.460
107.880
108.320
108.740
109.180
109.620
110.060
110.480
110.930
111.360
111.800
112.230
112.670
113.100
113.530
113.970
114.400
114.840
115.270
115.700
116.130
116.560
117.000
117.430
117.860
118.310
118.730
119.170
119.590
120.020
120.450
120.890
121.330
121.750
122.180
122.600
123.040
123.470
123.900
124.330
124.780
125.220
125.630
126.060
126.500
126.940
127.380
127.820
128.260
128.700
129.140
129.560
130.010
130.450
130.880
131.320
131.750
132.180
132.610
133.050
133.480
133.910
134.340
134.780
135.210
135.650
136.080
136.510
136.940
137.380
137.800
138.240
138.660
139.080
139.530
139.960
140.390
140.810
141.250
141.680
142.100
142.540
142.980
143.400
143.840
144.260
144.700
145.130
145.560
146.010
146.430
146.880
147.300
147.730
148.170
148.590
149.040
149.470
149.910
150.340
150.760
151.210
151.630
152.080
152.510
152.940
153.350
153.770
154.210
154.660
155.100
155.530
155.940
156.380
156.810
157.230
157.670
158.100
158.530
158.970
159.400
159.840
160.270
160.710
161.130
161.570
162.000
162.430
162.860
163.290
163.720
164.150
164.570
165.000
165.430
165.860
166.290
166.710
167.150
167.590
168.010
168.450
168.870
169.310
169.740
170.180
170.610
171.050
171.470
171.900
172.340
172.770
173.200
173.630
174.070
174.490
174.920
175.350
175.790
176.220
176.650
177.080
177.510
177.940
178.370
178.800
179.220
179.650
180.080
180.500
180.930
181.340
181.790
182.230
182.670
183.110
183.550
183.990
184.420
184.860
185.290
185.720
186.150
186.590
187.020
187.470
187.910
188.350
188.770
189.200
189.630
190.070
190.500
190.930
191.360
191.790
192.210
192.650
193.080
193.530
193.960
194.390
194.810
195.240
195.670
196.110
196.540
196.970
197.410
197.840
198.270
198.720
199.140
199.570
200.000
200.430
200.860
201.290
201.720
202.170
202.590
203.020
203.450
203.900
204.320
204.750
205.180
205.620
206.060
206.500
206.940
207.360
207.800
208.220
208.660
209.070
209.490
209.930
210.360
210.800
211.250
211.680
212.120
212.560
212.990
213.430
213.870
214.310
214.750
215.180
215.610
216.050
216.500
216.940
217.370
217.800
218.250
218.690
219.120
219.560
219.990
220.430
220.870
221.300
221.740
222.180
222.620
223.050
223.480
223.910
224.360
224.800
225.220
225.650
226.080
226.520
226.960
227.390
227.830
228.270
228.710
229.140
229.580
230.000
230.430
230.860
231.300
231.730
232.160
232.590
233.030
233.460
233.890
234.340
234.770
235.190
235.630
236.060
236.480
236.910
237.340
237.790
238.220
238.660
239.090
239.530
239.950
240.390
240.820
241.270
241.710
242.150
242.580
243.020
243.460
243.900
244.330
244.770
245.210
245.650
246.080
246.520
246.940
247.380
247.820
248.260
248.700
249.140
249.560
250.000
250.430
250.870
251.300
251.720
252.150
252.590
253.020
253.450
253.890
254.320
254.750
255.180
255.610
256.040
256.470
256.890
257.330
257.780
258.200
258.640
259.060
259.500
259.940
260.370
260.800
261.230
261.660
262.100
262.540
262.990
263.430
263.870
264.300
264.730
265.170
265.610
266.050
266.480
266.940
267.360
267.790
268.230
268.650
269.080
269.510
269.950
270.380
270.800
271.230
271.630
272.060
272.520
272.950
273.380
273.840
274.270
274.670
275.110
275.510
275.950
276.380
276.810
277.220
277.640
278.060
278.480
278.920
279.360
279.810
280.230
280.670
281.100
281.540
281.970
282.410
282.870
283.310
283.750
284.200
284.650
285.090
285.540
285.960
286.420
286.850
287.260
287.690
288.120
288.600
289.060
289.510
289.960
290.440
290.890
291.350
291.800
