0.270
1.030
1.810
2.590
3.380
4.140
4.960
5.740
6.550
7.330
8.110
8.890
9.670
10.440
11.240
12.000
12.820
13.630
14.450
15.250
16.070
16.850
17.700
18.480
19.340
20.170
21.030
21.850
22.650
23.470
24.290
25.160
25.990
26.790
27.680
28.550
29.460
30.290
31.150
32.060
32.930
33.780
34.650
35.510
36.420
37.320
38.170
39.060
39.940
40.810
41.640
42.480
43.310
44.120
44.950
45.790
46.640
47.470
48.290
49.120
50.000
50.820
51.680
52.570
53.440
54.360
55.240
56.080
56.930
57.750
58.660
59.530
60.370
61.260
62.130
62.990
63.910
64.760
65.650
66.520
67.390
68.260
69.130
70.000
70.880
71.790
72.680
73.580
74.460
75.290
76.140
76.960
77.780
78.580
79.420
80.240
81.080
81.940
82.800
83.610
84.450
85.280
86.120
86.940
87.820
88.670
89.520
90.380
91.270
92.130
92.990
93.890
94.750
95.620
96.500
97.370
98.260
99.160
99.990
100.860
101.750
102.620
103.450
104.280
105.110
105.900
106.700
107.550
108.400
109.240
110.070
110.870
111.730
112.570
113.410
114.310
115.180
116.080
116.930
117.790
118.650
119.490
120.380
121.250
122.110
122.970
123.820
124.680
125.520
126.360
127.210
128.050
128.920
129.750
130.580
131.430
132.290
133.120
133.960
134.760
135.620
136.480
137.310
138.150
138.990
139.840
140.690
141.500
142.340
143.180
144.050
144.930
145.770
146.620
147.480
148.320
149.190
150.030
150.900
151.760
152.610
153.530
154.390
155.290
156.140
157.010
157.840
158.670
159.520
160.360
161.190
161.990
162.810
163.660
164.530
165.360
166.220
167.090
167.970
168.860
169.780
170.630
171.510
172.450
173.310
174.110
174.940
175.830
176.620
177.420
178.240
179.090
179.930
180.700
181.560
182.400
183.250
184.100
184.950
185.780
186.630
187.460
188.280
189.120
189.940
190.770
191.610
192.460
193.310
194.150
194.960
195.760
196.520
197.320
198.120
198.920
199.730
