0.250	1
0.465
0.680
0.895
1.110	1
1.320
1.530
1.740
1.950	1
2.150
2.350
2.560
2.770	1
2.980
3.190
3.395
3.600	1
3.810
4.020
4.220
4.420	1
4.620
4.820
5.035
5.250	1
5.455
5.660
5.860
6.060	1
6.260
6.460
6.665
6.870	1
7.075
7.280
7.495
7.710	1
7.925
8.140
8.345
8.550	1
8.760
8.970
9.170
9.370	1
9.575
9.780
9.985
10.190	1
10.405
10.620
10.830
11.040	1
11.235
11.430
11.635
11.840	1
12.050
12.260
12.465
12.670	1
12.875
13.080
13.290
13.500	1
13.705
13.910
14.115
14.320	1
14.520
14.720
14.930
15.140	1
15.345
15.550
15.760
15.970	1
16.175
16.380
16.580
16.780	1
16.990
17.200
17.410
17.620	1
17.820
18.020
18.225
18.430	1
18.640
18.850
19.055
19.260	1
19.455
19.650
19.845
20.040	1
20.250
20.460
20.665
20.870	1
21.080
21.290
21.495
21.700	1
21.905
22.110
22.310
22.510	1
22.720
22.930
23.150
23.370	1
23.580
23.790
23.995
24.200	1
24.405
24.610
24.815
25.020	1
25.225
25.430
25.640
25.850	1
26.055
26.260
26.460
26.660	1
26.875
27.090
27.295
27.500	1
27.710
27.920
28.120
28.320	1
28.535
28.750
28.950
29.150	1
29.360
29.570
29.785
30.000	1
30.210
30.420
30.630
30.840	1
31.050
31.260
31.465
31.670	1
31.880
32.090
32.305
32.520	1
32.725
32.930
33.135
33.340	1
33.555
33.770
33.985
34.200	1
34.395
34.590
34.805
35.020	1
35.225
35.430
35.625
35.820	1
36.035
36.250
36.450
36.650	1
36.855
37.060
37.275
37.490	1
37.695
37.900
38.100
38.300	1
38.505
38.710
38.915
39.120	1
39.320
39.520
39.720
39.920	1
40.125
40.330
40.530
40.730	1
40.935
41.140
41.345
41.550	1
41.750
41.950
42.150
42.350	1
42.555
42.760
42.965
43.170	1
43.375
43.580
43.775
43.970	1
44.180
44.390
44.590
44.790	1
44.995
45.200
45.395
45.590	1
45.795
46.000
46.200
46.400	1
46.605
46.810
47.015
47.220	1
47.430
47.640
47.845
48.050	1
48.245
48.440
48.645
48.850	1
49.055
49.260
49.465
49.670	1
49.870
50.070
50.280
50.490	1
50.695
50.900
51.100
51.300	1
51.500
51.700
51.900
52.100	1
52.305
52.510
52.715
52.920	1
53.130
53.340
53.550
53.760	1
53.960
54.160
54.360
54.560	1
54.765
54.970
55.185
55.400	1
55.605
55.810
56.005
56.200	1
56.410
56.620
56.825
57.030	1
57.230
57.430
57.635
57.840	1
58.035
58.230
58.435
58.640	1
58.850
59.060
59.255
59.450	1
59.650
59.850
60.055
60.260	1
60.458
60.656
60.854
61.052	1
61.262
61.472
61.682
61.892	1
62.089
62.286
62.483
62.680	1
62.890
63.080
63.270
63.475	1
63.680
63.880
64.080
64.280	1
64.480
64.685
64.890
65.080	1
65.270
65.480
65.690
65.895	1
66.100
66.295
66.490
66.695	1
66.900
67.100
67.300
67.505	1
67.710
67.910
68.110
68.305	1
68.500
68.705
68.910
69.115	1
69.320
69.520
69.720
69.920	1
70.120
70.320
70.520
70.715	1
70.910
71.105
71.300
71.500	1
71.700
71.890
72.080
72.275	1
72.470
72.675
72.880
73.075	1
73.270
73.475
73.680
73.875	1
74.070
74.265
74.460
74.660	1
74.860
75.060
75.260
75.465	1
75.670
75.870
76.070
76.265	1
76.460
76.665
76.870
77.070	1
77.270
77.460
77.650
77.845	1
78.040
78.230
78.420
78.630	1
78.840
79.040
79.240
79.435	1
79.630
79.830
80.030
80.230	1
80.430
80.620
80.810
81.010	1
81.210
81.405
81.600
81.795	1
81.990
82.185
82.380
82.585	1
82.790
82.985
83.180
83.380	1
83.580
83.770
83.960
84.160	1
84.360
84.550
84.740
84.940	1
85.140
85.335
85.530
85.730	1
85.930
86.130
86.330
86.525	1
86.720
86.920
87.120
87.315	1
87.510
87.710
87.910
88.105	1
88.300
88.500
88.700
88.900	1
89.100
89.290
89.480
89.680	1
89.880
90.065
90.250
90.445	1
90.640
90.835
91.030
91.225	1
91.420
91.625
91.830
92.025	1
92.220
92.410
92.600
92.795	1
92.990
93.185
93.380
93.575	1
93.770
93.970
94.170
94.370	1
94.570
94.780
94.990
95.195	1
95.400
95.610
95.820
96.025	1
96.230
96.435
96.640
96.845	1
97.050
97.255
97.460
97.665	1
97.870
98.065
98.260
98.460	1
98.660
98.865
99.070
99.260	1
99.450
99.650
99.850
100.040	1
100.230
100.430
100.630
100.820	1
101.010
101.210
101.410
101.605	1
101.800
102.000
102.200
102.400	1
102.600
102.795
102.990
103.185	1
103.380	1
103.575
103.770
103.975
104.180	1
104.380
104.580
104.775
104.970	1
105.160
105.350
105.545
105.740	1
105.940
106.140
106.340
106.540	1
106.730
106.920
107.120
107.320	1
107.515
107.710
107.900
108.090	1
108.285
108.480
108.675
108.870	1
109.060
109.250
109.450
109.650	1
109.840
110.030
110.235
110.440	1
110.640
110.840
111.035
111.230	1
111.430
111.630
111.830
112.030	1
112.220
112.410
112.610
112.810	1
113.010
113.210
113.410
113.610	1
113.810
114.010
114.205
114.400	1
114.600
114.800
114.985
115.170	1
115.370
115.570
115.770
115.970	1
116.165
116.360
116.565
116.770	1
116.965
117.160
117.365
117.570	1
117.760
117.950
118.155
118.360	1
118.555
118.750
118.955
119.160	1
119.350
119.540
119.740
119.940	1
120.135
120.330
120.520
120.710	1
120.915
121.120
121.315
121.510	1
121.705
121.900
122.085
122.270	1
122.470
122.670
122.860
123.050	1
123.255
123.460
123.665
123.870	1
124.070
124.270
124.470
124.670	1
124.865
125.060
125.245
125.430	1
125.630
125.830
126.025
126.220	1
126.420
126.620
126.820
127.020	1
127.215
127.410
127.605
127.800	1
127.995
128.190
128.390
128.590	1
128.780
128.970
129.170
129.370	1
129.565
129.760
129.965
130.170	1
130.365
130.560
130.760
130.960	1
131.155
131.350
131.555
131.760	1
131.955
132.150
132.360
132.570	1
132.770
132.970
133.165
133.360	1
133.565
133.770
133.965
134.160	1
134.360
134.560
134.755
134.950	1
135.150
135.350
135.545
135.740	1
135.940
136.140
136.340
136.540	1
136.740
136.940
137.140
137.340	1
137.545
137.750
137.950
138.150	1
138.345
138.540
138.740
138.940	1
139.135
139.330
139.530
139.730	1
139.930
140.130
140.330
140.530	1
140.730
140.930
141.125
141.320	1
141.525
141.730
141.935
142.140	1
142.340
142.540
142.740
142.940	1
143.140
143.340
143.550
143.760	1
143.960
144.160
144.360
144.560	1
144.760
144.960
145.165
145.370	1
145.565
145.760
145.965
146.170	1
146.380
146.590
146.795
147.000	1
147.200
147.400
147.595
147.790	1
147.995
148.200
148.400
148.600	1
148.810
149.020
149.220
149.420	1
149.620
149.820
150.015
150.210	1
150.415
150.620
150.825
151.030	1
151.230
151.430
151.625
151.820	1
152.020
152.220
152.425
152.630	1
152.835
153.040
153.235
153.430	1
153.630
153.830
154.025
154.220	1
154.420
154.620
154.820
155.020	1
155.230
155.440
155.650
155.860	1
156.060
156.260
156.460
156.660	1
156.865
157.070
157.280
157.490	1
157.695
157.900
158.105
158.310	1
158.505
158.700
158.905
159.110	1
159.305
159.500
159.700
159.900	1
160.110
160.320
160.520
160.720	1
160.920
161.120
161.325
161.530	1
161.720
161.910
162.115
162.320	1
162.535
162.750
162.955
163.160	1
163.360
163.560
163.760
163.960	1
164.160
164.360
164.560
164.760	1
164.965
165.170
165.370
165.570	1
165.775
165.980
166.190
166.400	1
166.602
166.804
167.004
167.204	1
167.408
167.612
167.812
168.012	1
168.212
168.412
168.608
168.804	1
169.019
169.233
169.439
169.644	1
169.848
170.052
170.252
170.452	1
170.657
170.863
171.077
171.292	1
171.483
171.673
171.879
172.084	1
172.293
172.503
172.713
172.924	1
173.128
173.332
173.537
173.743	1
173.937
174.132
174.326
174.520	1
174.725
174.930
175.120
175.310	1
175.515
175.720
175.925
176.130	1
176.320
176.510
176.715
176.920	1
177.115
177.310
177.510
177.710	1
177.910
178.110
178.305
178.500	1
178.700
178.900
179.105
179.310	1
179.505
179.700
179.900
180.100	1
180.295
180.490
180.695
180.900	1
181.100
181.300
181.500
181.700	1
181.900
182.100
182.300
182.500	1
182.705
182.910
183.105
183.300	1
183.505
183.710
183.910
184.110	1
184.305
184.500
184.705
184.910	1
185.110
185.310
185.510
185.710	1
185.905
186.100
186.295
186.490	1
186.690
186.890
187.080
187.270	1
187.475
187.680
187.885
188.090	1
188.285
188.480
188.685
188.890	1
189.090
189.290
189.485
189.680	1
189.880
190.080
190.285
190.490	1
190.685
190.880
191.075
191.270	1
191.465
191.660
191.855
192.050	1
192.240
192.430
192.635
192.840	1
193.035
193.230
193.420
193.610	1
193.800
193.990
194.190
194.390	1
194.590
194.790
194.985
195.180	1
195.360
195.540
195.725
195.910	1
196.095
196.280
196.465
196.650	1
196.835
197.020
197.205
197.390	1
197.565
197.740
197.930
198.120	1
198.305
198.490
198.680
198.870	1
199.075
199.280
199.480
199.680	1
199.875
200.070
200.260
200.450	1
200.650
200.850
201.045
201.240	1
201.435
201.630
201.825
202.020	1
202.215
202.410
202.605
202.800	1
202.990
203.180
203.380
203.580	1
203.775
203.970
204.170
204.370	1
204.560
204.750
204.950
205.150	1
205.345
205.540
205.725
205.910	1
206.100
206.290
206.485
206.680	1
206.870
207.060
207.245
207.430	1
207.625
207.820
208.000
208.180	1
208.380
208.580
208.770
208.960	1
209.135
209.310
209.500
209.690	1
209.875
210.060
210.240
210.420	1
210.615
210.810
211.000
211.190	1
211.390
211.590
211.785
211.980	1
212.170
212.360
212.565
212.770	1
212.960
213.150
213.350
213.550	1
213.740
213.930
214.125
214.320	1
214.510
214.700
214.895
215.090	1
215.285
215.480
215.680
215.880	1
216.070
216.260
216.450
216.640	1
216.840
217.040
217.225
217.410	1
217.610
217.810
218.000
218.190	1
218.385
218.580
218.775
218.970	1
219.165
219.360
219.555
219.750	1
219.945
220.140
220.330
220.520	1
220.720
220.920
221.110
221.300	1
221.500
221.700
221.890
222.080	1
222.275
222.470
222.655
222.840	1
223.035
223.230
223.420
223.610	1
223.810
224.010
224.210
224.410	1
224.605
224.800
224.995
225.190	1
225.390
225.590
225.780
225.970	1
226.170
226.370
226.560
226.750	1
226.950
227.150
227.345
227.540	1
227.730
227.920
228.120
228.320	1
228.510
228.700
228.895
229.090	1
229.285
229.480
229.680
229.880	1
230.070
230.260
230.440
230.620	1
230.810
231.000
231.200
231.400	1
231.585
231.770
231.955
232.140	1
232.335
232.530
232.720
232.910	1
233.115
233.320
233.510
233.700	1
233.900
234.100
234.290
234.480	1
234.665
234.850
235.045
235.240	1
235.425
235.610
235.800
235.990	1
236.205
236.420
236.620
236.820	1
237.020
237.220
237.420
237.620	1
237.820
238.020
238.220
238.420	1
238.620
238.820
239.025
239.230	1
239.440
239.650
239.840
240.030	1
240.230
240.430
240.630
240.830	1
241.035
241.240
241.445
241.650	1
241.855
242.060
242.260
242.460	1
242.665
242.870
243.075
243.280	1
243.480
243.680
243.880
244.080	1
244.275
244.470
244.675
244.880	1
245.085
245.290
245.490
245.690	1
245.895
246.100
246.305
246.510	1
246.710
246.910
247.110
247.310	1
247.510
247.710
247.910
248.110	1
248.310
248.510
248.710
248.910	1
249.115
249.320
249.525
249.730	1
249.930
250.130
250.330
250.530	1
250.735
250.940
251.145
251.350	1
251.545
251.740
251.940
252.140	1
252.345
252.550
252.750
252.950	1
253.150
253.350
253.550
253.750	1
253.955
254.160
254.355
254.550	1
254.760
254.970
255.165
255.360	1
255.565
255.770
255.970
256.170	1
256.380
256.590
256.785
256.980	1
257.180
257.380
257.580
257.780	1
257.985
258.190
258.395
258.600	1
258.805
259.010
259.220
259.430	1
259.630
259.830
260.030
260.230	1
260.440
260.650
260.860
261.070	1
261.275
261.480
261.680
261.880	1
262.090
262.300
262.500
262.700	1
262.910
263.120
263.315
263.510	1
263.715
263.920
264.115
264.310	1
264.520
264.730
264.930
265.130	1
