0.420
0.920
1.420
1.950
2.450
2.950
3.450
3.950
4.440
4.950
5.450
5.940
6.430
6.920
7.420
7.940
8.430
8.990
9.510
10.080
10.630
11.180
11.730
12.290
12.830
13.350
13.880
14.430
14.960
15.530
16.070
16.610
17.130
17.670
18.200
18.770
19.300
19.860
20.390
20.940
21.460
22.010
22.540
23.110
23.640
24.190
24.710
25.260
25.780
26.350
26.900
27.460
28.030
28.580
29.130
29.680
30.240
30.800
31.320
31.870
32.410
32.990
33.530
34.070
34.620
35.180
35.720
36.270
36.810
37.380
37.920
38.470
39.020
39.580
40.110
40.660
41.190
41.720
42.260
42.800
43.340
43.890
44.410
44.950
45.490
46.040
46.580
47.120
47.670
48.210
48.730
49.280
49.800
50.350
50.870
51.410
51.950
52.490
53.060
53.600
54.140
54.690
55.240
55.790
56.330
56.890
57.430
57.970
58.520
59.080
59.610
60.150
60.700
61.270
61.810
62.350
62.890
63.440
63.970
64.520
65.050
65.610
66.150
66.710
67.240
67.810
68.350
68.920
69.450
70.010
70.550
71.100
71.630
72.160
72.700
73.230
73.770
74.300
74.850
75.380
75.910
76.460
76.980
77.520
78.050
78.590
79.120
79.650
80.190
80.720
81.250
81.800
82.340
82.870
83.400
83.940
84.480
85.020
85.550
86.090
86.620
87.190
87.730
88.280
88.820
89.370
89.920
90.460
91.040
91.580
92.130
92.650
93.180
93.730
94.280
94.830
95.370
95.950
96.480
97.040
97.580
98.120
98.650
99.190
99.730
100.290
100.820
101.380
101.920
102.480
103.000
103.550
104.080
104.620
105.150
105.690
106.220
106.770
107.300
107.840
108.370
108.920
109.450
110.000
110.540
111.080
111.620
112.170
112.690
113.240
113.800
114.370
114.920
115.490
116.040
116.600
117.150
117.720
118.260
118.840
119.380
119.930
120.480
121.020
121.560
122.090
122.630
123.210
123.740
124.310
124.850
125.410
125.940
126.510
127.060
127.650
128.190
128.760
129.310
129.870
130.420
130.970
131.520
132.060
132.590
133.130
133.690
134.240
134.780
135.310
135.860
136.420
136.960
137.510
138.050
138.590
139.130
139.690
140.260
140.830
141.410
141.960
142.540
143.060
143.610
144.160
144.720
145.270
145.840
146.390
146.930
147.470
148.010
148.580
149.120
149.660
150.210
150.780
151.300
151.850
152.390
152.930
153.470
154.020
154.560
155.100
155.640
156.190
156.720
157.260
157.790
158.340
158.880
159.420
159.980
160.500
161.040
161.590
162.130
162.670
163.200
163.740
164.260
164.820
165.340
165.900
166.430
166.970
167.510
168.050
168.600
169.150
169.690
170.250
170.790
171.330
171.870
172.400
172.950
173.480
174.020
174.530
175.060
175.600
176.110
176.650
177.170
177.720
178.250
178.780
179.310
179.850
180.370
180.900
181.440
181.970
182.510
183.050
183.590
184.120
184.680
185.200
185.750
186.270
186.810
187.350
187.900
188.440
188.980
189.490
190.030
190.550
191.090
191.630
192.180
192.720
193.250
193.790
194.320
194.870
195.410
195.950
196.480
197.000
197.530
198.080
198.630
199.160
199.680
200.220
200.750
201.280
201.800
202.320
202.840
203.390
203.920
204.470
205.000
205.530
206.080
206.620
207.150
207.700
208.200
208.730
209.270
209.800
210.330
210.880
211.410
211.930
212.450
212.980
213.510
214.050
214.580
215.100
215.640
216.170
216.700
217.260
217.800
218.350
218.890
219.440
219.970
220.500
221.030
221.550
222.080
222.610
223.130
223.660
224.200
224.730
225.280
225.820
226.350
226.870
227.420
227.950
228.470
229.010
229.530
230.050
230.570
231.090
231.620
232.160
232.700
233.220
233.750
234.300
234.830
235.360
235.890
236.430
236.960
237.490
238.030
238.550
239.070
239.600
240.120
240.640
241.150
241.690
242.210
242.750
243.270
243.790
244.310
244.850
245.380
245.900
246.440
246.980
247.500
248.010
248.540
249.060
249.600
250.110
250.630
251.150
251.670
252.200
252.720
253.250
253.790
254.300
254.830
255.350
255.880
256.400
256.930
257.450
257.980
258.490
259.020
259.550
260.070
260.600
261.120
261.650
262.200
262.700
263.220
263.730
264.250
264.760
265.290
265.810
266.340
266.870
267.380
267.930
268.450
268.980
269.500
270.030
270.540
271.050
271.590
272.110
272.640
273.160
273.700
274.230
274.760
275.280
275.830
276.340
276.860
277.390
277.900
278.440
278.970
279.490
280.010
280.540
281.070
281.610
282.130
282.660
283.190
283.710
284.230
284.770
285.290
285.840
286.370
286.900
287.410
287.950
288.470
289.000
289.530
290.060
290.590
291.130
291.660
292.220
292.750
293.280
293.820
294.340
294.870
295.400
295.940
296.480
297.010
297.540
298.080
298.590
299.100
299.630
300.160
300.700
301.210
301.750
302.260
302.790
303.300
303.820
304.340
304.870
305.390
305.920
306.430
306.960
307.480
308.010
308.520
309.060
309.590
310.120
310.650
311.180
311.720
312.260
312.790
313.330
313.880
314.400
314.940
315.480
316.020
316.560
317.090
317.630
318.160
318.720
319.240
319.780
320.310
320.840
321.360
321.890
322.410
322.940
323.480
324.020
324.570
325.130
325.650
326.200
326.730
327.250
327.780
328.280
328.810
329.340
329.840
330.370
330.870
331.390
331.890
332.430
332.920
333.470
333.990
334.510
334.990
335.520
336.030
336.550
337.050
337.580
338.100
338.610
339.140
339.660
340.200
340.710
341.230
341.750
342.260
342.780
343.320
343.840
344.340
344.860
345.380
345.900
346.410
346.940
347.460
347.990
348.510
349.020
349.540
350.080
350.570
351.120
351.620
352.140
352.660
353.180
353.680
354.200
354.730
355.250
355.760
356.270
356.790
357.300
357.810
358.340
358.860
359.380
359.900
360.410
360.920
361.440
361.950
362.470
363.010
363.530
364.060
364.570
365.100
365.620
366.150
366.670
367.190
367.700
368.220
368.760
369.290
369.810
370.370
370.900
371.430
371.960
372.480
373.010
373.540
374.070
374.580
375.110
375.640
376.160
376.690
377.220
377.760
378.290
378.820
379.350
379.870
380.410
380.940
381.460
381.980
382.510
383.030
383.560
384.070
384.590
385.140
385.680
386.220
386.740
387.290
387.800
388.330
388.860
389.380
389.900
390.410
390.940
391.470
391.990
392.510
393.030
393.550
394.060
394.580
395.120
395.650
396.170
396.680
397.200
397.720
398.240
398.740
399.270
399.770
400.280
400.770
401.300
401.810
402.340
402.840
403.370
403.880
404.410
404.920
405.450
405.980
406.510
407.040
407.570
408.080
408.610
409.140
409.650
410.160
410.670
411.190
411.730
412.240
412.750
413.270
413.790
414.300
414.830
415.350
415.870
416.380
416.900
417.420
417.930
418.420
418.970
419.500
420.030
420.550
421.080
421.610
422.130
422.650
423.180
423.710
424.250
424.770
425.290
425.820
426.350
426.860
427.400
427.930
428.470
428.990
429.520
430.030
430.550
431.080
431.600
432.110
432.630
433.170
433.690
434.230
434.770
435.310
435.820
436.340
436.860
437.380
437.920
438.440
438.980
439.500
440.040
440.550
441.080
441.590
442.140
442.660
443.190
443.700
444.230
444.760
445.290
445.850
446.370
446.880
447.430
447.960
448.500
449.030
449.560
450.060
450.620
451.130
451.660
452.200
452.710
453.240
453.780
454.300
454.850
455.360
455.890
456.400
456.940
457.460
458.020
458.540
459.070
459.600
460.120
460.660
461.200
461.730
462.230
462.770
463.290
463.850
464.350
464.900
465.420
465.930
466.470
466.970
467.480
467.980
468.480
468.990
469.570
470.090
470.680
471.210
471.800
472.360
472.910
473.430
474.000
474.530
475.110
475.640
476.210
476.740
477.280
477.830
478.410
478.930
479.500
480.030
480.620
481.160
481.710
482.270
482.860
483.390
483.980
484.520
485.050
485.580
486.120
486.670
487.250
487.800
488.370
488.930
489.470
490.040
490.600
491.180
491.700
492.280
492.790
493.340
493.900
494.430
495.000
495.550
496.110
496.620
497.190
497.700
498.260
498.830
499.370
499.900
500.440
500.990
501.530
502.010
502.470
502.950
503.450
503.930
504.410
504.890
505.370
505.830
506.310
506.790
507.290
