9.560
9.860
10.160
10.470	1
10.780
11.088
11.395
11.688	1
11.980
12.275
12.570
12.867	1
13.165
13.467
13.770
14.067	1
14.365
14.657
14.950
15.247	1
15.545
15.845
16.145
16.443	1
16.740
17.038
17.335
17.633	1
17.930
18.227
18.525
18.830	1
19.135
19.432
19.730
20.027	1
20.325
20.630
20.935
21.233	1
21.530
21.832
22.135
22.430	1
22.725
23.015
23.305
23.598	1
23.890
24.178
24.465
24.760	1
25.055
25.345
25.635
25.920	1
26.205
26.497
26.790
27.087	1
27.385
27.680
27.975
28.270	1
28.565
28.862
29.160
29.460	1
29.760
30.055
30.350
30.643	1
30.935
31.227
31.520
31.812	1
32.105
32.400
32.695
32.985	1
33.275
33.565
33.855
34.155	1
34.455
34.752
35.050
35.345	1
35.640
35.935
36.230
36.523	1
36.815
37.110
37.405
37.690	1
37.975
38.260
38.545
38.843	1
39.140
39.432
39.725
40.005	1
40.285
40.570
40.855
41.148	1
41.440
41.733
42.025
42.323	1
42.620
42.925
43.230
43.532	1
43.835
44.133
44.430
44.725	1
45.020
45.307
45.595
45.883	1
46.170
46.465
46.760
47.055	1
47.350
122.879
123.179	1
123.480
123.780
124.080
124.375	1
124.670
124.960
125.250
125.537	1
125.825
126.113
126.400
126.692	1
126.985
127.275
127.565
127.852	1
128.140
128.430
128.720
129.010	1
129.300
129.590
129.880
130.170	1
130.460
130.752
131.045
131.338	1
131.630
131.925
132.220
132.515	1
132.810
133.100
133.390
133.680	1
133.970
134.260
134.550
134.840	1
135.130
135.422
135.715
136.007	1
136.300
136.590
136.880
137.170	1
137.460
137.752
138.045
138.338	1
138.630
138.920
139.210
139.500	1
139.790
140.080
140.370
140.660	1
140.950
141.248
141.545
141.845	1
142.145
142.442
142.740
143.035	1
143.330
143.623
143.915
144.208	1
144.500
144.787
145.075
145.365	1
145.655
145.945
146.235
146.528	1
146.820
147.120
147.420
147.713	1
148.005
148.295
148.585
148.877	1
149.170
149.458
149.745
150.032	1
150.320
150.610
150.900
151.192	1
151.485
151.775
152.065
152.352	1
152.640
152.930
153.220
153.512	1
153.805
154.095
154.385
154.675	1
154.965
155.257
155.550
155.840	1
156.130
156.417
156.705
156.993	1
157.280
157.570
157.860
158.150	1
158.440
158.732
159.025
159.320	1
159.615
159.912
160.210
160.505	1
160.800
161.090
161.380
161.670	1
161.960
162.252
162.545
162.835	1
163.125
163.412
163.700
163.993	1
164.285
164.575
164.865
165.153	1
165.440
165.725
166.010
166.297	1
166.585
166.875
167.165
167.455	1
167.745
168.035
168.325
168.613	1
168.900
169.190
169.480
169.770	1
170.060
170.350
170.640
170.928	1
171.215
171.505
171.795
172.085	1
172.375
172.662
172.950
173.240	1
173.530
173.822
174.115
174.407	1
174.700
174.990
175.280
175.567	1
175.855
176.142
176.430
176.720	1
177.010
177.300
177.590
177.882	1
178.175
178.468
178.760
179.053	1
179.345
179.635
179.925
180.215	1
180.505
180.798
181.090
181.380	1
181.670
181.958
182.245
182.532	1
182.820
183.110
183.400
183.688	1
183.975
184.260
184.545
184.833	1
185.120
185.410
185.700
185.990	1
186.280
186.572
186.865
187.157	1
187.450
187.738
188.025
188.312	1
188.600
188.895
189.190
189.488	1
189.785
190.073
190.360
190.643	1
190.925
191.210
191.495
191.782	1
192.070
192.358
192.645
192.933	1
193.220
193.510
193.800
194.093	1
194.385
194.678
194.970
195.260	1
195.550
195.840
196.130
196.417	1
196.705
196.993
197.280
197.570	1
197.860
198.153
198.445
198.735	1
199.025
199.312
199.600
199.890	1
200.180
200.470
200.760
201.053	1
201.345
201.637
201.930
202.220	1
202.510
202.800
203.090
203.380	1
203.670
203.960
204.250
204.540	1
204.830
205.118
205.405
205.690	1
205.975
206.260
206.545
206.833	1
207.120
207.412
207.705
207.998	1
208.290
208.580
208.870
209.160	1
209.450
209.738
210.025
210.312	1
210.600
210.887
211.175
211.465	1
211.755
212.048
212.340
212.630	1
212.920
213.210
213.500
213.790	1
214.080
214.368
214.655
214.945	1
215.235
215.525
215.815
216.105	1
216.395
216.688
216.980
217.270	1
217.560
217.850
218.140
218.428	1
218.715
219.002
219.290
219.580	1
219.870
220.160
220.450
220.740	1
221.030
221.320
221.610
221.900	1
222.190
222.482
222.775
223.070	1
223.365
223.657
223.950
224.238	1
224.525
224.815
225.105
225.398	1
225.690
225.980
226.270
226.560	1
226.850
227.145
227.440
227.735	1
228.030
228.320
228.610
228.900	1
229.190
229.480
229.770
230.062	1
230.355
230.648
230.940
231.227	1
231.515
231.803
232.090
232.382	1
232.675
232.965
233.255
233.545	1
233.835
234.127
234.420
234.718	1
235.015
235.310
235.605
235.892	1
236.180
236.472
236.765
237.058	1
237.350
237.640
237.930
238.218	1
238.505
238.795
239.085
239.377	1
239.670
239.960
240.250
240.537	1
240.825
241.113
241.400
241.690	1
241.980
242.270
242.560
242.850	1
243.140
243.433
243.725
244.020	1
244.315
244.613
244.910
245.203	1
245.495
245.782
246.070
246.360	1
246.650
246.940
247.230
247.520	1
247.810
248.095
248.380
248.665	1
248.950
249.240
249.530
249.820	1
250.110
250.400
250.690
250.980	1
251.270
251.560
251.850
252.140	1
252.430
252.720
253.010
253.303	1
253.595
253.887
254.180
254.470	1
254.760
255.050
255.340
255.630	1
255.920
256.210
256.500
256.790	1
257.080
257.368
257.655
257.945	1
258.235
258.525
258.815
259.105	1
259.395
259.685
259.975
260.262	1
260.550
260.840
261.130
261.418	1
261.705
261.990
262.275
262.562	1
262.850
263.140
263.430
263.722	1
264.015
264.308
264.600
264.887	1
265.175
265.462
265.750
266.040	1
266.330
266.623
266.915
267.205	1
267.495
267.788
268.080
268.372	1
268.665
268.952
269.240
269.530	1
269.820
270.112
270.405
270.697	1
270.990
271.280
271.570
271.860	1
272.150
272.440
272.730
273.023	1
273.315
273.610
273.905
274.197	1
274.490
274.783
275.075
275.367	1
275.660
275.950
276.240
276.528	1
276.815
277.105
277.395
277.692	1
277.990
278.283
278.575
278.865	1
279.155
279.445
279.735
280.025	1
280.315
280.615
280.915
281.210	1
281.505
281.793
282.080
282.370	1
282.660
282.952
283.245
283.533	1
283.820
284.098
284.375
284.660	1
284.945
285.235
285.525
285.812	1
286.100
286.393
286.685
286.975	1
287.265
287.555
287.845
288.135	1
288.425
288.712
289.000
289.295	1
289.590
289.895
290.199
290.504	1
290.808
291.093
291.378
291.660	1
291.943
292.246
292.548
292.799	1
293.050
293.349
293.648
293.938	1
294.228
294.503
294.778
295.038	1
295.298
295.598
295.898
296.186	1
296.474
296.762
297.050
297.329	1
297.609
297.878
298.148
298.443	1
298.739
299.034
299.328
299.619	1
299.909
300.214
300.519
300.802	1
301.084
301.367
301.650
301.906	1
302.163
302.470
302.778
303.060	1
303.343
303.626
303.908
304.186	1
304.463
304.720
304.978
305.250	1
305.523
305.791
306.059
306.363	1
306.668
306.979
307.290
307.564	1
307.839
308.123
308.406
308.712	1
309.018
309.328
309.639
309.939	1
310.239
310.548
310.858
311.134	1
311.410
311.739
312.068
312.368	1
312.668
312.979
313.290
313.569	1
313.849
314.161
314.473
314.765	1
315.058
315.358
315.658
315.954	1
316.250
316.550
316.850
317.131	1
317.413
317.721
318.028
318.323	1
318.618
318.908
319.199
319.479	1
319.759
320.068
320.378
320.668	1
320.959
321.259
321.559
321.854	1
322.148
322.463
322.778
323.058	1
323.338
323.630
323.923
324.211	1
324.498
324.798
325.098
325.398	1
325.698
326.008
326.319
326.614	1
326.908
327.199
327.490
327.770	1
328.050
328.348
328.646
328.948	1
329.249
329.544
329.839
330.154	1
330.468
330.759
331.050
331.350	1
331.650
331.932
332.214
332.516	1
332.818
333.117
333.416
333.704	1
333.991
334.285
334.578
334.874	1
335.170
335.466
335.762
336.050	1
336.338
336.628
336.919
337.208	1
337.498
337.803
338.108
338.403	1
338.698
338.994
339.290
339.594	1
339.898
340.198
340.498
340.794	1
341.090
341.384
341.679
341.974	1
342.268
342.579
342.890
343.184	1
343.479
343.768
344.058
344.354	1
344.650
344.959
345.268
345.574	1
345.879
346.174
346.468
346.768	1
347.068
347.363
347.658
347.963	1
348.268
348.574
348.879
349.164	1
349.450
349.739
350.028
350.328	1
350.628
350.919
351.210
351.504	1
351.799
352.114
352.428
352.748	1
353.068
353.379
353.690
