0.080
0.530
0.970
1.430
1.870
2.320
2.760
3.210
3.660
4.110
4.550
5.000
5.440
5.880
6.350
6.790
7.250
7.710
8.150
8.630
9.080
9.550
10.010
10.460
10.930
11.380
11.840
12.300
12.770
13.220
13.670
14.110
14.560
15.020
15.470
15.920
16.390
16.840
17.290
17.740
18.210
18.660
19.120
19.570
20.020
20.490
20.960
21.420
21.860
22.320
22.750
23.210
23.670
24.130
24.590
25.050
25.510
25.970
26.430
26.890
27.350
27.800
28.240
28.670
29.110
29.560
30.000
30.450
30.910
31.360
31.820
32.280
32.730
33.180
33.650
34.120
34.580
35.020
35.480
35.950
36.410
36.880
37.330
37.790
38.260
38.720
39.160
39.610
40.060
40.520
40.990
41.460
41.900
42.350
42.810
43.260
43.720
44.180
44.640
45.110
45.550
46.030
46.470
46.920
47.370
47.830
48.300
48.750
49.210
49.670
50.120
50.580
51.040
51.490
51.930
52.410
52.870
53.340
53.800
54.270
54.740
55.210
55.650
56.110
56.570
57.030
57.510
57.970
58.410
58.850
59.310
59.770
60.230
60.680
61.140
61.610
62.060
62.520
62.990
63.430
63.900
64.350
64.810
65.270
65.750
66.190
66.660
67.120
67.570
68.030
68.500
68.970
69.450
69.920
70.390
70.860
71.320
71.790
72.260
72.740
73.210
73.670
74.140
74.610
75.080
75.550
76.040
76.500
76.970
77.440
77.910
78.390
78.870
79.340
79.830
80.300
80.770
81.240
81.730
82.200
82.670
83.140
83.610
84.090
84.580
85.030
85.500
85.990
86.450
86.930
87.400
87.870
88.340
88.800
89.270
89.740
90.210
90.680
91.160
91.640
92.110
92.580
93.070
93.540
94.000
94.460
94.950
95.400
95.870
96.350
96.820
97.300
97.780
98.260
98.730
99.200
99.660
100.130
100.620
101.070
101.540
102.010
102.490
102.970
103.430
103.900
104.370
104.850
105.330
105.800
106.280
106.740
107.220
107.690
108.190
108.660
109.150
109.610
110.080
110.550
111.010
111.480
111.950
112.430
112.910
113.370
113.870
114.380
114.850
115.330
115.820
116.290
116.780
117.250
117.710
118.180
118.650
119.110
119.580
120.060
120.530
121.010
121.490
121.970
122.440
122.920
123.390
123.850
124.330
124.810
125.270
125.760
126.220
126.710
127.200
127.670
128.160
128.640
129.110
129.570
130.040
130.520
130.990
131.460
131.950
132.410
132.870
133.350
133.830
134.300
134.770
135.230
135.700
136.180
136.650
137.120
137.580
138.050
138.510
138.990
139.470
139.930
140.410
140.880
141.350
141.820
142.300
142.780
143.270
143.730
144.200
144.680
145.150
145.620
146.100
146.610
147.100
147.570
148.040
148.520
149.000
149.460
149.930
150.410
150.890
151.340
151.820
152.290
152.760
153.230
153.700
154.180
154.640
155.110
155.580
156.060
156.530
157.000
157.470
157.950
158.420
158.880
159.350
159.830
160.310
160.780
161.260
161.740
162.230
162.690
163.160
163.640
164.110
164.590
165.060
165.550
166.020
166.500
166.960
167.440
167.920
168.390
168.880
169.370
169.860
170.320
170.790
171.270
171.740
172.210
172.700
173.200
173.680
174.150
174.630
175.090
175.580
176.040
176.510
176.980
177.470
177.950
178.430
178.870
179.350
179.800
180.260
180.730
181.180
181.640
182.090
182.560
183.020
183.500
183.950
184.430
184.900
185.380
185.840
186.300
186.740
187.210
187.650
188.100
188.570
189.000
189.450
189.910
190.370
190.800
191.260
191.760
192.240
192.700
193.200
193.680
194.140
194.630
195.120
195.600
196.080
196.540
197.020
197.500
198.000
