0.000	1
10.004	1
10.265
10.526
10.767
11.009	1
11.258
11.508
11.753
11.979	1
12.223
12.468
12.701
12.915	1
13.154
13.394
13.626
13.878	1
14.128
14.377
14.621
14.865	1
15.126
15.388
15.637
15.887	1
16.131
16.374
16.612
16.850	1
17.100
17.350
17.595
17.840	1
18.073
18.305
18.543
18.781	1
19.035
19.288
19.538
19.788	1
20.008
20.229
20.467
20.705	1
20.954
21.204
21.442
21.680	1
21.930
22.179
22.429
22.679	1
22.911
23.143
23.371
23.599	1
23.835
24.072
24.317
24.563	1
24.799
25.035
25.297
25.558	1
25.767
25.976
26.243
26.510	1
26.754
26.997
27.239
27.480	1
27.721
27.961
28.193
28.426	1
28.646
28.867
29.105
29.343	1
29.563
29.784
30.045
30.306	1
30.550
30.794
31.049
31.305	1
31.543
31.781
32.036
32.292	1
32.530
32.768
33.017
33.267	1
33.499
33.731
33.975
34.219	1
34.463
34.707
34.956
35.206	1
35.455
35.705
35.943
36.181	1
36.413
36.645
36.866
37.087	1
37.325
37.563
37.795
38.027	1
38.271
38.515
38.710
38.905	1
39.154
39.403
39.675
39.948	1
40.198
40.447
40.671
40.895	1
41.130
41.370
41.610
41.855	1
42.100
42.345
42.590
42.835	1
43.080
43.325
43.570
43.810	1
44.050
44.295
44.540
44.780	1
45.020
45.265
45.510
45.760	1
46.010
46.245
46.480
46.725	1
46.970
47.215
47.460
47.700	1
47.940
48.195
48.450
48.690	1
48.930
49.160
49.390
49.635	1
49.880
50.125
50.370
50.610	1
50.850
51.085
51.320
51.565	1
51.810
52.045
52.280
52.525	1
52.770
53.010
53.250
53.500	1
53.750
53.995
54.240
54.480	1
54.720
54.965
55.210
55.440	1
55.670
55.915
56.160
56.405	1
56.650
56.895
57.140
57.385	1
57.630
57.865
58.100
58.340	1
58.580
58.815
59.050
59.295	1
59.540
59.785
60.030
60.280	1
60.530
60.770
61.010
61.255	1
61.500
61.740
61.980
62.215	1
62.450
62.695
62.940
63.180	1
63.420
63.660
63.900
64.140	1
64.380
64.625
64.870
65.100	1
65.330
65.570
65.810
66.050	1
66.290
66.535
66.780
67.015	1
67.250
67.490
67.730
67.965	1
68.200
68.450
68.700
68.945	1
69.190
69.435
69.680
69.915	1
70.150
70.390
70.630
70.870	1
71.110
71.360
71.610
71.845	1
72.080
72.325
72.570
72.825	1
73.080
73.325
73.570
73.805	1
74.040
74.300
74.560
74.800	1
75.040
75.280
75.520
75.760	1
76.000
76.245
76.490
76.735	1
76.980
77.225
77.470
77.705	1
77.940
78.190
78.440
78.685	1
78.930
79.165
79.400
79.650	1
79.900
80.150
80.400
80.635	1
80.870
81.110
81.350
81.590	1
81.830
82.075
82.320
82.565	1
82.810
83.050
83.290
83.540	1
83.790
84.035
84.280
84.520	1
84.760
85.010
85.260
85.505	1
85.750
85.990
86.230
86.475	1
86.720
86.955
87.190
87.445	1
87.700
87.945
88.190
88.435	1
88.680
88.910
89.140
89.370	1
89.600
89.860
90.120
90.365	1
90.610
90.850
91.090
91.325	1
91.560
91.820
92.080
92.320	1
92.560
92.800
93.040
93.280	1
93.520
93.770
94.020
94.260	1
94.500
94.740
94.980
95.215	1
95.450
95.695
95.940
96.185	1
96.430
96.675
96.920
97.150	1
97.380
97.630
97.880
98.130	1
98.380
98.620
98.860
99.115	1
99.370
99.615
99.860
100.095	1
100.330
100.575
100.820
101.055	1
101.290
101.535
101.780
102.015	1
102.250
102.500
102.750
103.000	1
103.250
103.495
103.740
103.985	1
104.230
104.470
104.710
104.955	1
105.200
105.445
105.690
105.925	1
106.160
106.400
106.640
106.880	1
107.120
107.365
107.610
107.850	1
108.090
108.330
108.570
108.810	1
109.050
109.285
109.520
109.760	1
110.000
110.240
110.480
110.710	1
110.940
111.180
111.420
111.655	1
111.890
112.130
112.370
112.605	1
112.840
113.075
113.310
113.555	1
113.800
114.035
114.270
114.520	1
114.770
115.015
115.260
115.500	1
115.740
115.980
116.220
116.465	1
116.710
116.950
117.190
117.430	1
117.670
117.910
118.150
118.395	1
118.640
118.895
119.150
119.390	1
119.630
119.880
120.130
120.365	1
120.600
120.855
121.110
121.355	1
121.600
121.840
122.080
122.335	1
122.590
122.830
123.070
123.320	1
123.570
123.805
124.040
124.280	1
124.520
124.770
125.020
125.260	1
125.500
125.735
125.970
126.220	1
126.470
126.710
126.950
127.185	1
127.420
127.660
127.900
128.150	1
128.400
128.640
128.880
129.125	1
129.370
129.610
129.850
130.100	1
130.350
130.590
130.830
131.070	1
131.310
131.550
131.790
132.035	1
132.280
132.520
132.760
133.005	1
133.250
133.495
133.740
133.985	1
134.230
134.480
134.730
134.975	1
135.220
135.470
135.720
135.965	1
136.210
136.465
136.720
136.965	1
137.210
137.455
137.700
137.945	1
138.190
138.435
138.680
138.930	1
139.180
139.430
139.680
139.920	1
140.160
140.395
140.630
140.870	1
141.110
141.350
141.590
141.825	1
142.060
142.305
142.550
142.790	1
143.030
143.270
143.510
143.750	1
143.990
144.230
144.470
144.710	1
144.950
145.190
145.430
145.675	1
145.920
146.160
146.400
146.630	1
146.860
147.100
147.340
147.580	1
147.820
148.065
148.310
148.540	1
148.770
149.005
149.240
149.475	1
149.710
149.955
150.200
150.445	1
150.690
150.930
151.170
151.405	1
151.640
151.880
152.120
152.360	1
152.600
152.845
153.090
153.325	1
153.560
153.805
154.050
154.285	1
154.520
154.760
155.000
155.235	1
155.470
155.710
155.950
156.190	1
156.430
156.670
156.910
157.150	1
157.390
157.635
157.880
158.115	1
158.350
158.590
158.830
159.065	1
159.300
159.540
159.780
160.025	1
160.270
160.500
160.730
160.980	1
161.230
161.460
161.690
161.940	1
162.190
162.415
162.640
162.880	1
163.120
163.360
163.600
163.830	1
164.060
164.310
164.560
164.795	1
165.030
165.270
165.510
165.750	1
165.990
166.225
166.460
166.700	1
166.940
167.180
167.420
167.670	1
167.920
168.155
168.390
168.620	1
168.850
169.090
169.330
169.565	1
169.800
170.030
170.260
170.495	1
170.730
170.970
171.210
171.450	1
171.690
171.920
172.150
172.385	1
172.620
172.860
173.100
173.335	1
173.570
173.800
174.030
174.265	1
174.500
174.730
174.960
175.195	1
175.430
175.665
175.900
176.140	1
176.380
176.610
176.840
177.065	1
177.290
177.530
177.770
178.005	1
178.240
178.475
178.710
178.945	1
179.180
179.420
179.660
179.895	1
180.130
180.365
180.600
180.830	1
181.060
181.290
181.520
181.755	1
181.990
182.235
182.480
182.705	1
182.930
183.170
183.410
183.650	1
183.890
184.130
184.370
184.605	1
184.840
185.065
185.290
185.540	1
185.790
186.025
186.260
186.500	1
186.740
186.975
187.210
187.445	1
187.680
187.915
188.150
188.380	1
188.610
188.850
189.090
189.330	1
189.570
189.815
190.060
190.295	1
190.530
190.760
190.990
191.220	1
191.450
191.685
191.920
192.160	1
192.400
192.635
192.870
193.105	1
193.340
193.580
193.820
194.055	1
194.290
194.520
194.750
194.980	1
195.210
195.445
195.680
195.925	1
196.170
196.415
196.660
196.890	1
197.120
197.365
197.610
197.850	1
198.090
198.335
198.580
198.810	1
199.040
199.290
199.540
199.780	1
200.020
200.255
200.490
200.730	1
200.970
201.205
201.440
201.680	1
201.920
202.160
202.400
202.635	1
202.870
203.095
203.320
203.565	1
203.810
204.050
204.290
204.525	1
204.760
205.010
205.260
205.495	1
205.730
205.970
206.210
206.455	1
206.700
206.940
207.180
207.415	1
207.650
207.885
208.120
208.365	1
208.610
208.850
209.090
209.325	1
209.560
209.810
210.060
210.300	1
210.540
210.785
211.030
211.265	1
211.500
211.745
211.990
212.230	1
212.470
212.715
212.960
213.205	1
213.450
213.695
213.940
214.170	1
214.400
214.645
214.890
215.130	1
215.370
215.605
215.840
216.090	1
216.340
216.575
216.810
217.055	1
217.300
217.540
217.780
218.015	1
218.250
218.500
218.750
218.985	1
219.220
219.460
219.700
219.930	1
220.185
220.439
220.694
220.948	1
221.189
221.430
221.671
221.912	1
222.156
222.400
222.643
222.887	1
223.122
223.357
223.592
223.828	1
224.068
224.309
224.550
224.791	1
225.026
225.261
225.495
225.730	1
225.980
226.215
226.450
226.700	1
226.950
227.195
227.440
227.675	1
227.910
228.160
228.410
228.650	1
228.890
229.140
229.390
229.630	1
229.870
230.110
230.350
230.590	1
230.830
231.065
231.300
231.545	1
231.790
232.030
232.270
232.505	1
232.740
232.985
233.230
233.465	1
233.700
233.935
234.170
234.415	1
234.660
234.900
235.140
235.375	1
235.610
235.860
236.110
236.345	1
236.580
236.825
237.070
237.320	1
237.570
237.815
238.060
238.300	1
238.540
238.780
239.020
239.265	1
239.510
239.755
240.000
240.245	1
240.490
240.735
240.980
241.225	1
241.470
241.715
241.960
242.200	1
242.440
242.680
242.920
243.160	1
243.400
243.650
243.900
244.140	1
244.380
244.620
244.860
245.090	1
245.320
245.570
245.820
246.050	1
246.280
246.520
246.760
247.000	1
247.240
247.470
247.700
247.945	1
248.190
248.430
248.670
248.910	1
249.150
249.395
249.640
249.875	1
250.110
250.360
250.610
250.855	1
251.100
251.340
251.580
251.820	1
252.065
252.311
252.556
252.801	1
253.042
253.283
253.524
253.765	1
254.009
254.253
254.497
254.740	1
254.978
255.216
255.454
255.692	1
255.925
256.157
256.389
256.621	1
256.865
257.109
257.353
257.596	1
257.849
258.101
258.354
258.606	1
258.827
259.048
259.268
259.489	1
259.724
259.959
260.194
260.429	1
260.667
260.905
261.143
261.381	1
261.625
261.869
262.113
262.356	1
262.583
262.809
263.036
263.262	1
263.509
263.755
264.002
264.249	1
264.467
264.684
264.902
265.120	1
265.363
265.607
265.851
266.095	1
266.327
266.559
266.791
267.024	1
267.253
267.482
267.712
267.941	1
268.185
268.428
268.672
268.916	1
269.151
269.386
269.621
269.857	1
270.095
270.333
270.571
270.809	1
271.052
271.296
271.540
271.784	1
271.999
272.213
272.428
272.643	1
272.890
273.136
273.383
273.630	1
273.856
274.083
274.309
274.535	1
274.771
275.007
275.243
275.479	1
275.702
275.924
276.147
276.370	1
276.625
276.881
277.136
277.391	1
277.612
277.833
278.053
278.274	1
278.515
278.756
278.996
279.237	1
279.464
279.690
279.917
280.143	1
280.381
280.619
280.857
281.095	1
281.313
281.530
281.748
281.966	1
282.187
282.409
282.631
282.853	1
283.085
283.318
283.550
283.783	1
284.020
284.256
284.493
284.730	1
