0.310	1
0.640
0.950
1.280
1.630	1
1.940
2.290
2.600
2.920	1
3.240
3.570
3.890
4.210	1
4.530
4.850
5.210
5.550	1
5.910
6.240
6.610
6.950	1
7.300
7.640
8.000
8.340	1
8.710
9.050
9.390
9.740	1
10.110
10.450
10.780
11.120	1
11.470
11.820
12.160
12.500	1
12.820
13.160
13.530
13.860	1
14.230
14.570
14.920
15.280	1
15.620
15.960
16.330
16.700	1
17.030
17.390
17.740
18.080	1
18.450
18.780
19.140
19.480	1
19.830
20.170
20.520
20.870	1
21.210
21.560
21.910
22.260	1
22.610
22.960
23.310
23.670	1
24.010
24.360
24.710
25.060	1
25.410
25.770
26.100
26.450	1
26.800
27.160
27.520
27.870	1
28.240
28.590
28.950
29.300	1
29.650
30.000
30.360
30.700	1
31.070
31.400
31.760
32.110	1
32.470
32.830
33.170
33.520	1
33.870
34.220
34.570
34.930	1
35.270
35.620
35.990
36.330	1
36.690
37.030
37.390
37.740	1
38.100
38.450
38.810
39.140	1
39.500
39.870
40.230
40.590	1
40.950
41.310
41.660
42.020	1
42.380
42.740
43.070
43.420	1
43.780
44.110
44.450
44.800	1
45.150
45.520
45.850
46.210	1
46.560
46.910
47.270
47.600	1
47.960
48.310
48.670
49.020	1
49.360
49.720
50.070
50.430	1
50.790
51.140
51.510
51.860	1
52.230
52.580
52.940
53.280	1
53.650
54.000
54.350
54.690	1
55.030
55.380
55.740
56.080	1
56.440
56.790
57.150
57.500	1
57.860
58.210
58.580
58.930	1
59.290
59.650
59.990
60.340	1
60.700
61.050
61.390
61.740	1
62.110
62.450
62.820
63.160	1
63.520
63.880
64.230
64.590	1
64.940
65.280
65.630
65.990	1
66.340
66.680
67.040
67.400	1
67.740
68.090
68.450
68.780	1
69.130
69.480
69.830
70.190	1
70.550
70.890
71.250
71.600	1
71.930
72.290
72.640
72.990	1
73.350
73.680
74.050
74.390	1
74.730
75.090
75.440
75.770	1
76.130
76.480
76.820
77.170	1
77.540
77.880
78.230
78.570	1
78.920
79.280
79.630
79.970	1
80.320
80.680
81.020
81.370	1
81.730
82.080
82.440
82.790	1
83.140
83.480
83.840
84.190	1
84.550
84.900
85.270
85.600	1
85.960
86.310
86.660
87.010	1
87.360
87.700
88.060
88.410	1
88.770
89.110
89.470
89.830	1
90.190
90.550
90.890
91.240	1
91.600
91.960
92.330
92.680	1
93.020
93.370
93.710
94.060	1
94.420
94.770
95.120
95.470	1
95.830
96.180
96.530
96.890	1
97.270
97.600
97.950
98.320	1
98.670
99.020
99.350
99.700	1
100.060
100.420
100.760
101.110	1
101.470
101.830
102.170
102.530	1
102.870
103.220
103.570
103.920	1
104.270
104.630
104.980
105.340	1
105.670
106.030
106.390
106.750	1
107.130
107.490
107.830
108.170	1
108.530
108.880
109.230
109.580	1
109.950
110.310
110.670
111.010	1
111.360
111.710
112.050
112.410	1
112.760
113.110
113.460
113.810	1
114.160
114.500
114.840
115.200	1
115.550
115.890
116.250
116.590	1
116.940
117.300
117.650
118.020	1
118.360
118.730
119.090
119.440	1
119.800
120.140
120.490
120.850	1
121.210
121.550
121.910
122.270	1
122.630
122.980
123.340
123.690	1
124.060
124.410
124.750
125.110	1
125.480
125.820
126.200
126.540	1
126.900
127.250
127.610
127.960	1
128.320
128.670
129.030
129.390	1
129.740
130.110
130.470
130.830	1
131.180
131.550
131.910
132.270	1
132.620
132.970
133.330
133.670	1
134.030
134.380
134.720
135.070	1
135.430
135.770
136.140
136.510	1
136.860
137.210
137.580
137.960	1
138.320
138.690
139.080
139.450	1
