0.150
0.470
0.780
1.090
1.390
1.700
2.020
2.320
2.610
2.920
3.210
3.510
3.810
4.110
4.430
4.740
5.030
5.330
5.640
5.930
6.240
6.540
6.840
7.150
7.460
7.780
8.090
8.390
8.710
9.030
9.350
9.670
9.990
10.300
10.620
10.940
11.250
11.550
11.860
12.170
12.480
12.790
13.110
13.420
13.750
14.050
14.360
14.680
14.980
15.300
15.610
15.920
16.230
16.540
16.850
17.170
17.480
17.810
18.130
18.440
18.760
19.080
19.390
19.710
20.020
20.330
20.650
20.960
21.290
21.610
21.930
22.250
22.570
22.880
23.200
23.520
23.840
24.170
24.490
24.820
25.140
25.480
25.800
26.120
26.450
26.770
27.090
27.410
27.730
28.050
28.370
28.680
29.000
29.330
29.640
29.960
30.280
30.620
30.940
31.260
31.590
31.910
32.240
32.560
32.870
33.200
33.520
33.840
34.160
34.480
34.800
35.120
35.440
35.760
36.080
36.400
36.720
37.030
37.350
37.670
37.990
38.300
38.610
38.920
39.240
39.550
39.860
40.170
40.490
40.810
41.130
41.440
41.760
42.080
42.410
42.720
43.040
43.350
43.670
43.980
44.310
44.620
44.940
45.260
45.590
45.900
46.220
46.530
46.830
47.160
47.480
47.800
48.120
48.440
48.760
49.070
49.390
49.710
50.030
50.350
50.670
50.990
51.300
51.610
51.930
52.260
52.570
52.900
53.210
53.550
53.870
54.190
54.520
54.840
55.170
55.480
55.790
56.110
56.420
56.740
57.070
57.380
57.700
58.020
58.340
58.660
58.980
59.300
59.620
59.940
60.270
60.590
60.900
61.220
61.550
61.860
62.190
62.500
62.840
63.160
63.490
63.800
64.130
64.440
64.770
65.080
65.400
65.720
66.030
66.340
66.660
66.970
67.290
67.610
67.930
68.250
68.570
68.880
69.200
69.530
69.850
70.170
70.490
70.810
71.130
71.450
71.780
72.100
72.420
72.740
73.060
73.380
73.710
74.020
74.350
74.660
74.990
75.300
75.620
75.940
76.260
76.580
76.900
77.210
77.530
77.840
78.160
78.470
78.800
79.110
79.440
79.750
80.070
80.400
80.720
81.030
81.350
81.660
81.980
82.300
82.620
82.940
83.260
83.580
83.900
84.210
84.540
84.840
85.170
85.490
85.810
86.130
86.450
86.760
87.090
87.400
87.730
88.040
88.360
88.680
89.000
89.320
89.640
89.960
90.280
90.600
90.930
91.240
91.570
91.880
92.200
92.520
92.840
93.160
93.490
93.810
94.130
94.460
94.780
95.110
95.430
95.760
96.080
96.400
96.730
97.050
97.370
97.680
98.010
98.320
98.650
98.960
99.280
99.600
99.930
100.240
100.570
100.880
101.200
101.520
101.840
102.160
102.480
102.800
103.130
103.440
103.770
104.080
104.400
104.720
105.050
105.370
105.690
106.000
106.330
106.650
106.970
107.290
107.610
107.930
108.270
108.580
108.920
109.230
109.550
109.880
110.200
110.500
110.810
111.130
111.450
111.760
112.090
112.400
112.730
113.040
113.370
113.690
114.020
114.340
114.670
114.990
115.330
115.660
115.990
116.310
116.630
116.970
117.290
117.620
117.950
118.280
118.610
118.930
119.270
119.610
119.940
120.290
120.630
120.960
121.290
121.630
121.970
122.300
122.640
122.970
123.310
123.630
123.970
124.300
124.640
124.960
125.290
125.620
125.940
126.260
126.590
126.920
127.260
127.590
127.920
128.240
128.570
128.900
129.230
129.570
129.900
130.230
130.560
130.900
131.220
131.540
131.880
132.200
132.530
132.860
133.180
133.510
133.830
134.160
134.480
134.810
135.140
135.460
135.790
136.100
136.430
136.760
137.090
137.420
137.760
138.090
138.420
138.730
139.070
139.390
139.720
140.050
140.380
140.700
141.020
141.360
141.690
142.010
142.350
142.680
143.010
143.330
143.670
144.000
144.340
144.660
144.990
145.320
145.650
145.980
146.330
146.660
146.990
147.320
147.660
148.000
148.330
148.670
149.010
149.340
149.670
150.000
150.360
150.690
151.030
151.350
151.690
152.030
152.360
152.700
153.040
153.370
153.720
154.050
154.390
154.730
155.060
155.400
155.740
156.080
156.420
156.760
157.100
157.430
157.760
158.080
158.420
158.740
159.070
159.410
159.750
160.080
160.410
160.740
161.070
161.400
161.730
162.050
162.390
162.720
163.050
163.390
163.720
164.060
164.390
164.710
165.060
165.390
165.720
166.060
166.400
166.750
167.100
167.440
167.780
168.110
168.460
168.780
169.120
169.440
169.780
170.110
170.440
170.780
171.120
171.450
171.790
172.130
172.470
172.810
173.160
173.500
173.840
174.170
174.520
174.830
175.170
175.500
175.830
176.160
176.500
176.820
177.160
177.520
177.850
178.180
178.500
178.820
179.170
179.480
179.830
180.160
180.510
180.830
181.170
181.500
181.850
182.180
182.520
182.860
183.200
183.540
183.870
184.220
184.560
184.880
185.230
185.570
185.910
186.250
186.590
186.920
187.260
187.590
187.940
188.280
188.620
188.960
189.300
189.630
189.980
190.320
190.670
191.010
191.350
191.690
192.030
192.360
192.700
193.040
193.380
193.720
194.070
194.400
194.750
195.080
195.420
195.750
196.100
196.440
196.780
197.120
197.450
197.780
198.120
198.450
198.810
199.150
199.490
199.820
200.140
200.460
200.800
201.130
201.480
201.810
202.160
202.490
202.840
203.180
203.530
203.850
204.200
204.530
204.870
205.200
205.550
205.880
206.230
206.570
206.910
207.230
207.580
207.910
208.270
208.610
208.940
209.270
209.610
209.930
210.270
210.610
210.960
211.290
211.630
211.960
212.300
212.640
212.980
213.320
213.660
214.010
214.340
214.660
215.010
215.330
215.670
216.000
216.340
216.670
217.010
217.350
217.680
218.010
218.360
218.700
219.070
219.400
219.740
220.070
220.420
220.750
221.090
221.430
221.770
222.090
222.430
222.760
223.110
223.440
223.780
224.120
224.480
224.810
225.160
225.490
225.830
226.170
226.510
226.840
227.190
227.520
227.860
228.200
228.530
228.870
229.220
229.560
229.900
230.230
230.570
230.910
231.250
231.580
231.920
232.240
232.590
232.910
233.250
233.570
233.910
234.230
234.580
234.910
235.240
235.570
235.920
236.240
236.560
236.900
237.230
237.570
237.910
238.270
238.610
238.940
239.290
239.620
239.960
240.290
240.640
240.970
241.310
241.640
241.990
242.320
242.660
243.000
243.350
243.680
244.020
244.370
244.720
245.070
245.410
245.750
246.090
246.420
246.770
247.090
247.440
247.770
248.120
248.460
248.810
249.140
249.490
249.820
250.160
250.510
250.850
251.180
251.510
251.860
252.220
252.560
252.910
253.250
253.580
253.900
254.240
254.580
254.930
255.270
255.610
255.940
256.280
256.610
256.960
257.290
257.640
257.970
258.330
258.660
259.010
259.350
259.680
260.010
260.350
260.680
261.020
261.360
261.710
262.050
262.370
262.730
263.060
263.390
263.710
264.040
264.360
264.710
265.040
265.370
265.700
266.030
266.360
266.690
267.040
267.360
267.710
268.050
268.380
268.700
269.050
269.370
269.710
270.040
270.370
270.700
271.040
271.370
271.700
272.030
272.360
272.680
273.030
273.360
273.720
274.030
274.370
274.700
275.040
275.370
275.720
276.040
276.380
276.700
277.040
277.360
277.700
278.020
278.370
278.700
279.040
279.370
279.720
280.050
280.380
280.700
281.040
281.370
281.710
282.030
282.370
282.690
283.030
283.370
283.700
284.040
284.380
284.710
285.070
285.390
285.750
286.090
286.430
286.750
287.080
287.410
287.750
288.070
288.410
288.740
289.080
289.400
289.740
290.070
290.420
290.740
291.080
291.430
291.760
292.100
292.440
292.780
293.110
293.440
293.780
294.110
294.460
294.790
295.120
295.450
295.800
296.130
296.480
296.790
297.130
297.450
297.800
298.130
298.460
298.790
299.110
299.430
299.760
300.080
300.410
300.740
301.080
301.410
301.750
302.080
302.420
302.750
303.090
303.420
303.760
304.090
304.410
304.750
305.090
305.420
305.750
306.080
306.420
306.760
307.100
307.430
307.770
308.100
308.440
308.760
309.100
309.420
309.760
310.070
310.420
310.740
311.070
311.380
311.710
312.040
312.380
312.710
313.050
313.370
313.710
314.030
314.370
314.690
315.030
315.360
315.710
316.030
316.370
316.690
317.030
317.360
317.700
318.030
318.370
318.700
319.050
319.370
319.710
320.040
320.380
320.710
321.050
321.370
321.710
322.050
322.380
322.700
323.060
323.390
323.730
324.050
324.400
324.730
325.070
325.400
325.740
326.060
326.400
326.730
327.070
327.410
327.740
328.080
328.420
328.750
329.080
329.400
329.750
330.060
330.400
330.720
331.070
331.390
331.720
332.050
332.380
332.720
333.050
333.380
333.720
334.040
334.380
334.720
335.060
335.380
335.720
336.050
336.390
336.710
337.050
337.380
337.710
338.030
338.360
338.690
339.020
339.350
339.690
340.010
340.350
340.670
341.010
341.330
341.660
341.980
342.310
342.640
342.970
343.300
343.640
343.960
344.300
344.610
344.940
345.260
345.610
345.930
346.260
346.590
346.930
347.250
347.570
347.900
348.240
348.570
348.900
349.230
349.570
349.890
350.230
350.540
350.890
351.200
351.540
351.850
352.190
352.510
352.840
353.160
353.510
353.840
354.160
354.490
354.830
355.150
355.490
355.810
356.150
356.470
356.810
357.130
357.460
357.780
358.110
358.430
358.770
359.100
359.430
359.760
360.090
360.410
360.740
361.070
361.410
361.720
362.060
362.380
362.710
363.040
363.370
363.700
364.030
364.360
364.700
365.020
365.370
365.690
366.030
366.350
366.690
367.020
367.350
367.660
368.000
368.320
368.640
368.960
369.300
369.630
369.970
370.300
370.630
370.940
371.270
371.600
371.940
372.250
372.580
372.890
373.220
373.540
373.860
374.190
374.520
374.850
375.190
375.510
375.850
376.170
376.490
376.820
377.150
377.470
377.800
378.110
378.450
378.770
379.100
379.430
379.770
380.110
380.430
380.760
381.080
381.400
381.730
382.060
382.390
382.710
383.040
383.360
383.700
384.020
384.350
384.670
385.010
385.330
385.660
385.990
386.330
386.640
386.980
387.310
387.650
387.970
388.310
388.640
388.970
389.280
389.630
389.940
390.290
390.620
390.940
391.260
391.610
391.930
392.270
392.600
392.930
393.260
393.590
393.930
394.270
394.600
394.930
395.270
395.620
395.960
396.310
396.640
396.980
397.310
397.650
397.970
398.300
398.620
398.960
399.270
399.600
399.920
400.250
400.570
400.910
401.240
401.580
401.910
402.250
402.570
402.910
403.220
403.550
403.880
404.200
404.520
404.860
405.180
405.510
405.840
406.170
406.500
406.840
407.150
407.490
407.810
408.140
408.450
408.800
409.120
409.450
409.780
410.120
410.430
410.770
411.090
411.420
411.730
412.070
412.390
412.730
413.060
413.380
413.700
414.040
414.360
414.690
415.020
415.350
415.680
416.020
416.350
416.700
417.020
417.350
417.680
418.030
418.350
418.690
419.020
419.370
419.700
420.040
420.370
420.710
421.030
421.360
421.700
422.040
422.360
422.700
423.030
423.370
423.690
424.030
424.350
424.680
425.020
425.360
425.690
426.020
426.350
426.680
427.020
427.360
427.680
428.030
428.340
428.680
429.010
429.350
429.680
430.020
430.350
430.700
431.030
431.370
431.680
432.020
432.350
432.690
433.010
433.360
433.690
434.030
434.360
434.710
435.040
435.390
435.700
436.040
436.360
436.700
437.020
437.370
437.690
438.030
438.360
438.700
439.030
439.370
439.700
440.030
440.360
440.700
441.020
441.360
441.700
442.040
442.380
442.740
443.080
443.430
443.770
444.100
444.410
444.750
445.090
445.430
445.770
446.110
446.450
446.780
447.120
447.430
447.790
448.130
448.470
448.800
449.140
449.490
449.820
450.170
450.510
450.830
451.150
451.460
451.780
452.110
452.440
452.780
453.130
453.470
453.790
454.120
454.460
454.810
455.140
455.480
455.810
456.130
456.460
456.810
457.130
457.460
457.790
458.130
458.460
458.800
459.130
459.490
459.840
460.180
460.520
460.860
461.200
461.530
461.870
462.210
462.550
462.880
463.220
463.560
463.900
464.260
464.590
464.920
465.250
465.570
465.890
466.220
466.550
466.900
467.220
467.540
467.870
468.210
468.540
468.880
469.200
469.550
469.890
470.230
470.560
470.900
471.230
471.590
471.910
472.270
472.590
472.940
473.250
473.590
473.910
474.250
474.610
474.940
475.270
475.590
475.920
476.270
476.600
476.930
477.270
477.610
477.940
478.290
478.620
478.960
479.290
479.650
479.990
480.320
480.650
481.000
481.330
481.680
482.010
482.360
482.690
483.030
483.370
483.720
484.050
484.360
484.690
485.020
485.350
485.690
486.020
486.350
486.690
487.010
487.340
487.690
488.020
488.350
488.660
489.000
489.340
489.660
489.980
490.320
490.660
491.010
491.330
491.680
492.020
492.370
492.700
493.050
493.370
493.690
494.020
494.370
494.700
495.030
495.340
495.670
496.000
496.330
496.660
497.010
497.320
497.670
498.000
498.330
498.640
498.990
499.310
499.640
499.980
500.300
500.610
500.930
501.260
501.610
501.920
502.260
502.600
502.930
503.250
503.570
503.920
504.240
504.550
504.860
505.160
505.480
505.800
506.120
506.440
506.770
507.100
507.440
507.760
508.090
508.410
508.740
509.070
509.390
509.710
510.060
510.380
510.710
511.030
511.360
511.700
512.030
512.360
512.700
513.030
513.360
513.680
514.000
514.340
514.680
515.000
515.330
515.660
515.990
516.320
516.630
516.950
517.270
517.590
517.910
518.240
518.560
518.880
519.200
519.510
519.830
520.150
520.470
520.800
521.130
521.450
521.780
522.110
522.430
522.770
523.110
523.440
523.780
524.110
524.440
524.770
525.110
525.450
525.780
526.100
526.440
526.770
527.120
527.450
527.790
528.120
528.450
528.780
529.130
529.460
529.810
530.140
530.480
530.820
531.150
531.470
531.820
532.160
532.510
532.850
533.190
533.550
533.880
534.210
534.550
534.900
535.240
535.580
535.920
536.240
536.580
536.900
537.240
537.580
537.890
538.240
538.580
538.920
539.250
539.600
539.940
540.270
540.610
540.950
541.290
541.640
541.980
542.310
542.670
543.000
543.350
543.690
544.020
544.350
544.690
545.030
545.380
545.720
546.070
546.400
546.740
547.080
547.390
547.730
548.090
548.430
548.760
549.110
549.450
549.800
550.160
550.520
550.860
551.220
551.570
551.920
552.250
552.610
552.970
553.310
553.680
554.050
554.440
554.790
555.170
555.510
555.870
556.220
556.570
556.930
557.280
557.620
557.940
558.250
558.580
558.890
559.210
559.540
559.850
560.180
560.500
560.820
561.130
561.450
561.770
