0.350
1.370
2.380
3.370
4.400
5.490
6.510
7.490
8.430
9.410
10.430
11.350
12.300
13.110
13.970
14.870
15.750
16.700
17.590
18.520
19.480
20.390
21.240
22.030
22.870
23.750
24.670
25.520
26.420
27.260
28.010
28.730
29.510
30.230
30.880
31.550
32.210
32.880
33.560
34.180
34.840
35.460
36.120
36.730
37.390
38.000
38.650
39.270
39.900
40.510
41.170
41.810
42.460
43.100
43.720
44.370
45.070
45.700
46.330
46.920
47.540
48.180
48.830
49.440
50.080
50.720
51.350
51.990
52.660
53.320
53.980
54.600
55.270
55.880
56.540
57.140
57.790
58.380
59.000
59.630
60.310
60.950
61.580
62.230
62.940
63.590
64.260
64.990
65.660
66.400
67.080
67.740
68.350
68.950
69.570
70.220
70.880
71.490
72.160
72.770
73.420
74.020
74.650
75.280
75.930
76.510
77.080
77.680
78.220
78.740
79.290
79.810
80.440
81.040
81.640
82.210
82.820
83.420
84.020
84.620
85.240
85.820
86.450
87.030
87.660
88.280
88.890
89.490
90.140
90.840
91.480
92.130
92.810
93.400
94.040
94.650
95.280
95.890
96.500
97.110
97.690
98.310
98.940
99.550
100.130
100.750
101.470
102.190
102.890
103.550
104.190
104.870
105.540
106.150
106.780
107.430
108.030
108.660
109.330
109.940
110.610
111.250
111.860
112.540
113.150
113.830
114.470
115.140
115.790
116.450
117.100
117.800
118.420
119.070
119.700
120.350
121.010
121.640
122.330
122.950
123.590
124.190
124.800
125.420
126.070
126.690
127.270
127.880
128.510
129.110
129.720
130.330
130.980
131.620
132.240
132.880
133.520
134.190
134.830
135.440
136.080
136.750
137.380
137.990
138.620
139.240
139.910
140.550
141.190
141.800
142.440
143.120
143.770
144.400
145.060
145.680
146.330
146.980
147.660
148.290
148.900
149.550
150.170
150.780
151.380
152.020
152.690
153.310
153.940
154.580
155.240
155.890
156.520
157.140
157.810
158.430
159.070
159.700
160.320
160.950
161.570
162.200
162.830
163.480
164.090
164.720
165.350
165.990
166.610
167.270
167.920
168.550
169.190
169.810
170.430
171.070
171.670
172.300
172.940
173.560
174.180
174.810
175.430
176.070
176.690
177.330
177.980
178.600
179.190
179.770
180.370
180.990
181.580
182.200
182.790
183.350
183.950
184.530
185.150
185.720
186.290
186.900
187.480
188.050
188.610
189.230
189.790
190.390
191.020
191.660
192.310
192.940
193.570
194.200
194.850
195.460
196.130
196.760
197.440
198.070
198.760
199.500
200.180
200.860
201.560
202.300
202.960
203.680
204.400
205.100
205.760
206.460
207.200
207.880
208.500
209.200
209.860
210.500
211.160
211.800
212.420
213.050
213.690
214.340
215.000
215.640
216.270
216.950
217.590
218.230
218.830
219.460
220.110
220.770
221.390
222.040
222.750
223.500
224.190
224.890
225.630
226.270
226.910
227.560
228.190
228.830
229.500
230.110
230.780
231.420
232.030
232.670
