0.430
1.250
2.030
2.830
3.590
4.400
5.190
5.990
6.760
7.520
8.330
9.110
9.880
10.660
11.460
12.250
13.100
13.910
14.690
15.500
16.290
17.080
17.890
18.680
19.470
20.280
21.080
21.890
22.690
23.470
24.270
25.070
25.880
26.680
27.480
28.240
29.020
29.810
30.590
31.390
32.150
32.950
33.750
34.560
35.380
36.150
36.960
37.760
38.570
39.390
40.190
40.990
41.780
42.590
43.380
44.190
44.990
45.800
46.590
47.400
48.190
48.990
49.800
50.590
51.380
52.160
52.950
53.730
54.500
55.320
56.110
56.900
57.680
58.440
59.220
60.030
60.860
61.640
62.440
63.230
64.050
64.840
65.620
66.420
67.270
68.070
68.840
69.660
70.470
71.250
72.040
72.820
73.570
74.350
75.160
75.960
76.760
77.530
78.340
79.090
79.910
80.670
81.500
82.280
83.050
83.840
84.640
85.460
86.260
87.060
87.890
88.700
89.560
90.370
91.170
91.960
92.720
93.530
94.310
95.100
95.880
96.680
97.430
98.220
99.000
99.800
100.580
101.350
102.170
102.970
103.730
104.510
105.290
106.060
106.840
107.610
108.370
109.150
109.910
110.720
111.540
112.310
113.130
113.970
114.750
115.540
116.340
117.110
117.930
118.710
119.510
120.320
121.100
121.920
122.740
123.540
124.380
125.170
125.980
126.800
127.590
128.390
129.210
129.990
130.820
131.610
132.400
133.220
134.040
134.830
135.610
136.390
137.210
138.020
138.820
139.660
140.450
141.250
142.050
142.870
143.700
144.480
145.290
146.130
146.930
147.700
148.540
149.360
150.170
150.960
151.760
152.590
153.400
154.190
155.020
155.780
156.560
157.350
158.140
158.900
159.680
160.470
161.260
162.050
162.860
163.650
164.460
165.250
166.050
166.890
167.680
168.480
169.300
170.050
170.870
171.680
172.500
173.360
174.100
174.900
175.420
175.820
176.230
176.650
177.050
177.470
177.860
178.270
178.650
179.080
179.470
179.900
180.290
180.700
181.110
181.500
181.900
182.300
182.700
183.110
183.500
183.900
184.310
184.720
185.110
185.510
185.900
186.320
186.700
187.110
187.500
187.910
188.330
188.750
189.160
189.570
189.960
190.380
190.780
191.200
191.590
191.990
192.390
192.790
193.190
193.590
193.990
194.410
194.810
195.220
195.620
196.010
196.430
196.850
197.250
197.650
198.080
198.480
198.910
199.320
199.730
200.150
200.570
201.000
201.460
201.910
202.350
202.820
203.270
203.700
204.160
204.620
205.070
205.550
206.010
206.470
206.920
207.370
