0.000
0.400
0.810
1.210
1.590
1.990
2.380
2.780
3.160
3.560
3.940
4.320
4.680
5.050
5.440
5.810
6.200
6.600
6.980
7.360
7.760
8.140
8.520
8.900
9.280
9.670
10.060
10.440
10.810
11.210
11.580
11.970
12.360
12.750
13.140
13.540
13.920
14.310
14.680
15.070
15.450
15.840
16.240
16.620
17.020
17.390
17.780
18.170
18.550
18.940
19.330
19.720
20.100
20.490
20.870
21.250
21.630
21.990
22.370
22.740
23.110
23.480
23.860
24.240
24.620
25.000
25.380
25.760
26.140
26.520
26.910
27.290
27.670
28.060
28.440
28.830
29.220
29.600
29.990
30.380
30.770
31.140
31.550
31.920
32.320
32.700
33.090
33.470
33.870
34.240
34.630
35.030
35.410
35.810
36.190
36.580
36.980
37.370
37.770
38.170
38.560
38.950
39.330
39.720
40.110
40.500
40.890
41.280
41.670
42.040
42.410
42.800
43.180
43.580
43.960
44.350
44.740
45.130
45.510
45.890
46.270
46.650
47.030
47.410
47.800
48.170
48.570
48.950
49.330
49.720
50.100
50.480
50.880
51.260
51.640
52.030
52.400
52.780
53.170
53.570
53.960
54.340
54.740
55.120
55.500
55.880
56.260
56.650
57.040
57.430
57.820
58.190
58.570
58.950
59.350
59.740
60.120
60.500
60.900
61.260
61.660
62.050
62.420
62.810
63.210
63.600
63.970
64.360
64.750
65.130
65.520
65.910
66.290
66.680
67.060
67.450
67.840
68.230
68.620
69.000
69.370
69.750
70.130
70.500
70.870
71.260
71.630
72.000
72.380
72.760
73.150
73.550
73.940
74.330
74.700
75.100
75.480
75.870
76.240
76.620
77.020
77.380
77.760
78.140
78.530
78.920
79.300
79.690
80.070
80.450
80.840
81.220
81.590
81.980
82.360
82.740
83.130
83.520
83.920
84.300
84.690
85.080
85.460
85.830
86.220
86.600
86.990
87.380
87.760
88.140
88.520
88.910
89.290
89.690
90.080
90.460
90.840
91.230
91.620
92.010
92.400
92.780
93.180
93.550
93.940
94.310
94.690
95.080
95.450
95.830
96.210
96.590
96.980
97.360
97.750
98.140
98.510
98.890
99.280
99.670
100.050
100.450
100.850
101.220
101.590
101.970
102.360
102.740
103.120
103.510
103.890
104.290
104.660
105.050
105.430
105.800
106.190
106.570
106.950
107.330
107.720
108.110
108.520
108.910
109.290
109.670
110.040
110.420
110.800
111.190
111.580
111.960
112.360
112.740
113.140
113.520
113.910
114.300
114.680
115.070
115.450
115.830
116.220
116.590
116.970
117.360
117.730
118.120
118.500
118.880
119.250
119.640
120.010
120.400
120.800
121.180
121.570
121.950
122.330
122.710
123.100
123.480
123.870
124.270
124.650
125.060
125.460
125.870
126.240
126.640
127.030
127.390
127.790
128.170
128.550
128.940
129.330
129.710
130.100
130.480
130.860
131.250
131.630
132.020
132.410
132.790
133.190
133.580
133.970
134.360
134.760
135.160
135.540
135.950
136.330
136.720
137.100
137.470
137.860
138.230
138.610
139.010
139.390
139.770
140.160
140.550
140.930
141.320
141.700
142.070
142.460
142.840
143.250
143.620
144.030
144.400
144.780
145.170
145.540
145.920
146.300
146.680
147.050
147.450
147.820
148.220
148.610
148.990
149.380
149.760
150.150
150.530
150.910
151.280
151.670
152.050
152.430
152.810
153.190
153.580
153.960
154.350
154.730
155.120
155.520
155.880
156.250
156.620
157.000
157.390
157.770
158.170
158.560
158.950
159.350
159.740
160.120
160.510
160.900
161.280
161.660
162.040
162.410
162.790
163.190
163.580
163.960
164.350
164.740
165.110
165.500
165.880
166.260
166.660
167.030
167.420
167.810
168.190
168.560
168.950
169.330
169.730
170.120
170.500
170.890
171.270
171.670
172.060
172.440
172.830
173.200
173.600
173.970
174.360
174.770
175.140
175.510
175.910
176.310
176.700
177.080
177.450
177.830
178.220
178.580
178.980
179.360
179.760
180.160
180.530
180.900
181.300
181.680
182.060
182.450
182.830
183.210
183.600
183.970
184.350
184.750
185.140
185.530
185.910
186.290
186.660
187.060
187.450
187.830
188.220
188.590
188.990
189.370
189.770
190.150
190.530
190.910
191.280
191.660
192.050
192.430
192.800
193.190
193.580
193.940
194.330
194.720
195.090
195.470
195.860
196.220
196.610
196.980
197.360
197.730
198.110
198.490
198.880
199.270
199.650
200.020
200.410
200.780
201.150
201.540
201.920
202.290
202.680
203.050
203.410
203.800
204.160
204.520
204.900
205.280
205.640
206.020
206.400
206.780
207.170
207.550
207.930
208.310
208.680
209.060
209.450
209.830
210.220
210.590
210.970
211.350
211.720
212.110
212.500
212.870
213.260
213.650
214.030
214.410
214.780
215.180
215.580
215.940
216.330
216.700
217.080
217.480
217.850
218.230
218.610
219.000
219.370
219.750
220.140
220.520
220.900
221.280
221.670
222.070
222.440
222.830
223.190
223.570
223.950
224.320
224.700
225.070
225.440
225.820
226.210
226.590
226.960
227.340
227.730
228.110
228.490
228.860
229.240
229.620
229.990
230.370
230.750
231.120
231.510
231.890
232.270
232.640
233.030
233.410
233.800
234.180
234.560
234.940
235.320
235.680
236.070
236.440
236.810
237.200
237.550
237.940
238.310
238.690
239.070
239.450
239.830
240.200
240.590
240.970
241.350
241.740
242.120
242.490
242.870
243.260
243.630
244.020
244.390
244.770
245.140
245.510
245.890
246.270
246.660
247.040
247.420
247.800
248.170
248.540
248.930
249.310
249.690
250.070
250.460
250.830
251.200
251.600
251.950
252.330
252.720
253.100
253.470
253.840
254.220
254.590
254.980
255.360
255.750
256.130
256.520
256.890
257.280
257.670
258.050
258.420
258.820
259.200
259.580
259.960
260.330
260.710
261.090
261.460
261.840
262.240
262.620
263.000
263.370
263.750
264.120
264.500
264.900
265.270
265.650
266.030
266.400
266.790
267.170
267.540
267.920
268.290
268.660
269.040
269.410
269.780
270.170
270.550
270.940
271.320
271.690
272.060
272.460
272.820
273.210
273.560
273.940
274.300
274.690
275.070
275.450
275.830
276.220
276.590
276.970
277.350
277.720
278.100
278.480
278.850
279.230
279.600
279.980
280.360
280.740
281.130
281.490
281.860
282.240
282.610
282.990
283.380
283.760
284.150
284.530
284.930
285.310
285.700
286.100
286.490
286.880
287.260
287.650
288.040
288.430
288.820
289.200
289.560
289.960
290.360
290.740
291.130
291.500
291.890
292.270
292.640
293.020
293.400
293.790
294.180
294.570
294.960
295.350
295.730
296.110
296.500
296.880
297.270
297.640
298.020
298.390
298.790
299.170
299.560
299.950
300.340
300.730
301.120
301.500
301.870
302.260
302.640
303.020
303.390
303.760
304.140
304.530
304.910
305.290
305.680
306.060
306.430
306.820
307.200
307.580
307.970
308.350
308.730
309.110
309.500
309.880
310.250
310.630
311.010
311.390
311.760
312.150
312.530
312.910
313.300
313.660
314.060
314.440
314.820
315.200
315.570
315.960
316.350
316.740
317.120
317.490
317.870
318.250
318.640
319.010
319.390
319.770
320.150
320.540
320.910
321.300
321.660
322.060
322.440
322.830
323.210
323.600
323.970
324.370
324.740
325.140
325.520
325.920
326.310
326.690
327.060
327.460
327.840
328.220
328.610
329.010
329.380
329.780
330.160
330.540
330.920
331.300
331.670
332.070
332.440
332.810
333.210
333.580
333.960
334.350
334.740
335.120
335.500
335.880
336.260
336.640
337.040
337.430
337.810
338.190
338.570
338.950
339.340
339.720
340.110
340.490
340.880
341.270
341.640
342.040
342.440
342.810
343.180
343.570
343.950
344.320
344.710
345.100
345.470
345.870
346.250
346.650
347.030
347.420
347.800
348.200
348.580
348.960
349.330
349.710
350.100
350.490
350.870
351.270
351.660
352.050
352.420
352.800
353.170
353.570
353.960
354.380
354.780
355.180
355.600
356.000
356.410
356.870
357.310
357.740
358.210
358.640
359.140
359.620
360.090
360.560
361.040
361.540
362.020
362.500
362.980
363.440
