0.360
1.270
2.150
3.050
3.920
4.850
5.760
6.690
7.670
8.570
9.560
10.460
11.440
12.360
13.340
14.450
15.470
16.480
17.470
18.470
19.480
20.520
21.530
22.530
23.510
24.500
25.480
26.510
27.590
28.620
29.690
30.770
31.760
32.800
33.850
34.860
35.930
36.970
38.040
39.090
40.120
41.160
42.230
43.260
44.300
45.340
46.420
47.410
48.520
49.610
50.640
51.700
52.780
53.820
54.870
55.910
57.020
58.080
59.190
60.310
61.320
62.380
63.440
64.530
65.550
66.580
67.620
68.660
69.730
70.800
71.810
72.900
73.960
75.030
76.100
77.140
78.220
79.250
80.280
81.370
82.430
83.430
84.440
85.490
86.590
87.700
88.740
89.790
90.870
91.950
92.950
93.990
95.030
96.020
97.070
98.120
99.190
100.330
101.400
102.430
103.510
104.600
105.610
106.700
107.800
108.870
109.840
110.930
111.980
113.030
114.060
115.180
116.270
117.360
118.430
119.460
120.540
121.620
122.670
123.750
124.780
125.870
126.930
127.990
129.020
130.070
131.180
132.240
133.270
134.360
135.420
136.550
137.640
138.730
139.790
140.860
141.930
142.990
144.080
145.130
146.190
147.200
148.230
149.280
150.320
151.190
151.980
152.820
153.430
154.040
154.680
155.210
155.790
156.340
156.890
157.420
157.930
158.410
158.950
159.470
159.990
160.530
161.050
161.620
162.140
162.670
163.180
163.740
164.250
164.750
165.280
165.820
166.350
166.880
167.380
167.920
168.440
168.990
169.520
170.050
170.570
171.140
171.670
172.240
172.790
173.310
173.890
174.410
174.970
175.540
176.080
176.630
177.160
177.730
178.260
178.820
179.370
179.930
180.480
181.010
181.550
182.090
182.590
183.100
183.640
184.210
184.740
185.280
185.820
186.410
186.950
187.510
188.040
188.610
189.170
189.720
190.270
190.810
191.320
191.900
192.420
193.000
193.540
194.080
194.670
195.250
195.810
196.370
196.930
197.530
198.090
198.630
199.180
199.770
200.300
200.840
201.380
201.930
202.460
203.060
203.720
204.350
204.900
205.460
206.030
206.600
207.160
207.730
208.300
208.900
209.450
210.050
210.610
211.190
211.750
212.310
212.890
213.450
214.030
214.590
215.140
215.730
216.290
216.860
217.420
218.020
218.580
219.150
219.710
220.300
220.840
221.420
222.010
222.590
223.180
223.740
224.300
224.900
225.460
226.030
226.650
227.240
227.810
228.420
228.990
229.600
230.160
230.750
231.370
231.920
232.500
233.050
233.640
234.210
234.760
235.360
235.910
236.520
237.110
237.680
238.250
238.850
239.420
240.020
240.630
241.220
241.790
242.380
242.980
243.540
244.130
244.710
245.270
245.940
246.610
247.320
247.990
248.630
249.290
250.050
250.810
251.540
252.310
253.070
253.790
254.500
255.260
255.920
256.600
257.250
257.920
258.640
259.350
260.060
260.780
261.500
262.300
263.080
263.920
264.800
265.670
266.480
267.390
268.280
269.260
270.200
271.280
272.330
273.280
274.280
275.340
276.350
277.280
278.200
279.290
280.290
281.400
282.500
283.550
284.640
285.730
286.840
287.970
289.000
