0.130
0.440
0.760
1.080
1.400
1.730
2.040
2.390
2.710
3.030
3.350
3.660
3.980
4.310
4.630
4.970
5.310
5.640
5.980
6.340
6.680
7.010
7.320
7.670
7.980
8.330
8.680
9.020
9.360
9.710
10.040
10.400
10.740
11.090
11.430
11.780
12.120
12.460
12.820
13.170
13.520
13.860
14.210
14.560
14.910
15.270
15.630
15.980
16.330
16.690
17.040
17.400
17.750
18.100
18.450
18.800
19.150
19.510
19.860
20.210
20.560
20.910
21.270
21.630
21.990
22.340
22.710
23.060
23.410
23.770
24.150
24.490
24.850
25.210
25.560
25.920
26.280
26.630
26.980
27.340
27.700
28.070
28.430
28.790
29.140
29.520
29.880
30.240
30.600
30.960
31.320
31.680
32.030
32.400
32.760
33.110
33.460
33.840
34.190
34.540
34.910
35.260
35.620
36.000
36.340
36.710
37.070
37.430
37.780
38.140
38.530
38.900
39.260
39.610
39.970
40.340
40.690
41.060
41.420
41.790
42.130
42.500
42.860
43.220
43.580
43.950
44.310
44.670
45.030
45.400
45.770
46.130
46.480
46.840
47.220
47.580
47.920
48.300
48.660
49.020
49.380
49.740
50.110
50.480
50.840
51.210
51.580
51.960
52.330
52.700
53.080
53.450
53.810
54.180
54.530
54.900
55.250
55.620
55.980
56.350
56.720
57.090
57.460
57.830
58.190
58.560
58.950
59.300
59.660
60.020
60.380
60.740
61.100
61.470
61.820
62.190
62.570
62.930
63.300
63.670
64.040
64.400
64.750
65.110
65.490
65.860
66.220
66.590
66.980
67.350
67.700
68.060
68.420
68.800
69.160
69.520
69.890
70.250
70.620
71.000
71.370
71.730
72.090
72.460
72.820
73.200
73.560
73.930
74.300
74.680
75.050
75.420
75.780
76.160
76.520
76.900
77.260
77.630
78.000
78.360
78.740
79.110
79.470
79.840
80.210
80.580
80.950
81.330
81.690
82.060
82.430
82.790
83.160
83.530
83.890
84.270
84.620
85.000
85.360
85.740
86.100
86.470
86.840
87.220
87.600
87.960
88.330
88.700
89.060
89.440
89.810
90.190
90.560
90.940
91.310
91.680
92.060
92.420
92.780
93.170
93.530
93.890
94.240
94.610
94.980
95.340
95.720
96.080
96.440
96.800
97.160
97.530
97.900
98.280
98.650
99.020
99.400
99.770
100.140
100.510
100.860
101.230
101.620
101.960
102.320
102.690
103.060
103.420
103.780
104.160
104.510
104.880
105.240
105.600
105.960
106.330
106.680
107.030
107.390
107.760
108.120
108.490
108.860
109.230
109.590
109.950
110.310
110.690
111.050
111.430
111.800
112.170
112.530
112.910
113.270
113.640
114.000
114.370
114.730
115.100
115.470
115.840
116.220
116.580
116.950
117.310
117.680
118.050
118.420
118.790
119.150
119.520
119.890
120.270
120.650
121.020
121.400
121.770
122.150
122.530
122.900
123.280
123.630
124.000
124.370
124.760
125.110
125.490
125.860
126.220
126.580
126.940
127.300
127.670
128.050
128.420
128.780
129.150
129.510
129.890
130.250
130.610
130.980
131.350
131.720
132.080
132.450
132.820
133.190
133.550
133.920
134.300
134.680
135.030
135.400
135.770
136.150
136.520
136.880
137.250
137.610
137.990
138.360
138.730
139.100
139.460
139.840
140.220
140.580
140.970
141.330
141.710
142.080
142.460
142.830
143.210
143.570
143.950
144.310
144.680
145.060
145.410
145.790
146.170
146.520
146.900
147.300
147.660
148.020
148.400
148.770
149.140
149.500
149.860
150.220
150.580
150.950
151.320
151.680
152.050
152.420
152.790
153.150
153.510
153.870
154.240
154.600
154.960
155.340
155.710
156.070
156.440
156.800
157.170
157.540
157.910
158.270
158.640
159.000
159.370
159.730
160.100
160.470
160.840
161.210
161.580
161.950
162.320
162.700
163.070
163.440
163.810
164.180
164.570
164.940
165.320
165.680
166.060
166.420
166.800
167.170
167.540
167.910
168.280
168.650
169.020
169.410
169.780
170.160
170.540
170.910
171.290
171.660
172.030
172.390
172.760
173.120
173.490
173.850
174.210
174.560
174.930
175.310
175.680
176.030
176.400
176.760
177.130
177.490
177.860
178.220
178.600
178.960
179.330
179.690
180.060
180.430
180.810
181.190
181.550
181.910
182.260
182.620
182.980
183.340
183.710
184.070
184.420
184.750
185.120
185.470
185.820
186.200
186.560
186.920
187.280
187.630
188.000
188.340
188.710
189.060
189.440
189.780
190.140
190.500
190.860
191.230
191.600
191.960
192.320
192.690
193.060
193.420
193.800
194.170
194.530
194.900
195.280
195.660
196.030
196.400
196.770
197.130
197.510
197.860
198.210
198.580
198.950
199.320
199.690
200.060
200.420
200.800
201.170
201.540
201.920
202.290
202.660
203.030
203.400
203.760
204.130
204.500
204.880
205.240
205.600
205.970
206.350
206.720
207.090
207.460
207.840
208.200
208.580
208.930
209.310
209.670
210.050
210.410
210.780
211.150
211.520
211.880
212.240
212.630
212.990
213.360
213.730
214.100
214.480
214.850
215.210
215.570
215.940
216.320
216.700
217.060
217.440
217.830
218.220
218.590
218.980
219.350
219.730
220.100
220.490
220.850
221.210
221.580
221.950
222.340
222.720
223.090
223.460
223.830
224.210
224.580
224.960
225.340
225.720
226.090
226.450
226.830
227.210
227.580
227.960
228.340
228.720
229.090
229.480
229.860
230.230
230.600
230.980
231.340
231.730
232.100
232.470
232.850
233.220
233.590
233.960
234.330
234.700
235.060
235.450
235.800
236.170
236.550
236.920
237.280
237.660
238.030
238.410
238.770
239.140
239.520
239.920
240.320
240.700
241.070
241.450
241.820
242.210
242.580
242.960
243.340
243.720
244.090
244.480
244.840
245.230
245.600
245.980
246.360
246.750
247.120
247.500
247.880
248.270
248.640
249.020
249.390
249.770
250.140
250.520
250.900
251.280
251.650
252.040
252.420
252.800
253.160
253.540
253.900
254.270
254.640
255.020
255.390
255.760
256.130
256.500
256.880
257.250
257.620
258.000
258.370
258.740
259.110
259.490
259.860
260.230
260.600
260.970
261.340
261.710
262.070
262.440
262.810
263.180
263.540
263.910
264.280
264.660
265.030
265.410
265.790
266.170
266.540
266.900
267.290
267.660
268.040
268.410
268.780
269.150
269.520
269.890
270.270
270.640
271.010
271.380
271.750
272.120
272.480
272.860
273.230
273.600
273.970
274.340
274.710
275.080
275.450
275.830
276.220
276.600
276.980
277.360
277.730
278.100
278.470
278.850
279.240
279.620
279.990
280.370
280.730
281.110
281.490
281.860
282.220
282.600
282.960
283.350
283.710
284.090
284.460
284.830
285.200
285.570
285.940
286.310
286.670
287.040
287.420
287.800
288.190
288.570
288.940
289.320
289.700
290.090
290.450
290.840
291.200
291.560
291.930
292.320
292.690
293.070
293.450
293.830
294.210
294.600
294.960
295.340
295.720
296.110
296.480
296.840
297.220
297.590
297.970
298.360
298.740
299.130
299.500
299.890
300.270
300.670
301.030
301.410
301.780
302.140
302.510
302.900
303.280
303.660
304.040
304.410
304.800
305.190
305.570
305.960
306.340
306.730
307.100
307.470
307.870
308.240
308.610
309.010
309.390
309.770
310.150
310.510
310.880
311.270
311.640
312.030
312.420
312.800
313.170
313.550
313.920
314.300
314.680
315.070
315.430
315.820
316.190
316.550
316.930
317.300
317.660
318.030
318.390
318.770
319.130
319.520
319.870
320.220
320.600
320.960
321.300
321.680
322.030
322.390
322.750
323.140
323.520
323.890
324.290
324.670
325.040
325.420
325.790
326.170
326.550
326.930
327.300
327.690
328.060
328.450
328.820
329.200
329.590
329.970
330.340
330.720
331.090
331.470
331.870
332.250
332.620
333.010
333.400
333.790
334.180
334.570
334.940
335.340
335.740
336.110
336.520
336.890
337.300
337.670
338.050
338.360
338.680
338.980
339.300
339.610
339.920
340.230
340.540
340.840
341.150
341.460
341.770
342.080
342.390
342.710
343.020
343.320
343.630
343.940
344.250
344.570
344.880
345.180
345.490
345.810
346.120
346.420
346.730
347.050
347.360
347.660
347.970
348.280
348.590
348.910
349.210
349.520
349.850
350.170
350.480
350.800
351.130
351.450
351.760
