0.290	1
0.700
1.110
1.540
1.960	1
2.360
2.810
3.250
3.710	1
4.170
4.610
5.050
5.480	1
5.920
6.400
6.850
7.300	1
7.760
8.200
8.640
9.060	1
9.500
9.950
10.410
10.850	1
11.320
11.770
12.220
12.660	1
13.080
13.530
13.990
14.450	1
14.920
15.370
15.820
16.260	1
16.700
17.120
17.560
18.010	1
18.450
18.900
19.340
19.760	1
20.190
20.630
21.090
21.540	1
21.960
22.400
22.850
23.300	1
23.720
24.170
24.610
25.060	1
25.480
25.930
26.390
26.820	1
27.260
27.700
28.130
28.590	1
29.040
29.490
29.940
30.380	1
30.820
31.270
31.710
32.160	1
32.600
33.050
33.500
33.940	1
34.380
34.810
35.260
35.700	1
36.150
36.590
37.050
37.490	1
37.930
38.380
38.830
39.280	1
39.740
40.190
40.630
41.070	1
41.530
41.970
42.410
42.860	1
43.310
43.750
44.190
44.630	1
45.070
45.520
45.960
46.420	1
46.860
47.290
47.730
48.170	1
48.610
49.060
49.490
49.940	1
50.370
50.810
51.240
51.680	1
52.110
52.540
52.990
53.440	1
53.860
54.300
54.750
55.180	1
55.630
56.070
56.510
56.950	1
57.400
57.850
58.290
58.730	1
59.170
59.610
60.050
60.480	1
60.920
61.340
61.780
62.230	1
62.660
63.100
63.540
63.970	1
64.410
64.870
65.310
65.740	1
66.170
66.620
67.070
67.510	1
67.940
68.370
68.820
69.270	1
69.700
70.140
70.550
70.980	1
71.440
71.880
72.320
72.740	1
73.180
73.620
74.080
74.490	1
74.930
75.370
75.800
76.240	1
76.670
77.110
77.570
78.000	1
78.450
78.890
79.330
79.760	1
80.190
80.630
81.070
81.520	1
81.960
82.390
82.840
83.280	1
83.720
84.170
84.610
85.060	1
85.510
85.950
86.400
86.830	1
87.280
87.720
88.170
88.600	1
89.050
89.510
89.960
90.400	1
90.840
91.270
91.720
92.150	1
92.600
93.060
93.510
93.940	1
94.380
94.810
95.250
95.700	1
96.150
96.590
97.030
97.470	1
97.920
98.350
98.800
99.230	1
99.680
100.140
100.580
101.020	1
101.450
101.890
102.330
102.780	1
103.230
103.670
104.120
104.560	1
104.990
105.430
105.880
106.310	1
106.760
107.210
107.660
108.100	1
108.540
108.990
109.430
109.870	1
110.300
110.760
111.200
111.630	1
112.070
112.510
112.950
113.400	1
113.850
114.300
114.750
115.190	1
115.640
116.080
116.520
116.970	1
117.420
117.870
118.320
118.770	1
119.210
119.640
120.080
120.520	1
120.980
121.430
121.870
122.310	1
122.750
123.190
123.630
124.070	1
124.530
124.980
125.420
125.840	1
126.300
126.730
127.170
127.620	1
128.080
128.530
128.970
129.400	1
129.840
130.300
130.740
131.190	1
131.630
132.060
132.510
132.950	1
133.390
133.830
134.260
134.710	1
135.160
135.600
136.040
136.480	1
136.920
137.370
137.810
138.260	1
138.700
139.140
139.580
140.030	1
140.480
140.940
141.370
141.820	1
142.270
142.740
143.160
143.610	1
144.060
144.520
144.970
145.410	1
145.860
146.320
146.760
147.220	1
147.660
148.090
148.540
148.980	1
149.440
149.890
150.350
150.800	1
151.260
151.710
152.150
152.590	1
153.050
153.500
153.950
154.410	1
154.860
155.310
155.750
156.190	1
156.650
157.120
157.570
158.020	1
158.460
158.910
159.350
159.800	1
160.250
160.700
161.140
161.590	1
162.030
162.480
162.930
163.380	1
163.830
164.280
164.720
165.170	1
165.600
166.040
166.500
166.940	1
167.400
167.830
168.270
168.720	1
169.160
169.600
170.050
170.500	1
170.950
171.400
171.850
172.280	1
172.720
173.160
173.610
174.060	1
174.490
174.940
175.370
175.810	1
176.240
176.690
177.130
177.580	1
178.040
178.490
178.930
179.380	1
179.830
180.260
180.720
181.150	1
181.610
182.050
182.490
182.930	1
183.370
183.810
184.250
184.690	1
185.150
185.590
186.030
186.470	1
186.920
187.360
187.790
188.220	1
188.660
189.100
189.550
189.990	1
190.440
190.880
191.320
191.760	1
192.210
192.650
193.080
193.530	1
193.960
194.400
194.830
195.260	1
195.700
196.160
196.600
197.030	1
197.460
197.920
198.360
198.780	1
199.200
199.640
200.080
200.520	1
200.960
201.390
201.820
202.260	1
202.720
203.140
203.560
204.000	1
204.440
204.880
205.320
205.760	1
206.180
206.630
207.070
207.510	1
207.950
208.390
208.830
209.260	1
209.720
210.171
210.629
211.089	1
211.521
211.945
212.401
212.849	1
213.281
213.721
214.151
214.580	1
215.031
215.471
215.889
216.340	1
216.780
217.241
217.689
218.129	1
218.529
218.951
219.420
219.871	1
220.311
220.751
221.201
221.591	1
222.031
222.489
222.929
223.401	1
