0.120
0.460
0.780
1.120
1.470
1.800
2.150
2.500
2.840
3.160
3.510
3.860
4.200
4.530
4.860
5.200
5.560
5.900
6.230
6.560
6.910
7.240
7.600
7.980
8.330
8.670
9.040
9.370
9.730
10.080
10.420
10.750
11.090
11.440
11.770
12.110
12.450
12.780
13.130
13.470
13.810
14.150
14.490
14.830
15.160
15.500
15.830
16.170
16.510
16.860
17.230
17.580
17.920
18.270
18.620
18.970
19.300
19.640
19.980
20.330
20.670
21.010
21.350
21.680
22.030
22.380
22.740
23.090
23.430
23.770
24.110
24.450
24.770
25.110
25.460
25.810
26.140
26.490
26.830
27.170
27.510
27.830
28.170
28.510
28.870
29.210
29.540
29.890
30.220
30.560
30.900
31.250
31.610
31.960
32.290
32.640
33.000
33.350
33.700
34.060
34.420
34.760
35.100
35.470
35.810
36.170
36.520
36.860
37.210
37.560
37.910
38.260
38.610
38.960
39.310
39.660
40.010
40.360
40.720
41.060
41.390
41.740
42.080
42.420
42.760
43.090
43.450
43.790
44.130
44.480
44.820
45.160
45.510
45.860
46.200
46.540
46.890
47.220
47.560
47.900
48.250
48.610
48.940
49.280
49.620
49.960
50.300
50.650
51.000
51.340
51.670
52.020
52.350
52.690
53.030
53.370
53.710
54.050
54.390
54.740
55.070
55.400
55.750
56.100
56.440
56.790
57.130
57.480
57.820
58.160
58.520
58.850
59.220
59.560
59.920
60.250
60.580
60.910
61.240
61.580
61.920
62.260
62.600
62.940
63.280
63.620
63.960
64.290
64.630
64.980
65.320
65.660
65.990
66.330
66.670
67.020
67.370
67.720
68.060
68.410
68.760
69.080
69.420
69.780
70.100
70.460
70.780
71.120
71.450
71.780
72.130
72.460
72.800
73.140
73.470
73.810
74.150
74.500
74.830
75.170
75.510
75.850
76.180
76.530
76.870
77.200
77.540
77.880
78.240
78.580
78.920
79.270
79.620
79.970
80.320
80.660
81.000
81.350
81.690
82.030
82.360
82.700
83.030
83.380
83.720
84.060
84.410
84.740
85.090
85.420
85.770
86.110
86.440
86.770
87.120
87.460
87.800
88.130
88.470
88.810
89.160
89.510
89.830
90.180
90.520
90.850
91.190
91.530
91.860
92.190
92.530
92.870
93.210
93.540
93.880
94.240
94.570
94.910
95.250
95.580
95.910
96.260
96.590
96.920
97.270
97.600
97.950
98.280
98.620
98.960
99.320
99.670
100.020
100.360
100.700
101.050
101.400
101.750
102.080
102.420
102.760
103.110
103.440
103.770
104.140
104.490
104.840
105.170
105.530
105.880
106.220
106.570
106.930
107.260
107.610
107.950
108.300
108.630
108.960
109.310
109.650
109.980
110.330
110.670
111.020
111.360
111.700
112.050
112.390
112.740
113.070
113.400
113.750
114.100
114.430
114.780
115.130
115.470
115.810
116.160
116.510
116.860
117.210
117.560
117.900
118.250
118.590
118.930
119.260
119.620
119.960
120.300
120.650
121.000
121.360
121.720
122.070
122.420
122.790
123.130
123.460
123.800
124.140
124.490
124.830
125.170
125.510
125.860
126.220
126.550
126.890
127.240
127.590
127.930
128.280
128.630
128.960
129.320
129.640
129.980
130.310
130.650
130.980
131.330
131.680
132.010
132.350
132.690
133.040
133.370
133.710
134.050
134.380
134.700
135.040
135.380
135.730
136.070
136.410
136.750
137.080
137.420
137.760
138.120
138.450
138.800
139.140
139.480
139.810
140.160
140.500
140.840
141.190
141.530
141.880
142.220
142.590
142.930
143.300
143.660
144.000
144.360
144.710
145.060
145.420
145.760
146.110
146.460
146.800
147.150
147.500
147.840
148.180
148.530
148.910
149.270
149.610
149.960
150.310
150.670
151.020
151.370
151.720
152.070
152.410
152.760
153.100
153.430
153.800
154.130
154.500
154.850
155.200
155.550
155.900
156.230
156.600
156.930
157.280
157.640
157.990
158.320
158.660
158.990
159.340
159.690
160.050
160.390
160.760
161.100
161.450
161.810
162.150
162.500
162.870
163.240
163.600
163.960
164.320
164.700
165.060
165.420
165.770
166.130
166.490
166.840
167.190
167.550
167.910
168.280
168.660
169.030
169.390
169.710
170.030
170.350
170.680
170.990
171.310
171.640
171.950
172.280
172.590
172.910
173.240
173.550
173.880
174.190
174.510
174.840
175.150
175.480
175.790
176.120
176.440
176.750
177.080
177.390
177.720
178.040
178.350
178.680
178.990
179.320
179.640
179.950
180.280
180.590
180.920
181.230
181.550
181.880
182.190
182.520
182.840
183.150
183.480
183.790
184.120
184.430
184.750
185.080
185.390
185.720
186.040
186.350
186.680
186.990
187.320
187.630
187.950
188.280
188.590
188.920
189.230
189.550
189.880
190.190
190.520
190.830
191.150
191.480
191.790
192.120
192.430
192.750
193.080
193.390
193.720
194.030
194.350
194.680
194.990
195.320
195.630
195.960
196.280
196.590
196.920
197.230
197.560
197.880
198.190
198.520
198.830
199.160
199.480
199.790
200.120
200.430
200.760
201.080
201.390
201.720
202.030
202.360
202.680
202.990
203.320
203.630
203.960
204.280
204.590
204.920
205.230
205.560
205.870
206.190
206.520
206.830
207.160
207.480
207.790
208.120
208.430
208.760
209.070
209.390
209.720
210.030
210.360
210.670
210.990
211.320
211.630
211.960
212.280
212.600
