0.520
1.280
2.040
2.750
3.510
4.230
4.980
5.710
6.460
7.180
7.920
8.650
9.420
10.110
10.850
11.590
12.330
13.030
13.770
14.480
15.210
15.930
16.670
17.390
18.120
18.820
19.530
20.240
20.940
21.660
22.360
23.080
23.780
24.480
25.190
25.890
26.600
27.300
28.010
28.740
29.450
30.160
30.870
31.580
32.290
33.000
33.730
34.440
35.120
35.830
36.560
37.270
38.000
38.710
39.430
40.180
40.900
41.600
42.310
43.020
43.730
44.430
45.140
45.850
46.560
47.260
47.970
48.690
49.380
50.100
50.800
51.530
52.250
52.980
53.700
54.410
55.120
55.830
56.550
57.270
57.980
58.680
59.400
60.120
60.860
61.540
62.280
63.020
63.700
64.430
65.140
65.850
66.560
67.270
68.000
68.720
69.440
70.140
70.890
71.640
72.350
73.100
73.810
74.580
75.310
76.040
76.780
77.510
78.290
79.000
79.750
80.530
81.270
81.970
82.690
83.430
84.150
84.860
85.580
86.270
86.950
87.670
88.390
89.090
89.790
90.510
91.210
91.930
92.660
93.360
94.070
94.770
95.470
96.170
96.860
97.580
98.290
99.000
99.740
100.450
101.160
101.870
102.590
103.270
103.960
104.670
105.410
106.100
106.820
107.530
108.240
108.970
109.640
110.360
111.090
111.790
112.500
113.210
113.920
114.640
115.310
116.040
116.740
117.440
118.140
118.870
119.560
120.290
120.990
121.710
122.430
123.150
123.850
124.570
125.290
126.010
126.680
127.410
128.130
128.830
129.540
130.250
130.970
131.680
132.360
133.090
133.810
134.540
135.230
135.940
136.650
137.370
138.070
138.800
139.490
140.220
140.920
141.650
142.340
143.050
143.780
144.480
145.210
145.920
146.650
147.370
148.090
148.810
149.530
150.250
150.970
151.680
152.400
153.110
153.840
154.550
155.240
155.970
156.680
157.380
158.090
158.790
159.510
160.220
160.920
161.630
162.340
163.050
163.750
164.480
165.190
165.900
166.620
167.350
168.060
168.780
169.500
170.230
170.940
171.660
172.340
173.080
173.820
174.520
175.250
175.960
176.690
177.400
178.100
178.790
179.520
180.290
181.010
181.780
182.590
183.350
184.130
184.860
185.640
186.460
187.220
187.990
188.790
189.600
190.350
191.070
191.850
192.560
