0.990
1.960
2.940
4.000
4.980
6.000
6.900
7.660
8.410
9.210
9.970
10.740
11.560
12.290
12.970
13.710
14.450
15.160
15.820
16.480
17.160
17.840
18.460
19.140
19.810
20.440
21.120
21.790
22.460
23.090
23.740
24.440
25.090
25.710
26.370
27.040
27.740
28.410
29.060
29.680
30.340
30.990
31.620
32.250
32.880
33.520
34.170
34.830
35.490
36.130
36.790
37.430
38.070
38.720
39.350
39.990
40.650
41.300
41.950
42.600
43.230
43.870
44.530
45.170
45.810
46.440
47.090
47.720
48.360
48.990
49.630
50.260
50.910
51.540
52.180
52.790
53.420
54.040
54.670
55.290
55.930
56.560
57.210
57.830
58.490
59.100
59.740
60.370
61.010
61.650
62.290
62.920
63.550
64.160
64.790
65.430
66.040
66.680
67.320
67.950
68.580
69.230
69.830
70.490
71.130
71.770
72.400
73.060
73.680
74.340
74.950
75.600
76.260
76.920
77.500
77.880
78.200
78.520
78.850
79.170
79.480
79.800
80.130
80.450
80.780
81.120
81.450
81.770
82.100
82.420
82.740
83.060
83.390
83.700
84.030
84.340
84.660
84.990
85.310
85.630
85.940
86.260
86.580
86.900
87.220
87.540
87.870
88.180
88.500
88.810
89.130
89.440
89.760
90.070
90.390
90.710
91.040
91.350
91.670
91.990
92.320
92.630
92.960
93.270
93.600
93.910
94.230
94.530
94.850
95.160
95.480
95.800
96.130
96.440
96.770
97.070
97.380
97.690
98.010
98.310
98.630
98.940
99.250
99.550
99.860
100.170
100.480
100.790
101.110
101.410
101.720
102.030
102.360
102.680
102.990
103.310
103.640
103.940
104.250
104.560
104.880
105.210
105.530
105.840
106.170
106.470
106.790
107.090
107.420
107.730
108.050
108.360
108.680
108.980
109.300
109.610
109.920
110.230
110.550
110.860
111.180
111.500
111.810
112.120
112.440
112.750
113.060
113.370
113.690
114.020
114.330
114.650
114.970
115.290
115.620
115.940
116.260
116.580
116.900
117.220
117.540
117.850
118.160
118.480
118.770
119.070
119.380
119.690
120.000
120.310
120.620
120.930
121.240
121.560
121.870
122.190
122.500
122.820
123.140
123.460
123.780
124.090
124.390
124.710
125.020
125.340
125.670
125.990
126.300
126.600
126.920
127.220
127.540
127.850
128.160
128.460
128.790
129.100
129.430
129.730
130.050
130.350
130.660
130.970
131.290
131.610
131.940
132.250
132.580
132.880
133.190
133.510
133.820
134.120
134.440
134.750
135.070
135.380
135.700
136.000
136.320
136.620
136.930
137.240
137.560
137.870
138.180
138.500
138.820
139.140
139.450
139.770
140.080
140.400
140.700
141.020
141.340
141.660
141.980
142.280
142.600
142.910
143.220
143.520
143.830
144.150
144.460
144.760
145.070
145.390
145.700
146.010
146.340
146.640
146.950
147.270
147.580
147.890
148.200
148.510
148.830
149.150
149.480
149.790
150.090
150.400
150.720
151.040
151.350
151.670
151.990
152.300
152.610
152.930
153.240
153.560
153.870
154.200
154.510
154.830
155.150
155.470
155.790
156.110
156.430
156.740
157.060
157.370
157.680
157.990
158.300
158.630
158.970
159.290
159.620
159.940
160.250
160.580
160.900
161.240
161.570
161.890
162.230
162.550
162.900
163.210
163.550
163.860
164.190
164.520
164.850
165.170
165.500
165.830
166.160
166.470
166.790
167.120
167.450
167.770
168.110
168.430
168.750
169.080
169.400
169.720
170.040
170.370
170.690
171.000
171.320
171.640
171.970
172.290
172.610
172.930
173.250
173.570
173.890
174.200
174.530
174.850
175.170
175.490
175.810
176.130
176.450
176.770
177.090
177.410
177.730
178.050
178.360
178.690
179.010
179.320
179.640
179.960
180.280
180.600
180.920
181.240
181.570
181.890
182.210
182.520
182.850
183.160
183.490
183.800
184.110
184.420
184.740
185.050
185.380
185.690
186.020
186.330
186.650
186.970
187.300
187.610
187.940
188.250
188.580
188.890
189.210
189.530
189.860
190.170
190.490
190.810
191.130
191.450
191.770
192.080
192.400
192.720
193.040
193.360
193.680
193.990
194.310
194.620
194.940
195.250
195.570
195.890
196.210
196.530
196.850
197.170
197.480
197.800
198.130
198.440
198.760
199.080
199.400
199.720
200.030
200.350
200.660
200.980
201.300
201.610
201.930
202.250
202.580
202.890
203.210
203.530
203.850
204.160
204.480
204.790
205.110
205.420
205.750
206.060
206.390
206.700
207.020
207.340
207.670
207.980
208.300
208.620
208.940
209.260
209.560
209.880
210.190
210.510
210.830
211.140
211.470
211.790
212.100
212.410
212.730
213.040
213.360
213.680
214.000
214.310
214.640
214.940
215.260
215.580
215.910
216.220
216.550
216.860
217.180
217.500
217.830
218.140
218.460
218.790
219.100
219.420
219.740
220.050
220.360
220.690
221.010
221.330
221.650
221.970
222.290
222.610
222.930
223.240
223.560
223.880
224.200
224.520
224.850
225.160
225.480
225.790
226.110
226.420
226.730
227.050
227.370
227.690
228.010
228.330
228.650
228.970
229.290
229.610
229.930
230.240
230.560
230.880
231.200
231.520
231.840
232.160
232.480
232.800
233.120
233.440
233.760
234.080
234.400
234.720
235.050
235.360
235.680
236.000
236.330
236.640
236.960
237.280
237.610
237.920
238.250
238.560
238.880
239.200
239.520
239.840
240.160
240.470
240.790
241.110
241.430
241.740
242.070
242.380
242.700
243.020
243.340
243.660
243.990
244.300
244.630
244.950
245.270
245.590
245.910
246.230
246.550
246.860
247.180
247.500
247.820
248.140
248.470
248.780
249.110
249.430
249.750
250.050
250.370
250.680
250.980
251.310
251.630
251.950
252.270
252.580
252.890
253.200
253.510
253.810
254.130
254.440
254.750
255.050
255.370
255.680
255.980
256.300
256.610
256.910
257.230
257.550
257.870
258.180
258.510
258.820
259.120
259.430
259.740
260.050
260.370
260.690
261.010
261.440
261.910
262.380
262.830
263.340
263.930
264.550
265.160
265.750
266.380
267.020
267.610
268.250
268.870
269.540
270.180
270.810
271.410
272.030
272.650
273.240
273.870
274.460
275.070
275.690
276.280
276.890
277.500
278.130
278.730
279.350
279.960
280.540
281.190
281.800
282.450
283.060
283.640
284.260
284.880
285.470
286.110
286.720
287.380
287.990
288.610
289.210
289.820
290.400
291.000
291.610
292.260
292.860
293.490
294.080
294.690
295.300
295.920
296.530
297.150
297.740
298.350
298.960
299.590
300.180
300.790
301.400
302.010
302.640
303.230
303.820
304.420
305.020
305.630
306.210
306.840
307.430
308.010
308.590
309.170
309.760
310.330
310.910
311.490
312.070
312.700
313.290
313.920
314.560
315.170
315.790
316.430
317.070
317.690
318.300
318.880
319.480
320.070
320.700
321.310
321.960
322.580
323.200
323.830
324.460
325.070
325.700
326.310
326.930
327.540
328.150
328.760
329.380
329.980
330.600
331.210
331.820
332.450
333.060
333.680
334.300
334.930
335.530
336.160
336.780
337.400
338.020
338.640
339.260
339.890
340.530
341.130
341.780
342.400
343.020
343.670
344.270
344.880
345.480
346.090
346.710
347.340
347.950
348.570
349.190
349.800
350.420
351.020
351.660
352.290
352.890
353.520
354.160
354.800
355.430
356.020
356.640
357.290
357.900
358.530
359.150
359.790
360.400
360.990
361.620
362.280
362.970
363.660
364.270
364.920
365.570
366.210
366.790
367.430
368.020
368.640
369.240
369.840
370.470
371.100
371.720
372.320
372.920
373.550
374.170
374.750
375.390
375.970
376.630
377.280
377.960
378.720
379.490
380.260
380.980
381.740
