0.010
0.330
0.660
0.980
1.300
1.620
1.930
2.260
2.570
2.910
3.260
3.610
3.950
4.300
4.650
5.000
5.340
5.700
6.030
6.400
6.730
7.100
7.470
7.820
8.250
8.680
9.080
9.500
9.940
10.360
10.770
11.200
11.600
12.030
12.450
12.850
13.240
13.660
14.030
14.370
14.730
15.100
15.470
15.810
16.170
16.530
16.910
17.270
17.630
17.980
18.350
18.710
19.070
19.450
19.800
20.190
20.550
20.920
21.280
21.670
22.040
22.400
22.740
23.090
23.430
23.800
24.130
24.480
24.830
25.200
25.550
25.890
26.230
26.580
26.950
27.300
27.650
28.000
28.350
28.690
29.010
29.350
29.690
30.050
30.380
30.710
31.050
31.410
31.730
32.070
32.430
32.780
33.160
33.520
33.870
34.220
34.590
34.960
35.340
35.700
36.050
36.400
36.780
37.130
37.480
37.860
38.210
38.560
38.900
39.250
39.590
39.940
40.290
40.640
41.000
41.340
41.670
42.000
42.350
42.700
43.050
43.420
43.770
44.100
44.470
44.800
45.150
45.500
45.850
46.220
46.570
46.900
47.240
47.580
47.920
48.260
48.590
48.950
49.290
49.610
49.950
50.290
50.650
50.970
51.330
51.650
52.000
52.350
52.710
53.050
53.390
53.730
54.050
54.400
54.730
55.090
55.420
55.760
56.100
56.470
56.800
57.160
57.520
57.870
58.220
58.550
58.920
59.260
59.580
59.940
60.270
60.620
60.940
61.290
61.640
62.010
62.360
62.710
63.040
63.400
63.740
64.110
64.440
64.800
65.140
65.490
65.860
66.210
66.540
66.900
67.250
67.590
67.920
68.280
68.620
68.970
69.320
69.660
70.010
70.360
70.710
71.080
71.420
71.770
72.090
72.400
72.720
73.050
73.370
73.730
74.070
74.410
74.740
75.090
75.410
75.780
76.120
76.460
76.840
77.200
77.540
77.920
78.280
78.630
78.980
79.350
79.710
80.060
80.390
80.720
81.060
81.390
81.700
82.030
82.390
82.730
83.070
83.390
83.750
84.080
84.430
84.770
85.110
85.430
85.770
86.120
86.460
86.800
87.140
87.470
87.810
88.150
88.510
88.860
89.210
89.560
89.910
90.260
90.610
90.940
91.310
91.650
91.990
92.340
92.690
93.060
93.410
93.760
94.100
94.440
94.800
95.140
95.480
95.810
96.170
96.520
96.860
97.200
97.550
97.890
98.230
98.560
98.900
99.250
99.590
99.920
100.270
100.610
100.960
101.290
101.640
101.970
102.330
102.680
103.030
103.380
103.720
104.050
104.390
104.730
105.080
105.420
105.760
106.080
106.430
106.770
107.110
107.470
107.820
108.180
108.520
108.880
109.220
109.540
109.890
110.200
110.530
110.860
111.190
111.530
111.880
112.230
112.590
112.950
113.300
113.630
114.000
114.340
114.670
115.000
115.340
115.680
116.010
116.320
116.670
116.980
117.330
117.700
118.030
118.400
118.750
119.090
119.450
119.800
120.140
120.480
120.820
121.140
121.490
121.830
122.160
122.500
122.850
123.190
123.540
123.880
124.210
124.550
124.880
125.200
125.510
125.840
126.160
126.470
126.790
127.120
127.440
127.750
128.080
128.390
128.710
129.040
129.370
129.710
130.050
130.390
130.710
131.060
131.390
131.750
132.070
132.420
132.750
133.090
133.460
133.800
134.160
134.510
134.830
135.190
135.510
135.830
136.150
136.470
136.780
137.100
137.420
137.750
138.070
138.400
138.750
139.080
139.390
139.720
140.050
140.380
140.710
141.050
141.380
141.720
142.040
142.380
142.700
143.030
143.370
143.700
144.030
144.370
144.690
145.040
145.370
145.720
146.060
146.410
146.750
147.080
147.420
147.760
148.100
148.440
148.780
149.130
149.460
149.810
150.140
150.470
150.810
151.160
151.480
151.820
152.160
152.490
152.820
153.130
153.460
153.810
154.140
154.470
154.810
155.150
155.490
155.830
156.150
156.510
156.830
157.190
157.520
157.860
158.200
158.550
158.870
159.220
159.550
159.900
160.230
160.570
160.910
161.270
161.610
161.940
162.270
162.580
162.910
163.260
163.580
163.910
164.240
164.600
164.940
165.270
165.600
165.950
166.280
166.630
167.000
167.350
167.690
168.030
168.350
168.680
169.000
169.350
169.670
170.020
170.350
170.700
171.030
171.380
171.700
172.040
172.370
172.710
173.050
173.370
173.690
174.040
174.370
174.710
175.040
175.370
175.730
176.050
176.390
176.730
177.070
177.410
177.750
178.090
178.430
178.780
179.130
179.470
179.810
180.150
180.480
180.820
181.150
181.510
181.830
182.170
182.500
182.830
183.140
183.470
183.800
184.150
184.470
184.800
185.160
185.500
185.840
186.180
186.520
186.860
187.190
187.540
187.870
188.210
188.550
188.890
189.240
189.580
189.910
190.260
190.580
190.930
191.270
191.620
191.950
192.280
192.620
192.960
193.290
193.620
193.950
194.300
194.630
194.960
195.290
195.610
195.950
196.260
196.590
196.920
197.250
197.600
197.930
198.240
198.570
198.920
199.250
199.570
199.920
200.260
200.590
200.910
201.260
201.590
201.900
202.260
202.600
202.930
203.260
203.600
203.930
204.270
204.600
204.940
205.270
205.600
205.920
206.250
206.580
206.910
207.220
207.550
207.880
208.210
208.540
208.880
209.200
209.530
209.850
210.190
210.530
210.860
211.170
211.510
211.830
212.180
212.490
212.820
213.170
213.500
213.830
214.160
214.480
214.790
215.120
215.430
215.760
216.070
216.400
216.720
217.040
217.360
217.670
218.020
218.330
218.680
219.020
219.340
219.680
220.040
220.370
220.700
221.030
221.360
221.680
222.030
222.350
222.690
223.000
223.340
223.660
224.000
224.350
224.690
225.020
225.370
225.700
226.050
226.390
226.740
227.060
227.400
227.740
228.100
228.440
228.780
229.120
229.460
229.800
230.150
230.490
230.830
231.180
231.510
231.850
232.180
232.510
232.840
233.160
233.480
233.820
234.160
234.470
234.800
235.130
235.460
235.810
236.120
236.470
236.790
237.130
237.460
237.790
238.120
238.450
238.780
239.100
239.430
239.750
240.080
240.410
240.760
241.090
241.420
241.740
242.070
242.390
242.710
243.020
243.340
243.680
244.010
244.340
244.670
244.980
245.330
245.650
245.970
246.300
246.640
246.960
247.300
247.640
247.950
248.270
248.600
248.910
249.240
249.550
249.870
250.190
250.520
250.840
251.160
251.470
251.790
252.120
252.440
252.760
253.080
253.400
253.710
254.030
254.350
254.680
254.990
255.320
255.630
255.960
256.270
256.610
256.940
257.260
257.600
257.930
258.260
258.580
258.900
259.230
259.570
259.900
260.210
260.530
260.860
261.170
261.500
261.820
262.150
262.480
262.830
263.150
263.480
263.810
264.150
264.480
264.810
265.130
265.470
265.820
266.170
266.490
266.840
267.150
267.480
267.820
268.160
268.500
268.840
269.170
269.510
269.840
270.200
270.520
270.850
271.180
271.520
271.830
272.160
272.500
272.840
273.170
273.510
273.850
274.200
274.540
274.880
275.190
275.540
275.850
276.180
276.510
276.840
277.180
277.520
277.830
278.180
278.490
278.820
279.150
279.500
279.830
280.150
280.490
280.820
281.130
281.470
281.800
282.100
282.390
282.690
282.990
283.290
283.600
283.910
284.210
284.530
284.850
285.160
285.500
285.860
286.200
286.570
286.910
287.250
287.590
287.920
288.250
288.580
288.900
289.220
289.570
289.880
290.210
290.540
290.870
291.200
291.530
291.860
292.190
292.520
292.850
293.200
293.510
293.860
294.170
294.500
294.830
295.180
295.510
295.830
296.160
296.500
296.810
297.150
297.480
297.820
298.150
298.470
298.790
299.140
299.460
299.800
300.130
300.450
300.790
301.120
301.450
301.760
302.100
302.430
302.740
303.070
303.380
303.700
304.020
304.340
304.660
304.980
305.290
305.600
305.910
306.210
306.530
306.830
307.150
307.480
307.800
308.110
308.430
308.750
309.090
309.410
309.760
310.070
310.420
310.750
311.060
311.380
311.710
312.020
312.340
312.670
312.980
313.310
313.630
313.930
314.220
314.530
314.820
315.120
315.420
315.730
316.050
316.370
316.710
317.030
317.360
317.690
318.020
318.370
318.700
319.040
319.400
319.720
320.030
320.350
320.670
320.990
321.320
321.640
321.960
322.270
322.590
322.910
323.230
323.560
323.890
324.220
324.550
324.890
325.220
325.550
325.890
326.220
326.540
326.870
327.230
327.570
327.900
328.250
328.590
328.910
329.270
329.610
329.950
330.270
330.610
330.950
331.290
331.630
331.990
332.330
332.660
333.000
333.330
333.640
333.970
334.310
334.640
334.970
335.320
335.660
336.000
336.340
336.710
337.050
337.410
337.740
338.090
338.430
338.760
339.090
339.400
339.730
340.060
340.390
340.740
341.070
341.380
341.710
342.040
342.380
342.710
343.040
343.370
343.710
344.040
344.360
344.700
345.030
345.380
345.700
346.060
346.390
346.750
347.090
347.450
347.780
348.130
348.470
348.830
349.160
349.490
349.830
350.170
350.530
350.870
351.210
351.550
351.870
352.220
352.550
352.890
353.240
353.560
353.880
354.210
354.540
354.890
355.200
355.520
355.850
356.180
356.490
356.820
357.150
357.500
357.810
358.160
358.490
358.810
359.140
359.470
359.790
360.140
360.470
360.840
361.180
361.520
361.880
362.230
362.560
362.870
363.170
363.480
363.790
364.120
364.430
364.760
365.110
365.430
365.750
366.100
366.420
366.760
367.090
367.420
367.730
368.060
368.390
368.740
369.060
369.400
369.730
370.070
370.430
370.760
371.090
371.450
371.780
372.100
372.410
372.730
373.050
373.380
373.700
374.010
374.340
374.660
374.970
375.300
375.620
375.930
376.270
376.620
376.950
377.290
377.630
377.980
378.320
378.670
379.010
379.350
379.670
379.990
380.340
380.660
380.970
381.300
381.620
381.940
382.270
382.600
382.940
383.250
383.590
383.940
384.270
384.610
384.960
385.280
385.620
385.960
386.300
386.660
386.970
387.320
387.630
387.980
388.290
388.620
388.930
389.260
389.570
389.890
390.250
390.570
390.920
391.290
391.640
391.990
392.310
392.640
392.970
393.310
393.630
393.970
394.290
394.620
394.940
395.280
395.620
395.950
396.260
396.600
396.920
397.250
397.580
397.910
398.240
398.570
398.900
399.250
399.570
399.890
400.200
400.520
400.850
401.190
401.520
401.840
402.170
402.490
402.820
403.150
403.470
403.780
404.120
404.460
404.780
405.120
405.430
405.780
406.110
406.420
406.750
407.100
407.430
407.740
408.070
408.400
408.730
409.060
409.390
409.740
410.050
410.390
410.730
411.060
411.390
411.710
412.040
412.370
412.710
413.030
413.340
413.660
413.990
414.320
414.650
414.990
415.310
415.640
415.960
416.290
416.620
416.970
417.300
417.610
417.930
418.250
418.580
418.900
419.210
419.540
419.850
420.170
420.500
420.810
421.130
421.460
421.770
422.100
422.410
422.740
423.060
423.380
423.690
424.040
424.370
424.680
425.010
425.340
425.670
426.010
426.340
426.670
427.010
427.330
427.650
428.000
428.310
428.650
428.960
429.290
429.600
429.920
430.240
430.560
430.880
431.210
431.520
431.850
432.170
432.480
432.800
433.120
433.450
433.760
434.090
434.430
434.760
435.090
435.410
435.750
436.060
436.410
436.720
437.070
437.380
437.720
438.050
438.390
438.700
439.030
439.370
439.710
440.030
440.360
440.700
441.030
441.340
441.670
442.000
442.330
442.670
443.000
443.320
443.660
443.980
444.310
444.640
444.960
445.270
445.590
445.910
446.240
446.560
446.880
447.200
447.520
447.840
448.160
448.470
448.790
449.110
449.430
449.750
450.080
450.390
450.730
451.050
451.390
451.720
452.060
452.380
452.720
453.050
453.360
453.700
454.020
454.340
454.670
454.980
455.310
455.630
455.950
456.270
456.590
456.910
457.220
457.550
457.870
458.200
458.540
458.850
459.180
459.490
459.810
460.130
460.450
460.780
461.100
461.420
461.740
462.040
462.350
462.660
462.970
463.290
463.600
463.920
464.240
464.560
464.880
465.200
465.520
465.830
466.160
466.480
466.800
467.110
467.440
467.760
468.080
468.400
468.710
469.030
469.360
469.680
470.000
470.320
470.640
470.960
471.270
471.610
471.930
472.270
472.600
472.920
473.250
473.570
473.900
474.230
474.550
474.860
475.190
475.500
475.820
476.140
476.460
476.780
477.100
477.410
477.730
478.040
478.340
478.650
478.970
479.280
479.590
479.910
480.220
480.540
480.870
481.190
481.510
481.830
482.150
482.470
482.790
483.100
483.420
483.740
484.060
484.380
484.700
485.020
485.340
485.660
485.990
486.310
486.630
486.950
487.270
487.590
487.930
488.240
488.580
488.900
489.240
489.560
489.900
490.210
490.540
490.860
491.190
491.520
491.850
492.170
492.500
492.820
493.150
493.460
493.790
494.110
494.430
494.740
495.060
495.390
495.700
496.040
496.360
496.690
497.030
497.350
497.690
498.000
498.320
498.640
498.960
499.280
499.610
499.930
500.250
500.570
500.890
501.220
501.550
501.880
502.230
502.560
502.880
503.210
503.540
503.860
504.200
504.520
504.840
505.170
505.490
505.810
506.130
506.440
506.770
507.080
507.400
507.720
508.040
508.370
508.690
509.000
509.330
509.640
509.970
510.280
510.610
510.930
511.250
511.560
511.860
512.170
512.480
512.800
513.110
513.420
513.720
514.040
514.340
514.660
514.970
515.280
515.600
515.910
516.230
516.560
516.870
517.190
517.520
517.830
518.160
518.460
518.780
519.080
519.400
519.710
520.020
520.320
520.630
520.960
521.270
521.620
521.950
522.270
522.590
522.930
523.270
523.590
523.920
524.250
524.590
524.900
525.230
525.560
525.890
526.200
526.530
526.840
527.170
527.490
527.840
528.170
528.500
528.820
529.160
529.480
529.820
530.130
530.470
530.780
531.100
531.420
531.770
532.100
532.410
532.760
533.090
533.400
533.750
534.060
534.400
534.720
535.050
535.390
535.730
536.060
536.390
536.710
537.030
537.340
537.650
537.950
538.260
538.570
538.880
539.200
539.540
539.870
540.190
540.510
540.840
541.160
541.490
541.800
542.130
542.450
542.750
543.070
543.380
543.680
544.000
544.300
544.620
544.920
545.230
545.550
545.850
546.160
546.490
546.800
547.130
547.450
547.760
548.090
548.410
548.730
549.040
549.370
549.680
550.000
550.330
550.630
550.940
551.260
551.560
551.880
552.180
552.500
552.810
553.110
553.430
553.740
554.050
554.350
554.660
554.980
555.290
555.600
555.920
556.230
556.560
556.870
557.190
557.520
557.820
558.130
558.440
558.750
559.070
559.380
559.680
560.000
560.300
560.610
560.930
561.240
561.550
561.850
562.170
562.480
562.800
563.120
563.430
563.750
564.080
564.390
564.720
565.040
565.360
565.670
565.990
566.290
566.610
566.920
567.230
567.550
567.870
568.200
568.520
568.840
569.150
569.470
569.790
570.120
570.440
570.760
571.070
571.400
571.720
572.040
572.350
572.680
573.000
573.320
573.630
573.960
574.280
574.620
574.930
575.270
575.600
575.930
576.250
576.580
576.890
577.220
577.530
577.850
578.170
578.490
578.810
579.150
579.470
579.800
580.130
580.450
580.760
581.080
581.410
581.720
582.040
582.370
582.680
583.020
583.330
583.660
583.990
584.310
584.640
584.960
585.270
585.590
585.910
586.240
586.550
586.880
587.200
587.520
587.840
588.160
588.480
588.800
589.110
589.440
589.750
590.070
590.400
590.710
591.040
591.350
591.670
591.990
592.310
592.630
592.950
593.270
593.590
593.920
594.230
594.550
594.850
595.160
595.480
595.780
596.100
596.420
596.730
597.050
597.380
597.710
598.030
598.360
598.700
599.030
599.370
599.690
600.010
600.330
600.650
600.970
601.290
601.600
601.920
602.240
602.560
602.890
603.240
603.550
603.890
604.220
604.530
604.860
605.180
605.500
605.810
606.140
606.460
606.800
607.120
607.450
607.770
608.090
608.410
608.740
609.060
609.400
609.730
610.060
610.380
610.720
611.030
611.370
611.690
612.020
612.350
612.690
613.010
613.340
613.670
613.990
614.310
614.630
614.960
615.280
615.610
615.940
616.260
616.600
616.920
617.250
617.580
617.920
618.240
618.580
618.900
619.220
619.550
619.870
620.190
620.520
620.840
621.170
621.490
621.820
622.140
622.480
622.800
623.140
623.470
623.810
624.130
624.480
624.820
625.160
625.480
625.830
626.160
626.500
626.820
627.160
627.480
627.820
628.130
628.470
628.790
629.120
629.440
629.770
630.110
630.450
630.760
631.110
631.440
631.770
632.100
632.430
632.750
633.080
633.410
633.740
634.070
634.400
634.720
635.050
635.380
635.720
636.040
636.360
636.670
637.010
637.330
637.660
637.980
638.310
638.630
638.960
639.280
639.600
639.910
640.240
640.560
640.900
641.210
641.550
641.880
642.210
642.540
642.870
643.200
643.530
643.860
644.190
644.510
644.840
645.170
645.500
645.830
646.160
646.490
646.810
647.130
647.460
647.770
648.100
648.400
648.700
648.990
649.290
649.600
649.910
650.230
650.540
650.880
651.190
651.530
651.870
652.230
652.570
652.900
653.240
653.580
653.890
654.240
654.560
654.880
655.200
655.520
655.840
656.170
656.490
656.820
657.150
657.480
657.810
658.120
658.470
658.780
659.110
659.440
659.770
660.110
660.450
660.760
661.090
661.420
661.760
662.090
662.430
662.750
663.090
663.420
663.740
664.070
664.410
664.740
665.070
665.380
665.730
666.040
666.370
666.710
667.050
667.380
667.690
668.010
668.340
668.650
668.980
669.300
669.630
669.960
670.280
670.610
670.950
671.280
671.610
671.920
672.270
672.580
672.910
673.240
673.570
673.880
674.210
674.530
674.840
675.170
675.490
675.820
676.150
676.470
676.800
677.120
677.450
677.770
678.080
678.400
678.740
679.080
679.410
679.730
680.060
680.370
680.690
681.010
681.330
681.650
681.980
682.290
682.640
682.950
683.300
683.620
683.960
684.270
684.590
684.910
685.230
685.550
685.880
686.200
686.520
686.840
687.160
687.480
687.800
688.120
688.460
688.780
689.110
689.430
689.760
690.090
690.420
690.740
691.060
691.380
691.720
692.030
692.370
692.700
693.040
693.370
693.700
694.030
694.360
694.680
695.020
695.330
695.660
695.990
696.320
696.630
696.960
697.280
697.600
697.910
698.260
698.580
698.900
699.230
699.570
699.890
700.210
700.540
700.870
701.190
701.520
701.860
702.180
702.520
702.850
703.160
703.490
703.830
704.140
704.470
704.790
705.100
705.430
705.740
706.060
706.360
706.670
706.990
707.310
707.640
707.950
708.270
708.590
708.920
709.240
709.560
709.880
710.200
710.510
710.840
711.140
711.460
711.760
712.080
712.390
712.720
713.040
713.350
713.680
714.000
714.320
714.640
714.950
715.270
715.600
715.930
716.260
716.590
716.900
717.220
717.550
717.860
718.190
718.500
718.830
719.140
719.480
719.810
720.130
720.440
720.770
721.080
721.410
721.730
722.040
722.370
722.680
723.010
723.330
723.640
723.960
724.290
724.600
724.920
725.240
725.560
725.860
726.170
726.480
726.800
727.110
727.420
727.730
728.040
728.370
728.690
729.010
729.320
729.640
729.950
730.260
730.570
730.880
731.180
731.490
731.820
732.140
732.450
732.780
733.100
733.400
733.690
734.000
734.300
734.600
734.890
735.190
735.490
735.800
736.100
736.390
736.700
737.000
737.300
737.600
737.890
738.190
738.490
738.810
739.110
739.420
739.740
740.040
740.360
740.660
740.980
741.290
741.600
741.900
742.210
742.530
742.840
743.150
743.470
743.790
744.120
744.440
744.750
745.070
745.400
745.720
746.050
746.360
746.700
747.020
747.340
747.660
747.990
748.300
748.630
748.960
749.280
749.610
749.930
750.250
750.580
750.900
751.220
751.530
751.860
752.180
752.500
752.820
753.140
753.450
753.780
754.100
754.440
754.760
755.090
755.420
755.740
756.050
756.390
756.720
757.040
757.380
757.710
758.030
758.360
758.680
759.010
759.330
759.650
759.980
760.310
760.630
760.960
761.290
761.610
761.920
762.250
762.570
762.880
763.200
763.520
763.850
764.170
764.480
764.810
765.130
765.450
765.770
766.080
766.400
766.730
767.040
767.360
767.680
768.000
768.330
768.650
768.970
769.280
769.610
769.930
770.240
770.560
770.880
771.210
771.560
771.890
772.200
772.550
772.860
773.190
773.510
773.830
774.140
774.470
774.780
775.120
775.440
775.780
776.110
776.450
776.780
777.110
777.420
777.750
778.070
778.370
778.670
778.960
779.260
779.570
779.860
780.190
780.500
780.830
781.140
781.460
781.790
782.100
782.430
782.750
783.070
783.370
783.690
783.980
784.280
784.590
784.890
785.180
785.490
785.780
786.080
786.410
786.730
787.050
787.380
787.700
788.050
788.370
788.680
789.000
789.320
789.650
789.960
790.290
790.630
790.960
791.290
791.610
791.930
792.260
792.580
792.900
793.230
793.550
793.870
794.200
794.520
794.850
795.180
795.500
795.840
796.160
796.490
796.810
797.140
797.450
797.770
798.100
798.420
798.740
799.070
799.410
799.740
800.060
800.380
800.710
801.040
801.370
801.700
802.040
802.390
802.760
803.110
803.430
803.750
804.080
804.430
804.740
805.070
805.400
805.740
806.080
806.400
806.730
807.040
807.370
807.690
808.010
808.320
808.660
808.990
809.310
809.640
809.970
810.300
810.630
810.940
811.250
811.560
811.870
812.180
812.500
812.820
813.150
813.470
813.790
814.100
814.420
814.740
815.070
815.390
815.720
816.030
816.370
816.690
817.020
817.330
817.660
817.970
818.290
818.610
818.940
819.250
819.570
819.890
820.220
820.540
820.860
821.180
821.500
821.820
822.140
822.460
822.790
823.110
823.440
823.780
824.100
824.420
824.750
825.080
825.440
825.850
826.270
826.760
827.210
827.700
828.200
828.690
829.300
829.860
830.460
831.040
831.660
832.220
832.840
833.390
834.000
834.550
835.150
835.810
836.450
837.150
837.790
838.470
839.120
839.730
840.340
840.950
841.580
842.220
842.880
843.490
844.160
844.800
845.400
846.030
846.670
847.340
847.950
848.610
849.270
849.950
850.600
851.220
851.890
852.540
853.200
853.840
854.490
855.150
855.800
856.450
857.130
857.810
858.470
859.140
859.820
860.450
861.150
861.770
862.460
863.110
863.720
864.360
865.040
865.670
866.350
866.980
867.650
868.330
868.950
869.600
870.160
870.760
871.320
871.920
872.490
873.140
873.820
874.480
875.160
875.790
876.430
877.080
877.760
878.430
879.060
879.760
880.400
881.110
881.750
882.390
883.070
883.740
884.400
885.070
885.710
886.370
887.020
887.660
888.300
888.990
889.610
890.280
890.920
891.560
892.250
892.870
893.560
894.230
894.880
895.530
896.190
896.860
897.490
898.180
898.810
899.440
900.080
900.700
901.340
901.930
902.560
903.180
903.830
904.510
905.200
905.930
906.610
907.320
907.990
908.640
909.280
909.950
910.620
911.270
911.910
912.600
913.240
913.940
914.570
915.270
915.920
916.610
917.260
917.970
918.650
919.330
919.970
920.660
921.390
922.060
922.800
923.510
924.210
924.900
925.600
926.350
927.030
927.750
928.450
929.140
929.860
930.560
931.250
931.960
932.570
933.190
933.800
934.360
