0.550
1.190
1.830
2.470
3.130
3.780
4.390
5.050
5.700
6.330
6.950
7.600
8.270
8.930
9.580
10.210
10.870
11.550
12.210
12.900
13.540
14.230
14.910
15.590
16.290
16.950
17.680
18.390
19.070
19.750
20.390
21.080
21.750
22.450
23.120
23.810
24.500
25.180
25.860
26.540
27.270
27.950
28.660
29.340
30.010
30.710
31.390
32.080
32.760
33.470
34.170
34.900
35.580
36.280
36.970
37.690
38.370
39.030
39.730
40.390
41.100
41.800
42.520
43.220
43.900
44.600
45.280
45.970
46.690
47.370
48.050
48.730
49.430
50.140
50.840
51.550
52.240
52.950
53.650
54.370
55.060
55.780
56.470
57.190
57.870
58.540
59.220
59.860
60.560
61.250
61.930
62.620
63.300
63.980
64.670
65.350
66.050
66.730
67.420
68.110
68.800
69.480
70.160
70.850
71.550
72.240
72.920
73.610
74.290
74.990
75.700
76.420
77.130
77.850
78.560
79.260
80.020
80.720
81.420
82.100
82.800
83.510
84.190
84.860
85.580
86.280
87.050
87.770
88.470
89.200
89.910
90.610
91.360
92.090
92.810
93.530
94.250
94.950
95.650
96.370
97.070
97.770
98.500
99.210
99.900
100.610
101.320
102.040
102.750
103.500
104.240
104.920
105.640
106.340
107.030
107.750
108.420
109.110
109.800
110.500
111.160
111.850
112.570
113.250
113.930
114.620
115.300
115.980
116.660
117.390
118.050
118.770
119.440
120.150
120.830
121.540
122.230
122.920
123.610
124.310
125.000
125.700
126.410
127.110
127.800
128.490
129.180
129.890
130.580
131.280
131.980
132.680
133.370
134.070
134.750
135.450
136.150
136.850
137.540
138.230
138.930
139.640
140.310
141.060
141.730
142.400
143.110
143.820
144.500
145.200
145.900
146.590
147.290
148.000
148.710
149.440
150.100
150.800
151.480
152.180
152.870
153.570
154.280
154.970
155.660
156.360
157.040
157.750
158.430
159.110
159.780
160.470
161.170
161.850
162.530
163.220
163.910
164.600
165.290
166.000
166.700
167.370
168.080
168.750
169.450
170.160
170.930
171.670
172.400
173.130
173.860
174.540
175.230
175.950
176.670
177.370
178.090
178.800
179.510
180.200
180.910
181.620
182.360
183.080
183.830
184.550
185.340
186.090
186.810
187.510
188.210
188.890
189.590
190.300
190.970
191.680
192.420
193.150
193.850
194.550
195.260
195.970
196.670
197.350
198.060
198.820
199.530
200.260
200.980
201.690
202.430
203.230
203.950
204.720
205.480
206.260
207.050
207.850
208.620
209.380
210.170
210.960
211.740
212.500
213.290
214.080
214.880
215.720
216.490
217.280
218.120
218.880
