0.390
0.850
1.330
1.780
2.270
2.730
3.210
3.660
4.130
4.620
5.090
5.510
5.960
6.380
6.820
7.240
7.690
8.120
8.530
8.960
9.400
9.860
10.280
10.740
11.180
11.610
12.050
12.500
12.930
13.370
13.830
14.260
14.710
15.180
15.600
16.030
16.450
16.900
17.310
17.750
18.210
18.630
19.070
19.510
19.970
20.410
20.840
21.270
21.700
22.140
22.590
23.010
23.470
23.900
24.350
24.770
25.220
25.640
26.080
26.520
26.970
27.400
27.840
28.280
28.710
29.130
29.570
30.000
30.440
30.860
31.300
31.730
32.160
32.590
33.020
33.440
33.870
34.300
34.720
35.160
35.590
36.010
36.440
36.880
37.310
37.730
38.180
38.600
39.030
39.460
39.880
40.300
40.720
41.170
41.600
42.040
42.480
42.900
43.320
43.760
44.200
44.620
45.030
45.460
45.890
46.310
46.750
47.160
47.580
48.020
48.430
48.860
49.280
49.720
50.140
50.580
51.000
51.440
51.850
52.270
52.700
53.140
53.560
53.960
54.400
54.800
55.240
55.670
56.100
56.510
56.950
57.360
57.790
58.220
58.640
59.070
59.500
59.920
60.340
60.750
61.160
61.580
62.000
62.430
62.850
63.280
63.700
64.130
64.560
64.970
65.390
65.820
66.250
66.660
67.090
67.510
67.930
68.370
68.790
69.230
69.650
70.070
70.490
70.920
71.350
71.780
72.190
72.610
73.030
73.470
73.890
74.310
74.740
75.160
75.590
76.010
76.440
76.880
77.310
77.730
78.150
78.580
78.990
79.410
79.830
80.250
80.670
81.080
81.520
81.960
82.390
82.820
83.250
83.670
84.090
84.530
84.950
85.390
85.830
86.250
86.690
87.130
87.550
87.980
88.400
88.850
89.290
89.730
90.160
90.600
91.020
91.470
91.900
92.320
92.760
93.190
93.600
94.050
94.470
94.920
95.350
95.790
96.220
96.640
97.080
97.510
97.930
98.380
98.810
99.210
99.650
100.070
100.480
100.900
101.330
101.750
102.180
102.630
103.060
103.500
103.920
104.360
104.780
105.210
105.630
106.060
106.500
106.920
107.350
107.760
108.200
108.630
109.050
109.470
109.900
110.300
110.730
111.160
111.610
112.030
112.470
112.900
113.310
113.760
114.180
114.580
115.020
115.430
115.880
116.310
116.720
117.150
117.560
117.990
118.400
118.840
119.270
119.690
120.110
120.530
120.940
121.370
121.780
122.220
122.630
123.060
123.490
123.930
124.340
124.760
125.200
125.620
126.050
126.470
126.920
127.340
127.750
128.190
128.600
129.030
129.440
129.870
130.290
130.710
131.120
131.540
131.960
132.370
132.800
133.220
133.660
134.070
134.500
134.920
135.340
135.780
136.190
136.640
137.060
137.480
137.910
138.340
138.760
139.180
139.610
140.020
140.450
140.860
141.280
141.700
142.120
142.550
142.970
143.400
143.840
144.250
144.670
145.100
145.510
145.930
146.350
146.800
147.200
147.630
148.060
148.470
148.890
149.310
149.740
150.170
150.610
151.040
151.460
151.860
152.290
152.700
153.120
153.530
153.960
154.370
154.790
155.210
155.640
156.060
156.480
156.910
157.350
157.770
158.190
158.640
159.040
159.480
159.880
160.300
160.740
161.150
161.560
161.990
162.420
162.850
163.290
163.730
164.160
164.580
164.990
165.420
165.820
166.260
166.680
167.090
167.490
167.910
168.320
168.750
169.170
169.600
170.010
170.420
170.840
171.260
171.660
172.070
172.490
172.900
173.320
173.720
174.140
174.540
174.950
175.370
175.780
176.190
176.610
177.030
177.430
177.830
178.240
178.660
179.070
179.500
179.920
180.320
180.740
181.170
181.580
182.020
182.430
182.860
183.260
183.700
184.120
184.530
184.950
185.360
185.780
186.200
186.620
187.030
187.450
187.870
188.280
188.690
189.120
189.540
189.930
190.350
190.770
191.180
191.580
192.010
192.420
192.830
193.250
193.680
194.080
194.500
194.910
195.320
195.750
196.180
196.600
197.010
197.420
197.830
198.240
198.650
199.060
199.470
199.890
200.310
200.730
201.140
201.540
201.970
202.370
202.800
203.200
203.620
204.030
204.450
204.850
205.270
205.670
206.090
206.500
206.920
207.330
207.740
208.150
208.570
208.970
209.390
209.820
210.250
210.670
211.080
211.480
211.900
212.300
212.730
213.140
213.570
213.970
214.410
214.810
215.230
215.660
216.080
216.490
216.910
217.340
217.750
218.160
218.580
218.990
219.400
219.830
220.250
220.660
221.070
221.470
221.880
222.280
222.710
223.100
223.530
223.960
224.360
224.780
225.180
225.610
226.030
226.440
226.870
227.300
227.690
228.100
228.510
228.940
229.340
229.740
230.160
230.560
230.980
231.400
231.800
232.200
232.620
233.040
233.450
233.860
234.260
234.670
235.070
235.510
235.930
236.330
236.760
237.170
237.580
237.980
238.390
238.810
239.210
239.620
240.050
240.450
240.870
241.280
241.680
242.110
242.520
242.930
243.330
243.740
244.150
244.550
244.960
245.380
245.800
246.200
246.600
247.020
247.430
247.850
248.250
248.650
249.070
249.480
249.890
250.310
250.720
251.120
251.540
251.940
252.360
252.760
253.180
253.600
254.020
254.430
254.860
255.260
255.680
256.080
256.500
256.910
257.310
257.740
258.150
258.570
258.980
259.400
259.820
260.250
260.670
261.070
261.490
261.900
262.310
262.730
263.130
263.540
263.980
264.390
264.800
265.210
265.600
266.030
266.450
266.870
267.280
267.700
268.140
268.560
268.980
269.380
269.800
270.220
270.620
271.030
271.460
271.860
272.280
272.690
273.090
273.520
273.940
274.350
274.770
275.200
275.620
276.030
276.440
276.840
277.270
277.690
278.120
278.530
278.960
279.370
279.800
280.210
280.630
281.020
281.440
281.870
282.300
282.700
283.120
283.530
283.940
284.350
284.790
285.210
285.620
286.030
286.460
286.850
287.270
287.690
288.120
288.520
288.940
289.360
289.770
290.190
290.600
291.020
291.450
291.870
292.280
292.710
293.140
293.550
293.970
294.360
294.780
295.190
295.610
296.020
296.430
296.850
297.270
297.690
298.100
298.520
298.910
299.320
299.730
300.160
300.560
300.960
301.390
301.800
302.200
302.600
303.030
303.440
303.860
304.260
304.680
305.080
305.500
305.910
306.320
306.730
307.140
307.540
307.950
308.370
308.770
309.180
309.600
310.010
310.420
310.830
311.240
311.660
312.060
312.470
312.890
313.290
313.710
314.100
314.520
314.950
315.350
315.760
316.170
316.580
317.010
317.420
317.850
318.230
318.640
319.040
319.450
319.850
320.260
320.670
321.070
321.500
321.910
322.310
322.720
323.130
323.540
323.950
324.350
324.780
325.190
325.600
326.020
326.420
326.820
327.230
327.640
328.060
328.470
328.890
329.300
329.710
330.140
330.540
330.960
331.370
331.790
332.210
332.620
333.020
333.460
333.880
334.280
334.700
335.140
335.540
335.970
336.380
336.810
337.240
337.660
338.100
338.510
338.930
339.350
339.770
340.180
340.600
341.020
341.450
341.860
342.280
342.710
343.140
343.560
343.990
344.410
344.830
345.250
345.660
346.070
346.470
346.890
347.320
347.740
348.140
348.550
348.950
349.380
349.800
350.210
350.640
351.050
351.480
351.890
352.320
352.760
353.180
353.620
354.030
354.420
354.820
355.210
355.610
356.010
356.430
356.830
357.210
357.610
358.020
358.460
358.860
359.300
359.710
360.130
360.510
360.920
361.340
361.730
362.160
362.610
363.040
363.450
363.860
364.240
364.650
365.040
365.460
365.860
366.250
366.640
367.070
367.460
367.890
368.300
368.690
369.120
369.510
369.930
370.340
370.760
371.170
371.590
372.020
372.420
372.850
373.250
373.620
374.020
374.410
374.820
375.210
375.650
376.050
376.480
376.920
377.340
377.780
378.190
378.610
379.020
379.440
379.850
380.270
380.680
381.080
381.470
381.870
382.300
382.710
383.120
383.540
383.960
384.400
384.810
385.230
385.640
386.060
386.470
386.860
387.310
387.780
388.210
388.620
389.060
389.480
389.890
390.310
390.740
391.150
391.570
392.000
392.410
392.830
393.260
393.680
394.090
394.510
394.930
395.340
395.770
396.180
396.620
397.040
397.450
397.870
398.290
398.690
399.110
399.510
399.930
400.350
400.760
401.160
401.590
402.010
402.430
402.830
403.260
403.670
404.080
404.500
404.910
405.310
405.720
406.140
406.570
406.980
407.400
407.800
408.220
408.630
409.050
409.460
409.880
410.310
410.710
411.140
411.540
411.960
412.370
412.790
413.210
413.630
414.040
414.460
414.880
415.310
415.720
416.140
416.550
416.990
417.400
417.830
418.240
418.670
419.090
419.490
419.900
420.310
420.730
421.150
421.560
421.970
422.390
422.820
423.210
423.620
424.040
424.440
424.850
425.280
425.700
426.120
426.530
426.940
427.350
427.760
428.180
428.600
429.020
429.440
429.840
430.270
430.690
431.110
431.530
431.940
432.360
432.760
433.180
433.590
434.010
434.430
434.840
435.270
435.700
436.120
436.540
436.970
437.390
437.810
438.210
438.620
439.030
439.460
439.870
440.290
440.720
441.120
441.540
441.950
442.370
442.790
443.210
443.600
444.030
444.430
444.830
445.260
445.670
446.100
446.500
446.920
447.350
447.760
448.170
448.560
448.970
449.390
449.810
450.240
450.670
451.070
451.490
451.890
452.320
452.750
453.170
453.570
454.000
454.410
454.840
455.240
455.650
456.080
456.500
456.930
457.330
457.750
458.160
458.560
458.990
459.410
459.820
460.240
460.660
461.090
461.500
461.920
462.330
462.760
463.160
463.580
463.990
464.380
464.800
465.210
465.610
466.050
466.470
466.880
467.280
467.700
468.120
468.530
468.940
469.360
469.790
470.220
470.620
471.050
471.470
471.890
472.300
472.720
473.150
473.560
473.970
474.380
474.790
475.220
475.630
476.040
476.460
476.870
477.260
477.670
478.100
478.510
478.900
479.320
479.730
480.150
480.540
480.930
481.330
481.740
482.160
482.570
482.990
483.400
483.820
484.240
484.640
485.080
485.490
485.910
486.330
486.740
487.150
487.580
487.980
488.400
488.820
489.230
489.660
490.110
490.540
490.970
491.390
491.810
492.250
492.670
493.120
493.540
494.000
494.430
494.870
495.320
495.740
496.210
496.640
497.110
497.560
498.010
498.440
498.910
499.470
500.120
500.720
501.370
502.020
502.640
503.290
503.950
504.580
505.210
505.840
506.520
507.150
507.810
508.570
509.360
510.140
510.890
511.670
512.470
513.250
514.010
514.770
515.520
516.330
517.090
517.840
518.610
519.380
520.160
520.950
521.750
522.520
523.310
524.050
524.870
525.650
526.430
