0.210
1.010
1.830
2.620
3.410
4.220
5.030
5.850
6.670
7.530
8.290
9.080
9.840
10.650
11.500
12.270
13.080
13.930
14.740
15.510
16.330
17.080
17.900
18.670
19.500
20.340
21.150
21.980
22.790
23.650
24.470
25.250
26.110
26.940
27.760
28.600
29.430
30.260
31.100
31.920
32.770
33.630
34.450
35.250
36.020
36.820
37.680
38.480
39.270
40.150
40.970
41.770
42.630
43.430
44.250
45.050
45.890
46.720
47.570
48.440
49.250
50.050
50.860
51.710
52.560
53.360
54.140
54.980
55.790
56.640
57.460
58.280
59.100
59.860
60.690
61.420
62.160
62.940
63.730
64.550
65.340
66.140
66.900
67.680
68.510
69.320
70.100
70.880
71.720
72.490
73.320
74.140
75.000
75.840
76.700
77.520
78.360
79.180
80.020
80.830
81.650
82.430
83.230
84.040
84.830
85.610
86.460
87.260
88.120
88.910
89.690
90.540
91.340
92.140
92.980
93.790
94.600
95.410
96.240
97.040
97.840
98.670
99.480
100.300
101.130
101.950
102.770
103.570
104.360
105.160
105.980
106.800
107.570
108.350
109.190
110.000
110.800
111.610
112.500
113.290
114.120
114.910
115.710
116.550
117.330
118.140
119.010
119.870
120.680
121.530
122.340
123.120
123.910
124.760
125.580
126.370
127.210
128.080
128.950
129.790
130.600
131.420
132.210
132.980
133.800
134.620
135.420
136.200
137.000
137.830
138.710
139.500
140.320
141.110
141.930
142.770
143.550
144.340
145.180
146.030
146.850
147.700
148.480
149.280
150.110
150.930
151.740
152.550
153.360
154.180
155.030
155.860
156.710
157.540
158.360
159.200
160.050
160.870
161.680
162.530
163.310
164.120
164.940
165.830
166.630
167.440
168.270
169.100
169.910
170.700
171.530
172.330
173.170
173.970
174.800
175.590
176.440
177.220
178.120
178.930
179.800
180.670
181.490
182.350
183.220
184.100
184.980
185.840
186.640
187.520
188.330
189.140
189.960
190.760
191.630
192.450
193.300
194.100
194.900
195.770
196.560
197.370
198.180
199.030
199.860
200.730
201.520
202.370
203.210
204.110
204.980
205.950
206.900
207.840
208.770
209.670
210.610
211.520
212.400
213.340
214.240
215.130
215.950
216.760
217.580
218.480
