0.440
1.240
2.120
2.950
3.780
4.580
5.410
6.240
7.060
7.920
8.790
9.580
10.470
11.240
12.040
12.890
13.670
14.520
15.330
16.130
16.900
17.750
18.610
19.520
20.490
21.430
22.310
23.250
24.190
25.180
26.080
27.050
28.020
28.990
29.940
30.910
31.840
32.780
33.760
34.730
35.680
36.640
37.610
38.560
39.520
40.430
41.430
42.360
43.290
44.260
45.230
46.170
47.120
48.050
48.990
49.970
50.920
51.920
52.870
53.840
54.770
55.760
56.700
57.650
58.590
59.540
60.500
61.470
62.410
63.350
64.320
65.300
66.260
67.210
68.170
69.110
70.070
71.020
71.980
72.900
73.890
74.860
75.830
76.750
77.710
78.660
79.620
80.560
81.500
82.490
83.490
84.460
85.400
86.350
87.320
88.270
89.250
90.230
91.220
92.120
93.080
94.040
95.000
95.910
96.920
97.900
98.900
99.880
100.840
101.820
102.750
103.700
104.660
105.660
106.650
107.620
108.580
109.560
110.570
111.520
112.520
113.490
114.510
115.510
116.480
117.430
118.410
119.350
120.330
121.320
122.250
123.220
124.180
125.140
126.100
127.030
128.020
128.950
129.960
130.880
131.890
132.830
133.810
134.810
135.740
136.750
137.700
138.810
139.860
140.870
141.820
142.830
143.890
144.870
145.900
146.940
147.980
149.080
150.120
151.150
152.220
153.310
154.390
155.470
156.590
157.640
158.740
159.790
160.830
161.880
162.900
163.990
165.060
166.080
167.120
168.210
169.330
170.370
171.520
172.550
173.640
