0.280
0.590
0.920
1.230
1.550
1.870
2.190
2.520
2.830
3.160
3.480
3.790
4.110
4.440
4.750
5.070
5.400
5.720
6.010
6.320
6.600
6.890
7.190
7.480
7.760
8.050
8.350
8.630
8.920
9.210
9.510
9.800
10.090
10.390
10.690
10.990
11.280
11.590
11.890
12.180
12.490
12.780
13.080
13.400
13.710
14.020
14.320
14.630
14.940
15.250
15.570
15.890
16.210
16.530
16.860
17.180
17.500
17.800
18.120
18.420
18.730
19.040
19.360
19.660
19.990	1
20.300
20.630
20.940
21.270	1
21.590
21.910
22.230
22.550	1
22.870
23.190
23.510
23.820	1
24.140
24.470
24.780
25.110	1
25.430
25.750
26.070
26.390	1
26.710
27.030
27.350
27.660	1
27.980
28.310
28.620
28.940	1
29.260
29.580
29.900
30.230	1
30.560
30.880
31.220
31.530	1
31.860
32.190
32.510
32.830	1
33.140
33.490
33.820
34.150	1
34.480
34.810
35.130
35.460	1
35.780
36.130
36.450
36.760	1
37.090
37.400
37.750
38.070	1
38.400
38.730
39.060
39.380	1
39.710
40.040
40.370
40.700	1
41.040
41.380
41.720
42.050	1
42.380
42.710
43.020
43.340	1
43.680
44.000
44.340
44.650	1
44.980
45.310
45.660
45.990	1
46.300
46.640
46.980
47.310	1
47.620
47.970
48.300
48.630	1
48.950
49.280
49.600
49.940	1
50.260
50.590
50.910
51.240	1
51.560
51.890
52.220
52.580	1
52.920
53.260
53.580
53.940	1
54.260
54.610
54.950
55.260	1
55.590
55.920
56.250
56.600	1
56.930
57.260
57.590
57.900	1
58.230
58.570
58.920
59.250	1
59.610
59.950
60.290
60.630	1
60.960
61.290
61.630
62.000	1
62.350
62.680
63.040
63.380	1
63.740
64.090
64.450
64.770	1
65.110
65.470
65.790
66.140	1
66.470
66.830
67.160
67.510	1
67.840
68.190
68.530
68.870	1
69.210
69.550
69.910
70.270	1
70.590
70.930
71.280
71.630	1
71.960
72.310
72.640
72.990	1
73.330
73.690
74.030
74.370	1
74.710
75.040
75.380
75.730	1
76.060
76.400
76.740
77.080	1
77.420
77.780
78.120
78.460	1
78.790
79.140
79.470
79.830	1
80.180
80.520
80.860
81.190	1
81.530
81.900
82.240
82.580	1
82.920
83.270
83.620
83.950	1
84.300
84.640
84.970
85.330	1
85.660
86.010
86.360
86.690	1
87.040
87.390
87.720
88.050	1
88.390
88.730
89.080
89.430	1
89.760
90.100
90.430
90.780	1
91.120
91.470
91.820
92.170	1
92.500
92.860
93.190
93.550	1
93.890
94.250
94.570
94.920	1
95.270
95.600
95.940
96.270	1
96.620
96.960
97.310
97.660	1
97.990
98.360
98.710
99.050	1
99.400
99.730
100.070
100.420	1
100.770
101.120
101.460
101.790	1
102.130
102.490
102.820
103.170	1
103.520
103.860
104.190
104.550	1
104.890
105.230
105.580
105.930	1
106.280
106.630
106.990
107.310	1
107.650
108.010
108.330
108.690	1
109.030
109.360
109.710
110.060	1
110.390
110.760
111.100
111.420	1
111.770
112.110
112.450
112.780	1
113.140
113.490
113.830
114.180	1
114.510
114.850
115.200
115.550	1
115.890
116.230
116.590
116.930	1
117.280
117.610
117.960
118.300	1
118.640
118.980
119.330
119.670	1
120.010
120.360
120.700
121.050	1
121.390
121.760
122.100
122.440	1
122.790
123.150
123.490
123.850	1
124.180
124.530
124.860
125.220	1
125.550
125.890
126.240
126.580	1
126.920
127.250
127.590
127.920	1
128.270
128.620
128.960
129.300	1
129.630
129.980
130.320
130.670	1
131.040
131.380
131.720
132.070	1
132.440
132.770
133.110
133.440	1
133.790
134.140
134.490
134.840	1
135.170
135.510
135.860
136.200	1
136.530
136.900
137.230
137.580	1
137.930
138.260
138.590
138.940	1
139.290
139.620
139.980
140.320	1
140.660
141.020
141.350
141.710	1
142.040
142.370
142.710
143.070	1
143.400
143.760
144.110
144.460	1
144.800
145.160
145.500
145.830	1
146.160
146.510
146.860
147.200	1
147.550
147.920
148.240
148.590	1
148.940
149.270
149.610
149.960	1
150.320
150.680
151.020
151.370	1
151.710
152.070
152.410
152.760	1
153.110
153.480
153.830
154.170	1
154.530
154.880
155.200
155.560	1
155.880
156.230
156.560
156.900	1
157.250
157.610
157.960
158.320	1
158.660
159.010
159.370
159.700	1
160.040
160.390
160.730
161.070	1
161.420
161.780
162.130
162.480	1
162.830
163.170
163.530
163.880	1
164.220
164.560
164.910
165.240	1
165.590
165.930
166.270
166.620	1
166.970
167.340
167.680
168.020	1
168.380
168.730
169.080
169.440	1
169.790
170.130
170.490
170.830	1
171.190
171.520
171.890
172.240	1
172.610
172.960
173.290
173.650	1
174.000
174.330
174.690
175.030	1
175.360
175.710
176.060
176.410	1
176.760
177.110
177.450
177.800	1
178.160
178.500
178.860
179.190	1
179.540
179.890
180.240
180.590	1
180.930
181.300
181.640
181.970	1
182.330
182.670
183.010
183.340	1
183.660
183.990
184.310
184.670	1
185.010
185.350
185.680
186.020	1
186.350
186.710
187.070
187.420	1
187.770
188.110
188.450
188.800	1
189.140
189.490
189.830
190.170	1
190.520
190.880
191.210
191.540	1
191.890
192.240
192.580
192.930	1
193.290
193.610
193.960
194.290	1
194.630
194.990
195.320
195.670	1
195.990
196.340
196.670
197.030	1
197.390
197.730
198.080
198.440	1
198.780
199.140
199.510
199.860	1
200.210
200.550
200.890
201.260	1
201.590
201.960
202.310
202.660	1
202.990
203.340
203.690
204.050	1
204.400
204.740
205.090
205.440	1
205.790
206.140
206.470
206.820	1
207.170
207.500
207.850
208.210	1
208.560
208.900
209.240
209.600	1
209.940
210.300
210.640
210.990	1
211.330
211.690
212.030
212.400	1
212.740
213.100
213.470
213.810	1
214.170
214.540
214.870
215.230	1
215.590
215.930
216.280
216.640	1
216.960
217.320
217.640
217.990	1
218.360
218.710
219.060
219.400	1
219.750
220.100
220.450
220.800	1
221.150
221.490
221.840
222.200	1
222.560
222.910
223.260
223.610	1
223.960
224.300
224.660
224.990	1
225.330
225.680
226.030
226.380	1
226.720
227.090
227.440
227.770	1
228.140
228.490
228.840
229.200	1
229.570
229.920
230.270
230.620	1
230.960
231.320
231.670
232.030	1
232.380
232.740
233.080
233.430	1
233.780
234.150
234.500
234.840	1
235.180
235.530
235.880
236.240	1
236.590
236.940
237.300
237.650	1
237.990
238.350
238.680
239.060	1
239.410
239.780
240.120
240.490	1
240.820
241.190
241.520
241.880	1
242.230
242.590
242.930
243.300	1
243.650
244.010
244.370
244.740	1
245.080
245.440
245.800
246.180	1
246.540
246.870
247.220
247.580	1
247.930
248.290
248.630
248.980	1
249.330
249.670
250.020
250.370	1
250.700
251.050
251.400
251.720	1
252.080
252.420
252.770
253.120	1
253.470
253.830
254.170
254.510	1
254.870
255.220
255.550
255.900	1
256.250
256.610
256.960
257.320	1
257.660
258.020
258.350
258.700	1
259.050
259.380
259.730
260.070	1
260.430
260.790
261.120
261.490	1
261.840
262.190
262.530
262.870	1
263.220
263.560
263.890
264.230	1
264.570
264.910
265.250
265.610	1
265.940
266.280
266.610
266.960	1
267.320
267.660
268.000
268.360	1
268.720
269.060
269.400
269.770	1
270.110
270.460
270.820
271.170	1
271.510
271.860
272.190
272.520	1
272.890
273.250
273.590
273.960	1
274.310
274.690
275.040
275.400	1
275.740
276.110
276.450
276.800	1
277.160
277.520
277.860
278.240	1
278.570
278.940
279.270
279.630	1
279.970
280.340
280.710
281.050	1
281.400
281.760
282.110
282.460	1
282.790
283.160
283.500
283.860	1
284.210
284.570
284.930
285.300	1
285.640
285.990
286.340
286.700	1
287.050
287.400
287.760
288.120	1
288.480
288.830
289.170
289.520	1
289.880
290.250
290.610
290.950	1
291.310
291.650
292.000
292.330	1
292.680
293.020
293.370
293.710	1
294.070
294.420
294.760
295.130	1
295.480
295.820
296.180
296.520	1
296.870
297.230
297.570
297.930	1
298.270
298.610
298.960
299.330	1
299.680
300.020
300.380
300.730	1
301.080
301.420
301.780
302.120	1
302.480
302.830
303.170
303.520	1
303.860
304.240
304.600
304.950	1
305.300
305.680
306.020
306.360	1
306.710
307.080
307.430
307.770	1
308.120
308.460
308.830
309.170	1
309.540
309.900
310.240
310.600	1
310.960
311.290
311.660
312.000	1
312.360
312.690
313.050
313.410	1
313.740
314.090
314.460
314.810	1
315.160
315.520
315.880
316.260	1
316.620
316.970
317.340
317.710	1
318.090
318.440
318.790
319.160	1
319.510
319.840
320.190
320.510	1
320.850
321.190
321.560
321.910	1
322.250
322.610
322.970
323.320	1
323.700
324.060
324.430
324.820	1
325.170
325.510
325.870
326.200	1
326.550
326.920
327.270
327.610	1
327.970
328.320
328.670
329.020	1
329.350
329.700
330.050
330.430	1
330.790
331.150
331.490
331.850	1
332.220
332.570
332.930
333.310	1
333.650
334.010
334.340
334.700	1
335.060
335.410
335.740
336.110	1
336.430
336.790
337.120
337.470	1
337.810
338.160
338.510
338.850	1
339.200
339.560
339.910
340.270	1
340.610
340.970
341.310
341.670	1
342.030
342.380
342.740
343.120	1
343.480
343.830
344.190
344.530	1
344.860
345.170
345.520
345.850	1
346.160
346.510
346.850
347.190	1
347.560
347.910
348.260
348.600	1
348.960
349.300
349.640
350.010	1
350.370
350.720
351.100
351.450	1
351.810
352.140
352.490
352.860	1
353.200
353.540
353.890
354.250	1
354.640
355.010
355.410
355.780	1
356.160
356.540
356.910
357.310	1
357.680
358.050
358.420
358.800	1
359.150
359.520
359.880
360.250	1
360.590
360.970
361.300
361.660	1
362.000
362.350
362.700
363.060	1
363.430
363.790
364.150
364.520	1
364.860
365.230
365.570
365.930	1
366.290
366.640
366.970
367.350	1
367.710
368.050
368.430
368.780	1
369.130
369.510
369.840
370.200	1
370.550
370.910
371.250
371.630	1
371.980
372.330
372.690
373.040	1
373.370
373.710
374.060
374.390	1
374.750
375.090
375.420
375.780	1
376.120
376.490
376.850
377.210	1
377.550
377.920
378.270
378.640	1
379.010
379.350
379.710
380.070	1
380.410
380.770
381.120
381.480	1
381.840
382.200
382.560
382.910	1
383.270
383.640
383.990
384.350	1
384.720
385.070
385.440
385.800	1
386.172
386.532
386.902
387.241	1
387.612
387.961
388.321
388.662	1
388.996
389.355
389.731
390.094	1
390.407
390.763
391.097
391.430	1
391.750
392.150
392.492
392.830	1
393.161
393.502
393.812
394.150	1
394.492
394.830
395.182
395.502	1
395.870
396.201
396.550
396.920	1
397.300
397.660
398.010
398.370	1
398.720
399.100
399.450
399.820	1
400.170
400.540
400.900
401.270	1
401.610
401.980
402.350
402.700	1
403.050
403.410
403.750
404.120	1
404.470
404.840
405.180
405.540	1
405.880
406.250
406.600
406.950	1
407.290
407.650
408.000
408.330	1
408.700
409.050
409.380
409.750	1
410.090
410.440
410.780
411.150	1
411.500
411.840
412.190
412.530	1
412.890
413.240
413.560
413.900	1
414.260
414.620
414.970
415.310	1
415.640
415.970
416.300
416.610	1
416.960
417.290
417.610
417.930	1
418.280
418.640
418.980
419.350	1
419.700
420.050
420.390
420.760	1
421.110
421.460
421.850
422.220	1
422.590
422.960
423.310
423.700	1
424.060
424.440
424.800
425.170	1
425.520
425.880
426.230
426.590	1
426.950
427.320
427.670
428.040	1
428.410
428.780
429.130
429.520	1
429.860
430.230
430.580
430.940	1
431.300
431.660
432.040
432.400	1
432.750
433.110
433.480
433.820	1
434.200
434.560
434.910
435.260	1
435.640
435.980
436.340
436.720	1
437.080
437.420
437.790
438.150	1
438.520
438.870
439.240
439.610	1
439.980
440.330
440.710
441.080	1
441.440
441.830
442.190
442.550	1
442.890
443.270
443.620
443.980	1
444.350
444.700
445.070
445.400	1
445.750
446.130
446.500
446.880	1
447.240
447.620
447.980
448.340	1
448.680
449.040
449.410
449.800	1
450.160
450.540
450.900
451.280	1
451.630
452.020
452.370
452.760	1
453.110
453.480
453.840
454.200	1
454.560
454.940
455.290
455.650	1
456.020
456.380
456.740
457.100	1
457.470
457.830
458.210
458.570	1
458.940
459.300
459.650
460.030	1
460.390
460.730
461.090
461.450	1
461.800
462.140
462.510
462.850	1
463.210
463.580
463.950
464.290	1
464.670
465.070
465.430
465.820	1
466.200
466.580
466.960
467.350	1
467.730
468.120
468.500
468.870	1
469.250
469.650
470.030
470.390	1
470.800
471.190
471.570
471.960	1
472.350
472.720
473.120
473.480	1
473.860
474.250
474.630
475.010	1
475.400
475.760
476.150
476.500	1
476.880
477.270
477.630
478.020	1
478.390
478.760
479.130
479.490	1
479.870
480.280
480.670
481.040	1
481.440
481.820
482.210
482.590	1
482.970
483.340
483.720
484.090	1
484.470
484.870
485.260
485.650	1
486.020
486.430
486.810
487.190	1
487.590
487.980
488.350
488.750	1
489.110
489.490
489.870
490.250	1
490.630
491.030
491.410
491.780	1
492.160
492.540
492.920
493.300	1
493.670
494.060
494.450
494.830	1
495.200
495.590
495.950
496.350	1
496.730
497.140
497.520
497.900	1
498.300
498.670
499.050
499.440	1
499.820
500.200
500.580
500.960	1
501.320
501.690
502.060
502.440	1
502.840
503.210
503.610
504.000	1
504.370
504.760
505.130
505.520	1
505.900
506.260
506.660
507.020	1
507.400
507.790
508.150
508.520	1
508.900
509.300
509.690
510.060	1
510.420
510.790
511.170
511.540	1
511.920
512.300
512.670
513.050	1
513.430
513.790
514.170
514.520	1
514.890
515.280
515.630
516.020	1
516.390
516.750
517.100
517.450	1
517.830
518.190
518.570
518.950	1
519.310
519.690
520.050
520.430	1
520.790
521.170
521.570
521.940	1
522.320
522.680
523.060
523.440	1
523.800
524.160
524.560
524.930	1
525.300
525.700
526.070
526.450	1
526.830
527.190
527.560
527.940	1
528.310
528.660
529.050
529.410	1
529.760
530.140
530.500
530.880	1
531.260
531.630
531.990
532.350	1
532.710
533.090
533.450
533.800	1
534.150
534.540
534.890
535.280	1
535.640
536.010
536.390
536.740	1
537.110
537.470
537.830
538.200	1
538.590
538.950
539.320
539.690	1
540.050
540.420
540.790
541.160	1
541.510
541.900
542.260
542.610	1
542.970
543.350
543.710
544.070	1
544.410
544.790
545.160
545.540	1
545.910
546.270
546.650
547.010	1
547.360
547.740
548.100
548.480	1
548.830
549.220
549.570
549.950	1
550.300
550.670
551.030
551.400	1
551.760
552.140
552.500
552.880	1
553.240
553.610
553.970
554.340	1
554.690
555.070
555.450
555.820	1
556.180
556.560
556.910
557.300	1
557.640
558.020
558.360
558.750	1
559.110
559.480
559.850
560.230	1
560.570
560.940
561.290
561.660	1
562.020
562.400
562.750
563.140	1
563.510
563.880
564.240
564.620	1
564.970
565.350
565.710
566.100	1
566.470
566.810
567.190
567.540	1
567.910
568.290
568.650
569.020	1
569.380
569.740
570.110
570.480	1
570.850
571.220
571.590
571.970	1
572.340
572.700
573.040
573.430	1
573.790
574.170
574.520
574.910	1
575.290
575.660
576.030
576.400	1
576.760
577.150
577.510
577.890	1
578.270
578.660
579.030
579.420	1
579.790
580.160
580.560
580.940	1
581.290
581.650
582.000
582.390	1
582.740
583.130
583.480
583.850	1
584.230
584.590
584.980
585.340	1
585.700
586.080
586.450
586.820	1
587.200
587.570
587.940
588.310	1
588.670
589.020
589.390
589.760	1
590.140
590.500
590.860
591.260	1
591.620
592.020
592.390
592.770	1
593.130
593.490
593.850
594.230	1
594.600
594.960
595.340
595.720	1
596.090
596.480
596.840
597.220	1
597.610
597.990
598.330
598.700	1
599.060
599.430
599.790
600.160	1
600.520
600.900
601.270
601.640	1
602.000
602.380
602.740
603.120	1
603.500
603.870
604.220
604.590	1
604.960
605.340
605.710
606.050	1
606.430
606.780
607.150
607.530	1
607.890
608.280
608.650
609.030	1
609.390
609.760
610.130
610.510	1
610.880
611.250
611.630
611.980	1
612.350
612.740
613.110
613.480	1
613.830
614.200
614.540
614.910	1
615.290
615.650
616.030
616.420	1
616.770
617.160
617.530
617.890	1
618.260
618.630
618.990
619.360	1
619.750
620.130
620.510
620.900	1
621.270
621.620
621.990
622.370	1
622.750
623.120
623.480
623.840	1
624.190
624.560
624.920
625.290	1
625.630
626.010
626.350
626.730	1
627.080
627.430
627.790
628.140	1
628.500
628.860
629.200
629.550	1
629.910
630.260
630.600
630.940	1
631.300
631.660
632.000
632.350	1
632.700
633.070
633.440
633.810	1
634.180
634.540
634.910
635.280	1
635.630
636.010
636.360
636.750	1
637.120
637.490
637.860
638.230	1
638.580
638.950
639.320
639.700	1
640.070
640.450
640.820
641.170	1
641.540
641.910
642.280
642.650	1
643.040
643.410
643.770
644.150	1
644.500
644.890
645.250
645.620	1
646.010
646.430
646.840
647.280	1
