0.430
1.020
1.650
2.290
2.870
3.430
4.000
4.590
5.150
5.720
6.330
6.890
7.470
8.040
8.640
9.210
9.780
10.380
10.970
11.570
12.140
12.740
13.370
13.960
14.520
15.040
15.590
16.200
16.820
17.410
18.020
18.620
19.200
19.840
20.490
21.120
21.740
22.340
22.910
23.520
24.090
24.700
25.280
25.810
26.370
26.960
27.560
28.180
28.770
29.360
29.930
30.550
31.130
31.760
32.340
32.940
33.550
34.240
34.890
35.540
36.200
36.800
37.430
38.040
38.660
39.300
39.890
40.540
41.150
41.770
42.390
43.020
43.620
44.230
44.850
45.470
46.080
46.690
47.280
47.890
48.500
49.110
49.710
50.310
50.930
51.530
52.130
52.740
53.330
53.920
54.510
55.110
55.720
56.320
56.890
57.520
58.090
58.690
59.310
59.900
60.520
61.110
61.690
62.290
62.900
63.480
64.100
64.660
65.250
65.830
66.410
67.000
67.580
68.150
68.730
69.290
69.890
70.430
71.020
71.600
72.160
72.750
73.340
73.940
74.540
75.150
75.730
76.350
76.940
77.560
78.160
78.730
79.350
79.930
80.520
81.110
81.690
82.300
82.890
83.490
84.080
84.650
85.250
85.840
86.460
87.030
87.620
88.220
88.810
89.390
90.010
90.590
91.170
91.780
92.410
93.000
93.600
94.190
94.800
95.410
96.020
96.610
97.200
97.800
98.400
98.980
99.590
100.190
100.760
101.330
101.910
102.490
103.080
103.680
104.260
104.850
105.410
105.970
106.570
107.120
107.700
108.250
108.840
109.390
109.980
110.580
111.150
111.730
112.350
112.940
113.540
114.140
114.720
115.310
115.930
116.490
117.090
117.690
118.280
118.860
119.430
120.010
120.590
121.160
121.730
122.330
122.920
123.510
124.080
124.690
125.260
125.830
126.410
126.990
127.580
128.180
128.750
129.330
129.930
130.530
131.120
131.710
132.310
132.890
133.470
134.050
134.660
135.260
135.850
136.440
137.050
137.640
138.240
138.840
139.450
140.060
140.650
141.230
141.820
142.400
143.000
143.600
144.180
144.780
145.360
145.960
146.540
147.130
147.720
148.320
148.890
149.480
150.080
150.660
151.250
151.840
152.430
153.040
153.610
154.230
154.850
155.460
156.070
156.670
157.260
157.860
158.480
159.060
159.670
160.260
160.850
161.440
162.020
162.590
163.200
163.780
164.370
164.970
165.520
166.120
166.710
167.280
167.860
168.460
169.050
169.650
170.230
170.820
171.400
171.990
172.610
173.210
173.810
174.450
175.060
175.690
176.300
176.890
177.480
178.090
178.660
179.240
179.830
180.440
181.020
181.620
182.180
182.750
183.340
183.930
184.500
185.100
185.640
186.240
186.800
187.380
187.950
188.560
189.130
189.720
190.320
190.920
191.530
192.110
192.700
193.310
193.910
194.510
195.120
195.710
196.300
196.930
197.510
198.120
198.690
199.280
199.860
200.470
201.060
201.660
202.250
202.830
203.400
204.010
204.580
205.170
205.770
206.360
206.950
207.540
208.130
208.710
209.320
209.910
210.520
211.110
211.710
212.290
212.890
213.500
214.100
214.690
215.290
215.870
216.470
217.070
217.660
218.240
218.820
219.400
220.000
220.600
221.200
221.760
222.340
222.930
223.510
224.090
224.690
225.280
225.850
226.420
227.020
227.620
228.200
228.790
229.360
229.950
230.560
231.130
231.720
232.270
232.840
233.440
234.010
234.580
235.120
235.720
236.320
236.900
237.480
238.080
238.650
239.210
239.810
240.420
240.980
241.580
242.170
242.740
243.310
243.900
244.470
245.070
245.670
246.230
246.810
247.390
247.970
248.570
249.140
249.720
250.320
250.920
251.500
252.080
252.650
253.240
253.800
254.380
254.980
255.550
256.090
256.690
257.230
257.810
258.390
258.970
259.530
260.110
260.650
261.240
261.820
262.380
262.970
263.580
264.180
264.780
265.370
265.950
266.540
267.150
267.730
268.330
268.900
269.490
270.070
270.660
271.250
271.830
272.380
272.980
273.550
274.140
274.710
275.300
275.860
276.410
277.010
277.600
278.180
278.740
279.330
279.910
280.530
281.090
281.680
282.250
282.830
283.420
283.990
284.570
285.180
285.750
286.330
286.950
287.540
288.110
288.700
289.300
289.890
290.490
291.060
291.630
292.220
292.810
293.380
293.970
294.560
295.140
295.720
296.310
296.870
297.430
297.980
298.570
299.140
299.700
300.310
300.910
301.520
302.130
302.740
303.340
303.950
304.530
305.130
305.720
306.330
306.890
307.480
308.060
308.650
309.230
309.780
310.360
310.950
311.530
312.110
312.690
313.270
313.870
314.440
315.020
315.600
316.170
316.750
317.320
317.900
318.480
319.060
319.640
320.220
320.810
321.400
321.980
322.610
323.200
323.790
324.380
324.960
325.550
326.140
326.750
327.340
327.910
328.510
329.100
329.670
330.270
330.850
331.430
332.010
332.580
333.170
333.750
334.350
334.950
335.510
336.110
336.690
337.290
337.880
338.480
339.070
339.660
340.260
340.850
341.430
342.040
342.640
343.250
343.840
344.460
345.050
345.650
346.240
346.830
347.420
348.040
348.620
349.210
349.800
350.380
350.960
351.550
352.120
352.720
353.290
353.890
354.480
355.050
355.650
356.230
356.810
357.420
358.020
358.600
359.200
359.810
360.400
361.000
361.590
362.180
362.790
363.390
363.990
364.590
365.180
365.780
366.340
366.940
367.510
368.120
368.710
369.290
369.880
370.460
371.050
371.640
372.230
372.820
373.370
373.970
374.540
375.140
375.740
376.320
376.900
377.480
378.060
378.650
379.240
379.840
380.440
381.030
381.600
382.170
382.770
383.350
383.910
384.500
385.070
385.630
386.210
386.780
387.350
387.910
388.500
389.080
389.670
390.260
390.860
391.450
392.050
392.640
393.240
393.830
394.410
394.990
395.570
396.160
396.750
397.370
397.970
398.540
399.120
399.690
400.280
400.860
401.450
402.000
402.580
403.160
403.750
404.330
404.920
405.490
406.060
406.650
407.240
407.820
408.410
408.990
409.560
410.130
410.720
411.300
411.890
412.480
413.090
413.690
414.270
414.870
415.460
416.050
416.640
417.240
417.860
418.450
419.050
419.640
420.230
420.850
421.450
422.040
422.650
423.240
423.830
424.420
425.000
425.600
426.170
426.770
427.350
427.940
428.520
429.090
429.660
430.240
430.820
431.400
431.960
432.550
433.130
433.680
434.280
434.840
435.430
436.030
436.630
437.220
437.800
438.400
438.950
439.550
440.140
440.730
441.320
441.910
442.490
443.090
443.670
444.280
444.850
445.450
446.050
446.640
447.220
447.820
448.400
448.990
449.590
450.190
450.780
451.380
451.970
452.570
453.160
453.760
454.380
454.970
455.570
456.170
456.800
457.410
458.010
458.630
459.230
459.830
460.430
461.040
461.610
462.210
462.840
463.440
464.030
464.610
465.240
465.850
466.450
467.070
467.690
468.300
468.900
469.470
470.090
470.680
471.280
471.900
472.490
473.100
473.740
474.330
474.970
475.580
476.190
476.770
477.370
477.970
478.570
479.170
479.780
480.360
480.920
481.500
482.110
482.700
483.310
483.910
484.530
485.160
485.760
486.390
487.000
487.620
488.210
488.790
489.420
490.030
490.620
491.260
491.840
492.460
493.090
493.750
494.370
495.040
495.680
496.310
496.910
497.510
498.140
498.750
499.330
499.960
500.550
501.180
501.810
502.480
503.110
503.710
504.280
504.890
505.490
506.110
506.680
507.310
507.850
508.420
508.970
509.600
510.210
510.870
511.520
512.210
512.840
513.530
514.180
514.820
515.490
516.090
516.740
517.330
517.910
518.510
519.110
519.740
520.340
520.920
521.490
522.110
522.690
523.260
523.860
524.420
525.020
525.570
526.170
526.760
527.340
527.890
528.440
529.010
529.610
530.210
530.780
531.400
532.030
532.690
533.330
533.980
534.570
535.190
535.840
536.460
537.020
537.620
538.200
538.810
539.410
539.980
540.570
541.150
541.750
542.400
543.020
543.640
544.260
544.850
545.470
546.130
546.730
547.380
547.990
548.650
549.320
549.990
550.600
551.250
551.900
552.550
553.160
553.800
554.510
555.140
555.820
556.520
557.190
557.800
558.440
559.030
559.670
560.300
560.920
561.510
562.180
562.800
563.460
564.090
564.720
565.340
565.990
566.590
567.240
567.880
568.490
569.080
569.680
570.290
570.870
571.460
572.070
572.640
573.240
573.790
574.390
574.990
575.570
576.180
576.770
577.370
577.960
578.570
579.140
579.730
580.320
580.900
581.490
582.070
582.650
583.250
583.820
584.450
585.050
585.630
586.240
586.860
587.460
588.050
588.690
589.280
589.870
590.450
591.040
591.640
592.220
592.830
593.430
594.020
594.630
595.230
595.830
596.430
597.030
597.630
598.230
598.820
599.420
600.000
600.600
601.220
601.810
602.380
602.980
603.540
604.130
604.740
605.340
605.930
606.550
607.140
607.740
608.330
608.920
609.520
610.100
610.670
611.250
611.850
612.440
613.040
613.620
614.220
614.760
615.280
615.870
616.450
617.010
617.630
618.230
618.810
619.420
620.010
620.580
621.170
621.740
622.300
622.900
623.480
624.080
624.710
625.310
625.910
626.480
627.080
627.680
628.280
628.860
629.440
630.000
630.530
631.110
631.690
632.270
632.840
633.410
634.010
634.580
635.160
635.730
636.330
636.890
637.490
638.120
638.710
639.270
639.860
640.400
640.970
641.490
642.050
642.630
643.270
643.890
644.500
645.090
645.690
646.290
646.880
647.470
648.050
648.650
649.220
649.810
650.370
650.980
651.550
652.160
652.740
653.340
653.970
654.550
655.180
655.780
656.380
656.970
657.530
658.130
658.720
659.280
659.820
660.390
660.960
661.490
662.060
662.630
663.230
663.790
664.430
665.060
665.650
666.290
666.900
667.520
668.100
668.710
669.320
669.920
670.500
671.030
671.590
672.180
672.740
673.270
673.830
674.430
675.010
675.560
676.160
676.720
677.290
677.830
678.380
678.960
679.490
680.060
680.620
681.150
681.760
682.360
682.990
683.610
684.210
684.840
685.440
686.080
686.680
687.290
687.900
688.540
689.160
689.780
690.400
691.040
691.650
692.290
692.940
693.560
694.250
694.890
695.520
696.170
696.800
697.420
698.050
698.670
699.320
699.960
700.560
701.220
701.860
702.490
703.120
703.740
704.380
704.990
705.580
706.210
706.820
707.430
708.060
708.700
709.360
710.070
710.730
711.360
712.000
712.640
713.260
713.900
714.520
715.170
715.800
716.440
717.080
717.700
718.330
718.970
719.560
720.180
720.820
721.490
722.110
722.750
723.390
724.040
724.690
725.320
725.970
726.600
727.270
727.930
728.560
729.210
729.800
730.440
731.110
731.780
732.470
733.170
733.860
734.520
735.190
735.940
736.700
737.440
738.170
738.900
739.630
740.410
741.090
741.760
742.460
743.170
743.810
744.420
745.060
745.700
746.370
747.010
