0.230
0.970
1.710
2.430
3.140
3.880
4.610
5.350
6.080
6.810
7.560
8.300
9.040
9.780
10.520
11.230
11.960
12.710
13.450
14.220
14.960
15.690
16.440
17.180
17.930
18.700
19.470
20.240
21.010
21.760
22.530
23.300
24.060
24.810
25.580
26.360
27.120
27.890
28.650
29.400
30.160
30.920
31.700
32.470
33.230
33.990
34.750
35.510
36.280
37.040
37.790
38.540
39.300
40.060
40.820
41.590
42.350
43.100
43.880
44.630
45.370
46.140
46.910
47.670
48.450
49.190
49.970
50.740
51.500
52.270
53.040
53.800
54.560
55.330
56.090
56.830
57.600
58.370
59.120
59.890
60.640
61.400
62.160
62.930
63.670
64.440
65.210
65.970
66.760
67.520
68.280
69.040
69.790
70.540
71.300
71.990
72.420
72.810
73.180
73.560
73.940
74.310
74.680
75.050
75.430
75.800
76.160
76.550
76.920
77.300
77.680
78.060
78.430
78.790
79.170
79.540
79.920
80.300
80.670
81.030
81.410
81.800
82.180
82.560
82.930
83.300
83.670
84.050
84.420
84.800
85.180
85.560
85.930
86.310
86.690
87.060
87.430
87.800
88.170
88.540
88.920
89.290
89.670
90.040
90.410
90.780
91.160
91.540
91.910
92.280
92.660
93.030
93.420
93.800
94.180
94.560
94.920
95.300
95.680
96.060
96.430
96.810
97.200
97.560
97.950
98.330
98.700
99.080
99.440
99.800
100.200
100.580
100.950
101.330
101.700
102.080
102.470
102.860
103.230
103.610
103.990
104.370
104.760
105.140
105.520
105.910
106.280
106.660
107.040
107.430
107.800
108.170
108.540
108.920
109.300
109.670
110.020
110.410
110.770
111.150
111.520
111.900
112.270
112.630
113.010
113.380
113.750
114.120
114.500
114.870
115.240
115.610
115.990
116.360
116.750
117.110
117.480
117.860
118.240
118.620
119.000
119.360
119.740
120.130
120.500
120.880
121.250
121.620
121.980
122.350
122.730
123.100
123.480
123.840
124.220
124.590
124.950
125.320
125.680
126.040
126.410
126.770
127.170
127.540
127.910
128.280
128.650
129.030
129.400
129.790
130.160
130.540
130.920
131.280
131.660
132.040
132.420
132.800
133.170
133.540
133.900
134.270
134.650
135.020
135.390
135.770
136.140
136.510
136.880
137.250
137.620
138.000
138.380
138.750
139.110
139.490
139.860
140.240
140.620
140.990
141.370
141.740
142.100
142.470
142.850
143.230
143.600
143.960
144.340
144.700
145.090
145.460
145.830
146.190
146.560
146.920
147.310
147.680
148.040
148.410
148.780
149.140
149.500
149.880
150.240
150.600
150.960
151.310
151.680
152.040
152.420
152.790
153.150
153.530
153.920
154.300
154.670
155.030
155.400
155.760
156.140
156.510
156.890
157.240
157.620
157.980
158.360
158.720
159.090
159.460
159.840
160.200
160.560
160.950
161.320
161.670
162.040
162.410
162.800
163.180
163.560
163.940
164.300
164.670
165.050
165.440
165.810
166.190
166.570
166.950
167.330
167.720
168.100
168.470
168.850
169.220
169.590
169.970
170.340
170.720
171.100
171.470
171.850
172.230
172.600
172.980
173.360
173.730
174.110
174.500
174.880
175.250
175.620
176.010
176.400
176.780
177.160
177.520
177.900
178.290
178.670
179.040
179.420
179.790
180.180
180.570
180.960
181.340
181.720
182.100
182.480
182.870
183.240
183.610
183.980
184.360
184.740
185.110
185.500
185.880
186.270
186.640
187.010
187.380
187.750
188.130
188.510
188.890
189.240
189.630
190.000
190.380
190.760
191.140
191.520
191.890
192.270
192.650
193.010
193.400
193.760
194.140
194.510
194.890
195.260
195.650
196.010
196.390
196.750
197.120
197.490
197.870
198.230
198.620
198.990
199.370
199.740
200.120
200.470
200.840
201.210
201.590
201.950
202.330
202.690
203.040
203.420
203.780
204.160
204.510
204.880
205.240
205.600
205.950
206.320
206.690
207.070
207.420
207.800
208.160
208.520
208.890
209.250
209.600
209.960
210.330
210.690
211.060
211.430
211.800
212.180
212.530
212.900
213.270
213.630
213.990
214.370
214.740
215.110
215.470
215.850
216.210
216.570
216.940
217.320
217.680
218.060
218.420
218.790
219.150
219.530
219.900
220.270
220.630
221.000
221.350
221.720
222.080
222.440
222.810
223.170
223.540
223.900
224.260
224.630
224.990
225.370
225.740
226.110
226.460
226.830
227.180
227.550
227.910
228.280
228.630
228.990
229.340
229.710
230.060
230.440
230.780
231.160
231.520
231.890
232.250
232.610
232.960
233.340
233.710
234.090
234.460
234.830
235.200
235.550
235.920
236.280
236.640
237.010
237.380
237.730
238.100
238.480
238.830
239.210
239.570
239.920
240.300
240.670
241.030
241.390
241.770
242.150
242.530
242.920
243.270
243.630
243.990
244.370
244.740
245.100
245.480
245.840
246.230
246.590
246.950
247.320
247.690
248.070
248.430
248.790
249.150
249.500
249.880
250.240
250.610
250.980
251.340
251.710
252.080
252.430
252.800
253.150
253.510
253.880
254.240
254.600
254.960
255.330
255.680
256.050
256.410
256.760
257.130
257.490
257.830
258.210
258.550
258.920
259.280
259.630
259.990
260.380
260.760
261.140
261.500
261.880
262.250
262.620
263.000
263.360
263.730
264.110
264.480
264.850
265.210
265.580
265.940
266.310
266.670
267.040
267.410
267.770
268.140
268.520
268.890
269.250
269.620
269.970
270.340
270.700
271.070
271.440
271.800
272.170
272.540
272.900
273.260
273.640
274.010
274.370
274.740
275.110
275.480
275.850
276.220
276.590
276.970
277.320
277.690
278.050
278.400
278.760
279.120
279.490
279.840
280.220
280.590
280.950
281.310
281.670
282.030
282.410
282.770
283.130
283.490
283.850
284.220
284.580
284.940
285.280
285.640
286.010
286.380
286.750
287.110
287.470
287.840
288.210
288.590
288.950
289.310
289.670
290.020
290.380
290.750
291.120
291.480
291.830
292.190
292.560
292.910
293.280
293.630
294.000
294.360
294.730
295.100
295.460
295.830
296.200
296.560
296.930
297.300
297.670
298.030
298.400
298.770
299.140
299.520
299.890
300.260
300.630
301.000
301.370
301.740
302.110
302.500
302.860
303.230
303.600
303.980
304.360
304.720
305.090
305.450
305.810
306.170
306.540
306.900
307.260
307.620
307.980
308.330
308.720
309.080
309.450
309.820
310.200
310.570
310.940
311.320
311.690
312.050
312.420
312.800
313.180
313.550
313.930
314.310
314.680
315.050
315.430
315.790
316.170
316.540
316.910
317.290
317.660
318.030
318.400
318.780
319.140
319.530
319.910
320.290
320.680
321.050
321.430
321.820
322.190
322.560
322.940
323.320
323.710
324.090
324.450
324.830
325.200
325.560
325.940
326.310
326.680
327.050
327.420
327.800
328.160
328.530
328.910
329.280
329.630
330.010
330.380
330.760
331.150
331.520
331.900
332.270
332.640
333.010
333.390
333.760
334.150
334.530
334.900
335.270
335.660
336.040
336.410
336.770
337.140
337.510
337.890
338.260
338.640
339.020
339.400
339.770
340.160
340.530
340.900
341.260
341.610
341.970
342.350
342.750
343.160
343.550
343.910
344.280
344.660
345.030
345.390
345.760
346.130
346.490
346.860
347.220
347.590
347.960
348.330
348.700
349.070
349.460
349.830
350.180
350.550
350.910
351.280
351.650
352.020
352.370
352.710
353.050
353.420
353.790
354.150
354.520
354.880
355.250
355.610
355.970
356.350
356.700
357.060
357.430
357.790
358.160
358.520
358.900
359.260
359.620
360.000
360.360
360.730
361.090
361.470
361.830
362.210
362.580
362.950
363.320
363.690
364.060
364.430
364.800
365.170
365.530
365.900
366.270
366.640
367.000
367.360
367.720
368.090
368.460
368.830
369.200
369.560
369.920
370.290
370.660
371.030
371.380
371.750
372.110
372.490
372.860
373.230
373.590
373.960
374.330
374.700
375.060
375.440
375.830
376.220
376.590
376.950
377.320
377.690
378.060
378.440
378.810
379.180
379.570
379.940
380.330
380.690
381.070
381.440
381.810
382.200
382.580
382.940
383.310
383.680
384.050
384.420
384.780
385.150
385.530
385.910
386.290
386.660
387.040
387.410
387.780
388.160
388.520
388.900
389.280
389.640
390.010
390.380
390.740
391.100
391.470
391.830
392.200
392.570
392.940
393.330
393.720
394.100
394.480
394.850
395.220
395.580
395.950
396.320
396.700
397.070
397.430
397.800
398.170
398.550
398.920
399.300
399.680
400.050
400.430
400.810
401.180
401.550
401.930
402.330
402.690
403.070
403.440
403.810
404.170
404.520
404.900
405.260
405.630
406.000
406.370
406.730
407.100
407.470
407.840
408.220
408.590
408.950
409.320
409.700
410.090
410.450
410.820
411.190
411.570
411.940
412.320
412.690
413.070
413.440
413.830
414.200
414.580
414.950
415.320
415.690
416.070
416.450
416.830
417.210
417.590
417.960
418.350
418.710
419.080
419.450
419.780
420.090
420.410
420.730
421.050
421.380
421.690
