0.200
0.570
0.900
1.250
1.620
1.960
2.310
2.650
3.010
3.390
3.740
4.090
4.440
4.780
5.140
5.470
5.830
6.170
6.530
6.910
7.250
7.630
7.970
8.340
8.690
9.040
9.390
9.730
10.060
10.390
10.730
11.090
11.470
11.830
12.190
12.530
12.870
13.230
13.570
13.920
14.270
14.600
14.930
15.290
15.630
15.990
16.330
16.680
17.020
17.370
17.720
18.090
18.420
18.770
19.120
19.470
19.820
20.180
20.530
20.870
21.190
21.530
21.880
22.230
22.570
22.920
23.270
23.620
23.960
24.320
24.640
24.990
25.330
25.670
26.010
26.360
26.700
27.040
27.360
27.720
28.050
28.390
28.740
29.090
29.430
29.760
30.100
30.450
30.790
31.120
31.470
31.800
32.130
32.460
32.770
33.100
33.450
33.770
34.110
34.470
34.800
35.150
35.470
35.820
36.140
36.490
36.800
37.140
37.470
37.800
38.130
38.470
38.800
39.140
39.490
39.830
40.160
40.500
40.850
41.190
41.530
41.850
42.190
42.540
42.880
43.220
43.560
43.910
44.240
44.570
44.920
45.270
45.600
45.930
46.270
46.610
46.950
47.290
47.640
47.960
48.290
48.630
48.950
49.300
49.630
49.970
50.310
50.650
50.970
51.330
51.650
52.000
52.340
52.670
53.020
53.370
53.700
54.040
54.360
54.710
55.030
55.370
55.710
56.060
56.380
56.730
57.060
57.410
57.720
58.060
58.390
58.730
59.070
59.410
59.730
60.080
60.400
60.740
61.070
61.400
61.730
62.040
62.370
62.700
63.050
63.380
63.730
64.070
64.400
64.750
65.070
65.430
65.760
66.100
66.430
66.780
67.090
67.440
67.770
68.100
68.410
68.750
69.070
69.420
69.740
70.090
70.420
70.770
71.080
71.420
71.740
72.070
72.420
72.750
73.080
73.410
73.750
74.090
74.440
74.770
75.100
75.420
75.740
76.070
76.400
76.750
77.070
77.410
77.740
78.070
78.390
78.720
79.050
79.390
79.710
80.040
80.380
80.720
81.060
81.380
81.700
82.040
82.380
82.720
83.060
83.400
83.740
84.070
84.400
84.740
85.080
85.410
85.730
86.070
86.380
86.730
87.050
87.390
87.700
88.050
88.360
88.700
89.020
89.370
89.680
90.020
90.330
90.660
90.990
91.330
91.650
91.990
92.320
92.660
93.000
93.330
93.660
94.010
94.350
94.680
95.040
95.370
95.710
96.060
96.380
96.740
97.070
97.400
97.740
98.090
98.420
98.770
99.100
99.430
99.760
100.110
100.430
100.780
101.110
101.450
101.770
102.100
102.430
102.750
103.080
103.430
103.740
104.080
104.440
104.760
105.110
105.450
105.790
106.130
106.450
106.780
107.110
107.450
107.780
108.110
108.420
108.750
109.070
109.390
109.700
110.020
110.350
110.680
111.020
111.390
111.740
112.080
112.410
112.750
113.090
113.440
113.770
114.100
114.430
114.770
115.100
115.420
115.760
116.100
116.430
116.760
117.090
117.420
117.750
118.080
118.400
118.720
119.060
119.390
119.720
120.050
120.390
120.720
121.040
121.380
121.700
122.040
122.360
122.690
123.030
123.360
123.680
124.020
124.350
124.680
125.010
125.340
125.670
126.000
126.320
126.650
126.970
127.310
127.630
127.960
128.300
128.640
128.990
129.320
129.670
130.000
130.340
130.680
131.010
131.340
131.670
132.020
132.360
132.700
133.020
133.370
133.700
134.030
134.370
134.710
135.040
135.380
135.720
136.040
136.370
136.710
137.030
137.370
137.700
138.030
138.380
138.720
139.050
139.380
139.700
140.040
140.390
140.720
141.060
141.390
141.730
142.080
142.410
142.760
143.090
143.420
143.740
144.090
144.410
144.740
145.060
145.410
145.740
146.070
146.410
146.750
147.070
147.410
147.730
148.070
148.400
148.730
149.070
149.400
149.740
150.080
150.410
150.750
151.090
151.420
151.760
152.100
152.420
152.760
153.080
153.430
153.770
154.110
154.440
154.780
155.110
155.450
155.790
156.120
156.440
156.780
157.120
157.450
157.780
158.110
158.450
158.790
159.130
159.470
159.810
160.160
160.520
160.880
161.220
161.580
161.900
162.250
162.600
162.920
163.270
163.600
163.960
164.300
164.620
164.960
165.270
165.610
165.950
166.280
166.590
166.910
167.240
167.560
167.870
168.200
168.520
168.830
169.160
169.480
169.790
170.120
170.430
170.750
171.080
171.400
171.710
172.030
