0.390
0.910
1.470
2.020
2.530
3.100
3.620
4.170
4.700
5.250
5.790
6.340
6.850
7.410
7.920
8.460
9.010
9.540
10.050
10.590
11.120
11.650
12.170
12.700
13.220
13.740
14.270
14.800
15.330
15.860
16.400
16.940
17.460
17.990
18.510
19.050
19.560
20.080
20.620
21.130
21.640
22.180
22.700
23.210
23.730
24.240
24.780
25.300
25.840
26.350
26.860
27.390
27.890
28.410
28.930
29.440
29.970
30.500
31.030
31.570
32.100
32.620
33.150
33.670
34.190
34.730
35.240
35.800
36.300
36.820
37.340
37.860
38.400
38.910
39.440
39.970
40.480
41.010
41.510
42.030
42.550
43.050
43.570
44.090
44.610
45.140
45.670
46.180
46.690
47.220
47.750
48.250
48.780
49.290
49.800
50.300
50.800
51.300
51.810
52.340
52.870
53.390
53.900
54.430
54.940
55.440
55.980
56.490
57.000
57.510
58.010
58.540
59.070
59.600
60.110
60.640
61.140
61.650
62.160
62.690
63.190
63.700
64.220
64.730
65.230
65.760
66.280
66.800
67.350
67.870
68.390
68.920
69.450
69.980
70.490
71.020
71.540
72.060
72.590
73.110
73.640
74.160
74.690
75.220
75.730
76.260
76.790
77.320
77.840
78.370
78.890
79.420
79.950
80.490
81.020
81.550
82.070
82.590
83.130
83.650
84.160
84.690
85.210
85.740
86.250
86.770
87.280
87.800
88.320
88.860
89.370
89.900
90.390
90.900
91.420
91.960
92.480
93.000
93.520
94.070
94.580
95.100
95.640
96.150
96.690
97.200
97.730
98.250
98.790
99.310
99.840
100.380
100.940
101.460
101.980
102.540
103.050
103.590
104.120
104.630
105.150
105.660
106.190
106.720
107.230
107.750
108.270
108.800
109.330
109.860
110.360
110.900
111.410
111.930
112.450
112.980
113.490
114.010
114.510
115.040
115.560
116.080
116.610
117.130
117.660
118.180
118.710
119.250
119.760
120.290
120.820
121.360
121.860
122.400
122.950
123.470
123.980
124.510
125.030
125.570
126.090
126.620
127.140
127.670
128.170
128.690
129.210
129.740
130.250
130.770
131.290
131.820
132.330
132.840
133.340
133.870
134.380
134.880
135.410
135.940
136.470
137.000
137.530
138.050
138.580
139.100
139.610
140.140
140.670
141.190
141.710
142.220
142.730
143.250
143.750
144.270
144.780
145.290
145.790
146.300
146.810
147.320
147.810
148.340
148.830
149.340
149.860
150.370
150.890
151.410
151.930
152.450
152.950
153.480
153.990
154.510
155.020
155.530
156.050
156.580
157.100
157.610
158.150
158.670
159.200
159.720
160.250
160.790
161.300
161.830
162.350
162.870
163.390
163.920
164.450
164.960
165.470
166.000
166.500
167.030
167.510
168.020
168.560
169.080
169.590
170.120
170.620
171.130
171.650
172.170
172.710
173.230
173.750
174.260
174.800
175.310
175.830
176.330
176.860
177.390
177.910
178.420
178.950
179.480
179.990
180.490
181.010
181.530
182.050
182.590
183.100
183.620
184.150
184.670
185.200
185.760
186.280
186.810
187.320
187.830
188.340
188.700
189.050
189.410
189.760
190.100
190.440
190.790
191.140
191.490
191.860
192.200
192.540
192.900
193.260
193.610
193.960
194.310
194.650
195.010
195.360
195.700
196.040
196.390
196.750
197.100
197.450
197.830
198.190
198.540
198.910
199.270
199.610
199.970
200.340
200.710
201.060
201.440
201.820
202.180
202.560
202.910
203.290
203.610
203.930
204.250
204.570
204.880
205.200
205.520
205.840
206.160
206.480
206.810
207.130
207.450
207.760
208.080
208.410
208.730
209.040
209.360
209.690
210.010
210.320
