0.570
1.190
1.820
2.490
3.120
3.740
4.350
4.960
5.580
6.190
6.790
7.420
8.020
8.630
9.210
9.840
10.470
11.070
11.690
12.330
12.940
13.550
14.160
14.790
15.390
15.990
16.610
17.240
17.850
18.460
19.070
19.710
20.310
20.910
21.520
22.140
22.760
23.370
23.970
24.590
25.210
25.810
26.410
27.030
27.630
28.240
28.830
29.450
30.020
30.650
31.270
31.870
32.490
33.090
33.700
34.330
34.920
35.510
36.120
36.740
37.340
37.930
38.540
39.150
39.730
40.320
40.930
41.540
42.130
42.720
43.330
43.920
44.520
45.130
45.730
46.350
46.940
47.550
48.150
48.750
49.350
49.950
50.560
51.170
51.770
52.370
52.960
53.560
54.160
54.740
55.340
55.960
56.550
57.130
57.740
58.360
58.930
59.550
60.140
60.750
61.360
61.940
62.530
63.140
63.740
64.330
64.940
65.550
66.170
66.780
67.390
67.990
68.570
69.200
69.820
70.420
71.020
71.610
72.210
72.820
73.400
74.010
74.610
75.220
75.830
76.440
77.030
77.650
78.240
78.830
79.450
80.060
80.640
81.270
81.850
82.470
83.050
83.660
84.270
84.870
85.470
86.080
86.680
87.290
87.890
88.490
89.080
89.690
90.300
90.900
91.500
92.110
92.710
93.310
93.900
94.530
95.130
95.730
96.320
96.920
97.530
98.120
98.700
99.310
99.890
100.480
101.050
101.650
102.210
102.830
103.440
104.040
104.630
105.220
105.800
106.410
107.010
107.610
108.220
108.820
109.400
109.980
110.580
111.190
111.770
112.360
112.980
113.600
114.180
114.800
115.400
116.000
116.610
117.220
117.830
118.450
119.050
119.650
120.270
120.890
121.490
122.090
122.690
123.300
123.890
124.500
125.090
125.680
126.280
126.890
127.480
128.060
128.660
129.250
129.830
130.450
131.040
131.620
132.250
132.840
133.440
134.050
134.660
135.260
135.870
136.470
137.070
137.680
138.290
138.910
139.500
140.110
140.720
141.300
141.910
142.510
143.100
143.680
144.270
144.860
145.460
146.050
146.640
147.240
147.830
148.420
149.020
149.620
150.220
150.790
151.390
151.990
152.580
153.170
153.760
154.350
154.940
155.530
156.120
156.720
157.320
157.910
158.510
159.110
159.730
160.320
160.920
161.530
162.120
162.710
163.310
163.900
164.490
165.060
165.660
166.250
166.850
167.450
168.020
168.630
169.200
169.800
170.390
171.000
171.590
172.200
172.780
173.400
173.980
174.560
175.150
175.740
176.340
176.930
177.510
178.100
178.680
179.260
179.850
180.440
181.030
181.630
182.210
182.810
183.410
184.000
184.580
185.180
185.770
186.340
186.920
187.530
188.100
188.680
189.260
189.840
190.440
191.020
191.580
192.170
192.800
193.390
194.030
194.620
195.260
195.860
196.480
197.110
197.750
198.370
198.980
199.600
200.180
200.820
201.400
202.010
202.630
203.240
