0.000
0.320
0.640
0.960
1.280
1.590
1.900
2.210
2.520
2.830
3.140
3.450
3.750
4.060
4.370
4.690
4.990
5.310
5.610
5.930
6.230
6.540
6.850
7.160
7.470
7.780
8.080
8.380
8.680
8.990
9.280
9.580
9.880
10.190
10.490
10.800
11.100
11.420
11.730
12.030
12.340
12.640
12.940
13.250
13.550
13.850
14.150
14.460
14.760
15.080
15.380
15.690
16.000
16.310
16.610
16.910
17.210
17.520
17.820
18.120
18.430
18.740
19.030
19.340
19.640
19.940
20.250
20.560
20.860
21.180
21.480
21.790
22.100
22.410
22.720
23.030
23.340
23.650
23.950
24.260
24.560
24.870
25.170
25.490
25.790
26.110
26.410
26.730
27.030
27.340
27.640
27.950
28.240
28.550
28.850
29.160
29.460
29.780
30.080
30.390
30.700
31.020
31.320
31.630
31.930
32.240
32.540
32.850
33.150
33.460
33.770
34.090
34.390
34.700
35.020
35.320
35.630
35.940
36.250
36.550
36.850
37.150
37.450
37.760
38.060
38.360
38.670
38.980
39.290
39.600
39.910
40.220
40.530
40.860
41.170
41.490
41.790
42.100
42.410
42.720
43.020
43.330
43.630
43.950
44.250
44.560
44.870
45.180
45.500
45.810
46.110
46.430
46.740
47.050
47.350
47.650
47.960
48.260
48.550
48.860
49.160
49.470
49.780
50.080
50.400
50.710
51.010
51.320
51.630
51.940
52.250
52.550
52.860
53.170
53.470
53.780
54.090
54.400
54.720
55.030
55.340
55.640
55.950
56.260
56.560
56.860
57.160
57.460
57.760
58.070
58.380
58.690
58.990
59.310
59.610
59.930
60.230
60.560
60.870
61.190
61.500
61.820
62.120
62.430
62.740
63.060
63.370
63.670
63.980
64.290
64.600
64.920
65.220
65.540
65.860
66.180
66.490
66.800
67.110
67.430
67.730
68.050
68.360
68.690
69.000
69.310
69.620
69.940
70.240
70.550
70.860
71.180
71.480
71.800
72.100
72.410
72.720
73.040
73.340
73.640
73.960
74.260
74.570
74.880
75.190
75.490
75.800
76.100
76.420
76.720
77.030
77.330
77.640
77.940
78.250
78.550
78.870
79.180
79.490
79.790
80.090
80.400
80.710
81.020
81.320
81.630
81.940
82.260
82.560
82.870
83.180
83.490
83.800
84.120
84.430
84.730
85.030
85.340
85.640
85.950
86.260
86.560
86.870
87.180
87.490
87.790
88.100
88.400
88.700
89.020
89.330
89.630
89.940
90.240
90.540
90.850
91.150
91.440
91.750
92.050
92.360
92.670
92.990
93.300
93.600
93.910
94.210
94.510
94.810
95.110
95.420
95.720
96.020
96.320
96.620
96.920
97.230
97.540
97.850
98.160
98.470
98.780
99.080
99.390
99.700
100.020
100.330
100.640
100.940
101.260
101.560
101.860
102.170
102.470
102.780
103.090
103.390
103.710
104.010
104.320
104.620
104.930
105.230
105.530
105.840
106.150
106.450
106.750
107.050
107.360
107.660
107.960
108.280
108.580
108.880
109.190
109.490
109.800
110.110
110.410
110.720
111.030
111.330
111.640
111.950
112.250
112.560
112.870
113.180
113.500
113.800
114.110
114.420
114.730
115.020
115.340
115.640
115.960
116.270
116.580
116.890
117.190
117.500
117.810
118.110
118.420
118.720
119.020
119.320
119.640
119.950
120.250
120.560
120.870
121.180
121.480
121.770
122.080
122.380
122.680
122.990
123.310
123.600
123.900
124.200
124.510
124.810
125.120
125.420
125.730
126.020
126.330
126.620
126.930
127.220
127.530
127.820
128.130
128.440
128.750
129.050
129.370
129.670
129.980
130.280
130.590
130.890
131.190
131.500
131.810
132.110
132.420
132.720
133.030
133.320
133.640
133.940
134.240
134.540
134.850
135.150
135.450
135.750
136.060
136.370
136.680
136.980
137.290
137.600
137.910
138.210
138.520
138.810
139.120
139.410
139.720
140.020
140.320
140.620
140.940
141.250
141.560
141.870
142.170
142.480
142.800
143.100
143.400
143.710
144.010
144.320
144.630
144.940
145.250
145.560
145.850
146.150
146.450
146.750
147.050
147.360
147.660
147.960
148.260
148.550
148.860
149.150
149.460
149.760
150.060
150.360
150.680
150.970
151.280
151.570
151.880
152.180
152.480
152.780
153.080
153.380
153.670
153.970
154.280
154.580
154.880
155.180
155.500
155.810
156.120
156.420
156.720
157.020
157.330
157.630
157.950
158.250
158.550
158.860
159.160
159.460
159.760
160.060
160.360
160.650
160.960
161.270
161.580
161.890
162.210
162.510
162.810
163.090
163.390
163.670
163.980
164.270
164.580
164.870
165.180
165.490
165.790
166.100
166.390
166.690
166.990
167.290
167.600
167.900
168.200
168.500
168.800
169.100
169.390
169.690
170.000
170.300
170.600
170.900
171.220
171.510
171.820
172.110
172.420
172.710
173.020
173.310
173.630
173.920
174.230
174.520
174.830
175.130
175.440
175.750
176.060
176.360
176.670
176.980
177.290
177.600
177.920
178.230
178.540
178.850
179.160
179.450
179.770
180.080
180.380
180.690
181.000
181.310
181.610
181.910
182.210
182.510
182.810
183.120
183.410
183.720
184.020
184.320
184.620
184.920
185.230
185.540
185.850
186.140
186.460
186.760
187.060
187.360
187.670
187.960
188.260
188.560
188.880
189.180
189.470
189.770
190.070
190.370
190.670
190.970
191.280
191.580
191.890
192.190
192.500
192.800
193.110
193.400
193.700
194.000
194.300
194.600
194.920
195.230
195.520
195.810
196.110
196.400
196.700
197.000
197.300
197.600
197.900
198.200
198.500
198.790
199.090
199.390
199.700
200.000
200.300
200.600
200.900
201.190
201.500
201.790
202.100
202.400
202.700
203.000
203.300
203.600
203.910
204.210
204.510
204.810
205.110
205.410
205.720
206.020
206.320
206.610
206.920
207.210
207.520
207.810
208.110
208.420
208.730
209.030
209.330
209.630
209.930
210.220
210.530
210.830
211.120
211.430
211.720
212.020
212.330
212.620
212.920
213.210
213.500
213.790
214.090
214.370
214.670
214.960
215.260
215.570
215.870
216.170
216.460
216.770
217.070
217.370
217.660
217.960
218.260
218.560
218.860
219.160
219.470
219.770
220.070
220.360
220.670
220.960
221.260
221.550
221.840
222.140
222.430
222.740
223.030
223.330
223.630
223.930
224.230
224.530
224.840
225.140
225.440
225.740
226.040
226.340
226.640
226.940
227.230
227.520
227.820
228.120
228.420
228.710
229.020
229.310
229.600
229.900
230.200
230.490
230.800
231.080
231.380
231.670
231.970
232.260
232.560
232.860
233.160
233.460
233.740
234.040
234.350
234.640
234.950
235.240
235.540
235.840
236.150
236.440
236.740
237.020
237.320
237.610
237.910
238.210
238.500
238.800
239.110
239.390
239.680
239.980
240.270
240.550
240.850
241.150
241.450
241.750
242.060
242.350
242.640
242.930
243.210
243.500
243.800
244.100
244.400
244.710
245.000
245.280
245.570
245.870
246.160
246.460
246.760
247.050
247.350
247.650
247.960
248.250
248.550
248.840
249.140
249.430
249.720
250.020
250.320
250.620
250.920
251.220
251.520
251.810
252.110
252.410
252.710
253.000
253.290
253.580
253.870
254.160
254.460
254.750
255.050
255.350
255.660
255.950
256.250
256.550
256.850
257.150
257.460
257.750
258.060
258.350
258.650
258.950
259.250
259.550
259.860
260.160
260.460
260.750
261.060
261.340
261.640
261.920
262.220
262.500
262.800
263.090
263.400
263.700
264.000
264.290
264.600
264.890
265.190
265.480
265.780
266.060
266.360
266.660
266.950
267.260
267.560
267.850
268.150
268.450
268.740
269.030
269.320
269.610
269.900
270.190
270.490
270.780
271.060
271.360
271.650
271.930
272.240
272.530
272.830
273.130
273.430
273.740
274.030
274.330
274.630
274.930
275.240
275.540
275.830
276.130
276.430
276.730
277.030
277.330
277.630
277.930
278.220
278.510
278.810
279.090
279.390
279.680
279.970
280.260
280.550
280.840
281.130
281.410
281.710
282.000
282.300
282.600
282.900
283.190
283.490
283.790
284.100
284.390
284.680
284.970
285.280
285.570
285.880
286.170
286.470
286.750
287.050
287.340
287.630
287.910
288.210
288.490
288.780
289.070
289.370
289.660
289.950
290.250
290.550
290.840
291.150
291.450
291.750
292.040
292.350
292.640
292.940
293.240
293.550
293.840
294.150
294.450
294.750
295.050
295.350
295.650
295.950
296.250
296.540
296.840
297.140
297.440
297.740
298.040
298.340
298.640
298.940
299.240
299.540
299.840
300.150
300.450
300.740
301.040
301.350
301.640
301.950
302.250
302.570
302.870
303.190
303.480
303.780
304.080
304.390
304.680
304.980
305.280
305.580
305.880
306.180
306.480
306.780
307.080
307.380
307.690
307.990
308.290
308.590
308.890
309.190
309.510
309.820
310.130
310.440
310.740
311.040
311.350
311.640
311.940
312.240
312.540
312.840
313.140
313.440
313.750
314.050
314.350
314.650
314.950
315.250
315.550
315.850
316.150
316.450
316.750
317.040
317.350
317.640
317.940
318.240
318.540
318.850
319.140
319.450
319.740
320.050
320.350
320.630
320.920
321.230
321.530
321.830
322.130
322.420
322.720
323.030
323.320
323.630
323.920
324.220
324.500
324.800
325.080
325.390
325.680
325.990
326.280
326.590
326.880
327.190
327.490
327.790
328.080
328.380
328.680
328.980
329.280
329.580
329.890
330.190
330.490
330.790
331.090
331.390
331.690
331.980
332.290
332.590
332.890
333.190
333.490
333.790
334.090
334.390
334.690
334.990
335.290
335.580
335.890
336.180
336.480
336.790
337.080
337.390
337.680
337.990
338.270
338.570
338.860
339.160
339.460
339.770
340.070
340.370
340.660
340.960
341.260
341.570
341.870
342.170
342.470
342.760
343.050
343.340
343.640
343.940
344.240
344.540
344.840
345.130
345.430
345.730
346.030
346.330
346.630
346.930
347.210
347.510
347.810
348.120
348.420
348.730
349.050
349.350
349.650
349.960
350.260
350.560
350.860
351.160
351.470
351.780
352.090
352.390
352.700
353.010
353.310
353.620
353.910
354.220
354.510
354.820
355.120
355.420
355.720
356.020
356.320
356.620
356.910
357.220
357.510
357.810
358.110
358.420
358.710
359.020
359.310
359.620
359.930
360.220
360.530
360.830
361.130
361.430
361.720
362.030
362.330
362.630
362.920
363.230
363.520
363.820
364.120
364.420
364.710
365.010
365.310
365.600
365.900
366.210
366.490
366.790
367.080
367.390
367.680
367.980
368.300
368.600
368.900
369.210
369.510
369.810
370.110
370.400
370.700
370.990
371.270
371.570
371.870
372.170
372.470
372.770
373.070
373.360
373.660
373.970
374.270
374.570
374.860
375.170
375.460
375.760
376.050
376.350
376.640
376.930
377.230
377.530
377.830
378.130
378.440
378.740
379.040
379.340
379.630
379.940
380.230
380.530
380.840
381.140
381.440
381.740
382.040
382.330
382.640
382.930
383.230
383.530
383.820
384.120
384.410
384.710
385.010
385.310
385.600
385.900
386.210
386.500
386.800
387.100
387.420
387.730
388.030
388.350
388.650
388.950
389.240
389.550
389.850
390.160
390.460
390.770
391.070
391.380
391.670
391.980
392.280
392.580
392.880
393.180
393.480
393.770
394.080
394.380
394.660
394.960
395.240
395.540
395.830
396.130
396.430
396.740
397.030
397.340
397.630
397.950
398.250
398.560
398.850
399.150
399.460
399.760
400.050
400.360
400.650
400.950
401.250
401.540
401.840
402.130
402.420
402.730
403.030
403.330
403.670
404.100
404.520
405.100
405.720
406.300
406.930
407.530
408.140
408.710
409.330
409.920
410.540
411.130
411.750
412.340
412.960
413.560
414.200
414.780
415.410
416.010
416.640
417.240
417.850
418.460
419.100
419.710
420.320
420.920
421.540
422.140
422.770
423.360
423.980
424.570
425.200
425.790
426.410
427.010
427.620
428.220
428.850
429.440
430.030
430.620
431.230
431.810
432.430
433.020
433.630
434.190
434.800
435.390
436.000
436.590
437.210
437.780
438.400
438.990
439.600
440.170
440.770
441.360
441.960
442.550
443.160
443.750
444.360
444.950
445.550
446.120
446.720
447.320
447.940
448.520
449.120
449.710
450.310
450.900
451.480
452.050
452.670
453.260
453.870
454.450
455.070
455.640
456.260
456.830
457.450
458.030
458.630
459.190
459.730
460.290
460.890
461.520
462.130
462.710
463.330
463.990
464.610
465.220
465.850
466.480
467.110
467.770
468.370
