0.180
0.890
1.640
2.350
3.100
3.840
4.640
5.370
6.140
6.940
7.620
8.300
8.980
9.580
10.220
10.830
11.440
12.010
12.620
13.060
13.510
13.950
14.410
14.870
15.310
15.750
16.190
16.630
17.050
17.480
17.920
18.350
18.770
19.190
19.610
20.050
20.470
20.890
21.340
21.760
22.200
22.630
23.040
23.470
23.910
24.330
24.750
25.180
25.620
26.060
26.490
26.910
27.350
27.760
28.200
28.630
29.060
29.480
29.920
30.340
30.750
31.180
31.600
32.030
32.470
32.890
33.300
33.720
34.160
34.580
35.010
35.430
35.850
36.270
36.700
37.130
37.530
37.960
38.380
38.800
39.230
39.660
40.080
40.500
40.940
41.360
41.790
42.200
42.630
43.040
43.460
43.870
44.300
44.710
45.120
45.530
45.950
46.360
46.780
47.210
47.640
48.050
48.480
48.890
49.300
49.700
50.130
50.540
50.950
51.370
51.790
52.200
52.630
53.050
53.470
53.880
54.310
54.740
55.160
55.570
55.980
56.410
56.840
57.260
57.690
58.120
58.550
58.970
59.380
59.800
60.240
60.650
61.080
61.500
61.920
62.340
62.760
63.170
63.590
64.000
64.420
64.840
65.250
65.650
66.070
66.490
66.910
67.320
67.730
68.150
68.570
68.990
69.420
69.850
70.270
70.680
71.090
71.500
71.910
72.330
72.750
73.170
73.590
73.990
74.400
74.830
75.240
75.650
76.060
76.470
76.890
77.310
77.730
78.140
78.560
78.950
79.360
79.780
80.200
80.610
81.040
81.460
81.870
82.270
82.690
83.110
83.530
83.950
84.350
84.770
85.210
85.620
86.040
86.460
86.880
87.280
87.690
88.120
88.520
88.940
89.350
89.760
90.170
90.570
90.980
91.390
91.800
92.200
92.620
93.030
93.450
93.870
94.290
94.710
95.130
95.550
95.940
96.360
96.790
97.210
97.610
98.030
98.470
98.890
99.310
99.720
100.130
100.520
100.950
101.360
101.750
102.160
102.580
102.970
103.390
103.770
104.180
104.590
105.000
105.410
105.820
106.240
106.650
107.050
107.470
107.880
108.290
108.690
109.080
109.500
109.910
110.310
110.730
111.130
111.540
111.930
112.340
112.730
113.140
113.530
113.950
114.350
114.750
115.140
115.560
115.960
116.370
116.780
117.170
117.580
117.990
118.380
118.780
119.210
119.610
120.010
120.430
120.830
121.240
121.630
122.050
122.460
122.870
123.280
123.680
124.090
124.490
124.900
125.320
125.740
126.140
126.530
126.940
127.340
127.740
128.150
128.540
128.940
129.340
129.720
130.120
130.520
130.900
131.290
131.710
132.120
132.530
132.930
133.330
133.740
134.150
134.560
134.950
135.350
135.760
136.170
136.570
136.980
137.370
137.780
138.190
138.600
138.990
139.420
139.820
140.220
140.630
141.020
141.410
141.910
142.390
143.000
143.590
144.190
144.800
145.410
146.000
146.610
147.230
147.910
148.560
149.200
149.820
150.470
151.100
151.730
152.370
153.000
153.650
154.280
154.920
155.550
156.170
156.790
157.430
158.140
158.840
159.530
160.160
160.800
161.440
162.080
162.720
163.360
164.000
164.610
165.250
165.840
166.400
166.990
167.650
168.290
168.910
169.560
170.210
170.850
171.500
172.140
172.780
173.390
174.020
174.670
175.300
175.940
176.570
177.180
177.820
178.430
179.080
179.710
180.320
180.950
181.550
182.180
182.820
183.480
184.120
184.770
185.400
186.040
186.660
187.240
187.830
188.460
189.070
189.670
190.270
190.870
191.470
192.070
192.660
193.280
193.870
194.470
195.100
195.710
196.320
196.900
197.560
198.180
198.830
199.460
200.120
200.750
201.350
201.980
202.600
203.230
203.850
204.460
205.050
205.670
206.280
206.910
207.560
208.220
208.870
209.520
210.180
210.890
211.610
212.370
213.070
213.760
214.450
215.130
215.840
216.580
217.300
217.950
218.580
219.210
219.810
220.440
220.890
221.290
221.680
222.070
222.450
222.830
223.230
223.630
224.030
224.430
224.830
225.230
225.650
226.090
226.520
226.940
227.360
227.820
228.240
228.680
229.140
229.670
230.220
230.750
231.260
231.750
232.210
232.700
233.250
233.810
234.360
234.910
235.480
236.110
236.750
237.330
237.950
238.580
239.160
239.790
240.410
240.970
241.540
242.160
242.720
243.340
243.880
244.430
244.970
245.520
246.070
246.610
247.160
247.710
248.260
248.810
249.340
249.840
250.370
250.940
251.550
252.180
252.800
253.370
253.970
254.580
255.200
255.820
256.420
257.010
257.640
258.220
258.790
259.380
259.970
260.540
261.150
261.760
262.390
263.010
263.670
264.300
264.910
265.590
266.330
267.020
267.690
268.350
269.020
269.670
270.340
270.990
271.610
272.250
272.900
273.540
274.180
274.820
275.450
276.090
276.710
277.170
277.620
278.060
278.520
278.990
279.470
279.940
280.410
280.880
281.360
281.880
282.470
283.100
283.700
284.310
284.900
285.470
286.050
286.640
287.240
287.890
288.490
289.130
289.740
290.340
290.980
291.570
292.210
292.770
293.340
293.910
294.480
295.070
295.640
296.210
296.780
297.370
297.930
298.490
299.060
299.620
300.190
300.750
301.310
301.870
302.470
303.100
303.700
304.280
304.870
305.500
306.070
306.630
307.180
307.740
308.290
308.860
309.250
309.640
310.000
310.390
310.770
311.180
311.570
311.960
312.320
312.710
313.060
313.430
313.820
314.230
314.620
315.010
315.390
315.780
316.160
316.550
316.920
317.310
317.650
317.990
318.310
318.650
319.000
319.350
319.680
320.010
320.360
320.670
321.010
321.340
321.670
322.000
322.330
322.670
323.000
323.330
323.660
323.990
324.310
324.640
324.980
325.290
325.620
325.950
326.290
326.630
326.950
327.290
327.620
327.960
328.310
328.650
328.990
329.340
329.680
330.020
330.360
330.690
331.040
331.370
331.710
332.030
332.360
332.690
333.000
333.330
333.650
333.960
334.290
334.610
334.930
335.250
335.580
335.900
336.240
336.550
336.890
337.210
337.550
337.870
338.220
338.590
339.060
339.510
339.960
340.410
340.860
341.310
341.760
342.190
342.640
343.090
343.640
344.180
344.690
345.190
345.690
346.190
346.720
347.210
347.720
348.290
348.850
349.370
349.850
350.310
350.780
351.230
351.600
351.940
352.280
352.620
352.970
353.320
353.670
354.040
354.420
354.850
355.310
355.760
356.210
356.670
357.100
357.560
358.010
358.470
358.890
359.290
359.720
360.150
360.590
361.010
361.430
361.860
362.310
362.760
363.230
363.650
364.050
364.470
364.890
365.330
365.740
366.150
366.550
366.950
367.360
367.760
368.150
368.560
368.960
369.360
369.770
370.160
370.570
370.970
371.370
371.770
372.170
372.600
372.990
373.410
373.830
374.220
374.610
375.020
375.450
375.850
376.270
376.670
377.090
377.490
377.900
378.300
378.720
379.130
379.550
379.950
380.370
380.780
381.180
381.580
382.000
382.420
382.830
383.230
383.640
384.060
384.470
384.880
385.300
385.710
386.130
386.540
386.950
387.360
387.770
388.190
388.580
388.980
389.400
389.800
390.200
390.610
391.010
391.410
391.820
392.230
392.640
393.060
393.470
393.880
394.290
394.700
395.120
395.550
395.960
396.350
396.740
397.160
397.560
397.940
398.340
398.750
399.170
399.570
399.980
400.380
400.800
401.220
401.610
402.020
402.430
402.860
403.270
403.670
404.090
404.500
404.920
405.350
405.780
406.210
406.650
407.090
407.500
407.930
408.380
408.790
409.240
409.670
410.080
410.510
410.960
411.370
411.810
412.250
412.680
413.090
413.540
413.970
414.380
414.820
415.280
415.720
416.140
416.600
417.040
417.440
417.880
418.290
418.700
419.140
419.540
419.960
420.390
420.830
421.290
421.730
422.210
422.660
423.110
423.580
424.030
424.470
424.920
425.360
425.810
426.250
426.700
427.140
427.570
428.020
428.450
428.890
429.320
429.760
430.190
430.610
431.040
431.480
431.930
432.370
432.810
433.230
433.660
434.080
434.510
434.950
435.380
435.810
436.250
436.670
437.120
437.570
438.020
