0.540
1.140
1.720
2.320
2.930
3.540
4.130
4.720
5.310
5.900
6.450
7.020
7.580
8.170
8.760
9.360
9.990
10.590
11.170
11.770
12.370
12.960
13.540
14.130
14.760
15.370
15.960
16.560
17.160
17.760
18.350
18.940
19.550
20.140
20.750
21.330
21.950
22.540
23.140
23.720
24.320
24.920
25.530
26.130
26.730
27.320
27.920
28.510
29.110
29.720
30.330
30.920
31.530
32.130
32.740
33.340
33.950
34.560
35.150
35.750
36.340
36.940
37.540
38.130
38.740
39.350
39.930
40.530
41.130
41.740
42.330
42.930
43.520
44.120
44.710
45.300
45.890
46.480
47.090
47.690
48.300
48.910
49.530
50.140
50.740
51.330
51.940
52.540
53.140
53.760
54.360
54.970
55.570
56.180
56.770
57.360
57.950
58.570
59.190
59.780
60.390
60.980
61.590
62.170
62.760
63.370
63.950
64.550
65.140
65.740
66.370
66.970
67.570
68.160
68.750
69.360
69.970
70.580
71.170
71.780
72.370
72.980
73.580
74.180
74.770
75.370
75.970
76.570
77.170
77.770
78.380
78.970
79.560
80.150
80.740
81.350
81.940
82.540
83.120
83.670
84.200
84.730
85.280
85.950
86.620
87.200
87.790
88.370
88.960
89.540
90.120
90.700
91.270
91.850
92.430
93.000
93.560
94.130
94.710
95.280
95.840
96.410
96.970
97.530
98.090
98.670
99.240
99.800
100.370
100.930
101.500
102.070
102.630
103.200
103.780
104.340
104.920
105.500
106.070
106.640
107.220
107.780
108.350
108.930
109.500
110.080
110.660
111.220
111.790
112.360
112.920
113.490
114.070
114.620
115.190
115.760
116.330
116.900
117.470
118.040
118.600
119.160
119.730
120.290
120.840
121.460
122.050
122.650
123.200
123.760
124.340
124.910
125.470
126.030
126.580
127.120
127.690
128.260
128.840
129.390
129.960
130.530
131.090
131.650
132.200
132.770
133.340
133.910
134.480
135.050
135.620
136.170
136.730
137.300
137.850
138.400
138.970
139.520
140.070
140.650
141.200
141.760
142.300
142.830
143.330
143.840
144.360
144.870
145.410
145.930
146.430
146.960
147.460
148.010
148.530
149.030
149.590
150.120
150.660
151.220
151.790
152.350
152.910
153.470
154.020
154.590
155.140
155.640
156.160
156.720
157.260
157.820
158.370
158.910
159.470
160.020
160.570
161.130
161.690
162.250
162.810
163.360
163.920
164.480
165.040
165.600
166.160
166.700
167.250
167.810
168.360
168.920
169.470
170.020
170.580
171.140
171.690
172.240
172.800
173.360
173.910
174.450
175.010
175.560
176.120
176.670
177.220
177.780
178.320
178.870
179.430
179.980
180.560
181.110
181.670
182.230
182.790
183.350
183.920
184.470
185.010
185.560
186.120
186.670
187.220
187.780
188.340
188.880
189.430
189.980
190.530
191.070
191.620
192.160
192.720
193.270
193.820
194.370
194.930
195.480
196.030
196.590
197.150
197.700
198.260
198.820
199.380
199.940
200.500
201.050
201.630
202.170
202.720
203.260
203.820
204.370
204.930
205.470
206.030
206.590
207.130
207.680
208.240
208.790
209.340
209.890
210.440
211.000
211.550
212.090
212.640
213.190
213.740
214.290
214.850
215.400
215.950
216.500
217.050
217.590
218.140
218.680
219.240
219.780
220.330
220.880
221.450
222.090
222.700
223.320
223.880
224.440
225.000
225.520
226.080
226.620
227.170
227.710
228.250
228.810
229.350
229.880
230.440
230.990
231.550
232.100
232.670
233.210
233.760
234.310
234.840
235.400
235.940
236.480
237.040
237.580
238.140
238.680
239.240
239.790
240.320
240.870
241.420
241.960
242.520
243.050
243.600
244.150
244.710
245.230
245.780
246.320
246.880
247.410
247.960
248.520
249.040
249.600
250.160
250.720
251.280
251.840
252.400
252.960
253.510
254.060
254.600
255.130
255.670
256.200
256.730
257.240
257.790
258.350
258.900
259.440
259.980
260.540
261.090
261.650
262.190
262.740
263.280
263.820
264.350
264.880
265.430
265.970
266.500
267.030
267.570
268.120
268.660
269.200
269.740
270.280
270.830
271.380
271.920
272.450
272.990
273.520
274.080
274.620
275.160
275.710
276.250
276.790
277.350
277.870
278.430
278.970
279.500
280.060
280.600
281.140
281.670
282.210
282.760
283.290
283.830
284.380
284.940
285.480
286.040
286.600
287.150
287.700
288.250
288.790
289.340
289.880
290.420
290.950
291.490
292.010
292.530
293.080
293.640
294.180
294.720
295.270
295.820
296.350
296.910
297.450
298.000
298.540
299.070
299.610
300.150
300.690
301.240
301.800
302.360
302.920
303.500
304.040
304.600
305.130
305.710
306.250
306.810
307.380
307.920
308.530
309.160
309.810
310.470
311.090
311.750
312.360
313.030
