0.830
1.780
2.710
3.610
4.590
5.470
6.430
7.340
8.280
9.240
10.150
11.080
12.010
12.980
13.950
14.910
15.800
16.780
17.720
18.610
19.570
20.490
21.440
22.330
23.260
24.170
25.140
26.050
26.970
27.880
28.860
29.720
30.660
31.560
32.500
33.470
34.420
35.280
36.250
37.150
38.100
39.000
39.970
40.860
41.850
42.790
43.780
44.710
45.690
46.550
47.470
48.360
49.200
50.160
51.090
52.010
52.960
53.850
54.800
55.750
56.690
57.560
58.510
59.430
60.400
61.280
62.240
63.160
64.100
65.010
65.980
66.870
67.810
68.740
69.680
70.600
71.540
72.540
73.500
74.460
75.440
76.350
77.270
78.190
79.160
80.070
80.980
81.920
82.840
83.730
84.660
85.580
86.530
87.460
88.360
89.290
90.220
91.130
92.000
92.930
93.870
94.770
95.700
96.620
97.580
98.480
99.440
100.370
101.320
102.280
103.240
104.120
105.070
106.010
106.980
107.890
108.880
109.770
110.740
111.630
112.580
113.500
114.420
115.360
116.320
117.230
118.180
119.080
120.050
120.980
121.940
122.860
123.820
124.710
125.650
126.550
127.530
128.480
129.460
130.420
131.350
132.320
133.260
134.270
135.230
136.120
137.090
137.990
138.930
139.850
140.840
141.800
142.710
143.620
144.570
145.500
146.420
147.300
148.270
149.180
150.150
151.090
152.020
152.940
153.910
154.840
155.790
156.720
157.640
158.600
159.510
160.450
161.410
162.370
163.310
164.310
165.300
166.210
167.170
168.070
169.040
169.960
170.910
171.870
172.810
173.700
174.680
175.560
176.510
177.440
178.400
179.300
180.270
181.190
182.140
183.070
183.990
184.950
185.910
186.740
187.590
188.440
189.260
190.150
190.960
191.850
192.710
193.530
194.450
195.310
196.220
196.960
197.770
198.470
199.200
199.940
200.720
201.470
202.270
203.090
203.850
204.670
205.460
206.210
207.010
207.840
208.650
209.440
210.250
211.010
211.850
212.630
213.420
214.210
215.010
215.810
216.610
217.430
