0.210
1.030
1.970
2.830
3.790
4.690
5.660
6.570
7.570
8.530
9.520
10.470
11.490
12.410
13.400
14.320
15.280
16.160
17.150
18.090
19.110
20.020
21.010
21.940
22.910
23.830
24.740
25.720
26.690
27.620
28.620
29.550
30.510
31.430
32.350
33.330
34.270
35.250
36.230
37.230
38.270
39.300
40.270
41.250
42.270
43.260
44.290
45.230
46.250
47.260
48.300
49.280
50.250
51.260
52.260
53.270
54.320
55.370
56.420
57.480
58.460
59.480
60.550
61.530
62.590
63.580
64.640
65.670
66.710
67.730
68.790
69.760
70.770
71.810
72.850
73.860
74.880
75.860
76.900
77.910
78.910
79.890
80.940
82.000
83.020
84.050
85.100
86.080
87.100
88.110
89.200
90.200
91.250
92.270
93.310
94.340
95.360
96.410
97.490
98.490
99.570
100.580
101.660
102.710
103.760
104.740
105.810
106.820
107.900
108.890
109.950
110.970
112.040
113.070
114.100
115.230
116.270
117.280
118.300
119.380
120.480
121.570
122.660
123.700
124.780
125.850
126.960
127.970
129.060
130.110
131.180
132.050
132.680
133.310
133.840
134.340
134.900
135.400
135.950
136.460
137.000
137.530
138.030
138.540
139.030
139.560
140.070
140.570
141.090
141.600
142.110
142.620
143.110
143.620
144.150
144.670
145.190
145.710
146.240
146.750
147.280
147.810
148.320
148.830
149.340
149.880
150.380
150.880
151.410
151.910
152.430
152.940
153.460
153.990
154.490
155.030
155.550
156.100
156.610
157.150
157.660
158.190
158.720
159.230
159.770
160.290
160.850
161.350
161.890
162.390
162.930
163.470
164.020
164.560
165.070
165.610
166.160
166.670
167.210
167.780
168.320
168.840
169.390
169.940
170.480
171.070
171.610
172.190
172.750
173.270
173.810
174.360
174.900
175.480
176.030
176.560
177.110
177.670
178.230
178.750
179.320
179.860
180.390
180.940
181.500
182.040
182.560
183.100
183.680
184.210
184.800
185.340
185.920
186.450
187.040
187.580
188.140
188.720
189.280
189.820
190.400
190.940
191.510
192.070
192.610
193.230
193.910
194.570
195.220
195.870
196.520
197.190
197.860
198.550
199.230
199.860
200.560
201.280
202.030
202.790
203.540
204.350
205.090
205.830
206.560
207.350
208.060
208.920
209.800
210.800
211.910
212.930
213.990
215.060
216.050
216.880
217.690
218.500
219.330
220.230
221.090
221.930
222.870
223.780
224.660
225.590
226.490
227.400
228.340
229.250
230.250
231.180
232.140
233.130
234.090
235.000
235.960
236.920
237.930
238.900
239.860
