0.540
1.130
1.760
2.310
2.910
3.480
4.080
4.640
5.240
5.820
6.400
7.010
7.640
8.230
8.810
9.370
9.950
10.550
11.110
11.680
12.280
12.870
13.430
14.020
14.590
15.170
15.740
16.330
16.900
17.470
18.050
18.610
19.200
19.760
20.320
20.920
21.500
22.080
22.670
23.260
23.840
24.420
24.980
25.580
26.170
26.740
27.300
27.880
28.460
29.040
29.620
30.210
30.770
31.340
31.930
32.490
33.080
33.650
34.220
34.770
35.370
35.920
36.500
37.080
37.660
38.260
38.830
39.420
39.980
40.560
41.150
41.730
42.310
42.890
43.460
44.050
44.630
45.200
45.770
46.360
46.910
47.500
48.090
48.680
49.250
49.830
50.410
50.990
51.550
52.140
52.720
53.290
53.880
54.450
55.050
55.610
56.190
56.760
57.340
57.920
58.490
59.070
59.660
60.210
60.780
61.340
61.900
62.480
63.050
63.630
64.190
64.750
65.330
65.900
66.460
67.030
67.610
68.170
68.740
69.320
69.900
70.470
71.040
71.620
72.180
72.750
73.330
73.880
74.450
75.030
75.600
76.180
76.760
77.350
77.940
78.510
79.080
79.660
80.240
80.800
81.380
81.940
82.530
83.100
83.670
84.220
84.820
85.390
85.970
86.550
87.100
87.690
88.250
88.840
89.400
89.990
90.550
91.110
91.690
92.270
92.850
93.440
93.990
94.580
95.130
95.690
96.260
96.840
97.420
97.990
98.570
99.130
99.710
100.280
100.850
101.420
101.990
102.550
103.130
103.700
104.270
104.850
105.420
105.970
106.530
107.120
107.690
108.260
108.810
109.370
109.940
110.510
111.090
111.680
112.260
112.830
113.410
113.980
114.540
115.120
115.690
116.270
116.840
117.420
118.010
118.560
119.150
119.700
120.290
120.850
121.430
122.010
122.570
123.140
123.720
124.280
124.860
125.450
126.000
126.580
127.140
127.710
128.290
128.870
129.430
129.980
130.560
131.120
131.690
132.280
132.840
133.390
133.980
134.550
135.110
135.670
136.240
136.800
137.360
137.910
138.480
139.050
139.620
140.180
140.750
141.310
141.870
142.440
143.010
143.580
144.150
144.740
145.300
145.870
146.460
147.050
147.620
148.200
148.780
149.370
149.950
150.520
151.110
151.660
152.240
152.810
153.370
153.940
154.510
155.080
155.670
156.230
156.810
157.390
157.940
158.510
159.100
159.690
160.250
160.820
161.380
161.950
162.530
163.100
163.670
164.240
164.820
165.400
165.960
166.550
167.140
167.700
168.290
168.880
169.460
170.020
170.590
171.170
171.730
172.310
172.880
173.450
174.020
174.600
175.180
175.750
176.310
176.880
177.440
178.010
178.570
179.140
179.730
180.280
180.840
181.410
181.980
182.540
183.100
183.670
184.230
184.810
185.380
185.950
186.520
187.110
187.660
188.220
188.780
189.350
189.920
190.490
191.050
191.620
192.190
192.770
193.320
193.880
194.470
195.030
195.590
196.160
196.720
197.270
197.850
198.420
198.960
199.550
200.100
200.640
201.140
201.690
202.260
202.840
203.400
203.980
204.520
205.080
205.660
206.240
206.800
207.380
207.930
208.480
209.070
209.620
210.160
210.710
211.250
211.800
212.370
212.940
213.530
214.060
214.650
215.200
215.760
216.330
216.860
217.430
218.010
218.570
219.130
219.680
220.220
220.800
221.390
221.980
222.520
223.090
223.700
224.250
224.840
225.390
225.960
226.540
227.110
227.680
228.240
228.780
229.320
229.910
230.470
231.030
231.620
232.190
232.730
233.300
233.840
234.420
235.000
235.580
236.170
236.780
237.360
237.920
238.450
239.020
239.600
240.180
240.760
241.310
241.890
242.470
243.020
243.620
244.190
244.790
245.370
245.990
246.570
247.130
247.720
248.300
248.890
249.470
250.040
250.600
251.180
251.750
252.320
252.890
253.470
254.020
254.570
255.130
255.670
256.210
256.740
257.310
257.920
258.520
259.100
259.680
260.250
260.830
261.410
262.000
262.560
263.130
263.730
264.330
264.900
265.440
266.020
266.580
267.150
267.700
268.240
268.810
269.380
269.970
270.520
271.080
271.650
272.210
272.790
273.330
273.920
274.480
275.040
275.570
276.160
276.730
277.310
277.870
278.440
279.010
279.540
280.090
280.660
281.250
281.810
282.390
282.930
283.550
284.120
284.700
285.280
285.840
286.390
286.980
287.580
288.150
288.710
289.250
289.840
290.380
290.950
291.500
292.100
292.660
293.220
293.780
294.370
294.950
295.530
296.090
296.650
297.230
297.800
298.380
298.990
299.550
300.130
300.700
301.270
301.850
302.400
302.970
303.560
304.120
304.710
305.280
305.850
306.390
306.960
307.520
308.090
308.640
309.200
309.760
310.330
310.910
311.470
312.030
312.600
313.150
313.730
314.310
314.850
315.400
315.980
316.560
317.140
317.690
318.260
318.840
319.420
319.980
320.570
321.110
321.710
322.270
322.850
323.430
324.000
324.550
325.130
325.660
326.240
326.800
327.380
327.940
328.520
329.100
329.650
330.220
330.790
331.390
331.970
332.540
333.140
333.710
334.280
334.840
335.430
335.980
336.540
337.110
337.690
338.270
338.870
339.430
340.030
340.590
341.190
341.780
342.380
342.960
343.530
344.110
344.690
345.270
345.870
346.460
347.060
347.660
348.240
348.820
349.390
349.970
350.530
351.130
351.700
352.290
352.880
353.420
354.020
354.600
355.170
355.780
356.360
356.960
357.550
358.120
358.710
359.280
359.860
360.420
361.020
361.580
362.140
362.710
363.300
363.870
364.440
365.020
365.620
366.190
366.750
367.300
367.900
368.470
369.040
369.630
370.230
370.800
371.380
371.960
372.540
373.130
373.750
374.330
374.910
375.510
376.090
376.710
377.300
377.880
378.510
379.120
379.720
380.420
381.100
381.770
382.480
383.120
383.740
384.350
384.990
385.610
386.240
386.900
387.530
388.160
388.770
389.400
390.020
390.650
391.280
391.910
392.540
393.200
393.820
