0.000
0.480
0.970
1.450
1.930
2.440
2.940
3.430
3.970
4.460
4.930
5.420
5.940
6.410
6.920
7.420
7.900
8.420
8.960
9.490
10.010
10.510
11.050
11.570
12.110
12.650
13.200
13.720
14.260
14.830
15.390
15.920
16.490
17.010
17.580
18.010
18.440
18.880
19.340
19.780
20.210
20.550
20.890
21.220
21.550
21.890
22.240
22.560
22.900
23.240
23.550
23.880
24.250
24.600
24.930
25.290
25.650
25.980
26.330
26.700
27.050
27.400
27.740
28.080
28.430
28.780
29.130
29.500
29.850
30.200
30.540
30.890
31.250
31.590
31.940
32.300
32.630
32.970
33.310
33.670
34.010
34.350
34.690
35.040
35.390
35.730
36.070
36.420
36.770
37.120
37.470
37.840
38.190
38.540
38.890
39.220
39.590
39.930
40.270
40.630
40.990
41.340
41.670
42.020
42.380
42.720
43.090
43.440
43.780
44.130
44.480
44.830
45.160
45.510
45.840
46.170
46.500
46.830
47.170
47.510
47.860
48.210
48.560
48.890
49.260
49.600
49.950
50.290
50.640
50.990
51.320
51.660
52.010
52.330
52.690
53.040
53.390
53.730
54.080
54.420
54.780
55.140
55.480
55.820
56.180
56.530
56.860
57.210
57.560
57.910
58.240
58.590
58.970
59.320
59.670
60.050
60.400
60.750
61.100
61.440
61.800
62.160
62.510
62.880
63.250
63.600
63.950
64.320
64.660
65.000
65.350
65.710
66.060
66.420
66.770
67.100
67.460
67.790
68.130
68.470
68.800
69.130
69.450
69.770
70.120
70.460
70.800
71.140
71.500
71.840
72.190
72.520
72.870
73.210
73.550
73.890
74.240
74.580
74.920
75.260
75.610
75.950
76.290
76.630
76.970
77.320
77.660
78.000
78.340
78.690
79.020
79.360
79.700
80.040
80.370
80.720
81.080
81.430
81.760
82.110
82.450
82.800
83.140
83.490
83.830
84.180
84.520
84.850
85.200
85.540
85.890
86.240
86.590
86.940
87.270
87.620
87.970
88.330
88.660
89.020
89.370
89.730
90.060
90.400
90.740
91.090
91.430
91.760
92.110
92.470
92.800
93.160
93.510
93.870
94.200
94.560
94.890
95.240
95.570
95.920
96.250
96.600
96.930
97.290
97.620
97.970
98.290
98.650
98.990
99.340
99.670
100.020
100.360
100.710
101.040
101.390
101.720
102.080
102.420
102.770
103.100
103.450
103.800
104.140
104.480
104.840
105.190
105.530
105.880
106.230
106.580
106.930
107.270
107.620
107.970
108.310
108.660
109.010
109.340
109.700
110.040
110.390
110.750
111.100
111.440
111.790
112.130
112.480
112.820
113.170
113.510
113.840
114.200
114.550
114.900
115.240
115.600
115.950
116.290
116.650
116.990
117.340
117.670
118.020
118.360
118.710
119.060
119.400
119.760
120.120
120.450
120.810
121.150
121.510
121.840
122.200
122.530
122.880
123.210
123.550
123.890
124.240
124.590
124.950
125.290
125.650
126.000
126.350
126.700
127.050
127.400
127.750
128.100
128.450
128.790
129.140
129.490
129.840
130.180
130.530
130.880
131.240
131.590
131.940
132.280
132.640
132.980
133.330
133.680
134.030
134.380
134.730
135.080
135.450
135.780
136.150
136.490
136.850
137.190
137.550
137.890
138.240
138.580
138.940
139.280
139.630
139.980
140.340
140.680
141.030
141.370
141.720
142.060
142.410
142.760
143.120
143.460
143.810
144.160
144.520
144.850
145.210
145.550
145.890
146.240
146.590
146.930
147.300
147.650
148.000
148.340
148.690
149.050
149.400
149.750
150.110
150.470
150.820
151.170
151.520
151.870
152.220
152.580
152.930
153.300
153.650
154.000
154.340
154.700
155.060
155.400
155.760
156.090
156.440
156.780
157.130
157.470
157.820
158.170
158.520
158.890
159.250
159.600
159.960
160.310
160.660
161.020
161.360
161.720
162.070
162.420
162.770
163.120
163.470
163.810
164.160
164.500
164.850
165.200
165.560
165.890
166.240
166.590
166.920
167.270
167.630
167.980
168.320
168.660
169.010
169.350
169.700
170.050
170.410
170.750
171.100
171.430
171.790
172.140
172.490
172.860
173.220
173.570
173.930
174.280
174.640
174.980
175.330
175.680
176.050
176.390
176.750
177.090
177.450
177.810
178.170
178.520
178.870
179.230
179.580
179.940
180.300
180.660
181.030
181.380
181.720
182.090
182.440
182.760
183.110
183.450
183.820
184.160
184.510
184.860
185.210
185.550
185.910
186.250
186.600
186.960
187.310
187.660
188.020
188.370
188.720
189.070
189.430
189.790
190.140
190.480
190.840
191.200
191.550
191.890
192.270
192.620
192.970
193.340
193.690
194.040
194.400
194.740
195.080
195.440
195.820
196.170
196.520
196.880
197.250
197.600
197.960
198.320
198.680
199.020
199.370
199.720
200.080
200.430
200.800
201.170
201.500
201.860
202.200
202.550
202.880
203.230
203.570
203.910
204.290
204.640
205.000
205.340
205.700
206.050
206.380
206.750
207.090
207.430
207.790
208.150
208.510
208.860
209.220
209.560
209.910
210.260
210.610
210.960
211.310
211.660
212.010
212.350
212.680
213.050
213.380
213.710
214.060
214.400
214.740
215.080
215.420
215.770
216.110
216.440
216.780
217.120
217.470
217.830
218.190
218.530
218.880
219.230
219.590
219.940
220.290
220.640
220.990
221.340
221.690
222.040
222.400
222.740
223.080
223.440
223.780
224.130
224.460
224.790
225.100
225.460
225.780
226.140
226.470
226.820
227.160
227.490
227.800
228.150
228.470
228.850
229.210
229.560
229.920
230.270
230.630
230.970
231.320
231.660
232.010
232.360
232.720
233.070
233.420
233.770
234.100
234.450
234.790
235.140
235.490
235.830
236.190
236.530
236.890
237.240
237.590
237.930
238.260
238.600
238.930
239.240
239.580
239.920
240.260
240.610
240.950
241.290
241.650
242.010
242.380
242.720
243.070
243.400
243.750
244.090
244.430
244.760
245.100
245.430
245.780
246.110
246.460
246.800
247.150
247.490
247.820
248.160
248.490
248.810
249.150
249.480
249.810
250.140
250.480
250.790
251.120
251.450
251.770
252.100
252.420
252.730
253.060
253.370
253.690
254.010
254.320
254.630
254.950
255.260
255.570
255.890
256.210
256.520
256.840
257.140
257.460
257.760
258.080
258.390
258.710
259.040
259.350
259.670
259.990
260.300
260.610
260.930
261.290
261.640
261.990
262.340
262.680
263.040
263.390
263.740
264.080
264.440
264.790
265.130
265.480
265.830
266.200
266.540
266.900
267.250
267.590
267.940
268.290
268.630
269.000
269.330
269.670
270.010
270.330
270.660
271.020
271.350
271.680
272.040
272.390
272.740
273.090
273.410
273.720
274.040
274.370
274.680
275.000
275.310
275.630
275.940
276.240
276.560
276.870
277.200
277.510
277.830
278.140
278.460
278.760
279.080
279.390
279.700
280.010
280.340
280.650
280.990
281.340
281.680
282.010
282.340
282.660
282.980
283.320
283.650
283.990
284.310
284.650
284.980
285.310
285.640
285.990
286.320
286.640
286.960
287.300
287.620
287.960
288.300
288.630
288.960
289.290
289.630
289.960
290.300
290.610
290.930
291.230
291.560
291.870
292.200
292.520
292.830
293.160
293.480
293.800
294.120
294.440
294.760
295.070
295.370
295.690
296.000
296.320
296.640
296.950
297.270
297.590
297.900
298.210
298.530
298.840
299.150
299.460
299.760
300.080
300.390
300.690
301.010
301.340
301.650
301.970
302.270
302.580
302.900
303.210
303.520
303.850
304.170
304.490
304.810
305.130
305.450
305.770
306.080
306.390
306.710
307.030
307.350
307.660
307.970
308.300
308.610
308.920
309.240
309.550
309.860
310.180
310.500
310.820
311.130
311.460
311.780
312.100
312.410
312.740
313.080
313.400
313.720
314.050
314.360
314.670
314.980
315.290
315.610
315.900
316.210
316.510
316.820
317.130
317.440
317.760
318.070
318.400
318.710
319.040
319.350
319.670
320.000
320.310
320.620
320.940
321.270
321.610
321.950
322.280
322.610
322.940
323.290
323.640
323.960
324.310
324.640
324.990
325.330
325.680
326.020
326.370
326.710
327.060
327.390
327.740
328.070
328.420
328.770
329.100
329.410
329.760
330.080
330.450
330.780
331.140
331.480
331.840
332.170
332.510
332.850
333.190
333.520
333.860
334.200
334.550
334.890
335.240
335.580
335.940
336.280
336.630
336.960
337.310
337.650
337.990
338.320
338.670
339.010
339.350
339.690
340.020
340.360
340.690
341.000
341.340
341.670
341.980
342.310
342.640
342.980
343.300
343.630
343.940
344.260
344.590
344.950
345.320
345.660
346.020
346.380
346.730
347.060
347.410
347.750
348.100
348.440
348.790
349.140
349.490
349.830
350.190
350.530
350.870
351.190
351.530
351.870
352.210
352.540
352.890
353.220
353.550
353.880
354.200
354.530
354.850
355.170
355.490
355.860
356.220
356.570
356.930
357.290
357.640
357.990
358.350
358.710
359.060
359.410
359.760
360.100
360.450
360.790
361.150
361.510
361.870
362.240
362.590
362.960
363.300
363.660
364.000
364.360
364.710
365.060
365.430
365.800
366.150
366.520
366.880
367.240
367.610
367.970
368.350
368.720
369.090
369.450
369.800
370.180
370.520
370.880
371.260
371.640
372.010
372.360
372.730
373.100
373.460
373.830
374.190
374.530
374.910
375.280
375.650
376.000
376.360
376.710
377.070
377.450
377.800
378.150
378.520
378.880
379.260
379.630
380.010
380.380
380.740
381.100
381.460
381.840
382.210
382.560
382.940
383.320
383.690
384.050
384.420
384.790
385.150
385.520
385.890
386.250
386.610
386.990
387.350
387.700
388.040
388.380
388.740
389.080
389.430
389.780
390.130
390.500
390.840
391.200
391.560
391.930
392.290
392.660
393.000
393.370
393.730
394.080
394.430
394.780
395.140
395.490
395.840
396.190
396.560
396.920
397.270
397.640
398.000
398.350
398.700
399.070
399.440
399.780
400.140
400.510
400.870
401.220
401.590
401.960
402.350
402.720
403.090
403.460
403.810
404.180
404.530
404.910
405.290
405.640
406.030
406.410
406.790
407.170
407.550
407.910
408.290
408.660
409.030
409.390
409.780
410.130
410.490
410.850
411.220
411.570
411.940
412.290
412.650
413.010
413.380
413.740
414.100
414.440
414.820
415.160
415.540
415.880
416.260
416.600
416.970
417.350
417.720
418.090
418.460
418.840
419.240
419.640
420.010
420.420
420.810
421.190
421.600
421.990
422.390
422.780
423.130
423.470
423.790
424.120
424.430
424.740
425.040
425.360
425.660
425.980
426.290
426.590
426.910
427.210
427.520
427.840
428.150
428.460
428.770
429.080
429.380
429.690
430.000
430.310
430.620
430.940
431.270
431.580
431.900
432.230
432.550
432.870
433.180
433.510
433.830
434.140
434.460
434.790
435.100
435.420
435.750
436.060
436.390
