0.070
0.500
0.970
1.420
1.860
2.310
2.750
3.200
3.650
4.100
4.560
5.010
5.460
5.920
6.380
6.820
7.270
7.730
8.180
8.630
9.070
9.520
9.980
10.420
10.860
11.310
11.760
12.210
12.650
13.100
13.560
14.000
14.450
14.890
15.350
15.800
16.250
16.700
17.160
17.600
18.050
18.500
18.940
19.400
19.850
20.310
20.760
21.210
21.650
22.110
22.580
23.030
23.490
23.950
24.410
24.860
25.320
25.770
26.250
26.700
27.160
27.610
28.060
28.520
28.980
29.430
29.900
30.360
30.810
31.250
31.730
32.180
32.640
33.110
33.560
34.020
34.480
34.940
35.390
35.830
36.300
36.760
37.220
37.710
38.160
38.610
39.070
39.530
39.990
40.440
40.890
41.350
41.820
42.270
42.730
43.190
43.650
44.100
44.550
45.020
45.470
45.940
46.450
46.930
47.370
47.840
48.300
48.770
49.230
49.690
50.140
50.590
51.040
51.500
51.960
52.420
52.880
53.340
53.810
54.280
54.740
55.230
55.690
56.150
56.610
57.080
57.540
57.990
58.440
58.910
59.370
59.830
60.290
60.750
61.220
61.680
62.140
62.620
63.080
63.540
63.990
64.450
64.910
65.360
65.800
66.250
66.720
67.200
67.660
68.120
68.590
69.060
69.530
69.980
70.440
70.920
71.380
71.840
72.300
72.770
73.220
73.680
74.150
74.620
75.080
75.550
76.040
76.510
76.960
77.450
77.920
78.390
78.850
79.310
79.770
80.240
80.700
81.150
81.620
82.070
82.530
83.010
83.470
83.920
84.370
84.830
85.290
85.730
86.190
86.660
87.110
87.560
88.010
88.480
88.940
89.390
89.840
90.310
90.770
91.210
91.670
92.130
92.590
93.040
93.500
93.960
94.430
94.870
95.320
95.790
96.260
96.710
97.170
97.620
98.080
98.550
98.990
99.460
99.920
100.380
100.830
101.290
101.760
102.210
102.660
103.120
103.580
104.030
104.480
104.940
105.430
105.900
106.350
106.810
107.290
107.750
108.210
108.670
109.110
109.560
110.000
110.460
110.930
111.380
111.820
112.290
112.750
113.210
113.660
114.130
114.590
115.030
115.480
115.950
116.400
116.860
117.310
117.770
118.220
118.670
119.130
119.590
120.050
120.500
120.940
121.410
121.870
122.320
122.770
123.230
123.680
124.140
124.580
125.040
125.500
125.950
126.390
126.860
127.310
127.760
128.200
128.660
129.110
129.570
130.020
130.480
130.930
131.390
131.830
132.280
132.740
133.190
133.630
134.090
134.560
135.020
135.500
135.960
136.430
136.900
137.350
137.810
138.270
138.700
139.150
139.570
140.020
140.490
140.930
141.400
141.860
142.320
142.760
143.220
143.690
144.130
144.570
145.030
145.500
145.950
146.400
146.850
147.310
147.760
148.200
148.660
149.130
149.580
150.030
150.490
150.950
151.400
151.840
152.300
152.760
153.210
153.650
154.110
154.560
155.010
155.450
155.910
156.360
156.810
157.250
157.700
158.170
158.600
159.050
159.510
159.970
160.420
160.880
161.330
161.800
162.230
162.680
163.150
163.620
164.070
164.520
165.000
165.460
165.940
166.390
166.850
167.320
167.760
168.200
168.660
169.120
169.590
170.030
170.500
170.960
171.410
171.850
172.300
172.760
173.220
173.650
174.110
174.570
175.020
175.450
175.910
176.370
176.830
177.280
177.750
178.210
178.650
179.100
179.560
180.000
180.460
180.900
181.360
181.820
182.280
182.720
183.170
183.640
184.080
184.530
184.970
185.440
185.890
186.330
186.790
187.250
187.710
188.160
188.610
189.060
189.520
189.970
190.420
190.890
191.340
191.790
192.280
192.750
193.210
193.660
194.110
194.570
195.050
195.500
195.960
196.410
196.850
197.290
197.720
198.170
198.630
199.080
199.550
200.000
200.450
200.900
201.360
201.820
202.280
202.730
203.190
203.640
204.100
204.550
205.010
205.470
205.930
206.380
206.840
207.300
207.760
208.210
208.660
209.130
209.570
210.030
210.460
210.920
211.380
211.830
212.280
212.740
213.200
213.660
214.130
214.590
215.030
215.490
215.960
216.400
216.860
217.320
217.760
218.220
218.680
219.130
219.590
220.030
220.500
220.960
221.420
221.890
222.320
222.780
223.250
223.720
224.180
224.640
225.080
225.540
225.970
226.430
226.870
227.320
227.780
228.220
228.670
229.120
229.570
230.000
230.450
230.880
231.340
231.770
232.210
232.640
233.100
233.540
233.970
234.430
234.880
235.320
235.760
236.210
236.650
237.100
237.540
237.980
238.440
238.880
239.320
239.780
240.220
240.660
241.100
241.570
242.010
242.470
242.900
243.340
243.780
244.220
244.650
245.100
245.540
245.980
246.420
246.860
247.310
247.750
248.190
248.650
249.100
249.550
250.000
250.440
250.880
251.310
251.760
252.200
252.650
253.080
253.520
253.970
254.410
254.840
255.280
255.730
256.170
256.600
257.040
257.490
257.930
258.370
258.810
259.260
259.730
260.170
260.610
261.050
261.490
261.940
262.360
262.810
263.260
263.710
264.140
264.570
265.020
265.450
265.900
266.340
266.790
267.230
267.680
268.120
268.570
269.000
269.450
269.870
270.320
270.760
271.190
271.620
272.070
272.500
272.920
273.360
273.810
274.240
274.670
275.120
275.570
276.000
276.440
276.860
277.310
277.750
278.180
278.610
279.050
279.480
279.920
280.350
280.780
281.200
281.640
282.070
282.520
282.950
283.400
283.840
284.280
284.720
285.150
285.580
286.030
286.470
286.920
287.360
287.820
288.260
288.680
289.120
289.550
289.990
290.410
290.830
291.270
291.710
292.120
292.570
293.020
293.460
293.880
294.320
294.760
295.200
295.610
296.050
296.490
296.920
297.330
297.770
298.220
298.660
299.070
299.500
299.950
300.380
300.790
301.220
301.670
302.100
302.520
302.940
303.380
303.820
304.250
304.660
305.060
305.460
305.880
306.280
306.670
307.090
307.510
307.900
308.330
308.760
309.200
309.620
310.040
310.460
310.890
311.290
311.720
312.140
312.590
313.000
313.440
313.880
314.320
314.760
315.210
315.650
316.050
316.470
316.920
317.350
317.760
318.210
318.660
319.120
319.540
319.990
320.430
320.870
321.300
321.750
322.200
322.640
323.080
323.510
323.950
324.390
324.840
325.260
325.720
326.160
326.580
327.020
327.460
327.890
328.310
328.750
329.200
329.640
330.060
330.500
330.940
331.370
331.810
332.220
332.670
333.100
333.540
333.970
334.410
334.850
335.270
335.710
336.150
336.600
337.030
337.470
337.900
338.340
338.780
339.210
339.650
340.080
340.530
340.990
341.450
341.890
342.340
342.780
343.240
343.680
344.110
344.540
344.960
345.400
345.820
346.260
346.700
347.120
347.550
347.960
348.390
348.810
349.220
349.670
350.090
350.530
350.960
351.380
351.790
352.220
352.650
353.070
353.500
353.940
354.380
354.830
355.250
355.690
356.130
356.590
357.030
357.450
357.890
358.330
358.770
359.230
359.650
360.130
360.570
361.050
361.530
361.990
362.490
363.000
363.500
363.980
364.510
364.980
365.470
365.940
366.420
366.900
367.400
367.880
368.360
368.820
369.300
