0.190
0.560
0.900
1.250
1.570
1.890
2.220
2.570
2.890
3.210
3.520
3.830
4.130
4.450
4.760
5.070
5.380
5.690
6.000
6.320
6.660
7.010
7.330
7.680
8.020
8.360
8.680
9.010
9.330
9.660
9.980
10.300
10.620
10.930
11.230
11.550
11.890
12.200
12.560
12.890
13.290
13.700
14.120
14.530
14.930
15.350
15.740
16.150
16.570
17.000
17.420
17.820
18.250
18.690
19.150
19.630
20.080
20.500
20.930
21.350
21.790
22.230
22.650
23.080
23.520
23.960
24.380
24.840
25.270
25.690
26.120
26.560
26.990
27.430
27.840
28.280
28.720
29.150
29.580
30.020
30.460
30.890
31.310
31.750
32.180
32.600
33.040
33.500
33.940
34.370
34.800
35.240
35.690
36.120
36.580
37.020
37.470
37.910
38.350
38.760
39.200
39.620
40.060
40.510
40.950
41.400
41.840
42.250
42.680
43.140
43.570
44.020
44.470
44.900
45.350
45.800
46.230
46.670
47.100
47.560
48.000
48.430
48.880
49.310
49.740
50.170
50.610
51.040
51.470
51.910
52.350
52.800
53.240
53.690
54.130
54.570
54.990
55.440
55.890
56.330
56.790
57.240
57.670
58.110
58.550
59.000
59.440
59.870
60.310
60.750
61.190
61.610
62.050
62.490
62.920
63.350
63.780
64.220
64.650
65.070
65.510
65.940
66.370
66.800
67.230
67.650
68.090
68.520
68.960
69.390
69.820
70.230
70.660
71.090
71.530
71.970
72.390
72.820
73.260
73.690
74.110
74.550
74.970
75.410
75.840
76.270
76.700
77.130
77.560
78.000
78.430
78.860
79.290
79.720
80.150
80.580
81.000
81.450
81.870
82.290
82.730
83.170
83.610
84.030
84.470
84.920
85.360
85.800
86.250
86.690
87.140
87.570
88.010
88.440
88.890
89.340
89.770
90.200
90.610
91.040
91.470
91.910
92.350
92.780
93.220
93.650
94.100
94.530
94.970
95.390
95.830
96.270
96.710
97.150
97.570
98.000
98.440
98.870
99.300
99.730
100.160
100.590
101.020
101.440
101.870
102.310
102.750
103.200
103.640
104.060
104.500
104.930
105.360
105.810
106.230
106.660
107.100
107.530
107.960
108.400
108.830
109.270
109.710
110.140
110.570
111.010
111.450
111.880
112.320
112.740
113.180
113.610
114.040
114.470
114.910
115.340
115.770
116.190
116.620
117.050
117.480
117.910
118.320
118.740
119.180
119.620
120.050
120.470
120.900
121.330
121.750
122.180
122.610
123.040
123.470
123.900
124.320
124.740
125.180
125.600
126.040
126.470
126.890
127.320
127.750
128.170
128.610
129.050
129.490
129.910
130.340
130.770
131.200
131.640
132.080
132.500
132.930
133.370
133.790
134.210
134.650
135.090
135.520
135.960
136.390
136.830
137.260
137.680
138.110
138.540
138.990
139.410
139.850
140.290
140.720
141.150
141.580
142.010
142.430
142.880
143.310
143.740
144.170
144.610
145.040
145.480
145.910
146.330
146.770
147.210
147.640
148.070
148.490
148.930
149.360
149.790
150.220
150.670
151.100
151.540
151.980
152.420
152.840
153.260
153.700
154.120
154.550
154.980
155.410
155.850
156.270
156.700
157.130
157.560
157.990
158.420
158.850
159.290
159.730
160.170
160.600
161.030
161.470
161.910
162.340
162.770
163.210
163.660
164.110
164.550
164.990
165.440
165.870
166.310
166.750
167.160
167.590
168.030
168.460
168.890
169.310
169.750
170.190
170.600
171.040
171.470
171.910
172.340
172.770
173.210
173.620
174.040
174.470
174.910
175.340
175.760
176.180
176.610
177.040
177.470
177.910
178.340
178.780
179.200
179.630
180.060
180.490
180.910
181.350
181.780
182.200
182.630
183.060
183.490
183.920
184.340
184.770
185.200
185.630
186.060
186.500
186.920
187.320
187.750
188.180
188.610
189.040
189.470
189.900
190.340
190.770
191.190
191.630
192.060
192.500
192.910
193.360
193.780
194.210
194.620
195.030
195.460
195.870
196.290
196.730
197.160
197.580
197.970
198.390
198.800
199.250
199.680
200.110
200.540
200.950
201.380
201.820
202.250
202.670
203.110
203.570
204.000
204.410
204.860
205.290
205.720
206.140
206.570
206.990
207.430
207.860
208.250
208.660
209.090
209.510
209.930
210.370
210.800
211.220
211.630
212.060
212.500
212.930
213.370
213.790
214.230
214.660
215.020
215.410
215.760
216.120
216.440
216.780
217.090
217.420
217.720
218.040
218.350
218.660
218.970
219.260
219.570
219.860
220.180
220.510
220.850
221.170
221.510
221.870
222.200
222.550
222.890
223.210
223.570
223.890
224.240
224.560
224.870
225.190
225.510
225.840
226.160
226.480
226.790
227.120
227.440
227.750
228.070
228.390
228.720
229.040
229.360
229.670
230.000
230.310
230.640
230.960
231.280
231.600
231.910
232.240
232.560
232.870
233.200
233.510
233.830
