0.470
1.000
1.550
2.070
2.590
3.140
3.700
4.280
4.910
5.510
6.040
6.570
7.100
7.640
8.200
8.740
9.290
9.780
10.300
10.810
11.330
11.820
12.330
12.850
13.370
13.860
14.330
14.780
15.190
15.580
16.010
16.400
16.820
17.240
17.680
18.100
18.500
18.890
19.290
19.690
20.100
20.500
20.900
21.310
21.720
22.110
22.510
22.920
23.320
23.710
24.120
24.500
24.910
25.310
25.710
26.100
26.510
26.910
27.310
27.700
28.100
28.500
28.920
29.310
29.710
30.120
30.510
30.920
31.330
31.740
32.140
32.540
32.940
33.340
33.750
34.150
34.560
34.950
35.360
35.760
36.170
36.570
36.980
37.380
37.790
38.190
38.590
38.990
39.380
39.780
40.190
40.580
40.980
41.370
41.770
42.170
42.580
42.990
43.380
43.790
44.170
44.590
45.030
45.460
45.870
46.280
46.680
47.060
47.430
47.810
48.210
48.580
48.960
49.340
49.750
50.150
50.560
50.960
51.360
51.750
52.150
52.540
52.940
53.330
53.730
54.120
54.510
54.910
55.310
55.700
56.100
56.490
56.890
57.280
57.680
58.080
58.480
58.880
59.270
59.670
60.070
60.460
60.860
61.280
61.680
62.080
62.470
62.860
63.280
63.670
64.070
64.460
64.870
65.280
65.680
66.100
66.500
66.900
67.300
67.700
68.090
68.480
68.880
69.290
69.690
70.070
70.480
70.880
71.280
71.670
72.070
72.470
72.850
73.260
73.650
74.040
74.450
74.840
75.240
75.650
76.050
76.470
76.880
77.290
77.710
78.120
78.520
78.930
79.320
79.720
80.130
80.530
80.940
81.340
81.730
82.150
82.550
82.950
83.350
83.760
84.160
84.560
84.960
85.360
85.760
86.160
86.570
86.980
87.390
87.770
88.180
88.570
88.990
89.380
89.830
90.260
90.680
91.070
91.470
91.870
92.260
92.630
93.010
93.400
93.780
94.170
94.570
94.980
95.380
95.780
96.190
96.580
96.980
97.350
97.760
98.150
98.550
98.940
99.330
99.730
100.130
100.520
100.920
101.320
101.720
102.110
102.520
102.920
103.330
103.720
104.120
104.510
104.920
105.310
105.710
106.100
106.500
106.910
107.300
107.710
108.110
108.530
108.940
109.340
109.760
110.150
110.540
110.950
111.350
111.750
112.150
112.550
112.950
113.350
113.750
114.160
114.560
114.950
115.350
115.770
116.160
116.570
116.970
117.380
117.770
118.170
118.590
119.000
119.400
119.790
120.180
120.580
120.990
121.390
121.790
122.200
122.610
123.030
123.450
123.850
124.270
124.660
125.070
125.470
125.870
126.280
126.660
127.080
127.480
127.890
128.300
128.690
129.100
129.510
129.900
130.310
130.710
131.100
131.510
131.920
132.310
132.710
133.110
133.540
133.940
134.340
134.760
135.150
135.530
135.910
136.330
136.740
137.140
137.550
137.970
138.380
138.780
139.200
139.610
140.010
140.430
140.830
141.230
141.640
142.030
142.430
142.830
143.230
143.620
144.020
144.430
144.830
145.220
145.610
145.990
146.420
146.820
147.230
147.640
148.050
148.430
148.830
149.240
149.640
150.050
150.460
150.890
151.300
151.720
152.160
152.560
152.980
153.390
153.790
154.190
154.600
155.020
155.410
155.810
156.220
156.620
157.030
157.430
157.830
158.230
158.640
159.040
159.450
159.870
160.290
160.710
161.140
161.560
161.960
162.370
162.770
163.180
163.580
163.990
164.410
164.820
165.200
165.610
166.020
166.440
166.850
167.260
167.670
168.080
168.490
168.900
169.320
169.740
170.150
170.550
170.980
171.390
171.800
172.200
172.620
173.030
173.450
173.840
174.250
174.650
175.040
175.450
175.850
176.270
176.680
177.080
177.490
177.900
178.300
178.700
179.110
179.500
179.910
180.320
180.720
181.140
181.550
181.960
182.350
182.750
183.160
183.540
183.950
184.330
184.730
185.110
185.500
185.900
186.300
186.690
187.090
187.460
187.870
188.270
188.670
189.080
189.490
189.900
190.320
190.700
191.120
191.510
191.900
192.310
192.710
193.120
193.510
193.940
194.340
194.740
195.140
195.550
195.950
196.350
196.740
197.150
197.550
197.950
198.360
198.750
199.150
199.520
199.930
200.300
200.720
201.120
201.540
201.950
202.350
202.760
203.190
203.600
203.990
204.400
204.780
205.190
205.600
206.000
206.420
206.830
207.230
207.630
208.030
208.440
208.830
209.220
209.630
210.030
210.420
210.830
211.220
211.610
212.020
212.420
212.820
213.220
213.610
214.010
214.400
214.810
215.200
215.600
216.010
216.410
216.810
217.210
217.600
218.000
218.390
218.800
219.200
219.610
220.020
220.420
220.820
221.210
221.620
222.010
222.400
222.800
223.200
223.600
224.010
224.390
224.790
225.190
225.610
226.020
226.430
226.820
227.230
227.640
228.030
228.430
228.840
229.240
229.660
230.060
230.470
230.870
231.260
231.670
232.060
232.480
232.870
233.260
233.670
234.080
234.530
235.010
235.500
235.970
236.470
236.930
237.430
237.910
238.370
