0.090
0.660
1.170
1.720
2.260
2.830
3.360
3.940
4.480
5.060
5.600
6.170
6.720
7.300
7.920
8.500
9.060
9.640
10.210
10.790
11.370
11.950
12.530
13.130
13.700
14.280
14.840
15.390
15.960
16.560
17.110
17.710
18.280
18.860
19.440
19.980
20.550
21.130
21.710
22.260
22.840
23.420
23.980
24.550
25.120
25.700
26.270
26.830
27.410
27.990
28.560
29.150
29.720
30.320
30.870
31.460
32.050
32.600
33.170
33.730
34.320
34.900
35.490
36.060
36.640
37.200
37.800
38.360
38.920
39.520
40.100
40.680
41.240
41.800
42.390
43.000
43.570
44.160
44.750
45.340
45.920
46.510
47.090
47.680
48.260
48.860
49.440
50.030
50.620
51.210
51.810
52.380
52.980
53.570
54.150
54.750
55.330
55.930
56.500
57.080
57.670
58.240
58.820
59.410
59.980
60.550
61.140
61.730
62.300
62.880
63.450
64.020
64.620
65.180
65.750
66.330
66.910
67.470
68.040
68.600
69.190
69.770
70.360
70.920
71.510
72.080
72.660
73.230
73.790
74.380
74.940
75.510
76.090
76.660
77.240
77.830
78.390
78.950
79.520
80.080
80.640
81.220
81.790
82.360
82.930
83.490
84.060
84.610
85.200
85.760
86.310
86.870
87.430
87.990
88.570
89.120
89.700
90.250
90.820
91.390
91.970
92.530
93.100
93.680
94.250
94.810
95.380
95.930
96.480
97.050
97.610
98.170
98.740
99.300
99.870
100.450
101.010
101.540
102.120
102.650
103.210
103.780
104.350
104.900
105.470
106.020
106.590
107.160
107.710
108.290
108.840
109.380
109.940
110.490
111.050
111.600
112.180
112.730
113.300
113.850
114.420
114.980
115.530
116.100
116.670
117.230
117.790
118.360
118.930
119.480
120.030
120.590
121.150
121.690
122.250
122.790
123.350
123.930
124.490
125.060
125.620
126.190
126.760
127.320
127.890
128.440
129.010
129.580
130.140
130.700
131.280
131.830
132.400
132.960
133.510
134.080
134.650
135.220
135.780
136.360
136.920
137.490
138.050
138.610
139.180
139.750
140.300
140.850
141.410
141.980
142.540
143.110
143.670
144.240
144.800
145.360
145.930
146.460
147.030
147.600
148.150
148.720
149.280
149.840
150.400
150.950
151.520
152.070
152.650
153.190
153.740
154.310
154.890
155.440
156.000
156.540
157.090
157.650
158.200
158.760
159.340
159.880
160.450
161.020
161.570
162.130
162.700
163.260
163.820
164.380
164.930
165.490
166.060
166.610
167.170
167.730
168.300
168.860
169.410
169.980
170.540
171.110
171.650
172.220
172.750
173.310
173.880
174.440
175.000
175.550
176.110
176.690
177.230
177.770
178.330
178.890
179.440
179.990
180.550
181.120
181.680
182.220
182.780
183.350
183.900
184.440
185.000
185.570
186.120
186.680
187.220
187.780
188.340
188.890
189.450
189.990
190.540
191.100
191.660
192.220
192.770
193.320
193.870
194.440
194.990
195.550
196.090
196.640
197.200
197.740
198.300
198.860
199.410
199.970
200.520
201.080
201.640
202.190
202.750
203.280
203.850
204.400
204.960
205.510
206.060
206.610
207.170
207.710
208.230
208.800
209.330
209.870
210.440
210.980
211.560
212.110
212.670
213.220
213.750
214.290
214.850
215.410
215.970
216.510
217.060
217.610
218.150
218.700
219.260
219.810
220.370
220.920
221.480
222.050
222.580
223.140
223.690
224.240
224.790
225.340
225.900
226.450
227.000
227.580
228.130
228.710
229.270
229.820
230.390
230.940
231.510
232.080
232.650
233.230
233.800
234.380
234.950
235.520
236.100
236.640
237.190
237.780
238.350
238.920
239.500
240.070
240.630
241.220
241.800
242.370
242.940
243.510
244.080
244.650
245.200
245.780
246.360
246.920
247.500
248.050
248.640
249.200
249.760
250.330
250.910
251.490
252.060
252.630
253.200
253.780
254.330
254.910
255.480
256.060
256.620
257.210
257.800
258.380
258.950
259.520
260.100
260.670
261.230
261.800
262.390
262.930
263.530
264.070
264.650
265.230
265.800
266.370
266.930
267.500
268.080
268.680
269.250
269.840
270.410
270.990
271.580
272.160
272.740
273.330
273.920
274.510
275.120
275.730
276.300
276.920
277.480
278.070
278.690
279.350
279.990
280.630
281.240
281.880
282.550
283.190
283.830
