0.340
1.000
1.650
2.310
2.940
3.600
4.270
4.920
5.570
6.230
6.860
7.540
8.250
8.950
9.620
10.240
10.900
11.550
12.230
12.840
13.520
14.190
14.850
15.560
16.190
16.870
17.560
18.170
18.830
19.490
20.170
20.810
21.480
22.130
22.800
23.450
24.170
24.850
25.590
26.250
26.930
27.660
28.300
28.960
29.570
30.190
30.830
31.460
32.110
32.760
33.400
33.990
34.570
35.140
35.750
36.350
36.910
37.510
38.130
38.740
39.390
40.000
40.610
41.250
41.870
42.480
43.110
43.710
44.320
44.950
45.570
46.220
46.890
47.510
48.170
48.830
49.420
50.040
50.680
51.260
51.890
52.480
53.140
53.760
54.370
55.020
55.660
56.290
56.890
57.530
58.160
58.780
59.430
60.060
60.680
61.290
61.930
62.620
63.250
63.910
64.540
65.190
65.830
66.430
67.090
67.700
68.330
69.010
69.660
70.340
70.960
71.620
72.300
72.950
73.580
74.180
74.810
75.460
76.070
76.690
77.340
77.960
78.600
79.220
79.840
80.480
81.090
81.730
82.360
82.980
83.610
84.240
84.870
85.510
86.150
86.760
87.380
87.990
88.630
89.240
89.880
90.500
91.120
91.720
92.340
92.960
93.580
94.210
94.830
95.440
96.070
96.670
97.260
97.880
98.480
99.070
99.700
100.340
100.980
101.620
102.250
102.860
103.490
104.130
104.740
105.370
105.980
106.640
107.250
107.900
108.530
109.150
109.770
110.420
111.060
111.730
112.420
113.080
113.700
114.350
114.980
115.570
116.190
116.820
117.450
118.090
118.730
119.370
119.960
120.600
121.210
121.820
122.460
123.080
123.710
124.350
125.070
125.790
126.450
127.170
127.910
128.650
129.350
130.070
130.820
131.560
132.250
132.980
133.740
134.410
135.030
135.730
136.350
137.010
137.710
138.350
138.990
139.660
140.280
140.930
141.580
142.190
142.860
143.540
144.230
144.950
145.590
146.260
146.890
147.580
148.270
148.920
149.570
150.260
150.940
151.600
152.220
152.860
153.500
154.130
154.790
155.440
156.050
156.700
157.430
158.090
158.820
159.740
160.650
161.430
162.250
163.010
163.810
164.610
165.450
