0.260
0.830
1.420
1.980
2.590
3.170
3.730
4.320
4.900
5.480
6.040
6.610
7.170
7.750
8.340
8.910
9.470
10.070
10.650
11.250
11.830
12.390
12.960
13.530
14.130
14.750
15.330
15.930
16.510
17.090
17.680
18.270
18.860
19.440
20.030
20.620
21.210
21.800
22.380
22.970
23.550
24.150
24.730
25.340
25.890
26.480
27.080
27.650
28.250
28.840
29.440
30.040
30.640
31.200
31.800
32.390
32.980
33.590
34.170
34.770
35.350
35.940
36.510
37.100
37.710
38.310
38.880
39.470
40.090
40.670
41.260
41.880
42.470
43.080
43.690
44.290
44.900
45.510
46.120
46.690
47.290
47.890
48.480
49.080
49.680
50.270
50.860
51.470
52.100
52.710
53.330
53.920
54.540
55.160
55.750
56.350
56.980
57.600
58.210
58.820
59.440
60.060
60.680
61.320
61.930
62.590
63.200
63.840
64.450
65.050
65.710
66.310
66.970
67.580
68.190
68.820
69.440
70.070
70.690
71.310
71.890
72.530
73.150
73.760
74.360
75.000
75.600
76.200
76.810
77.430
78.050
78.660
79.300
79.890
80.510
81.130
81.740
82.390
83.010
83.640
84.280
84.910
85.520
86.160
86.790
87.410
88.030
88.650
89.260
89.900
90.520
91.180
91.810
92.390
93.000
93.620
94.240
94.850
95.450
96.050
96.680
97.290
97.880
98.480
99.110
99.710
100.330
100.960
101.570
102.190
102.800
103.420
104.040
104.670
105.280
105.880
106.510
107.160
107.820
108.420
109.040
109.660
110.290
110.900
111.520
112.140
112.780
113.390
114.000
114.620
115.270
115.910
116.540
117.150
117.810
118.410
119.070
119.690
120.330
120.940
121.580
122.260
122.910
123.530
124.160
124.800
125.440
126.080
126.700
127.320
127.960
128.600
129.250
129.860
130.520
131.160
131.780
132.420
133.080
133.730
134.350
134.990
135.650
136.260
136.930
137.590
138.250
138.890
139.530
140.170
140.820
141.500
142.110
142.780
143.460
144.120
144.780
145.410
146.020
146.660
147.300
147.970
148.620
149.250
149.890
150.520
151.160
151.800
152.410
153.060
153.670
154.290
154.930
155.560
156.160
156.790
157.410
158.030
158.680
159.290
159.930
160.570
161.190
161.840
162.500
163.120
163.780
164.390
165.040
165.650
166.290
166.940
167.580
168.210
168.840
169.500
170.130
170.750
171.380
172.000
172.640
173.260
173.870
174.520
175.120
175.740
176.380
176.990
177.610
178.260
178.950
179.560
180.240
180.890
181.540
182.170
182.830
183.480
184.150
184.790
185.440
186.100
186.740
187.390
188.050
188.660
189.280
189.880
190.520
191.120
191.760
192.350
192.970
193.560
194.160
194.740
195.380
195.960
196.590
197.220
197.840
198.490
199.140
199.770
200.400
201.030
201.650
202.260
202.870
203.490
204.130
204.740
205.360
205.980
206.630
207.340
207.980
208.740
209.550
210.300
211.070
211.850
212.580
213.360
214.120
214.910
215.730
216.500
217.300
218.090
218.880
219.650
220.470
221.340
222.180
