0.510
1.180
1.850
2.500
3.150
3.830
4.520
5.250
5.950
6.630
7.350
8.060
8.760
9.500
10.180
10.880
11.610
12.310
13.030
13.730
14.430
15.140
15.870
16.580
17.310
18.020
18.710
19.390
20.100
20.830
21.530
22.240
22.950
23.660
24.380
25.060
25.770
26.470
27.180
27.890
28.610
29.300
30.020
30.720
31.450
32.110
32.850
33.560
34.270
34.970
35.680
36.380
37.070
37.780
38.460
39.150
39.850
40.570
41.240
41.940
42.660
43.370
44.060
44.760
45.440
46.140
46.870
47.540
48.240
48.940
49.600
50.310
51.010
51.700
52.400
53.110
53.810
54.510
55.210
55.910
56.610
57.310
58.000
58.690
59.400
60.090
60.790
61.520
62.180
62.910
63.590
64.290
64.990
65.680
66.410
67.120
67.790
68.490
69.190
69.890
70.580
71.260
71.970
72.670
73.380
74.070
74.770
75.470
76.170
76.900
77.580
78.280
78.980
79.690
80.400
81.090
81.780
82.490
83.150
83.860
84.540
85.250
85.950
86.630
87.350
88.040
88.740
89.440
90.170
90.900
91.600
92.280
92.970
93.690
94.390
95.100
95.810
96.510
97.200
97.890
98.610
99.330
100.020
100.720
101.390
102.080
102.790
103.480
104.180
104.860
105.570
106.230
106.960
107.610
108.320
109.050
109.750
110.440
111.120
111.830
112.460
113.130
113.770
114.400
