0.290
0.750
1.210
1.700
2.160
2.640
3.120
3.600
4.080
4.570
5.060
5.530
6.010
6.480
6.970
7.450
7.940
8.420
8.910
9.390
9.870
10.320
10.790
11.260
11.700
12.170
12.650
13.110
13.580
14.050
14.530
14.990
15.470
15.930
16.390
16.880
17.330
17.800
18.270
18.740
19.210
19.690
20.140
20.610
21.100
21.560
22.020
22.490
22.970
23.440
23.900
24.370
24.810
25.270
25.720
26.150
26.610
27.090
27.580
28.070
28.560
29.030
29.520
30.010
30.490
30.950
31.440
31.900
32.380
32.850
33.340
33.820
34.310
34.790
35.270
35.730
36.190
36.690
37.160
37.630
38.100
38.580
39.050
39.490
39.960
40.430
40.880
41.360
41.840
42.320
42.790
43.230
43.690
44.150
44.620
45.080
45.540
46.010
46.470
46.930
47.410
47.890
48.380
48.830
49.290
49.750
50.220
50.680
51.150
51.610
52.090
52.560
53.020
53.480
53.940
54.400
54.870
55.360
55.830
56.320
56.800
57.290
57.760
58.240
58.720
59.190
59.660
60.140
60.620
61.090
61.560
62.030
62.500
62.970
63.430
63.920
64.380
64.850
65.330
65.800
66.280
66.750
67.220
67.700
68.170
68.640
69.100
69.560
70.030
70.520
70.990
71.460
71.930
72.390
72.850
73.330
73.790
74.260
74.740
75.210
75.680
76.160
76.620
77.070
77.540
77.990
78.470
78.930
79.400
79.880
80.350
80.820
81.280
81.740
82.210
82.680
83.160
83.640
84.080
84.550
85.020
85.500
85.950
86.440
86.900
87.380
87.850
88.310
88.780
89.240
89.710
90.170
90.640
91.090
91.540
92.020
92.480
92.940
93.420
93.880
94.350
94.820
95.280
95.750
96.220
96.670
97.130
97.600
98.040
98.510
98.960
99.420
99.850
100.330
100.780
101.270
101.730
102.190
102.650
103.120
103.580
104.040
104.500
104.960
105.420
105.870
106.330
106.770
107.230
107.680
108.150
108.600
109.060
109.530
109.990
110.450
110.930
111.410
111.880
112.340
112.810
113.280
113.750
114.200
114.660
115.120
115.590
116.050
116.510
116.980
117.450
117.930
118.380
118.870
119.320
119.800
120.260
120.740
121.190
121.650
122.100
122.590
123.050
123.510
123.980
124.440
124.900
125.370
125.830
126.310
126.770
127.220
127.680
128.130
128.600
129.050
129.520
129.970
130.400
130.870
131.330
131.790
132.240
132.690
133.150
133.600
134.040
134.510
134.970
135.420
135.880
136.340
136.790
137.270
137.740
138.210
138.660
139.120
139.580
140.040
140.510
140.980
141.440
141.900
142.340
142.800
143.280
143.740
144.190
144.640
145.120
145.570
146.030
146.570
147.100
147.570
148.090
148.570
149.050
149.510
149.970
150.420
150.880
151.330
151.790
152.270
152.750
153.220
153.680
154.140
154.610
155.080
155.560
156.040
156.530
156.990
157.470
157.970
158.500
158.970
159.500
159.990
160.470
160.930
161.410
161.880
162.330
162.800
163.250
163.720
164.170
164.630
165.090
165.550
166.000
166.480
166.940
167.390
167.850
168.310
168.750
169.210
169.670
170.120
170.590
171.040
171.500
171.960
172.420
172.890
173.330
173.800
174.270
174.760
175.220
175.690
176.140
176.610
177.060
177.530
177.990
178.450
178.920
179.380
179.840
180.290
180.740
181.220
181.660
182.110
182.550
183.020
183.470
183.910
184.350
184.820
185.250
185.700
186.120
186.570
187.030
187.480
187.920
188.370
188.840
189.270
189.730
190.190
190.650
191.120
191.590
192.070
192.530
193.000
193.460
193.920
194.390
194.840
195.280
195.740
196.220
196.700
197.170
197.620
198.060
198.510
198.960
199.420
199.900
200.350
200.810
201.270
201.720
202.200
202.660
203.000
203.340
203.680
204.000
204.360
204.690
205.020
205.340
205.660
206.000
206.350
206.690
207.020
207.370
207.710
208.050
208.400
208.750
209.110
209.450
209.790
210.140
210.600
211.040
211.470
211.930
212.380
212.830
213.290
213.760
214.210
214.690
215.150
215.600
216.070
216.580
217.070
217.540
218.030
218.480
218.950
219.400
219.830
220.280
220.750
221.190
221.610
222.060
222.500
222.950
223.380
223.810
224.270
224.700
225.160
225.640
226.100
226.560
227.010
227.480
227.920
228.380
228.840
229.320
229.760
230.220
230.650
231.110
231.550
232.000
232.450
232.860
233.290
233.740
234.190
234.620
235.070
235.510
235.980
236.420
236.860
237.330
237.790
238.250
238.690
239.110
239.550
239.980
240.450
240.900
241.360
241.820
242.290
242.740
243.190
243.620
244.050
244.510
244.970
245.420
245.870
246.350
246.790
247.260
247.730
248.190
248.640
249.090
249.550
250.000
250.450
250.900
251.360
251.820
252.280
252.720
253.190
253.630
254.080
254.530
254.980
255.450
255.890
256.330
256.800
257.260
257.710
258.160
258.550
258.910
259.310
259.670
260.050
260.460
260.850
261.230
261.610
262.020
262.440
262.850
263.270
263.690
264.120
264.540
264.940
265.370
265.810
266.270
266.720
267.170
267.640
268.100
268.540
269.000
269.480
269.940
270.390
270.830
271.290
271.750
272.200
272.640
273.100
273.550
274.010
274.470
274.890
275.330
275.780
276.240
276.680
277.150
277.580
278.050
278.490
278.950
279.400
279.850
280.290
280.740
281.190
281.650
282.100
282.550
283.000
283.480
283.930
284.400
284.870
285.330
285.810
286.270
286.760
287.220
287.670
288.130
288.580
289.060
289.540
290.070
290.550
291.060
291.530
291.980
292.470
292.940
293.390
293.880
294.370
294.840
295.310
295.810
296.290
296.760
297.280
297.760
298.190
298.660
299.110
299.570
300.030
300.470
300.930
301.400
301.870
302.320
302.760
303.200
303.660
304.110
304.570
305.040
305.490
305.950
306.410
306.850
307.300
307.750
308.200
308.650
309.120
309.580
310.020
310.480
310.920
311.390
311.820
312.310
312.780
313.270
313.760
314.220
314.720
315.180
315.660
316.120
316.600
317.080
317.570
318.040
318.510
318.980
319.440
319.930
320.400
320.860
321.300
321.760
322.230
322.700
323.150
323.630
324.090
324.560
325.010
325.490
325.960
326.420
326.880
327.340
327.800
328.260
328.730
329.180
329.640
330.120
330.580
331.040
331.510
331.980
332.440
332.900
333.360
333.820
334.270
334.730
335.180
335.620
336.090
336.530
336.980
337.440
337.900
338.370
338.820
339.290
339.730
340.210
340.650
341.110
341.570
342.030
342.480
342.950
343.410
343.870
344.320
344.790
345.230
345.670
346.110
346.590
347.050
347.490
347.950
348.400
348.840
349.300
349.770
350.230
350.700
351.150
351.620
352.070
352.510
352.970
353.450
353.910
354.370
354.830
355.290
355.740
356.190
356.660
357.120
357.590
358.060
358.510
358.960
359.430
359.890
360.350
360.810
361.280
361.740
362.190
362.630
363.100
363.560
364.050
364.510
364.970
365.420
365.890
366.350
366.810
367.270
367.730
368.190
368.660
369.100
369.540
370.000
370.440
370.890
371.360
371.810
372.270
372.720
373.190
373.660
374.120
374.590
375.060
375.540
376.020
376.490
376.970
377.440
377.920
378.410
378.900
379.400
379.890
380.370
380.870
381.320
381.810
382.270
382.730
383.210
383.680
384.150
384.620
385.090
385.540
386.020
386.490
386.950
387.410
387.880
388.340
388.810
389.300
389.760
390.230
390.690
391.170
391.630
392.100
392.550
393.010
393.440
393.920
394.380
394.830
395.290
395.760
396.220
396.670
397.120
397.590
398.050
398.520
398.980
399.440
399.890
400.340
400.790
401.260
401.710
402.160
402.630
403.080
403.560
403.990
404.440
404.910
405.370
405.830
406.300
406.780
407.260
407.760
408.240
408.710
409.200
409.670
410.120
410.580
411.060
411.510
411.940
412.390
412.860
413.310
413.760
414.200
414.640
415.100
415.570
416.040
416.490
416.960
417.450
417.920
418.330
418.780
419.180
419.610
420.020
420.460
420.860
421.290
421.730
422.160
422.590
423.060
423.490
423.940
424.390
424.860
425.310
425.760
426.190
426.640
427.130
427.590
428.050
428.520
429.010
429.480
429.930
430.400
430.890
431.360
431.810
