0.690
1.630
2.550
3.490
4.400
5.390
6.330
7.240
8.190
9.240
10.330
11.240
12.150
13.040
13.940
14.780
15.620
16.440
17.340
18.170
19.000
19.910
20.880
21.850
22.710
23.600
24.530
25.320
26.190
26.980
27.790
28.650
29.450
30.340
31.240
32.180
33.010
33.900
34.850
35.860
36.790
37.720
38.720
39.660
40.690
41.700
42.740
43.770
44.800
45.790
46.800
47.710
48.720
49.660
50.580
51.560
52.380
53.240
54.110
54.970
55.860
56.710
57.610
58.530
59.480
60.420
61.300
62.130
63.040
63.890
64.870
65.830
66.740
67.740
68.670
69.600
70.590
71.600
72.550
73.530
74.530
75.510
76.440
77.480
78.550
79.600
80.620
81.580
82.630
83.600
84.550
85.540
86.530
87.570
88.520
89.450
90.490
91.450
92.430
93.350
94.350
95.300
96.170
97.070
98.040
98.990
100.080
101.100
102.060
103.110
104.070
104.990
105.940
106.920
107.910
108.820
109.710
110.670
111.630
112.550
113.510
114.540
115.460
116.490
117.510
118.460
119.500
120.420
121.410
122.320
123.250
124.160
125.090
126.010
127.040
128.020
129.000
129.970
130.980
131.930
132.840
133.800
134.710
135.600
136.480
137.400
138.270
139.150
140.060
141.000
141.960
142.860
143.800
144.800
145.730
146.630
147.590
148.490
149.500
150.490
151.470
152.550
153.450
154.370
155.300
156.290
157.330
158.280
159.320
160.330
161.300
162.280
163.270
164.150
165.030
165.980
166.870
167.830
168.730
169.630
170.560
171.500
172.520
173.430
174.380
175.260
176.220
177.110
178.030
178.990
179.900
180.850
181.790
182.710
183.650
184.530
185.390
186.290
187.220
188.090
188.950
189.800
190.690
191.640
192.550
193.400
194.310
195.190
196.100
197.010
197.900
198.810
199.720
200.540
201.450
202.330
203.170
203.970
204.780
205.570
206.380
207.170
208.030
208.900
209.740
210.570
211.440
212.260
213.070
213.910
214.710
215.560
216.350
217.170
218.050
218.860
219.670
220.310
220.950
221.610
222.210
222.850
223.490
224.110
224.720
225.360
225.980
226.550
227.140
227.700
228.260
228.860
229.450
230.010
230.600
231.180
231.770
232.330
232.910
233.480
234.060
234.650
235.220
235.830
236.360
236.920
237.490
238.070
238.620
239.140
239.720
240.250
240.810
241.350
241.890
242.440
242.990
243.520
244.060
244.610
245.170
245.720
246.240
246.770
247.300
247.820
248.420
249.050
249.620
250.400
251.200
251.990
252.740
253.500
254.290
255.200
256.110
256.990
257.860
258.750
259.700
260.650
261.600
262.540
263.520
264.540
265.560
266.490
267.440
268.430
269.340
270.280
271.260
272.250
273.200
274.080
275.000
275.930
276.870
277.740
278.580
279.400
280.290
281.090
281.960
282.740
283.570
284.380
285.160
285.940
286.750
287.630
288.500
289.320
290.230
291.060
291.930
292.810
293.600
294.410
295.210
296.010
296.840
