0.320
0.900
1.480
2.060
2.660
3.250
3.850
4.450
5.050
5.660
6.280
6.870
7.460
8.070
8.710
9.310
9.950
10.510
11.090
11.670
12.220
12.790
13.390
14.030
14.690
15.340
15.980
16.590
17.200
17.770
18.370
18.950
19.540
20.140
20.750
21.370
21.990
22.600
23.210
23.800
24.530
25.240
25.870
26.470
27.090
27.690
28.280
28.900
29.480
30.090
30.680
31.260
31.830
32.400
33.020
33.630
34.230
34.790
35.410
36.000
36.550
37.130
37.700
38.280
38.830
39.390
39.980
40.550
41.110
41.690
42.240
42.820
43.380
43.940
44.510
45.090
45.670
46.230
46.800
47.370
47.940
48.490
49.090
49.630
50.210
50.750
51.330
51.910
52.480
53.030
53.560
54.100
54.660
55.240
55.810
56.370
56.920
57.470
58.060
58.610
59.180
59.760
60.340
60.870
61.440
62.000
62.580
63.140
63.680
64.270
64.830
65.380
65.950
66.540
67.120
67.670
68.240
68.810
69.400
69.980
70.570
71.140
71.740
72.350
72.900
73.460
74.020
74.610
75.160
75.710
76.260
76.850
77.400
77.960
78.520
79.100
79.650
80.230
80.780
81.320
81.880
82.440
82.960
83.530
84.060
84.630
85.190
85.740
86.300
86.870
87.410
87.970
88.530
89.110
89.640
90.200
90.760
91.320
91.880
92.400
92.970
93.510
94.100
94.650
95.210
95.800
96.360
96.890
97.410
97.950
98.520
99.060
99.580
100.130
100.660
101.220
101.760
102.300
102.880
103.430
103.950
104.520
105.050
105.600
106.150
106.690
107.260
107.800
108.340
108.890
109.450
110.030
110.590
111.110
111.680
112.240
112.770
113.340
113.890
114.450
114.980
115.540
116.120
116.660
117.210
117.750
118.310
118.870
119.440
120.010
120.590
121.130
121.720
122.350
122.980
123.580
124.220
124.800
125.350
125.910
126.440
126.980
127.530
128.100
128.650
129.230
129.820
130.390
130.950
131.520
132.100
132.660
133.240
133.820
134.390
134.970
135.480
136.020
136.590
137.120
137.700
138.240
138.800
139.350
139.900
140.440
140.980
141.510
142.040
142.570
143.120
143.680
144.300
144.960
145.580
146.160
146.700
147.280
147.830
148.380
148.920
149.460
149.990
150.550
151.100
151.640
152.150
152.720
153.250
153.790
154.300
154.840
155.370
155.910
156.440
156.990
157.520
158.040
158.570
159.100
159.610
160.150
160.680
161.220
161.760
162.270
162.810
163.340
163.900
164.450
164.980
165.510
166.070
166.630
167.160
167.680
168.230
168.780
169.310
169.850
170.390
170.890
171.430
171.960
172.510
173.030
173.600
174.130
174.680
175.200
175.710
176.250
176.770
177.320
177.840
178.380
178.910
179.420
179.960
180.500
181.050
181.580
182.110
182.650
183.180
183.710
184.240
184.770
185.300
185.830
186.360
186.900
187.430
187.950
188.490
189.010
189.540
190.060
190.500
190.950
191.400
191.900
192.440
192.970
193.470
194.000
194.510
195.020
195.540
196.040
196.570
197.080
197.600
198.110
198.630
199.170
199.690
200.220
200.740
201.250
201.760
202.280
202.790
203.300
203.810
204.320
204.850
205.350
205.870
206.380
206.890
207.410
207.920
208.420
208.930
209.460
209.980
210.480
211.010
211.540
212.060
212.570
213.090
213.620
214.130
214.670
215.190
215.730
216.250
216.770
217.280
217.800
218.310
218.820
219.350
219.830
220.360
220.860
221.390
221.870
222.390
222.920
223.440
223.980
224.480
225.000
225.510
226.010
226.520
227.030
227.530
228.040
228.550
229.100
229.610
230.100
230.610
231.120
231.650
232.190
232.710
233.250
233.750
234.230
234.740
235.230
235.720
236.210
236.720
237.210
237.680
238.190
238.670
239.160
239.650
240.160
240.660
241.130
241.620
242.130
242.630
243.100
243.590
244.070
244.540
245.040
245.500
245.990
246.500
247.040
247.560
248.050
248.580
249.070
249.540
250.030
250.520
251.030
251.540
252.050
252.570
253.070
253.550
254.070
254.550
255.060
255.540
256.030
256.530
257.020
257.550
258.040
258.550
259.020
259.500
260.010
260.510
261.020
261.510
262.010
262.520
263.000
263.510
264.020
264.490
264.970
265.500
265.970
266.480
266.970
267.450
267.930
268.440
268.910
269.400
269.900
270.380
270.880
271.360
271.860
272.350
272.840
273.330
273.810
274.310
274.810
275.310
275.780
276.220
276.690
277.200
277.690
278.170
278.640
279.130
279.650
280.130
280.620
281.130
281.600
282.110
282.570
283.100
283.570
284.070
284.540
285.010
285.490
286.010
286.480
286.970
287.470
287.960
288.450
288.960
289.450
289.900
290.370
290.850
291.330
291.800
292.260
292.740
293.210
293.690
294.160
294.640
295.140
295.620
296.130
296.610
297.080
297.550
298.000
298.480
298.980
299.450
299.910
300.380
300.850
301.340
301.810
302.260
302.760
303.230
303.700
304.200
304.660
305.150
305.640
306.120
306.590
307.080
307.560
308.030
308.520
308.980
309.460
309.940
310.420
310.890
311.370
311.830
312.310
312.760
313.250
313.700
314.170
314.640
315.120
315.570
316.050
316.530
317.000
317.470
317.970
318.440
318.930
319.380
319.850
320.320
320.760
321.230
321.700
322.150
322.610
323.080
323.560
324.040
324.500
324.970
325.470
325.950
326.430
326.910
327.390
327.860
328.340
328.820
329.320
329.810
330.300
330.750
331.220
331.700
332.170
332.650
333.160
333.650
334.110
334.560
335.030
335.490
335.980
336.450
336.900
337.380
337.860
338.330
338.800
339.240
339.700
340.170
340.690
341.160
341.650
342.130
342.620
343.080
343.560
344.030
344.520
344.990
345.470
345.940
346.410
346.900
347.360
347.860
348.370
348.840
349.350
349.850
350.330
350.830
351.340
351.830
352.320
352.820
353.300
353.810
354.320
354.840
355.350
355.840
356.380
356.850
357.340
357.840
358.350
358.840
359.330
359.850
360.340
360.830
361.320
361.810
362.310
362.810
363.320
363.820
364.320
364.800
365.330
365.790
366.300
366.790
367.250
367.740
368.230
368.680
369.150
369.650
370.140
370.640
371.140
371.660
372.150
372.650
373.130
373.650
374.160
374.640
375.140
375.650
376.140
376.630
377.150
377.620
378.130
378.630
379.110
379.610
380.090
380.540
381.010
381.490
382.000
382.470
382.960
383.460
383.950
384.440
384.910
385.440
385.910
386.420
386.920
387.430
387.940
388.440
388.920
389.430
389.940
390.410
390.930
391.430
391.920
392.430
392.920
393.430
393.950
394.430
394.920
395.430
395.950
396.450
396.950
397.450
397.920
398.420
398.920
399.440
399.940
400.430
400.920
401.420
401.920
402.410
402.900
403.400
403.910
404.410
404.910
405.390
405.890
406.380
406.870
407.350
407.830
408.310
408.780
409.270
409.760
410.230
410.710
411.180
411.650
412.120
412.560
413.040
413.490
413.950
414.410
414.880
415.310
415.770
416.230
416.690
417.160
417.620
418.090
418.540
419.020
419.510
420.000
420.480
420.940
421.420
421.880
422.340
422.810
423.300
423.760
424.230
424.690
425.160
425.630
426.090
426.560
427.030
427.490
427.950
428.430
428.910
429.360
429.840
430.290
430.770
431.220
431.690
432.150
432.610
433.080
433.540
434.010
434.480
434.950
435.430
435.890
436.360
436.820
437.290
437.750
438.220
438.680
439.140
439.600
440.070
440.530
441.000
441.460
441.930
442.380
442.850
443.300
443.780
444.240
444.680
445.160
445.610
446.070
446.530
446.980
447.430
447.890
448.350
448.830
449.290
449.760
450.220
450.680
451.140
451.590
452.030
452.480
452.950
453.380
453.840
454.300
454.750
455.190
455.630
456.080
456.560
457.010
457.460
457.920
458.400
458.870
459.310
459.780
460.240
460.710
461.160
461.610
462.060
462.500
462.960
463.450
463.900
464.370
464.830
465.280
465.740
466.200
466.670
467.130
467.580
468.040
468.500
468.960
469.420
469.880
470.350
470.810
471.260
471.730
472.160
472.630
473.060
473.520
473.980
474.430
474.890
475.350
475.800
476.250
476.720
477.190
477.650
478.130
478.620
479.100
479.550
480.010
480.480
480.930
481.390
481.870
482.340
482.820
483.270
483.730
484.200
484.660
485.120
485.600
486.060
486.530
486.990
487.440
487.890
488.370
488.820
489.270
489.730
490.170
490.620
491.080
491.530
491.990
492.440
492.930
493.380
493.840
494.290
494.760
495.220
495.670
496.130
496.600
497.050
497.520
497.980
498.440
498.900
499.350
499.820
500.300
500.770
501.250
501.720
502.180
502.660
503.100
503.570
504.030
504.470
504.920
505.380
505.850
506.310
506.770
507.240
507.720
508.200
508.650
509.120
509.580
510.040
510.480
510.940
511.420
511.850
512.320
512.770
513.220
513.650
514.100
514.530
515.000
515.450
515.910
516.360
516.820
517.250
517.700
518.130
518.590
519.060
519.520
519.970
520.420
520.880
521.350
521.810
522.300
522.760
523.240
523.710
524.170
524.650
525.110
525.580
526.100
526.580
527.070
527.540
528.000
528.460
528.950
529.420
529.920
530.400
530.880
531.350
531.820
532.300
532.790
533.300
533.790
534.250
534.720
535.200
535.720
536.210
536.720
537.250
537.790
538.330
538.830
539.360
539.860
540.360
540.900
541.410
541.930
542.450
542.940
543.450
543.980
544.490
545.000
545.530
546.050
546.570
547.070
547.560
548.050
548.570
549.070
549.600
550.120
550.630
551.130
551.620
552.130
552.680
553.180
553.700
554.230
554.760
555.260
555.800
556.300
556.790
557.310
557.820
558.340
558.860
559.380
559.890
560.400
560.910
561.400
561.920
562.460
562.990
563.480
564.000
564.490
564.990
565.490
565.990
566.500
567.000
567.510
568.000
568.490
568.990
569.490
570.000
570.530
571.030
571.530
572.040
572.520
573.030
573.520
573.990
574.490
574.980
575.470
575.960
576.430
576.950
577.450
577.950
578.450
578.940
579.450
579.920
580.420
580.920
581.380
581.880
582.390
582.880
583.350
583.850
584.360
584.880
585.410
585.890
586.430
586.930
587.420
587.960
588.440
588.970
589.490
589.970
590.500
591.000
591.520
592.020
592.500
593.030
593.530
594.050
594.580
595.100
595.580
596.120
596.620
597.120
597.620
598.140
598.670
599.140
599.660
600.150
600.660
601.160
601.690
602.190
602.710
603.230
603.730
604.230
604.740
605.250
605.770
606.270
606.770
607.300
607.800
608.310
608.800
609.280
609.780
610.250
610.760
611.260
611.740
612.240
612.720
613.180
613.680
614.140
614.640
615.150
615.610
616.100
616.570
617.080
617.560
618.060
618.560
619.050
619.530
620.020
620.500
620.970
621.450
621.910
622.390
622.880
623.360
623.820
624.300
624.780
625.240
625.700
626.170
626.660
627.130
627.590
628.040
628.500
628.980
629.420
629.900
630.360
630.810
631.280
631.730
632.180
632.650
633.110
633.590
634.070
634.530
635.000
635.470
635.940
636.400
636.870
637.340
637.810
638.280
638.750
639.210
639.670
640.140
640.600
641.070
641.550
642.010
642.460
642.930
643.380
643.840
644.320
644.760
645.230
645.690
646.150
646.610
647.070
647.530
647.980
648.470
648.950
649.420
649.870
650.340
650.790
651.270
651.730
652.180
652.640
653.100
653.570
654.020
654.460
654.920
655.340
655.790
656.250
656.710
657.160
657.590
658.040
658.500
658.950
659.390
659.860
660.310
660.760
661.210
661.660
662.120
662.570
663.030
663.500
663.950
664.400
664.860
665.320
665.790
666.260
666.740
667.200
667.650
668.100
668.540
669.020
669.470
669.910
670.370
670.820
671.280
671.710
672.170
672.640
673.100
673.560
674.000
674.460
674.920
675.400
675.850
676.300
676.770
677.250
677.730
678.200
678.650
679.130
679.600
680.110
680.590
681.080
681.560
682.070
682.550
683.010
683.500
684.010
684.520
684.990
685.500
685.990
686.490
686.980
687.450
687.930
688.460
688.950
689.480
689.980
690.590
691.240
691.900
692.510
693.200
693.950
694.730
695.540
696.360
697.160
698.030
698.840
699.640
700.550
701.420
702.350
703.300
704.230
705.160
706.060
706.970
707.910
708.900
709.820
710.730
711.690
712.670
713.640
714.600
715.510
716.470
717.430
718.400
719.400
720.360
721.320
722.230
723.190
724.150
725.130
726.120
