0.630
1.280
1.920
2.520
3.150
3.770
4.380
4.980
5.590
6.210
6.780
7.400
8.000
8.600
9.210
9.830
10.410
11.030
11.640
12.250
12.870
13.460
14.060
14.660
15.270
15.870
16.460
17.050
17.660
18.260
18.850
19.450
20.040
20.660
21.250
21.850
22.450
23.050
23.680
24.270
24.860
25.460
26.050
26.620
27.210
27.830
28.410
29.000
29.590
30.200
30.820
31.420
32.040
32.640
33.230
33.840
34.430
35.040
35.640
36.260
36.880
37.470
38.080
38.700
39.280
39.910
40.500
41.110
41.710
42.310
42.910
43.510
44.110
44.710
45.310
45.900
46.500
47.080
47.660
48.240
48.840
49.450
50.040
50.620
51.200
51.790
52.390
52.990
53.570
54.160
54.750
55.360
55.960
56.550
57.120
57.730
58.330
58.930
59.520
60.120
60.740
61.330
61.930
62.530
63.120
63.730
64.340
64.930
65.530
66.120
66.730
67.310
67.910
68.510
69.120
69.700
70.300
70.900
71.510
72.110
72.700
73.310
73.910
74.490
75.090
75.690
76.280
76.880
77.460
78.040
78.630
79.240
79.830
80.420
81.010
81.600
82.170
82.760
83.350
83.930
84.510
85.110
85.690
86.270
86.860
87.460
88.050
88.650
89.230
89.850
90.440
91.030
91.630
92.220
92.810
93.410
93.990
94.570
95.160
95.770
96.360
96.950
97.520
98.120
98.700
99.300
99.890
100.490
101.090
101.690
102.280
102.880
103.480
104.070
104.660
105.240
105.820
106.430
107.030
107.610
108.220
108.820
109.390
109.980
110.590
111.180
111.760
112.340
112.940
113.510
114.110
114.700
115.310
115.900
116.510
117.100
117.690
118.250
118.850
119.440
120.020
120.600
121.190
121.760
122.320
122.920
123.500
124.090
124.680
125.300
125.850
126.460
127.020
127.610
128.190
128.760
129.360
129.940
130.540
131.110
131.720
132.310
132.910
133.480
134.060
134.670
135.250
135.840
136.420
137.020
137.600
138.200
138.780
139.370
139.950
140.520
141.120
141.690
142.280
142.850
143.440
144.020
144.590
145.190
145.790
146.390
146.970
147.550
148.130
148.720
149.280
149.870
150.450
151.030
151.620
152.210
152.790
153.370
153.980
154.560
155.130
155.720
156.290
156.880
157.460
158.050
158.630
159.220
159.800
160.380
160.980
161.550
162.110
162.720
163.290
163.850
164.420
165.020
165.590
166.170
166.760
167.320
167.910
168.480
169.060
169.650
170.230
170.810
171.400
171.950
172.550
173.130
173.710
174.320
174.920
175.480
176.080
176.680
177.270
177.830
178.420
179.000
179.580
180.160
180.730
181.320
181.900
182.490
183.060
183.620
184.190
184.760
185.330
185.920
186.480
187.080
187.670
188.260
188.830
189.400
189.930
190.540
191.120
191.710
192.300
192.880
193.470
194.040
194.630
195.210
195.780
196.370
196.970
197.560
198.140
198.720
199.290
199.860
200.450
201.030
201.600
202.180
202.750
203.340
203.930
204.490
205.080
205.660
206.240
206.830
207.410
207.980
208.560
209.170
209.730
210.310
210.900
211.470
212.070
212.630
213.230
213.790
214.380
214.970
215.540
216.130
216.700
217.260
217.840
218.450
219.010
219.590
220.180
220.750
221.320
221.890
222.460
223.040
223.640
224.220
224.800
225.380
225.960
226.540
227.110
227.690
228.290
228.860
229.430
230.020
230.590
231.180
231.760
232.340
232.940
233.510
234.090
234.680
235.240
235.810
236.400
236.990
237.590
238.150
238.720
239.300
239.860
240.430
241.030
241.600
242.180
242.750
243.350
243.910
244.480
245.050
245.590
246.160
246.760
247.320
247.880
248.450
249.050
249.630
250.220
250.810
251.370
251.950
252.540
253.120
253.690
254.260
254.840
255.440
256.040
256.620
257.230
257.800
258.360
258.960
259.540
260.100
260.700
261.270
261.850
262.430
263.000
263.580
264.130
264.730
265.300
265.870
266.410
266.980
267.540
268.100
268.680
269.240
269.810
270.400
270.970
271.550
272.120
272.710
273.280
273.850
274.440
275.000
275.570
276.140
276.720
277.290
277.880
278.460
279.050
279.610
280.190
280.760
281.340
281.920
282.480
283.080
283.660
284.240
284.790
285.370
285.940
286.500
287.060
287.640
288.210
288.800
289.360
289.920
290.500
291.070
291.640
292.240
292.800
293.390
293.990
294.580
295.170
295.760
296.330
296.910
297.500
298.070
298.630
299.210
299.750
300.300
300.890
301.450
302.010
302.610
303.180
303.760
304.340
304.920
305.470
306.050
306.600
307.170
307.750
308.330
308.890
309.470
310.050
310.630
311.200
311.780
312.350
312.910
313.480
314.060
314.640
315.230
315.820
316.400
317.000
317.560
318.130
318.700
319.290
319.870
320.440
321.020
321.580
322.160
322.730
323.280
323.850
324.440
325.010
325.590
326.150
326.720
327.290
327.850
328.430
329.010
329.560
330.130
330.700
331.270
331.840
332.410
332.990
333.570
334.150
334.710
335.290
335.860
336.450
337.020
337.610
338.170
338.770
339.330
339.930
340.480
341.080
341.660
342.220
342.780
343.380
343.940
344.500
345.070
345.650
346.200
346.770
347.360
347.930
348.500
349.060
349.630
350.190
350.740
351.310
351.860
352.440
352.990
353.580
354.140
354.700
355.240
355.770
356.360
356.940
357.500
358.070
358.650
359.230
359.790
360.370
360.940
361.500
362.080
362.650
363.220
363.780
364.300
364.850
365.460
366.040
366.610
367.180
367.730
368.300
368.870
369.430
370.010
370.590
371.160
371.720
372.300
372.900
373.480
374.110
374.700
375.280
375.900
376.530
377.160
377.770
378.400
379.000
379.610
380.220
380.810
381.400
381.990
382.610
383.190
383.790
384.410
385.010
385.630
386.220
386.840
387.470
388.060
388.640
389.250
389.810
