0.240
0.550
0.850
1.170
1.480
1.790
2.100
2.410
2.710
3.020
3.330
3.640
3.940
4.240
4.540
4.850
5.140
5.450
5.750
6.040
6.320
6.610
6.900
7.200
7.500
7.800
8.090
8.400
8.700
8.990
9.270
9.580
9.870
10.180
10.480
10.770
11.070
11.380
11.660
11.960
12.240
12.550
12.850
13.150
13.440
13.740
14.040
14.330
14.620
14.910
15.200
15.490
15.790
16.080
16.370
16.660
16.950
17.250
17.550
17.850
18.140
18.450
18.730
19.030
19.320
19.610
19.890
20.180
20.480
20.780
21.070
21.380
21.680
22.000
22.300
22.600
22.890
23.200
23.490
23.800
24.100
24.400
24.700
25.010
25.310
25.620
25.930
26.240
26.550
26.870
27.170
27.480
27.790
28.100
28.400
28.710
29.000
29.310
29.610
29.920
30.220
30.540
30.840
31.160
31.460
31.780
32.080
32.390
32.680
32.990
33.280
33.590
33.890
34.200
34.500
34.820
35.120
35.440
35.740
36.050
36.350
36.660
36.960
37.280
37.590
37.900
38.200
38.520
38.820
39.130
39.420
39.730
40.020
40.340
40.640
40.950
41.260
41.560
41.860
42.170
42.470
42.780
43.080
43.400
43.700
44.020
44.330
44.640
44.940
45.250
45.550
45.860
46.160
46.460
46.770
47.080
47.390
47.690
48.010
48.320
48.630
48.930
49.230
49.510
49.800
50.090
50.390
50.700
51.000
51.310
51.620
51.930
52.230
52.550
52.860
53.170
53.470
53.780
54.080
54.390
54.700
55.010
55.320
55.640
55.940
56.250
56.560
56.880
57.180
57.490
57.800
58.110
58.420
58.730
59.040
59.350
59.660
59.970
60.280
60.590
60.900
61.220
61.530
61.840
62.150
62.470
62.780
63.100
63.410
63.720
64.040
64.350
64.650
64.970
65.270
65.590
65.890
66.200
66.510
66.830
67.130
67.440
67.750
68.060
68.370
68.690
68.990
69.310
69.630
69.950
70.250
70.560
70.880
71.210
71.520
71.850
72.170
72.490
72.800
73.130
73.440
73.770
74.080
74.410
74.720
75.050
75.360
75.680
75.980
76.310
76.620
76.950
77.260
77.570
77.870
78.190
78.500
78.830
79.150
79.470
79.770
80.090
80.410
80.730
81.040
81.370
81.680
82.010
82.320
82.650
82.960
83.290
83.600
83.930
84.250
84.560
84.890
85.200
85.520
85.830
86.140
86.460
86.770
87.080
87.380
87.700
88.010
88.320
88.630
88.940
89.230
89.510
89.800
90.090
90.400
90.720
91.020
91.340
91.640
91.960
92.260
92.590
92.900
93.220
93.530
93.840
94.150
94.460
94.760
95.080
95.390
95.700
96.010
96.320
96.620
96.940
97.240
97.560
97.860
98.180
98.480
98.800
99.100
99.420
99.730
100.040
100.340
100.670
100.980
101.310
101.620
101.950
102.260
102.580
102.880
103.210
103.520
103.850
104.160
104.490
104.800
105.110
105.420
105.740
106.050
106.380
106.690
107.020
107.330
107.650
107.950
108.270
108.570
108.890
109.190
109.520
109.840
110.150
110.460
110.780
111.080
111.400
111.710
112.030
112.340
112.660
112.980
113.310
113.610
113.930
114.240
114.560
114.870
115.190
115.510
115.830
116.140
116.450
116.750
117.070
117.370
117.680
117.990
118.310
118.610
118.920
119.210
119.520
119.810
120.120
120.410
120.730
121.030
121.350
121.660
121.970
122.270
122.590
122.890
123.210
123.510
123.830
124.130
124.450
124.740
125.060
125.360
125.680
125.980
126.300
126.600
126.920
127.220
127.540
127.840
128.160
128.450
128.750
129.050
129.360
129.660
129.960
130.270
130.580
130.880
131.200
131.510
131.820
132.120
132.440
132.740
133.060
133.360
133.670
133.970
134.280
134.570
134.870
135.170
135.480
135.780
136.080
136.370
136.680
136.990
137.300
137.600
137.920
138.210
138.520
138.820
139.120
139.410
139.720
140.030
140.340
140.640
140.960
141.260
141.570
141.880
142.200
142.490
142.800
143.090
143.400
143.690
143.990
144.270
144.570
144.850
145.160
145.460
145.760
146.060
146.350
146.650
146.960
147.250
147.540
147.830
148.120
148.420
148.720
149.040
149.340
149.640
149.950
150.240
150.560
150.860
151.180
151.480
151.800
152.100
152.420
152.720
153.040
153.340
153.660
153.960
154.280
154.580
154.900
155.200
155.520
155.820
156.140
156.440
156.750
157.060
157.370
157.660
157.970
158.270
158.570
158.860
159.170
159.470
159.790
160.090
160.410
160.710
161.010
161.300
161.610
161.900
162.210
162.520
162.830
163.130
163.430
163.720
164.030
164.330
164.640
164.940
165.260
165.560
165.880
166.180
166.490
166.780
167.090
167.390
167.690
167.990
168.280
168.580
168.880
169.180
169.490
169.780
170.090
170.390
170.710
171.000
171.300
171.600
171.900
172.200
172.510
172.810
173.100
173.400
173.710
174.000
174.310
174.610
174.930
175.230
175.550
175.840
176.150
176.440
176.750
177.040
177.340
177.620
177.920
178.210
178.510
178.800
179.120
179.420
179.740
180.030
180.340
180.630
180.930
181.230
181.540
181.830
182.140
182.450
182.750
183.040
183.350
183.640
183.950
184.240
184.550
184.840
185.150
185.440
185.750
186.040
186.350
186.650
186.960
187.270
187.590
187.890
188.200
188.490
188.790
189.090
189.400
189.700
190.000
190.300
190.620
190.920
191.230
191.520
191.830
192.120
192.430
192.720
193.030
193.330
193.630
193.930
194.240
194.540
194.850
195.140
195.450
195.740
196.050
196.350
196.650
196.950
197.250
197.550
197.840
198.140
198.450
198.740
199.050
199.340
199.650
199.950
200.250
200.550
200.850
201.140
201.460
201.760
202.080
202.380
202.680
202.970
203.280
203.570
203.870
204.170
204.470
204.750
205.040
205.330
205.630
205.930
206.230
206.520
206.830
207.130
207.430
207.720
208.030
208.320
208.630
208.930
209.230
209.530
209.830
210.120
210.430
210.720
211.030
211.330
211.630
211.920
212.220
212.520
212.830
213.120
213.430
213.720
214.030
214.330
214.620
214.930
215.220
215.510
215.800
216.090
216.370
216.660
216.950
217.240
217.550
217.840
218.150
218.450
218.750
219.050
219.350
219.640
219.950
220.240
220.550
220.860
221.170
221.460
221.770
222.060
222.370
222.660
222.970
223.270
223.570
223.860
224.170
224.460
224.770
225.080
225.380
225.690
226.000
226.310
226.610
226.900
227.210
227.500
227.810
228.100
228.410
228.710
229.010
229.310
229.610
229.930
230.240
230.550
230.860
231.160
231.470
231.780
232.090
232.400
232.710
233.030
233.340
233.640
233.940
234.240
234.540
234.850
235.150
235.440
235.740
236.040
236.350
236.650
236.950
237.250
237.540
237.850
238.150
238.450
238.750
239.050
239.350
239.650
239.950
240.240
240.550
240.840
241.140
241.430
241.730
242.010
242.310
242.600
242.890
243.180
243.480
243.770
244.080
244.380
244.680
244.970
245.270
245.580
245.880
246.180
246.490
246.790
247.090
247.390
247.700
247.990
248.290
248.590
248.890
249.180
249.480
249.770
250.060
250.340
250.640
250.930
251.220
251.520
251.820
252.110
252.410
252.710
253.020
253.300
253.590
253.890
254.180
254.470
254.760
255.070
255.370
255.670
255.970
256.270
256.570
256.860
257.170
257.460
257.760
258.050
258.350
258.630
258.930
259.210
259.510
259.800
260.100
260.390
260.690
260.990
261.300
261.600
261.900
262.200
262.500
262.790
263.090
263.390
263.680
263.970
264.270
264.550
264.850
265.140
265.440
265.730
266.030
266.330
266.640
266.920
267.210
267.510
267.810
268.100
268.400
268.700
269.000
269.280
269.580
269.860
270.160
270.450
270.740
271.040
271.340
271.630
271.930
272.220
272.520
272.800
273.100
273.390
273.680
273.970
274.260
274.550
274.840
275.120
275.420
275.700
276.000
276.280
276.590
276.880
277.180
277.470
277.770
278.050
278.350
278.630
278.930
279.220
279.510
279.790
280.080
280.350
280.630
280.910
281.200
281.480
281.760
282.050
282.340
282.630
282.920
283.210
283.490
283.780
284.080
284.370
284.680
284.970
285.260
285.550
285.840
286.120
286.420
286.700
286.990
287.290
287.580
287.870
288.160
288.450
288.740
289.040
289.340
289.630
289.930
290.230
290.520
290.810
291.100
291.390
291.690
291.980
292.270
292.560
292.850
293.140
293.440
293.740
294.050
294.340
294.620
294.910
295.210
295.500
295.810
296.100
296.410
296.690
296.990
297.280
297.570
297.870
298.170
298.460
298.760
299.050
299.350
299.640
299.940
300.230
300.540
300.830
301.130
301.420
301.700
302.000
302.290
302.590
302.890
303.180
303.480
303.780
304.090
304.380
304.690
304.980
305.270
305.550
305.840
306.130
306.430
306.720
307.010
307.290
307.590
307.870
308.180
308.470
308.780
309.060
309.350
309.640
309.940
310.220
310.510
310.800
311.090
311.390
311.680
311.970
312.260
312.550
312.850
313.140
313.440
313.730
314.020
314.310
314.610
314.890
315.190
315.470
315.770
316.060
316.350
316.640
316.930
317.210
317.510
317.800
318.090
318.390
318.680
318.980
319.280
319.570
319.870
320.160
320.450
320.740
321.030
321.300
321.590
321.870
322.170
322.450
322.750
323.030
323.330
323.610
323.910
324.190
324.480
324.770
325.050
325.330
325.630
325.910
326.210
326.500
326.790
327.080
327.370
327.650
327.950
328.230
328.510
328.790
329.070
329.340
329.620
329.900
330.180
330.480
330.760
331.050
331.340
331.630
331.920
332.210
332.510
332.800
333.090
333.380
333.680
333.970
334.270
334.560
334.850
335.140
335.430
335.720
336.010
336.300
336.590
336.880
337.170
337.460
337.760
338.040
338.350
338.640
338.930
339.230
339.520
339.800
340.100
340.370
340.660
340.930
341.220
341.510
341.800
342.090
342.380
342.660
342.960
343.240
343.540
343.820
344.120
344.400
344.680
344.970
345.250
345.530
345.830
346.110
346.410
346.690
346.990
347.290
347.580
347.870
348.160
348.440
348.720
349.000
349.300
349.580
349.880
350.160
350.460
350.740
351.030
351.320
351.620
351.900
352.200
352.480
352.780
353.060
353.370
353.670
353.970
354.260
354.570
354.850
355.150
355.430
355.730
356.020
356.310
356.600
356.890
357.170
357.460
357.750
358.050
358.330
358.630
358.910
359.210
359.500
359.790
360.060
360.350
360.630
360.920
361.210
361.510
361.790
362.080
362.360
362.640
362.920
363.210
363.500
363.790
364.080
364.360
364.650
364.950
365.240
365.520
365.800
366.070
366.350
366.640
366.910
367.210
367.490
367.790
368.070
368.370
368.650
368.940
369.220
369.510
369.780
370.070
370.340
370.630
370.910
371.190
371.470
371.750
372.020
372.310
372.590
372.880
373.160
373.460
373.740
374.040
374.320
374.610
374.890
375.170
375.460
375.740
376.020
376.300
376.580
376.880
377.160
377.460
377.740
378.030
378.300
378.600
378.890
379.180
379.460
379.760
380.040
380.330
380.620
380.920
381.200
381.500
381.780
382.080
382.360
382.660
382.940
383.240
383.520
383.820
384.100
384.400
384.690
385.000
385.290
385.600
385.890
386.190
386.480
386.780
387.060
387.360
387.640
387.940
388.220
388.520
388.800
389.100
389.380
389.680
389.960
390.260
390.540
390.840
391.120
391.410
391.700
392.000
392.280
392.580
392.860
393.150
393.440
393.720
394.000
394.280
394.570
394.850
395.130
395.420
395.710
396.000
396.280
396.570
396.850
397.140
397.420
397.710
398.000
398.290
398.570
398.870
399.150
399.440
399.710
400.010
400.290
400.590
400.880
401.170
401.450
401.750
402.040
402.330
402.620
402.900
403.190
403.480
403.770
404.070
404.350
404.650
404.930
405.220
405.490
405.780
406.060
406.350
406.640
406.930
407.210
407.510
407.800
408.090
408.380
408.660
408.960
409.240
409.520
409.800
410.080
410.370
410.650
410.950
411.230
411.530
411.810
412.110
412.400
412.680
412.960
413.240
413.520
413.810
414.080
414.370
414.650
414.940
415.220
415.520
415.800
416.090
416.380
416.680
416.960
417.260
417.540
417.830
418.100
418.390
418.660
418.950
419.230
419.510
419.790
420.070
420.350
420.640
420.920
421.220
421.510
421.800
422.090
422.380
422.660
422.950
423.250
423.540
423.810
424.100
424.370
424.660
424.940
425.230
425.510
425.800
426.090
426.390
426.670
426.970
427.240
427.530
427.800
428.090
428.370
428.650
428.930
429.220
429.510
429.800
430.090
430.380
430.660
430.950
431.240
431.540
431.830
432.110
432.380
432.680
432.970
433.260
433.550
433.840
434.120
434.420
434.700
435.000
435.270
435.560
435.840
436.130
436.410
436.710
437.000
437.290
437.570
437.870
438.160
438.450
438.740
439.030
439.320
439.600
439.870
440.150
440.430
440.720
441.020
441.310
441.590
441.890
442.180
442.470
442.750
443.050
443.320
443.610
443.880
444.170
444.450
444.730
445.010
445.290
445.570
445.860
446.140
446.440
446.720
447.010
447.300
447.590
447.880
448.180
448.460
448.750
449.030
449.320
449.590
449.880
450.150
450.450
450.730
451.030
451.310
451.600
451.880
452.170
452.450
452.720
453.010
453.290
453.570
453.840
454.120
454.420
454.710
455.000
455.280
455.560
455.830
456.110
456.390
456.680
456.950
457.250
457.540
457.830
458.110
458.400
458.690
458.980
459.280
459.570
459.850
460.140
460.430
460.730
461.020
461.310
461.600
461.890
462.190
462.490
462.770
463.070
463.350
463.650
463.940
464.230
464.510
464.810
465.090
465.390
465.670
465.970
466.260
466.540
466.840
467.130
467.410
467.700
467.990
468.270
468.560
468.850
469.140
469.440
469.720
470.010
470.310
470.600
470.880
471.170
471.470
471.760
472.040
472.330
472.600
472.890
473.180
473.470
473.760
474.050
474.330
474.630
474.910
475.200
475.490
475.770
476.050
476.340
476.620
476.900
477.180
477.470
477.760
478.060
478.350
478.640
478.930
479.220
479.500
479.800
480.080
480.370
480.650
480.940
481.210
481.500
481.780
482.050
482.330
482.620
482.900
483.190
483.470
483.770
484.050
484.340
484.630
484.920
485.210
485.510
485.780
486.060
486.350
486.650
486.940
487.230
487.530
487.830
488.120
488.430
488.710
489.010
489.290
489.590
489.870
490.160
490.460
490.750
491.040
491.330
491.610
491.910
492.190
492.480
492.770
493.060
493.350
493.650
493.930
494.230
494.520
494.810
495.090
495.390
495.670
495.960
496.250
496.550
496.830
497.120
497.420
497.710
498.000
498.290
498.570
498.870
499.150
499.440
499.730
500.030
500.320
500.610
500.910
501.210
501.500
501.810
502.100
502.390
502.680
502.960
503.260
503.550
503.840
504.130
504.420
504.710
504.990
505.280
505.570
505.870
506.150
506.450
506.740
507.040
507.330
507.630
507.910
508.200
508.490
508.790
509.070
509.360
509.650
509.960
510.260
510.560
510.850
511.160
511.450
511.750
512.050
512.340
512.630
512.930
513.220
513.510
513.790
514.080
514.370
514.670
514.960
515.270
515.560
515.870
516.150
516.450
516.730
517.030
517.310
517.610
517.910
518.220
518.520
518.810
519.090
519.380
519.670
519.970
520.260
520.540
520.830
521.130
521.420
521.710
522.000
522.300
522.590
522.890
523.170
523.470
523.750
524.060
524.350
524.660
524.950
525.260
525.550
525.840
526.120
526.420
526.720
527.010
527.310
527.610
527.910
528.210
528.510
528.820
529.110
529.420
529.710
530.020
530.320
530.620
530.910
531.210
531.520
531.820
532.110
532.420
532.710
533.020
533.310
533.620
533.920
534.220
534.510
534.810
535.120
535.420
535.710
536.020
536.320
536.610
536.910
537.210
537.520
537.810
538.120
