0.450
1.400
2.330
3.320
4.380
5.430
6.560
7.590
8.690
9.780
10.820
11.960
12.990
13.850
14.640
15.410
16.230
17.000
17.710
18.390
19.090
19.770
20.490
21.200
21.980
22.740
23.560
24.330
25.090
25.900
26.640
27.450
28.260
29.050
29.830
30.630
31.380
32.190
32.960
33.800
34.580
35.360
36.180
37.000
37.660
38.350
39.010
39.680
40.400
41.160
41.880
42.580
43.300
44.040
44.720
45.440
46.160
46.900
47.740
48.530
49.380
50.150
51.030
51.850
52.650
53.480
54.320
55.150
55.930
56.770
57.610
58.460
59.240
60.090
60.910
61.780
62.560
63.430
64.270
65.100
65.900
66.750
67.570
68.340
69.170
70.040
70.850
71.650
72.430
73.210
74.000
74.780
75.560
76.390
77.190
78.020
78.800
79.660
80.500
81.310
82.130
83.010
83.850
84.660
85.490
86.350
87.120
87.960
88.800
89.640
90.510
91.290
92.150
92.970
93.800
94.640
95.480
96.310
97.170
98.030
98.830
99.660
100.540
101.360
102.220
103.040
103.870
104.730
105.580
106.440
107.230
108.090
108.940
109.780
110.600
111.480
112.330
113.180
114.060
114.880
115.780
116.590
117.480
118.380
119.340
120.250
121.180
122.080
123.030
123.800
124.650
125.350
125.940
126.500
127.070
127.670
128.250
128.810
129.360
129.920
130.480
131.060
131.630
132.190
132.770
133.320
133.890
134.460
135.040
135.610
136.160
136.740
137.340
137.900
138.490
139.060
139.610
140.140
140.710
141.270
141.840
142.430
143.000
143.570
144.160
144.730
145.350
145.920
146.500
147.080
147.650
148.210
148.810
149.370
149.940
150.510
151.090
151.740
152.430
153.210
154.000
154.750
155.510
156.350
157.130
158.000
158.810
159.620
160.420
161.240
162.050
162.880
163.720
164.580
165.440
166.250
167.210
168.100
169.040
170.000
170.930
171.940
172.870
173.840
174.820
175.740
176.720
177.700
178.640
179.620
180.530
181.640
182.730
183.760
184.710
185.700
186.640
187.620
188.560
189.550
190.460
191.470
192.420
193.340
194.300
195.310
