0.310
0.700
1.060
1.420
1.780
2.140
2.500
2.870
3.230
3.590
3.950
4.300
4.670
5.020
5.380
5.750
6.100
6.490
6.840
7.210
7.590
7.990
8.370
8.750
9.120
9.500
9.860
10.240
10.610
10.980
11.330
11.700
12.060
12.420
12.770
13.120
13.460
13.840
14.200
14.560
14.910
15.260
15.640
15.980
16.370
16.720
17.090
17.460
17.830
18.210
18.570
18.940
19.330
19.690
20.070
20.440
20.810
21.170
21.530
21.910
22.280
22.650
23.020
23.380
23.720
24.090
24.460
24.800
25.160
25.530
25.900
26.270
26.650
27.020
27.390
27.770
28.140
28.510
28.870
29.250
29.600
29.970
30.350
30.720
31.070
31.430
31.800
32.160
32.540
32.900
33.270
33.660
34.030
34.410
34.770
35.140
35.510
35.890
36.280
36.650
37.040
37.400
37.760
38.130
38.520
38.890
39.260
39.630
40.020
40.390
40.770
41.140
41.520
41.900
42.270
42.650
43.030
43.380
43.750
44.130
44.510
44.870
45.240
45.620
45.990
46.370
46.740
47.100
47.490
47.850
48.230
48.580
48.930
49.300
49.670
50.010
50.390
50.770
51.150
51.520
51.910
52.270
52.640
53.030
53.400
53.770
54.130
54.500
54.880
55.270
55.660
56.040
56.410
56.780
57.170
57.540
57.920
58.290
58.680
59.050
59.440
59.800
60.170
60.550
60.930
61.290
61.670
62.040
62.420
62.780
63.160
63.550
63.930
64.310
64.680
65.070
65.450
65.800
66.190
66.540
66.930
67.300
67.660
68.040
68.410
68.790
69.190
69.560
69.930
70.290
70.670
71.040
71.410
71.790
72.160
72.530
72.910
73.280
73.660
74.040
74.420
74.800
75.180
75.560
75.930
76.290
76.660
77.020
77.390
77.770
78.130
78.500
78.880
79.250
79.620
79.990
80.370
80.740
81.110
81.480
81.840
82.210
82.580
82.950
83.330
83.700
84.070
84.420
84.810
85.170
85.530
85.900
86.280
86.660
87.040
87.420
87.790
88.160
88.530
88.900
89.280
89.650
90.010
90.380
90.760
91.110
91.500
91.870
92.250
92.620
93.010
93.390
93.760
94.120
94.500
94.880
95.250
95.630
96.000
96.380
96.760
97.130
97.500
97.870
98.250
98.630
99.010
99.390
99.760
100.140
100.510
100.880
101.250
101.620
102.000
102.360
102.740
103.110
103.480
103.850
104.220
104.600
104.980
105.350
105.730
106.100
106.480
106.840
107.220
107.600
107.970
108.330
108.710
109.070
109.440
109.800
110.160
110.520
110.890
111.270
111.630
112.000
112.370
112.750
113.120
113.490
113.860
114.230
114.590
114.960
115.330
115.700
116.070
116.440
116.800
117.170
117.550
117.920
118.310
118.680
119.060
119.430
119.800
120.170
120.540
120.910
121.290
121.670
122.040
122.400
122.760
123.150
123.520
123.890
124.270
124.640
125.020
125.390
125.770
126.160
126.540
126.910
127.280
127.660
128.020
128.400
128.780
129.140
129.510
129.880
130.270
130.640
131.010
131.380
131.750
132.130
132.510
132.890
133.260
133.630
134.010
134.380
134.760
135.130
135.500
135.870
136.250
136.610
136.980
137.360
137.720
138.110
138.490
138.870
139.230
139.630
139.990
140.370
140.730
141.120
141.480
141.850
142.210
142.590
142.950
143.330
143.710
144.080
144.450
144.830
145.190
145.590
145.970
146.340
146.720
147.090
147.470
147.840
148.200
148.590
148.960
149.330
149.710
150.090
150.460
150.840
151.220
151.590
151.960
152.340
152.720
153.090
153.470
153.850
154.230
154.600
154.970
155.340
155.730
156.100
156.480
156.850
157.230
157.600
157.980
158.360
158.740
159.110
159.500
159.870
160.250
160.630
161.020
161.390
161.770
162.150
162.520
162.900
163.280
163.650
164.030
164.410
164.780
165.150
165.540
165.910
166.300
166.670
167.060
167.420
167.810
168.180
168.570
168.960
169.340
169.720
170.090
170.460
170.840
171.220
171.600
171.990
172.370
172.750
173.130
173.520
173.900
174.290
174.670
175.040
175.430
175.800
176.190
176.580
176.970
177.350
177.720
178.090
178.490
178.860
179.240
179.620
180.010
180.380
180.750
181.130
181.510
181.880
182.260
182.640
183.030
183.400
183.780
184.170
184.550
184.920
185.320
185.700
186.090
186.460
186.840
187.230
187.620
187.990
188.370
188.750
189.140
189.520
189.900
190.270
190.650
191.020
191.400
191.780
192.170
192.540
192.930
193.310
193.700
194.080
194.460
194.840
195.240
195.610
196.000
196.380
196.770
197.150
197.540
197.920
198.320
198.700
199.090
199.470
199.860
200.240
200.630
201.010
201.370
201.750
202.140
202.510
202.890
203.270
203.670
204.060
204.440
204.840
205.230
205.600
205.990
206.400
206.780
207.180
207.550
207.930
208.320
208.700
209.080
209.470
209.870
210.240
210.630
211.000
211.390
211.760
212.150
212.520
212.920
213.300
213.680
214.060
214.440
214.830
215.210
215.600
215.980
216.350
216.740
217.120
217.490
217.880
218.270
218.650
219.030
219.420
219.800
220.190
220.570
220.960
221.350
221.740
222.120
222.510
222.900
223.270
223.660
224.040
224.430
224.810
225.210
225.590
225.970
226.360
226.740
227.120
227.510
227.900
228.270
228.650
229.020
229.430
229.810
230.180
230.580
230.950
231.340
231.720
232.120
232.500
232.880
233.270
233.670
234.050
234.440
234.800
235.200
235.580
235.970
236.350
236.740
237.120
237.500
237.890
238.290
238.670
239.050
239.440
239.820
240.200
240.580
240.950
241.340
241.720
242.110
242.490
242.870
243.250
243.630
244.000
244.380
244.760
245.140
245.530
245.900
246.290
246.670
247.040
247.440
247.830
248.200
248.590
248.980
249.350
249.740
250.120
250.510
250.890
251.280
251.660
252.040
252.420
252.810
253.190
253.580
253.980
254.360
254.760
255.140
255.510
255.890
256.280
256.650
257.030
257.410
257.800
258.180
258.550
258.940
259.320
259.700
260.060
260.440
260.840
261.200
261.590
261.960
262.340
262.730
263.100
263.490
263.860
264.250
264.640
265.010
265.400
265.790
266.170
266.550
266.920
267.300
267.690
268.070
268.440
268.810
269.200
269.570
269.950
270.330
270.720
271.100
271.470
271.840
272.220
272.590
272.960
273.320
273.710
274.100
274.480
274.850
275.220
275.600
275.980
276.370
276.740
277.130
277.510
277.870
278.240
278.630
279.010
279.370
279.740
280.120
280.500
280.870
281.250
281.610
281.990
282.370
282.760
283.110
283.500
283.860
284.240
284.610
284.970
285.360
285.730
286.110
286.490
286.860
287.240
287.600
287.980
288.360
288.730
289.100
289.490
289.860
290.240
290.630
291.010
291.380
291.760
292.120
292.490
292.880
293.260
293.660
294.040
294.410
294.800
295.170
295.550
295.910
296.290
296.680
297.060
297.440
297.790
298.180
298.540
298.900
299.270
299.650
300.030
300.380
300.770
301.140
301.500
301.880
302.250
302.610
302.990
303.390
303.750
304.120
304.490
304.850
305.230
305.610
305.970
306.350
306.720
307.070
307.440
307.830
308.210
308.600
308.960
309.330
309.690
310.050
310.420
310.800
311.160
311.530
311.890
312.260
312.650
313.010
313.380
313.760
314.120
314.500
314.880
315.240
315.620
315.990
316.360
316.720
317.090
317.460
317.820
318.180
318.550
318.920
319.290
319.670
320.020
320.400
320.770
321.150
321.510
321.890
322.240
322.610
322.990
323.380
323.760
324.130
324.490
324.870
325.230
325.600
325.980
326.360
326.720
327.090
327.450
327.830
328.210
328.580
328.950
329.320
329.690
330.050
330.420
330.790
331.160
331.530
331.910
332.270
332.640
333.010
333.360
333.730
334.070
334.440
334.820
335.180
335.560
335.920
336.300
336.660
337.050
337.420
337.790
338.150
338.520
338.880
339.250
339.630
340.010
340.380
340.750
341.120
341.490
341.860
342.230
342.600
342.970
343.340
343.710
344.080
344.450
344.810
345.190
345.550
345.920
346.300
346.690
347.060
347.430
347.800
348.160
348.540
348.890
349.260
349.630
350.020
350.390
350.760
351.120
351.490
351.850
352.220
352.580
352.960
353.310
353.690
354.050
354.420
354.770
355.150
355.510
355.880
356.260
356.630
356.980
357.350
357.710
358.060
358.440
358.830
359.200
359.580
359.940
360.320
360.670
361.050
361.410
361.800
362.170
362.560
362.920
363.310
363.690
364.060
364.440
364.800
365.140
365.500
365.870
366.240
366.610
366.970
367.340
367.720
368.090
368.460
368.830
369.200
369.560
369.930
370.290
370.670
371.030
371.420
371.800
372.170
372.540
372.930
373.300
373.660
374.020
374.400
374.760
375.130
375.500
375.890
376.260
376.620
376.960
377.320
377.680
378.070
378.430
378.810
379.170
379.520
379.880
380.250
380.630
381.010
381.380
381.770
382.150
382.510
382.850
383.220
383.590
383.950
384.310
384.680
385.050
385.420
385.770
386.150
386.510
386.890
387.250
387.620
388.000
388.360
388.740
389.110
389.480
389.850
390.220
390.590
390.950
391.350
391.730
392.090
392.440
392.800
393.170
393.530
393.900
394.260
394.640
395.010
395.380
395.750
396.140
396.510
396.880
397.260
397.610
397.990
398.350
398.720
399.080
399.430
399.780
400.110
400.460
400.830
401.160
401.520
401.880
402.210
402.560
402.920
403.320
403.700
404.100
404.490
404.900
405.310
405.690
406.070
406.440
406.810
407.200
407.570
407.940
408.290
408.670
409.030
409.410
409.770
410.140
410.520
410.880
411.230
411.590
411.970
412.350
412.720
413.110
413.490
413.870
414.240
414.620
415.010
415.390
415.770
416.140
416.530
416.910
417.290
417.670
418.050
418.410
418.780
419.150
419.530
419.890
420.290
420.660
421.020
421.390
421.770
422.150
422.540
422.910
423.270
423.640
424.000
424.380
424.750
425.120
425.480
425.840
426.200
426.570
426.950
427.320
427.700
428.060
428.420
428.800
429.170
429.540
429.920
430.290
430.680
431.030
431.410
431.780
432.150
432.530
432.900
433.270
433.640
434.030
434.400
434.770
435.170
435.550
435.920
436.270
436.660
437.010
437.380
437.750
438.130
438.510
438.890
439.270
439.630
440.030
440.390
440.780
441.150
441.550
441.930
442.300
442.690
443.060
443.420
443.800
444.150
444.540
444.910
445.280
445.670
446.050
446.430
446.800
447.190
447.560
447.940
448.330
448.700
449.080
449.450
449.830
450.230
450.620
451.010
451.390
451.780
452.150
452.530
452.900
453.280
453.660
454.040
454.420
454.790
455.160
455.520
455.900
456.260
456.640
457.000
457.360
457.740
458.100
458.480
458.860
459.200
459.580
459.940
460.300
460.660
461.030
461.410
461.810
462.200
462.590
462.960
463.350
463.710
464.090
464.480
464.870
465.240
465.620
465.990
466.380
466.770
467.140
467.530
467.910
468.290
468.680
469.060
469.440
469.820
470.190
470.560
470.930
471.300
471.690
472.070
472.440
472.800
473.190
473.560
473.930
474.310
474.690
475.070
475.450
475.840
476.210
476.600
476.980
477.360
477.730
478.110
478.470
478.840
479.230
479.600
480.000
480.380
480.760
481.140
481.530
481.920
482.300
482.680
483.070
483.460
483.840
484.240
484.620
485.010
485.370
485.750
486.140
486.530
486.930
487.300
487.690
488.070
488.440
488.830
489.230
489.620
490.010
490.380
490.770
491.160
491.530
491.910
492.310
492.690
493.070
493.450
493.830
494.190
494.570
494.960
495.370
495.760
496.140
496.530
496.920
497.290
497.680
498.050
498.430
498.800
499.170
499.540
499.920
500.290
500.680
501.060
501.440
501.810
502.190
502.570
502.940
503.320
503.710
504.100
504.490
504.870
505.260
505.630
506.030
506.410
506.780
507.160
507.550
507.950
508.330
508.720
509.110
509.490
509.850
510.230
510.620
511.000
511.380
511.770
512.160
512.530
512.940
513.320
513.710
514.100
514.480
514.870
515.270
515.670
516.050
516.420
516.800
517.170
517.530
517.890
518.230
518.590
518.980
519.380
519.770
520.150
520.540
520.950
521.370
521.790
522.180
522.600
523.000
523.430
523.840
524.250
524.640
525.070
525.490
525.910
526.310
526.730
527.170
527.570
527.990
528.420
528.840
529.260
529.690
530.090
530.530
530.940
531.400
531.830
532.260
532.720
533.170
533.650
534.120
534.590
535.070
535.520
536.010
536.490
536.960
537.460
