13.160	1
14.080
15.010
15.980
16.920	1
17.810
18.730
19.620
20.460	1
21.380
22.260
23.170
24.070	1
25.020
25.960
26.820
27.750	1
28.610
29.510
30.350
31.260	1
32.210
33.090
33.980
34.880	1
35.790
36.640
37.490
38.390	1
39.240
40.100
41.010
41.950	1
42.830
43.710
44.570
45.460	1
46.330
47.230
48.060
48.970	1
49.800
50.670
51.540
52.460	1
53.340
54.230
55.100
55.990	1
56.920
57.800
58.670
59.550	1
60.460
61.380
62.260
63.150	1
64.070
64.970
65.870
66.760	1
67.670
68.570
69.530
70.430	1
71.370
72.250
73.180
74.070	1
75.000
75.880
76.820
77.690	1
78.580
79.520
80.430
81.320	1
82.290
83.260
84.160
85.060	1
85.960
86.850
87.790
88.700	1
89.660
90.570
91.440
92.310	1
93.220
94.110
95.060
95.980	1
96.940
97.860
98.770
99.670	1
100.640
101.570
102.540
103.490	1
104.460
105.380
106.270
107.160	1
108.100
109.010
109.920
110.830	1
111.760
112.730
113.660
114.520	1
115.460
116.350
117.310
118.230	1
119.180
120.100
120.990
121.920	1
122.820
123.700
124.630
125.550	1
126.490
127.370
128.310
129.230	1
130.170
131.060
131.920
132.790	1
133.710
134.580
135.440
136.280	1
137.160
138.010
138.880
139.760	1
140.590
141.440
142.290
143.150	1
144.040
144.910
145.810
146.700	1
147.660
148.540
149.410
150.340	1
151.270
152.200
153.100
154.020	1
154.925
155.830
156.735
157.640	1
158.500
159.410
160.240
161.160	1
162.050
162.950
163.860
164.710	1
165.620
166.490
167.350
168.230	1
169.160
170.040
170.880
171.740	1
172.640
173.500
174.410
175.300	1
176.200
177.060
177.990
178.840	1
179.750
180.690
181.620
182.480	1
183.420
184.390
185.290
186.180	1
187.140
188.030
188.960
189.890	1
190.810
191.670
192.590
193.490	1
194.390
195.300
196.220
197.170	1
198.080
198.970
199.880
200.770	1
201.680
202.570
203.500
204.420	1
205.360
206.280
207.130
208.060	1
208.970
209.900
210.830
211.730	1
212.720
213.650
214.570
215.490	1
216.490
217.400
218.340
219.300	1
220.250
221.160
222.100
223.010	1
223.950
224.870
225.820
226.770	1
227.730
228.690
229.550
230.490	1
231.390
232.300
233.240
234.160	1
235.110
236.090
237.060
237.990	1
238.990
239.930
240.910
241.840	1
