0.000	1
37.260	1
37.670
38.080
38.470	1
38.880
39.270
39.660	1
40.060
40.460
40.860	1
41.230
41.610
42.000	1
42.370
42.760
43.130	1
43.520
43.890
44.260	1
44.640
45.020
45.410	1
45.800
46.170
46.560	1
46.940
47.320
47.700	1
48.080
48.450
48.820	1
49.210
49.580
49.980	1
50.320
50.690
51.060	1
51.400
51.760
52.120	1
52.480
52.860
53.240	1
53.590
53.970
54.340	1
54.740
55.120
55.480	1
55.850
56.240
56.600	1
56.960
57.340
57.710	1
58.090
58.460
58.840	1
59.200
59.580
59.970	1
60.340
60.730
61.120	1
61.470
61.840
62.220	1
62.600
62.980
63.370	1
63.730
64.130
64.510	1
64.880
65.250
65.620	1
65.990
66.350
66.710	1
67.090
67.460
67.830	1
68.200
68.580
68.940	1
69.310
69.680
70.060	1
70.430
70.800
71.180	1
71.540
71.920
72.320	1
72.690
73.040
73.410	1
73.790
74.170
74.530	1
74.900
75.260
75.610	1
75.990
76.350
76.720	1
77.100
77.460
77.830	1
78.200
78.560
78.930	1
79.290
79.660
80.020	1
80.380
80.750
81.110	1
81.460
81.820
82.190	1
82.540
82.910
83.270	1
83.650
84.000
84.360	1
84.720
85.080
85.440	1
85.800
86.160
86.530	1
86.890
87.250
87.620	1
87.980
88.340
88.700	1
89.060
89.410
89.770	1
90.140
90.490
90.860	1
91.220
91.590
91.940	1
92.300
92.660
93.030	1
93.390
93.750
94.100	1
94.490
94.850
95.220	1
95.580
95.950
96.340	1
96.690
97.060
97.420	1
97.790
98.160
98.520	1
98.870
99.220
99.590	1
99.960
100.320
100.680	1
101.040
101.390
101.760	1
102.110
102.470
102.830	1
103.200
103.560
103.920	1
104.270
104.620
104.990	1
105.360
105.720
106.080	1
106.450
106.810
107.180	1
107.540
107.900
108.270	1
108.630
109.000
109.380	1
109.750
110.100
110.460	1
110.830
111.190
111.550	1
111.920
112.280
112.650	1
113.030
113.390
113.740	1
114.100
114.480
114.850	1
115.210
115.570
115.940	1
116.310
116.700
117.070	1
117.440
117.830
118.190	1
118.560
118.930
119.280	1
119.640
120.000
120.370	1
120.730
121.090
121.480	1
121.840
122.220
122.580	1
122.940
123.310
123.670	1
124.040
124.430
124.800	1
125.160
125.520
125.890	1
126.270
126.650
127.020	1
127.380
127.750
128.110	1
128.470
128.820
129.200	1
129.550
129.940
130.290	1
130.650
131.010
131.380	1
131.740
132.110
132.470	1
132.850
133.220
133.600	1
133.970
134.340
134.700	1
135.060
135.450
135.800	1
136.180
136.530
136.890	1
137.250
137.610
137.980	1
138.350
138.720
139.080	1
139.460
139.830
140.190	1
140.560
140.920
141.300	1
141.650
142.020
142.370	1
142.740
143.100
143.460	1
143.830
144.180
144.550	1
144.930
145.290
145.650	1
146.030
146.380
146.740	1
147.100
147.470
147.820	1
148.200
148.550
148.910	1
149.270
149.630
149.990	1
150.350
150.700
151.060	1
151.420
151.790
152.150	1
152.510
152.870
153.230	1
153.580
153.940
154.310	1
154.660
155.010
155.360	1
155.730
156.070
156.440	1
156.800
157.170
157.520	1
157.890
158.250
158.600	1
158.960
159.320
159.660	1
160.010
160.380
160.730	1
161.090
161.450
161.810	1
162.190
162.550
162.900	1
163.250
163.590
163.950	1
164.310
164.680
165.050	1
165.410
165.770
166.130	1
166.490
166.860
167.220	1
167.580
167.930
168.300	1
168.660
169.020
169.390	1
169.750
170.090
170.480	1
170.840
171.200
171.580	1
171.930
172.300
172.660	1
173.020
173.390
173.750	1
174.100
174.450
174.810	1
175.170
175.540
175.890	1
176.260
176.620
176.980	1
177.330
177.690
178.050	1
178.390
178.760
179.120	1
179.470
179.820
180.180	1
180.550
180.910
181.270	1
181.630
182.000
182.350	1
182.720
183.070
183.440	1
183.780
184.140
184.510	1
184.870
185.240
185.580	1
185.940
186.290
186.660	1
187.000
187.350
187.700	1
188.050
188.420
188.790	1
189.140
189.470
189.820	1
190.170
190.530
190.890	1
191.250
191.590
191.960	1
192.310
192.680
193.040	1
193.410
193.760
194.120	1
194.480
194.830
195.190	1
195.550
195.910
196.270	1
196.630
196.990
197.320	1
197.690
198.060
198.400	1
198.760
199.120
199.480	1
199.840
200.210
200.570	1
200.940
201.300
201.660	1
202.020
202.370
202.720	1
203.080
203.440
203.800	1
204.170
204.510
204.860	1
205.210
205.560
205.910	1
206.280
206.630
206.990	1
207.350
207.710
208.060	1
208.410
208.770
209.120	1
209.470
209.830
210.200	1
210.560
210.920
211.260	1
211.630
211.990
212.350	1
212.730
213.100
213.450	1
213.820
214.210
214.570	1
214.950
215.310
215.660	1
216.030
216.390
216.740	1
217.090
217.450
217.810	1
218.180
218.530
218.890	1
219.250
219.630
219.980	1
220.340
220.710
221.100	1
221.480
221.850
222.220	1
222.590
222.950
223.320	1
223.700
224.050
224.420	1
224.790
225.160
225.520	1
225.880
226.240
226.600	1
226.960
227.320
227.680	1
228.040
228.400
228.740	1
229.100
229.450
229.810	1
230.160
230.510
230.870	1
231.240
231.590
231.960	1
232.310
232.680
233.020	1
233.370
233.720
234.080	1
234.440
234.790
235.130	1
235.470
235.830
236.210	1
236.560
236.930
237.280	1
237.660
238.010
238.390	1
238.740
239.090
239.470	1
239.830
240.180
240.540	1
240.910
241.280
241.670	1
242.030
242.400
242.770	1
243.140
243.510
243.870	1
244.240
244.600
244.950	1
245.300
245.670
246.030	1
246.390
246.760
247.100	1
247.460
247.820
248.190	1
248.550
248.910
249.260	1
249.610
249.960
250.310	1
250.660
251.010
251.360	1
251.710
252.080
252.440	1
252.790
253.140
253.490	1
253.830
254.190
254.550	1
254.890
255.240
255.580	1
255.940
256.290
256.650	1
256.990
257.340
257.690	1
258.030
258.390
258.730	1
259.080
259.430
259.780	1
260.130
260.480
260.840	1
261.190
261.550
261.900	1
262.240
262.580
262.950	1
263.280
263.630
263.980	1
264.340
264.690
265.050	1
265.410
265.760
266.110	1
266.490
266.830
267.200	1
267.550
267.910
268.280	1
268.630
268.980
269.330	1
269.690
270.050
270.410	1
270.780
271.130
271.480	1
271.830
272.190
272.530	1
272.890
273.240
273.600	1
273.950
274.300
274.660	1
275.030
275.380
275.720	1
276.070
276.430
276.790	1
277.150
277.500
277.860	1
278.200
278.540
278.880	1
279.230
279.570
279.900	1
280.260
280.600
280.980	1
281.330
281.690
282.060	1
282.400
282.750
283.100	1
283.440
283.810
284.150	1
284.500
284.850
285.200	1
285.550
285.900
286.260	1
286.600
286.950
287.320	1
287.660
288.020
288.370	1
288.710
289.070
289.410	1
289.760
290.100
290.450	1
290.800
291.150
291.470	1
291.830
292.180
292.520	1
292.880
293.230
293.560	1
293.900
294.240
294.600	1
294.940
295.270
295.600	1
295.940
296.300
296.640	1
296.990
297.350
297.700	1
298.040
298.410
298.750	1
299.070
299.410
299.760	1
300.090
300.450
300.810	1
301.160
301.490
301.830	1
302.170
302.510
302.860	1
303.210
303.550
303.880	1
304.240
304.590
304.920	1
305.270
305.630
305.970	1
306.320
306.670
307.010	1
307.350
307.710
308.060	1
308.410
308.770
309.100	1
309.450
309.810
310.160	1
310.500
310.870
311.200	1
311.540
311.890
312.230	1
312.590
312.940
313.270	1
313.630
313.980
314.340	1
314.710
315.070
315.420	1
315.750
316.100
316.450	1
316.820
317.150
317.520	1
317.850
318.200
318.560	1
318.890
319.230
319.570	1
319.910
320.240
320.600	1
320.950
321.300
321.650	1
321.990
322.330
322.680	1
323.050
323.400
323.740	1
324.080
324.440
324.780	1
325.130
325.500
325.840	1
326.190
326.530
326.880	1
327.230
327.570
327.920	1
328.260
328.620
328.960	1
329.310
329.650
330.010	1
330.350
330.710
331.060	1
331.400
331.770
332.100	1
332.450
332.820
333.160	1
333.510
333.870
334.210	1
334.570
334.940
335.300	1
335.640
336.020
336.370	1
336.720
337.100
337.440	1
337.800
338.170
338.500	1
338.850
339.210
339.560	1
339.920
340.260
340.620	1
340.970
341.300
341.650	1
342.020
342.370
342.720	1
343.090
343.460
343.810	1
344.140
344.510
344.860	1
345.200
345.550
345.910	1
346.260
346.590
346.950	1
347.290
347.640
348.020	1
348.400
348.760
349.120	1
349.480
349.840
350.200	1
350.560
350.920
351.270	1
351.620
351.980
352.330	1
352.670
353.040
353.390	1
353.740
354.080
354.430	1
354.770
355.110
355.450	1
355.810
356.170
356.500	1
356.870
357.210
357.570	1
357.930
358.310
358.660	1
359.020
359.360
359.710	1
360.070
360.410
360.770	1
361.120
361.470
361.840	1
362.190
362.560
362.910	1
363.260
363.640
363.970	1
364.320
364.680
365.030	1
365.390
365.740
366.090	1
366.430
366.770
367.130	1
367.490
367.830
368.190	1
368.530
368.890
369.250	1
369.600
369.950
370.290	1
370.640
370.990
371.340	1
371.710
372.060
372.390	1
372.740
373.090
373.440	1
373.790
374.160
374.510	1
374.860
375.200
375.550	1
375.900
376.250
376.600	1
376.950
377.300
377.640	1
378.000
378.340
378.710	1
379.050
379.400
379.750	1
380.100
380.460
380.810	1
381.160
381.510
381.850	1
382.200
382.560
382.920	1
383.280
383.640
383.990	1
384.340
384.690
385.040	1
385.380
385.740
386.090	1
386.440
386.790
387.150	1
387.480
387.840
388.180	1
388.510
388.870
389.230	1
389.580
389.930
390.300	1
390.660
391.020
391.370	1
391.720
392.080
392.430	1
392.770
393.140
393.490	1
393.840
394.210
394.570	1
394.920
395.290
395.630	1
395.990
396.350
396.730	1
397.070
397.450
397.800	1
398.150
398.500
398.840	1
399.190
399.540
399.900	1
400.260
400.610
400.960	1
401.310
401.650
401.990	1
402.340
402.700
403.050	1
403.400
403.760
404.100	1
404.430
404.770
405.130	1
405.470
405.810
406.150	1
406.500
406.850
407.200	1
407.550
407.890
408.230	1
408.560
408.900
409.260	1
409.600
409.930
410.270	1
410.620
410.950
411.290	1
411.650
411.980
412.340	1
412.680
413.050
413.370	1
413.700
414.030
414.370	1
414.700
415.050
415.410	1
415.790
416.170
416.530	1
416.890
417.230
417.610	1
417.970
418.330
418.690	1
419.040
419.390
419.750	1
420.120
420.480
420.870	1
421.230
421.580
421.950	1
422.300
422.680
423.030	1
423.400
423.750
424.100	1
424.460
424.830
425.220	1
425.560
425.930
426.290	1
426.660
427.010
427.370	1
427.720
428.100
428.460	1
428.810
429.180
429.540	1
429.890
430.240
430.610	1
430.960
431.310
431.660	1
432.030
432.380
432.720	1
433.090
433.440
433.810	1
434.170
434.530
434.880	1
435.230
435.600
435.950	1
436.310
436.670
437.020	1
437.370
437.710
438.070	1
438.420
438.790
439.140	1
439.500
439.850
440.210	1
440.560
440.900
441.250	1
441.620
441.970
442.340	1
442.690
443.040
443.380	1
443.730
444.080
444.450	1
444.800
445.140
445.510	1
445.860
446.230
446.570	1
446.930
447.300
447.630	1
448.000
448.330
448.680	1
449.040
449.390
449.730	1
450.100
450.440
450.810	1
451.170
451.520
451.870	1
452.240
452.590
452.950	1
453.310
453.680
454.030	1
454.380
454.740
455.080	1
455.420
455.780
456.140	1
456.480
456.830
457.180	1
457.520
457.880
458.240	1
458.590
458.940
459.290	1
459.640
460.000
460.370	1
460.710
461.060
461.410	1
461.760
462.120
462.470	1
462.810
463.160
463.520	1
463.850
464.230
464.590	1
464.940
465.300
465.670	1
466.000
466.360
466.720	1
467.080
467.450
467.810	1
468.190
468.540
468.930	1
469.290
469.650
470.020	1
470.400
470.750
471.110	1
471.470
471.830
472.190	1
472.550
472.910
473.280	1
473.640
473.980
474.340	1
474.720
475.070
475.460	1
475.820
476.180
476.530	1
476.880
477.240
477.610	1
477.940
478.300
478.660	1
479.000
479.380
479.730	1
480.090
480.450
480.810	1
481.170
481.530
481.890	1
482.250
482.600
482.940	1
483.310
483.670
484.030	1
484.390
484.730
485.090	1
485.460
485.810
486.190	1
486.550
486.920
487.280	1
487.640
488.030
488.390	1
488.770
489.130
489.520	1
489.910
490.290
490.670	1
