0.000
0.860
1.720
2.570
3.500
4.470
5.480
6.460
7.510
8.350
9.240
10.130
11.080
12.040
12.970
13.900
14.870
15.810
16.750
17.750
18.830
19.890
20.850
21.800
22.830
23.780
24.740
25.770
26.750
27.780
28.710
29.660
30.620
31.620
32.530
33.470
34.450
35.420
36.350
37.260
38.200
39.190
40.130
41.030
41.970
42.890
43.830
44.730
45.650
46.570
47.540
48.480
49.430
50.340
51.290
52.220
53.130
54.060
54.970
55.830
56.760
57.710
58.630
59.520
60.440
61.380
62.260
63.160
64.090
65.080
66.010
66.950
67.890
68.830
69.760
70.690
71.650
72.530
73.510
74.420
75.320
76.280
77.290
78.190
79.180
80.070
81.050
81.940
82.860
83.770
84.710
85.670
86.590
87.480
88.420
89.350
90.270
91.190
92.120
92.980
93.920
94.830
95.790
96.710
97.600
98.510
99.470
100.390
101.300
102.240
103.150
104.010
104.930
105.890
106.760
107.730
108.680
109.570
110.480
111.410
112.370
113.220
114.110
114.990
115.940
116.900
117.810
118.760
119.690
120.570
121.510
122.450
123.370
124.380
125.360
126.260
127.240
128.190
129.120
129.990
130.880
131.760
132.740
133.650
134.590
135.570
136.500
137.410
138.360
139.310
140.270
141.140
142.100
142.980
143.940
144.850
145.790
146.730
147.660
148.630
149.520
150.480
151.360
152.300
153.170
154.110
155.010
155.980
156.900
157.830
158.740
159.630
160.560
161.510
162.460
163.400
164.390
165.340
166.260
167.150
168.110
169.060
170.020
170.940
171.840
172.800
173.740
174.630
175.590
176.520
177.450
178.370
179.380
180.380
181.410
182.370
183.330
184.360
185.320
186.250
187.220
188.130
189.090
190.070
191.030
191.980
192.990
193.920
194.880
195.800
196.790
197.720
198.680
199.640
200.570
201.510
202.460
203.400
204.370
205.380
206.310
207.270
208.230
209.140
210.050
210.990
211.880
212.790
213.720
214.650
215.550
216.470
217.400
218.350
219.260
220.130
221.050
222.010
222.950
223.850
224.730
225.650
226.580
227.480
228.410
229.410
230.350
231.260
232.150
233.070
233.950
234.810
235.710
236.680
237.650
238.620
239.540
240.400
241.360
242.280
243.290
244.230
245.200
246.120
247.100
248.090
249.070
249.930
250.830
251.820
252.790
253.720
254.680
255.620
256.550
257.490
258.470
259.420
260.320
261.240
262.200
263.090
264.070
265.120
266.200
267.130
268.100
269.090
269.990
270.970
271.830
272.750
273.820
274.830
275.850
276.960
278.050
279.170
280.160
281.170
282.190
283.260
284.260
285.270
286.250
287.320
288.330
289.270
290.260
291.230
292.140
293.130
294.110
295.140
296.070
297.120
298.040
299.050
299.900
300.810
301.710
302.670
303.620
304.540
305.510
306.410
307.320
308.290
309.300
310.450
311.480
312.610
313.680
314.750
315.900
316.990
318.020
319.170
320.200
321.340
322.380
323.530
324.580
325.670
