0.140
0.770
1.360
1.940
2.530
3.140
3.720
4.290
4.890
5.480
6.060
6.620
7.190
7.770
8.370
8.960
9.570
10.150
10.730
11.320
11.930
12.490
13.070
13.660
14.240
14.840
15.410
16.000
16.600
17.140
17.740
18.290
18.860
19.470
20.030
20.610
21.210
21.810
22.420
23.010
23.610
24.240
24.850
25.450
26.060
26.650
27.270
27.870
28.430
29.030
29.630
30.210
30.800
31.400
32.000
32.580
33.160
33.760
34.340
34.910
35.490
36.080
36.650
37.230
37.840
38.440
39.030
39.590
40.160
40.740
41.340
41.930
42.520
43.090
43.660
44.250
44.840
45.430
45.990
46.570
47.170
47.750
48.340
48.900
49.480
50.060
50.660
51.240
51.800
52.400
52.950
53.510
54.070
54.650
55.220
55.770
56.380
56.960
57.510
58.090
58.680
59.250
59.820
60.390
60.960
61.520
62.080
62.660
63.230
63.810
64.370
64.950
65.520
66.110
66.680
67.250
67.810
68.380
68.960
69.540
70.120
70.690
71.280
71.830
72.380
72.940
73.510
74.060
74.620
75.200
75.770
76.330
76.910
77.480
78.060
78.630
79.210
79.770
80.370
80.940
81.510
82.060
82.620
83.170
83.730
84.310
84.860
85.400
85.970
86.540
87.100
87.660
88.230
88.790
89.350
89.870
90.450
90.990
91.530
92.080
92.630
93.190
93.770
94.300
94.890
95.430
95.990
96.550
97.140
97.700
98.260
98.840
99.400
99.960
100.520
101.080
101.640
102.210
102.770
103.340
103.900
104.480
105.040
105.610
106.180
106.730
107.250
107.800
108.360
108.920
109.480
110.050
110.630
111.180
111.750
112.310
112.860
113.410
113.970
114.520
115.080
115.630
116.210
116.780
117.330
117.860
118.410
118.970
119.540
120.070
120.630
121.170
121.720
122.270
122.800
123.340
123.870
124.440
124.970
125.510
126.050
126.600
127.160
127.700
128.250
128.810
129.360
129.900
130.460
131.010
131.560
132.110
132.660
133.220
133.770
134.330
134.890
135.420
136.010
136.550
137.110
137.670
138.220
138.760
139.310
139.860
140.420
140.960
141.520
142.060
142.620
143.170
143.710
144.260
144.810
145.390
145.950
146.510
147.080
147.630
148.180
148.760
149.290
149.850
150.390
150.950
151.490
152.050
152.590
153.130
153.690
154.240
154.830
155.370
155.890
156.440
156.970
157.510
158.060
158.610
159.170
159.750
160.290
160.860
161.420
161.970
162.530
163.090
163.650
164.200
164.750
165.320
165.890
166.460
167.020
167.580
168.140
168.710
169.260
169.830
170.390
170.960
171.510
172.070
172.640
173.200
173.740
174.290
174.850
175.400
175.960
176.530
177.090
177.640
178.190
178.740
179.300
179.840
180.410
180.950
181.490
182.070
182.640
183.190
183.750
184.290
184.840
185.390
185.940
186.520
187.100
187.680
188.250
188.810
189.370
189.920
190.490
191.060
191.620
192.160
192.740
193.310
193.850
194.400
194.950
195.510
196.050
196.620
197.220
197.820
198.380
198.920
199.460
200.040
200.600
201.140
201.690
202.230
202.800
203.360
203.900
204.470
205.050
205.600
206.110
206.660
207.220
207.800
208.350
208.910
209.490
210.050
210.600
211.120
211.670
212.210
212.760
213.320
213.910
214.480
215.030
215.610
216.170
216.700
217.240
217.800
218.390
218.950
219.530
220.090
220.640
221.190
221.720
222.300
222.860
223.420
223.990
224.580
225.170
225.720
226.260
226.840
227.400
227.970
228.530
229.070
229.630
230.190
230.780
231.370
231.970
232.550
233.120
233.720
234.290
234.810
235.360
235.950
236.490
237.040
237.580
238.140
238.680
239.230
239.770
240.330
240.880
241.420
241.960
242.560
243.150
243.690
244.270
244.820
245.370
245.910
246.450
247.000
247.560
248.110
248.650
249.190
249.790
250.360
250.880
251.430
251.970
252.510
253.060
253.620
254.170
254.710
255.230
255.780
256.310
256.850
257.380
257.940
258.490
259.060
259.580
260.100
260.660
261.220
261.760
262.330
262.890
263.430
264.000
264.540
265.090
265.660
266.200
266.770
267.320
267.880
268.430
268.990
269.560
270.110
270.650
271.240
271.780
272.350
272.860
273.420
273.960
274.490
275.030
275.620
276.220
276.830
277.420
278.000
278.590
279.150
279.710
280.250
280.780
281.320
281.870
282.400
282.940
283.470
284.010
284.570
285.170
285.760
286.360
286.930
287.480
288.040
288.610
289.200
289.790
290.360
290.950
291.520
292.110
292.670
293.250
293.830
294.420
294.970
295.540
296.110
296.720
297.290
297.900
298.450
299.040
299.600
300.170
300.730
301.320
301.900
302.470
303.040
303.620
304.180
304.740
305.310
305.870
306.440
307.020
307.600
308.160
308.740
309.310
309.850
310.410
310.980
311.570
312.150
312.710
313.300
313.870
314.410
315.000
315.580
316.160
316.750
317.320
317.880
318.450
319.010
319.590
320.130
320.710
321.260
321.810
322.370
322.930
323.580
324.200
324.790
325.410
326.040
326.680
327.270
327.890
328.520
329.170
329.800
330.440
331.100
331.730
332.440
333.140
333.880
334.590
335.280
336.030
336.740
337.510
338.240
339.040
339.820
340.620
341.360
342.140
342.960
