0.670
1.500
2.340
3.120
3.920
4.730
5.560
6.440
7.290
8.120
8.910
9.740
10.540
11.360
12.210
13.070
13.910
14.760
15.560
16.380
17.210
18.030
18.830
19.710
20.550
21.390
22.250
23.030
23.870
24.710
25.570
26.440
27.340
28.250
29.140
29.990
30.820
31.680
32.540
33.390
34.260
35.140
35.980
36.860
37.730
38.610
39.460
40.340
41.220
42.160
43.030
43.870
44.760
45.630
46.500
47.380
48.250
49.130
49.970
50.800
51.670
52.540
53.410
54.260
55.110
55.970
56.820
57.710
58.570
59.420
60.270
61.140
62.000
62.840
63.700
64.540
65.410
66.230
67.090
67.950
68.800
69.680
70.560
71.390
72.230
73.110
74.000
74.860
75.740
76.600
77.420
78.260
79.110
79.950
80.810
81.690
82.530
83.400
84.240
85.120
86.040
86.900
87.760
88.630
89.470
90.340
91.230
92.070
92.970
93.850
94.690
95.540
96.400
97.300
98.180
99.040
99.940
100.830
101.710
102.600
103.470
104.370
105.210
106.130
107.020
107.920
108.830
109.740
110.630
111.550
112.430
113.330
114.240
115.140
116.010
116.920
117.810
118.710
119.560
120.430
121.330
122.170
123.050
123.970
124.840
125.720
126.640
127.520
128.390
129.280
130.170
131.080
131.970
132.860
133.770
134.680
135.600
136.550
137.400
138.330
139.220
140.120
141.010
141.880
142.730
143.640
144.520
145.410
146.270
147.130
148.050
148.970
149.890
150.760
151.660
152.550
153.420
154.300
155.200
156.090
156.970
157.860
158.750
159.640
160.590
161.560
162.560
163.630
164.780
165.790
166.720
167.730
168.650
169.600
170.610
171.550
