0.530
1.130
1.680
2.280
2.910
3.580
4.280
4.950
5.650
6.330
7.040
7.830
8.580
9.330
10.060
10.790
11.630
12.430
13.230
14.040
14.970
15.910
16.820
17.770
18.760
19.780
20.720
21.660
22.620
23.510
24.470
25.370
26.240
27.090
28.020
28.910
29.770
30.720
31.610
32.520
33.480
34.380
35.380
36.320
37.290
38.250
39.230
40.140
41.040
42.030
42.970
43.910
44.900
45.940
46.890
47.820
48.690
49.620
50.530
51.460
52.370
53.290
54.260
55.250
56.160
57.210
58.220
59.250
60.220
61.110
62.040
62.930
63.890
64.890
65.870
66.850
67.850
68.740
69.720
70.680
71.650
72.600
73.540
74.530
75.340
76.200
77.000
77.840
78.730
79.560
80.350
81.190
82.090
82.970
83.840
84.660
85.510
86.370
87.230
88.140
89.000
89.870
90.800
91.640
92.570
93.510
94.410
95.280
96.230
97.130
98.100
99.050
99.990
100.870
101.810
102.670
103.600
104.500
105.420
106.400
107.290
108.260
109.160
110.040
110.920
111.810
112.710
113.580
114.260
114.910
115.530
116.100
116.650
117.180
117.670
118.100
118.560
119.020
119.450
119.910
120.360
120.830
121.320
121.770
122.260
122.730
123.190
123.660
124.110
124.540
125.010
125.450
125.890
126.360
126.800
127.280
127.740
128.200
128.640
129.110
129.580
130.040
130.510
131.000
131.440
131.900
132.370
132.820
133.260
133.730
134.180
134.620
135.060
135.510
135.950
136.390
136.840
137.290
137.760
138.190
138.640
139.090
139.550
140.000
140.460
140.910
141.350
141.790
142.260
142.680
143.120
143.540
143.990
144.410
144.860
145.320
145.770
146.230
146.690
147.140
147.600
148.060
148.520
148.970
149.440
149.920
150.380
150.850
151.340
151.800
152.260
152.730
153.170
153.600
154.050
154.470
154.890
155.340
155.810
156.260
156.710
157.150
157.580
158.020
158.450
158.900
159.330
159.760
160.190
160.650
161.070
161.520
161.950
162.390
162.860
163.390
163.960
164.530
165.090
165.620
166.190
166.740
167.160
167.600
168.060
168.500
168.910
169.310
169.720
170.120
170.540
170.970
171.380
171.800
172.220
172.670
173.090
173.550
173.970
174.430
174.850
175.290
175.730
176.180
176.650
177.100
177.540
177.950
178.390
178.780
179.170
179.590
179.990
180.380
180.780
181.200
181.640
182.060
182.480
182.890
183.310
183.740
184.150
184.590
185.020
185.450
185.870
186.290
186.710
187.150
187.560
187.970
188.400
188.820
189.270
189.690
190.110
190.520
190.940
191.360
191.800
192.210
192.600
193.010
193.440
193.850
194.260
194.670
195.060
195.470
195.880
196.290
196.710
197.130
197.530
197.940
198.360
198.760
199.160
199.590
199.970
200.370
200.770
201.190
201.590
201.990
202.380
202.780
203.170
203.570
203.980
204.400
204.800
205.210
205.620
206.050
206.480
206.850
207.260
207.630
208.030
208.430
208.790
209.170
209.550
209.950
210.340
210.740
211.120
211.500
211.900
212.300
212.670
213.080
213.450
213.840
214.270
214.670
215.090
215.480
215.900
216.320
216.690
217.080
217.480
217.880
218.300
218.700
219.120
219.520
219.900
220.300
220.710
221.120
221.540
221.960
222.370
222.770
223.190
223.600
224.010
224.420
224.810
225.220
225.640
226.030
226.450
226.830
227.230
227.640
228.070
228.510
228.950
229.380
229.800
230.220
230.650
231.080
231.540
232.030
232.500
233.000
233.450
233.880
234.330
234.800
235.240
235.680
236.130
236.590
237.040
237.450
237.890
238.330
238.740
239.170
239.570
239.980
240.390
240.830
241.290
241.710
242.150
242.620
243.070
243.490
243.890
244.310
244.730
245.150
245.570
245.990
246.410
246.830
247.260
247.670
248.110
248.530
248.930
249.320
249.720
250.130
250.550
250.960
251.350
251.760
252.140
252.540
252.920
253.330
253.720
254.110
254.500
254.880
255.260
255.650
256.060
256.440
256.810
257.200
257.580
257.940
258.330
258.720
259.090
259.470
259.870
260.260
260.640
261.030
261.440
261.830
262.230
262.610
263.010
263.430
263.800
264.210
264.590
264.970
265.350
265.740
266.120
266.490
266.860
267.240
267.630
268.000
268.370
268.730
269.110
269.510
269.890
270.260
270.640
271.010
271.420
271.850
272.250
272.620
272.980
273.330
273.690
274.060
274.410
274.760
275.150
275.540
275.950
276.320
276.730
277.120
277.510
277.900
278.270
278.660
279.070
279.440
279.820
280.200
280.580
280.960
281.330
281.710
282.110
282.470
282.850
283.200
283.580
283.940
284.290
284.670
285.030
285.390
285.780
286.140
286.510
286.880
287.230
287.600
287.950
288.310
288.680
289.040
289.400
289.760
290.110
290.490
290.850
291.220
291.590
291.960
292.330
292.710
293.060
293.430
293.790
294.130
294.480
294.860
295.220
295.560
295.930
296.280
296.650
297.020
297.380
297.730
298.070
298.430
298.780
299.140
299.480
299.830
300.170
300.510
300.860
301.200
301.560
301.900
302.260
302.620
302.960
303.300
303.650
304.010
304.350
304.710
305.060
305.410
305.750
306.090
306.420
306.760
307.120
307.450
307.790
308.140
308.460
308.810
309.140
309.480
309.830
310.190
310.530
310.860
311.200
311.560
311.900
312.250
312.600
312.930
313.260
313.600
313.930
314.260
314.590
314.930
315.270
315.620
315.950
316.290
316.620
316.970
317.310
317.660
318.020
318.360
318.690
319.020
319.330
319.680
320.010
320.320
320.680
321.010
321.340
321.690
322.030
322.370
322.690
323.030
323.370
323.680
324.020
324.360
324.690
325.020
325.330
325.660
325.990
326.330
326.680
327.020
327.340
327.660
327.990
328.330
328.660
328.980
329.310
329.660
329.990
330.320
330.650
330.980
331.300
331.620
331.940
332.260
332.580
332.900
333.220
333.540
333.850
334.170
334.490
334.810
335.130
335.450
335.780
336.090
336.420
336.740
337.060
337.370
337.700
338.010
338.340
338.660
338.970
339.280
339.590
339.900
340.210
340.520
340.830
341.150
341.460
341.770
342.080
342.390
342.690
343.010
343.320
343.630
343.960
344.280
344.600
344.910
345.230
345.530
345.850
346.160
346.470
346.770
347.090
347.390
347.710
348.010
348.320
348.630
348.940
349.250
349.570
349.880
350.190
350.500
350.810
351.130
351.470
351.920
352.350
352.840
353.310
353.830
354.420
355.020
355.620
356.230
356.810
357.410
358.040
358.650
359.250
359.870
360.470
361.030
361.640
362.250
362.850
363.430
364.060
364.650
365.250
365.860
366.440
367.070
367.770
368.480
369.210
369.950
370.660
371.410
372.090
372.790
373.470
374.140
374.800
375.490
376.180
376.850
377.590
378.260
378.970
379.570
380.190
380.760
381.370
382.020
382.690
383.330
384.070
384.850
385.650
386.430
387.210
388.000
388.810
389.580
390.270
391.010
391.720
392.400
393.120
393.800
394.530
395.260
396.130
397.020
397.810
398.660
399.500
400.290
401.160
401.950
402.710
403.500
404.230
404.920
405.620
406.340
407.090
407.870
408.700
409.660
410.550
411.490
412.380
413.250
414.100
414.990
415.870
416.710
417.610
418.460
419.320
420.270
421.270
422.320
423.370
424.370
425.300
426.230
427.210
428.150
429.090
429.960
430.810
431.680
432.470
433.160
433.840
434.520
435.180
435.870
436.580
437.260
437.970
438.600
439.260
439.910
440.540
441.200
441.920
442.610
443.300
443.950
444.590
445.260
445.940
446.590
447.270
447.940
448.540
449.200
449.820
450.430
451.090
451.700
452.290
452.920
453.530
454.180
454.830
455.480
456.170
456.840
457.500
458.130
458.900
459.710
460.490
461.390
462.260
463.210
464.180
465.120
465.970
466.850
467.720
468.540
469.400
470.490
471.580
472.630
473.670
474.790
475.910
476.980
478.090
479.120
480.220
