0.190
0.750
1.300
1.820
2.380
2.950
3.520
4.080
4.680
5.250
5.820
6.340
6.890
7.440
7.960
8.500
9.030
9.580
10.140
10.750
11.320
11.880
12.410
12.960
13.510
14.080
14.580
15.120
15.630
16.140
16.630
17.160
17.690
18.200
18.710
19.240
19.720
20.230
20.770
21.290
21.810
22.340
22.910
23.420
23.950
24.470
25.010
25.540
26.070
26.600
27.120
27.670
28.200
28.740
29.240
29.770
30.290
30.800
31.300
31.810
32.350
32.880
33.390
33.880
34.420
34.920
35.430
35.950
36.430
36.950
37.460
37.970
38.480
39.030
39.520
40.070
40.570
41.110
41.600
42.130
42.620
43.140
43.640
44.140
44.690
45.210
45.710
46.220
46.720
47.240
47.740
48.270
48.750
49.290
49.790
50.300
50.790
51.330
51.800
52.290
52.790
53.260
53.740
54.240
54.720
55.230
55.710
56.210
56.700
57.170
57.650
58.140
58.640
59.130
59.590
60.010
60.460
60.960
61.460
61.980
62.470
63.000
63.500
64.030
64.530
65.040
65.530
66.050
66.570
67.070
67.560
68.090
68.560
69.060
69.590
70.100
70.600
71.140
71.660
72.180
72.690
73.190
73.740
74.230
74.770
75.290
75.840
76.390
76.930
77.460
77.940
78.410
78.890
79.360
79.850
80.350
80.850
81.320
81.850
82.320
82.850
83.350
83.820
84.360
84.870
85.350
85.920
86.550
87.150
87.720
88.340
88.940
89.520
90.170
90.810
91.440
92.040
92.680
93.260
93.840
94.400
94.980
95.570
96.190
96.810
97.390
98.000
98.640
99.240
99.840
100.450
101.070
101.680
102.300
102.900
103.510
104.110
104.740
105.350
105.950
106.520
107.100
107.720
108.280
108.890
109.510
110.110
110.680
111.280
111.850
112.430
113.000
113.580
114.150
114.730
115.280
115.850
116.440
116.990
117.560
118.130
118.710
119.280
119.800
120.370
120.920
121.450
122.030
122.590
123.150
123.710
124.280
124.840
125.390
125.960
126.500
127.070
127.620
128.180
128.740
129.310
129.890
130.460
131.030
131.600
132.170
132.750
133.320
133.840
134.420
134.940
135.520
136.100
136.680
137.240
137.800
138.350
138.930
139.490
140.040
140.600
141.150
141.700
142.270
142.840
143.380
143.920
144.470
145.030
145.570
146.140
146.670
147.250
147.800
148.360
148.920
149.490
150.030
150.590
151.130
151.680
152.250
152.830
153.390
153.950
154.520
155.100
155.700
156.250
156.830
157.380
157.980
158.530
159.080
159.610
160.160
160.720
161.270
161.850
162.390
162.980
163.530
164.100
164.640
165.220
165.780
166.320
166.860
167.410
167.960
168.510
169.070
169.610
170.170
170.730
171.290
171.850
172.410
172.970
173.500
174.050
174.590
175.160
175.680
176.240
176.810
177.340
177.880
178.420
178.960
179.510
180.050
180.560
181.110
181.640
182.180
182.680
183.210
183.730
184.260
184.800
185.340
185.850
186.370
186.940
187.470
188.010
188.540
189.090
189.630
190.180
190.710
191.260
191.780
192.300
192.820
193.330
193.870
194.400
194.920
195.430
195.930
196.450
196.970
197.500
198.020
198.540
199.090
199.620
200.130
200.670
201.210
201.780
202.340
202.870
203.440
203.960
204.550
205.120
205.690
206.240
206.810
207.370
207.910
208.450
209.030
209.590
210.150
210.690
211.240
211.790
212.330
212.900
213.420
213.970
214.520
215.070
215.620
216.190
216.750
217.270
217.800
218.320
218.860
219.390
219.930
220.480
221.010
221.550
222.090
222.660
223.200
223.760
224.290
224.850
225.400
225.960
226.510
227.050
227.600
228.130
228.700
229.230
229.780
230.330
230.880
231.420
231.960
232.520
233.060
233.610
234.180
234.730
235.260
235.840
236.360
236.930
237.480
238.040
238.570
239.120
239.680
240.220
240.810
241.350
241.900
242.450
243.000
243.550
244.100
244.660
245.210
245.760
246.310
246.850
247.390
247.920
248.440
248.990
249.510
250.040
250.590
251.120
251.660
252.190
252.720
253.230
253.770
254.290
254.820
255.340
255.860
256.390
256.940
257.460
257.990
258.530
259.060
259.600
260.130
260.670
261.230
261.750
262.290
262.840
263.380
263.920
264.450
264.980
265.510
266.020
266.550
267.080
267.610
268.130
268.650
269.170
269.700
270.200
270.730
271.260
271.780
272.300
272.830
273.370
273.920
274.470
275.010
275.560
276.130
276.660
277.200
277.740
278.270
278.830
279.370
279.910
280.480
281.030
281.580
282.130
282.630
283.140
283.660
284.200
284.720
285.240
285.740
286.260
286.800
287.330
287.850
288.390
288.900
289.430
289.990
290.510
291.050
291.610
292.130
292.660
293.180
293.730
294.270
294.800
295.320
295.840
296.350
296.840
297.360
297.900
298.450
299.000
299.570
300.120
300.670
301.360
302.020
302.750
303.420
304.100
304.830
305.600
306.400
307.260
308.090
308.870
309.620
310.360
311.180
311.990
312.840
313.750
314.630
315.530
316.410
317.260
318.200
319.070
319.980
320.850
321.760
322.610
323.530
324.410
325.320
326.190
327.080
327.940
328.850
