0.360
0.960
1.560
2.170
2.770
3.370
3.970
4.540
5.130
5.700
6.260
6.840
7.400
7.980
8.550
9.100
9.700
10.260
10.830
11.390
11.960
12.520
13.080
13.650
14.210
14.760
15.340
15.900
16.460
17.020
17.590
18.140
18.720
19.270
19.810
20.360
20.920
21.480
22.040
22.590
23.140
23.700
24.260
24.810
25.370
25.930
26.480
27.030
27.590
28.140
28.690
29.240
29.790
30.340
30.890
31.450
31.980
32.540
33.100
33.650
34.200
34.770
35.320
35.870
36.440
36.990
37.540
38.090
38.620
39.180
39.720
40.260
40.810
41.360
41.890
42.440
42.970
43.530
44.080
44.620
45.160
45.720
46.270
46.820
47.360
47.890
48.450
48.990
49.510
50.050
50.590
51.120
51.670
52.220
52.760
53.310
53.860
54.400
54.940
55.480
56.010
56.550
57.090
57.630
58.160
58.690
59.230
59.770
60.300
60.840
61.380
61.920
62.460
63.010
63.540
64.070
64.610
65.150
65.700
66.240
66.770
67.310
67.840
68.380
68.930
69.450
70.000
70.530
71.060
71.610
72.130
72.660
73.200
73.730
74.260
74.790
75.330
75.870
76.410
76.950
77.480
78.030
78.560
79.090
79.620
80.180
80.720
81.230
81.770
82.300
82.840
83.360
83.890
84.420
84.950
85.490
86.020
86.570
87.100
87.640
88.150
88.680
89.220
89.750
90.280
90.810
91.340
91.870
92.400
92.940
93.470
94.020
94.560
95.090
95.630
96.150
96.690
97.220
97.750
98.280
98.810
99.360
99.880
100.410
100.910
101.450
101.980
102.510
103.040
103.570
104.100
104.630
105.160
105.690
106.220
106.750
107.260
107.790
108.320
108.850
109.380
109.920
110.450
110.990
111.530
112.070
112.600
113.140
113.680
114.220
114.770
115.310
115.850
116.380
116.920
117.450
117.980
118.530
119.070
119.610
120.160
120.700
121.240
121.770
122.320
122.850
123.410
123.940
124.470
125.010
125.540
126.070
126.600
127.140
127.690
128.220
128.760
129.310
129.850
130.390
130.930
131.470
132.010
132.550
133.070
133.620
134.150
134.680
135.200
135.740
136.280
136.820
137.370
137.910
138.460
139.000
139.540
140.060
140.580
141.120
141.650
142.190
142.720
143.240
143.770
144.320
144.850
145.380
145.910
146.430
146.960
147.480
148.020
148.540
149.070
149.580
150.120
150.650
151.190
151.720
152.240
152.770
153.290
153.820
154.360
154.890
155.430
155.960
156.510
157.040
157.570
158.110
158.640
159.180
159.710
160.240
160.770
161.300
161.830
162.360
162.880
163.440
163.970
164.500
165.040
165.570
166.110
166.660
167.200
167.740
168.290
168.810
169.350
169.890
170.420
170.960
171.500
172.040
172.570
173.110
173.640
174.160
174.700
175.230
175.780
176.320
176.850
177.380
177.910
178.390
178.870
179.350
179.820
180.300
180.780
181.270
181.750
182.230
182.710
183.190
183.670
184.150
184.610
