6.770
7.560
8.340	1
9.090
9.870
10.690
11.530	1
12.410
13.240
14.080
14.930	1
15.800
16.620
17.540
18.430	1
19.290
20.180
21.060
21.890	1
22.770
23.650
24.550
25.470	1
26.360
27.260
28.160
29.050	1
29.950
30.870
31.780
32.690	1
33.590
34.520
35.420
36.290	1
37.190
38.050
38.970
39.880	1
40.830
41.770
42.690
43.600	1
44.530
45.440
46.370
47.300	1
48.230
49.190
50.070
50.980	1
51.910
52.860
53.770
54.680	1
55.610
56.540
57.480
58.380	1
59.300
60.250
61.190
62.070	1
63.030
63.980
64.870
65.800	1
66.670
67.610
68.510
69.420	1
70.350
71.310
72.230
73.170	1
74.090
74.980
75.920
76.860	1
77.810
78.730
79.600
80.550	1
81.470
82.380
83.310
84.240	1
85.170
86.090
87.060
88.020	1
88.980
89.870
90.860
91.800	1
92.690
93.660
94.620
95.590	1
96.510
97.420
98.390
99.300	1
100.290
101.260
102.230
103.200	1
104.170
105.140
106.090
107.080	1
107.990
108.960
109.960
110.870	1
111.820
112.800
113.780
114.730	1
115.720
116.730
117.730
118.760	1
119.670
120.580
121.510
122.430	1
123.370
124.260
125.170
126.110	1
127.030
127.930
128.840
129.750	1
130.670
131.650
132.570
133.560	1
134.500
135.380
136.310
137.230	1
138.170
139.140
140.100
141.000	1
141.960
142.880
143.850
144.810	1
145.760
146.730
147.670
148.570	1
149.530
150.460
151.390
152.320	1
153.270
154.180
155.100
156.040	1
156.960
157.870
158.820
159.760	1
160.680
161.620
162.580
163.490	1
164.390
165.350
166.280
167.200	1
168.150
169.060
170.000
170.940	1
171.900
172.820
173.800
174.740	1
