0.210
0.780	1
1.310
1.840
2.380
2.940	1
3.480
4.020
4.550
5.110	1
5.640
6.180
6.720
7.270	1
7.790
8.340
8.890
9.420	1
9.950
10.500
11.050
11.590	1
12.140
12.700
13.250
13.800	1
14.330
14.890
15.440
15.980	1
16.520
17.070
17.620
18.200	1
18.740
19.290
19.830
20.390	1
20.930
21.490
22.040
22.580	1
23.130
23.670
24.220
24.770	1
25.310
25.870
26.420
26.980	1
27.520
28.070
28.610
29.190	1
29.740
30.290
30.820
31.390	1
31.910
32.470
33.020
33.550	1
34.100
34.640
35.220
35.770	1
36.310
36.850
37.400
37.960	1
38.510
39.070
39.600
40.150	1
40.690
41.260
41.800
42.340	1
42.910
43.450
44.000
44.550	1
45.100
45.690
46.240
46.800	1
47.370
47.910
48.460
49.030	1
49.580
50.140
50.680
51.220	1
51.790
52.340
52.900
53.450	1
53.980
54.530
55.070
55.630	1
56.190
56.760
57.290
57.830	1
58.410
58.940
59.500
60.050	1
60.600
61.150
61.720
62.290	1
62.840
63.370
63.920
64.460	1
65.010
65.590
66.130
66.670	1
67.220
67.780
68.340
68.900	1
69.470
70.030
70.570
71.130	1
71.680
72.220
72.780
73.340	1
73.900
74.480
75.030
75.580	1
76.140
76.690
77.250
77.830	1
78.380
78.950
79.500
80.050	1
80.600
81.150
81.720
82.270	1
82.820
83.370
83.920
84.490	1
85.050
85.620
86.180
86.730	1
87.290
87.860
88.420
88.970	1
89.520
90.080
90.640
91.220	1
91.760
92.320
92.890
93.430	1
93.990
94.530
95.090
95.650	1
96.190
96.750
97.290
97.840	1
98.400
98.950
99.500
100.050	1
100.610
101.170
101.710
102.280	1
102.840
103.400
103.940
104.510	1
105.060
105.610
106.180
106.740	1
107.290
107.840
108.390
108.960	1
109.500
110.050
110.620
111.170	1
111.740
112.300
112.850
113.410	1
113.950
114.540
115.080
115.640	1
116.210
116.760
117.320
117.890	1
118.460
119.000
119.570
120.130	1
120.690
121.230
121.810
122.360	1
122.920
123.470
124.040
124.620	1
125.180
125.710
126.280
126.850	1
127.380
127.940
128.490
129.050	1
129.620
130.180
130.730
131.300	1
131.850
132.400
132.970
133.570	1
134.110
134.670
135.210
135.760	1
136.310
136.870
137.430
138.000	1
138.570
139.130
139.700
140.270	1
140.820
141.380
141.960
142.510	1
143.060
143.620
144.170
144.740	1
145.320
145.870
146.400
146.960	1
147.510
148.050
148.600
149.160	1
149.710
150.270
150.830
151.390	1
151.910
152.470
153.050
153.590	1
154.150
154.710
155.280
155.830	1
156.390
156.960
157.510
158.090	1
158.640
159.200
159.780
160.330	1
160.910
161.460
162.030
162.590	1
163.150
163.720
164.260
164.830	1
165.380
165.940
166.480
167.020	1
167.560
168.120
168.670
169.230	1
169.780
170.330
170.890
171.440	1
171.980
172.560
173.100
173.670	1
174.220
174.780
175.330
175.880	1
176.440
176.990
177.540
178.120	1
178.690
179.250
179.810
180.400	1
180.950
181.540
182.200
182.800	1
