0.250
0.840
1.460
2.060
2.660
3.220
3.840
4.420
5.010
5.580
6.170
6.780
7.380
7.960
8.550
9.140
9.730
10.320
10.950
11.540
12.140
12.720
13.320
13.920
14.510
15.090
15.690
16.260
16.880
17.460
18.070
18.670
19.260
19.850
20.440
21.030
21.630
22.220
22.800
23.380
23.980
24.560
25.160
25.750
26.340
26.930
27.530
28.110
28.690
29.260
29.840
30.410
31.000
31.570
32.150
32.720
33.300
33.850
34.430
35.000
35.600
36.160
36.760
37.340
37.910
38.520
39.110
39.680
40.280
40.860
41.450
42.020
42.620
43.190
43.790
44.340
44.930
45.500
46.090
46.660
47.240
47.840
48.420
48.990
49.580
50.160
50.740
51.320
51.900
52.460
53.050
53.600
54.190
54.750
55.330
55.900
56.500
57.080
57.680
58.240
58.840
59.390
59.960
60.540
61.120
61.680
62.270
62.840
63.430
64.000
64.600
65.170
65.770
66.360
66.960
67.530
68.140
68.720
69.330
69.910
70.490
71.060
71.620
72.130
72.690
73.230
73.820
74.400
74.960
75.550
76.140
76.710
77.300
77.890
78.490
79.060
79.650
80.230
80.820
81.390
81.970
82.550
83.140
83.700
84.280
84.830
85.430
85.980
86.550
87.110
87.670
88.230
88.800
89.370
89.950
90.500
91.080
91.650
92.220
92.770
93.340
93.910
94.480
95.040
95.610
96.190
96.760
97.330
97.890
98.460
99.020
99.590
100.150
100.710
101.290
101.860
102.450
103.030
103.600
104.180
104.750
105.300
105.890
106.450
107.020
107.580
108.160
108.740
109.310
109.870
110.450
111.020
111.590
112.190
112.770
113.340
113.930
114.500
115.070
115.650
116.220
116.790
117.370
117.930
118.510
119.080
119.660
120.230
120.800
121.380
121.970
122.540
123.130
123.710
124.290
124.850
125.410
125.980
126.550
127.120
127.680
128.250
128.810
129.380
129.970
130.540
131.120
131.710
132.290
132.870
133.470
134.040
134.610
135.180
135.750
136.310
136.870
137.450
138.010
138.580
139.150
139.730
140.310
140.900
141.470
142.070
142.640
143.220
143.810
144.390
144.970
145.540
146.140
146.710
147.320
147.900
148.480
149.070
149.640
150.220
150.830
151.420
152.010
152.600
153.180
153.760
154.340
154.920
155.490
156.070
156.640
157.190
157.780
158.360
158.940
159.530
160.110
160.680
161.260
161.860
162.440
163.030
163.600
164.200
164.770
165.330
165.890
166.470
167.040
167.620
168.200
168.780
169.360
169.930
170.510
171.060
171.660
172.240
172.830
173.410
173.980
174.560
175.140
175.710
176.280
176.860
177.450
178.020
178.620
179.200
179.790
180.340
180.920
181.510
182.110
182.700
183.280
183.870
184.440
185.030
185.620
186.190
186.800
187.390
187.990
188.570
189.160
189.750
190.310
190.870
191.460
192.020
192.620
193.190
193.780
194.370
194.920
195.500
196.080
196.690
197.270
197.850
198.440
199.020
199.610
200.180
200.760
201.330
201.910
202.480
203.060
203.630
204.210
204.780
205.380
205.950
206.540
207.100
207.680
208.240
208.820
209.400
209.980
210.560
211.160
211.730
212.310
212.880
213.440
214.030
214.620
215.210
215.790
216.370
216.980
217.540
218.140
218.730
219.270
219.860
220.430
221.020
221.640
222.210
222.810
223.440
224.040
224.590
225.190
225.780
226.360
226.940
227.500
228.100
228.670
