0.990
2.090
3.130
4.230
5.260
6.370
7.420
8.520
9.660
10.740
11.800
12.850
13.820
14.850
15.970
17.040
18.110
19.130
20.230
21.310
22.390
23.400
24.540
25.620
26.700
27.750
28.730
29.630
30.530
31.420
32.200
32.970
33.760
34.460
35.140
35.830
36.550
37.300
38.000
38.700
39.440
40.120
40.880
41.580
42.280
43.050
43.810
44.530
45.320
46.030
46.800
47.520
48.240
48.990
49.710
50.450
51.140
51.890
52.620
53.340
54.030
54.760
55.520
56.240
56.960
57.650
58.410
59.090
59.840
60.620
61.350
62.120
62.900
63.690
64.430
65.220
65.990
66.710
67.420
68.100
68.870
69.570
70.320
71.070
71.870
72.930
73.980
75.060
76.110
77.200
78.260
79.380
80.470
81.580
82.680
83.760
84.810
85.930
87.010
88.040
89.120
90.240
91.310
92.330
93.340
94.370
95.460
96.590
97.650
98.760
99.800
100.880
101.960
103.030
104.150
105.240
106.360
107.450
108.460
109.550
110.550
111.670
112.750
113.870
114.920
116.020
117.110
117.970
118.920
119.820
120.670
121.570
122.660
123.780
124.890
125.980
127.080
128.130
129.210
130.340
131.390
132.470
133.590
134.630
135.660
136.700
137.760
138.800
139.840
140.850
141.930
142.960
143.960
144.970
146.030
147.010
148.100
149.080
150.120
151.130
152.140
153.160
154.170
155.220
156.260
157.200
158.260
159.270
160.310
161.340
162.400
163.440
164.480
165.500
166.590
167.600
168.670
169.720
170.760
171.800
172.800
173.810
174.750
175.750
176.790
177.810
178.850
179.820
180.900
181.910
183.010
184.030
185.090
186.140
187.180
188.180
189.240
190.270
191.350
192.420
193.460
194.500
195.590
196.620
197.660
198.690
199.790
200.910
201.970
203.040
204.130
205.160
206.230
207.270
208.370
209.400
210.520
211.560
212.660
213.690
214.800
215.840
216.950
218.040
219.110
220.160
221.230
222.310
223.330
224.380
225.430
226.470
227.540
228.540
229.540
230.550
231.560
232.570
233.630
234.620
235.640
236.640
237.710
238.760
239.900
240.980
242.020
243.060
244.130
245.170
246.180
247.200
248.330
249.370
250.490
251.560
252.640
253.730
254.880
255.910
257.040
258.150
259.240
260.290
261.380
262.460
263.570
264.690
265.740
266.820
267.940
269.050
270.090
271.230
272.290
273.260
274.230
275.200
276.160
277.160
278.110
279.090
280.070
281.010
281.960
282.910
283.700
284.540
285.310
286.050
286.790
287.490
288.240
288.950
289.700
290.440
291.180
291.930
292.610
293.300
294.010
294.710
