0.390
0.820
1.250
1.670
2.100
2.530
2.930
3.350
3.780
4.210
4.620
5.050
5.470
5.880
6.290
6.710
7.130
7.550
7.960
8.370
8.790
9.180
9.590
10.010
10.420
10.860
11.300
11.740
12.190
12.630
13.080
13.520
13.950
14.390
14.840
15.280
15.740
16.190
16.650
17.100
17.540
17.990
18.450
18.920
19.380
19.840
20.300
20.760
21.210
21.690
22.160
22.610
23.080
23.550
24.010
24.480
24.940
25.390
25.860
26.300
26.790
27.240
27.730
28.200
28.670
29.130
29.590
30.060
30.540
31.010
31.480
31.940
32.410
32.890
33.350
33.820
34.270
34.740
35.190
35.640
36.100
36.560
37.010
37.500
37.970
38.430
38.880
39.350
39.810
40.280
40.720
41.200
41.660
42.130
42.600
43.070
43.530
44.010
44.490
44.950
45.410
45.880
46.360
46.810
47.270
47.730
48.190
48.640
49.070
49.530
50.000
50.460
50.910
51.370
51.850
52.300
52.760
53.230
53.660
54.120
54.570
55.030
55.490
55.940
56.400
56.850
57.330
57.790
58.260
58.730
59.170
59.650
60.110
60.570
61.020
61.470
61.940
62.420
62.880
63.370
63.810
64.280
64.740
65.190
65.660
66.130
66.590
67.070
67.520
68.010
68.460
68.940
69.400
69.870
70.360
70.820
71.280
71.720
72.190
72.680
73.140
73.620
74.090
74.550
75.020
75.480
75.970
76.430
76.900
77.360
77.830
78.290
78.760
79.210
79.680
80.170
80.630
81.110
81.570
82.030
82.520
82.970
83.440
83.880
84.360
84.810
85.260
85.730
86.200
86.660
87.130
87.600
88.050
88.480
88.950
89.380
89.840
90.300
90.750
91.230
91.690
92.150
92.610
93.060
93.510
93.980
94.440
94.910
95.350
95.810
96.290
96.760
97.210
97.690
98.130
98.610
99.070
99.510
99.950
100.410
100.890
101.350
101.800
102.240
102.690
103.140
103.600
104.060
104.500
104.960
105.420
105.870
106.350
106.790
107.240
107.710
108.160
108.620
109.070
109.540
110.000
110.470
110.920
111.400
111.870
112.340
112.790
113.260
113.720
114.190
114.640
115.090
115.580
116.030
116.520
116.990
117.440
117.910
118.380
118.840
119.290
119.760
120.210
120.680
121.150
121.600
122.070
122.510
122.970
123.440
123.900
124.360
124.850
125.300
125.790
126.250
126.730
127.220
127.690
128.150
128.620
129.090
129.570
130.040
130.490
130.970
131.440
131.910
132.380
132.850
133.330
133.800
134.280
134.750
135.230
135.700
136.170
136.650
137.100
137.580
138.040
138.480
138.940
139.400
139.840
140.300
140.770
141.260
141.720
142.190
142.670
143.140
143.630
144.090
144.580
145.040
145.520
145.970
146.440
146.930
147.390
147.840
148.290
148.740
149.190
149.620
150.090
150.530
150.970
151.450
151.920
152.420
152.900
153.360
153.810
154.270
154.720
155.200
155.660
156.130
156.620
157.070
157.530
158.010
158.450
158.930
159.370
159.850
160.290
160.750
161.210
161.680
162.140
162.610
163.050
163.520
163.990
164.440
164.910
165.350
165.830
166.290
166.730
