0.220
0.840
1.460
2.090
2.720
3.320
3.930
4.540
5.140
5.710
6.250
6.830
7.420
7.980
8.550
9.140
9.750
10.410
11.090
11.800
12.430
13.030
13.580
14.160
14.770
15.320
15.920
16.500
17.120
17.730
18.310
18.900
19.510
20.150
20.780
21.420
22.030
22.620
23.250
23.870
24.470
25.060
25.690
26.350
26.980
27.600
28.220
28.890
29.550
30.190
30.810
31.440
32.100
32.740
33.340
33.970
34.620
35.260
35.870
36.510
37.130
37.800
38.420
39.050
39.690
40.340
41.000
41.620
42.280
42.910
43.520
44.150
44.780
45.440
46.050
46.660
47.290
47.920
48.540
49.180
49.840
50.500
51.170
51.870
52.560
53.270
53.980
54.680
55.370
56.090
56.820
57.520
58.220
58.940
59.630
60.340
61.050
61.760
62.480
63.180
63.900
64.590
65.290
66.030
66.750
67.400
68.130
68.780
69.480
70.150
70.840
71.600
72.310
72.990
73.710
74.410
75.090
75.770
76.500
77.150
77.860
78.530
79.240
79.910
80.590
81.290
81.990
82.660
83.360
84.080
84.790
85.470
86.150
86.840
87.530
88.260
88.960
89.700
90.430
91.160
91.910
92.670
93.420
94.180
94.890
95.570
96.270
97.020
97.740
98.500
99.280
100.050
100.780
101.540
102.320
103.060
103.820
104.500
105.180
105.880
106.630
107.390
108.170
108.940
109.670
110.450
111.170
111.950
112.670
113.450
114.190
114.910
115.690
116.480
117.270
118.020
118.750
119.480
120.240
120.990
121.640
122.330
123.050
123.750
124.420
125.180
125.960
126.660
127.330
128.040
128.780
129.540
130.250
130.990
131.700
132.470
133.230
133.980
134.790
135.570
136.320
137.070
137.820
138.550
139.320
140.050
140.780
141.570
142.320
143.100
143.860
144.660
145.430
146.210
147.010
147.790
148.550
149.350
150.130
150.870
151.620
152.340
153.050
153.740
154.470
155.220
155.970
156.670
157.310
157.930
158.620
159.370
160.060
160.760
161.530
162.240
162.990
163.760
164.500
165.260
166.000
166.740
167.500
168.220
168.940
169.700
170.400
171.120
171.830
172.590
173.280
174.050
174.740
175.550
176.420
177.240
178.020
178.730
179.450
180.150
180.850
181.560
182.280
182.970
183.770
184.550
185.350
186.100
186.860
187.650
188.420
189.230
189.990
190.760
191.560
192.330
193.090
193.880
194.670
195.470
196.250
