0.490
1.030
1.530
2.040
2.560
3.080
3.570
4.090
4.590
5.100
5.610
6.120
6.640
7.130
7.640
8.130
8.640
9.170
9.690
10.200
10.730
11.240
11.750
12.260
12.750
13.270
13.780
14.320
14.840
15.360
15.870
16.350
16.860
17.380
17.890
18.400
18.890
19.410
19.920
20.440
20.930
21.440
21.940
22.440
22.950
23.440
23.940
24.430
24.950
25.460
25.980
26.490
27.000
27.500
28.000
28.510
29.020
29.540
30.050
30.570
31.080
31.580
32.090
32.580
33.070
33.590
34.100
34.590
35.120
35.630
36.140
36.630
37.130
37.650
38.160
38.670
39.180
39.680
40.160
40.660
41.130
41.640
42.150
42.650
43.160
43.630
44.110
44.630
45.110
45.600
46.120
46.620
47.110
47.620
48.120
48.610
49.080
49.590
50.080
50.560
51.050
51.570
52.070
52.560
53.070
53.590
54.080
54.570
55.070
55.560
56.060
56.550
57.010
57.520
58.020
58.520
59.030
59.530
60.030
60.530
61.030
61.520
62.050
62.540
63.040
63.550
64.040
64.530
65.000
65.520
66.010
66.500
67.000
67.500
68.000
68.490
69.000
69.490
69.990
70.480
70.970
71.440
71.920
72.420
72.890
73.410
73.910
74.400
74.910
75.400
75.910
76.410
76.910
77.390
77.900
78.400
78.910
79.400
79.900
80.400
80.910
81.400
81.900
82.400
82.890
83.380
83.870
84.370
84.860
85.350
85.840
86.340
86.830
87.330
87.820
88.320
88.790
89.260
89.740
90.240
90.700
91.180
91.630
92.120
92.580
93.070
93.580
94.060
94.570
95.040
95.520
95.990
96.490
96.980
97.470
97.960
98.450
98.950
99.440
99.930
100.430
100.930
101.410
101.900
102.390
102.870
103.320
103.790
104.270
104.770
105.260
105.740
106.210
106.720
107.210
107.690
108.170
108.660
109.140
109.640
110.130
110.630
111.120
111.600
112.100
112.580
113.070
113.580
114.060
114.560
115.050
115.530
116.000
116.500
116.990
117.480
117.960
118.430
118.900
119.390
119.880
120.350
120.870
121.360
121.870
122.360
122.860
123.340
123.810
124.320
124.790
125.290
125.780
126.280
126.780
127.280
127.780
128.250
128.750
129.240
129.730
130.220
130.710
131.180
131.690
132.190
132.660
133.130
133.620
134.100
134.560
135.020
135.520
135.990
136.500
136.980
137.470
137.960
138.450
138.950
139.430
139.910
140.400
140.890
141.370
141.850
142.350
142.830
143.320
143.800
144.290
144.780
145.280
145.770
146.260
146.750
147.240
147.740
148.220
148.710
149.200
149.690
150.170
150.660
151.160
151.650
152.140
152.630
153.140
153.630
154.110
154.580
155.080
155.570
156.080
156.560
157.040
157.550
158.030
158.510
159.010
159.490
159.970
160.460
160.960
161.450
161.940
162.420
162.920
163.410
163.890
164.390
164.870
165.350
165.840
166.320
166.780
167.250
167.760
168.250
168.720
169.210
169.700
170.180
170.680
171.180
171.670
172.150
172.650
173.130
173.610
174.110
174.600
175.100
175.600
176.090
176.580
177.080
177.560
178.050
178.550
179.050
179.520
180.010
180.500
181.000
181.490
181.970
182.460
182.950
183.440
183.940
184.440
184.920
185.410
185.900
186.400
186.890
187.380
187.870
188.360
188.840
189.340
189.810
190.290
190.780
191.270
191.740
192.220
192.710
193.200
193.700
194.170
194.650
195.150
195.630
196.120
196.590
197.070
197.530
198.030
198.500
199.010
199.490
199.990
200.480
200.970
201.450
201.930
202.430
202.930
203.410
203.910
204.400
204.890
205.370
205.870
206.340
206.850
207.340
207.840
208.330
208.810
209.290
209.780
210.280
210.770
211.260
211.740
212.230
212.720
213.200
213.680
214.150
214.640
215.110
215.600
216.080
216.570
217.050
217.560
218.040
218.530
219.020
219.520
220.010
220.490
220.970
221.470
221.960
222.440
222.930
223.430
223.920
224.410
224.900
225.400
225.890
226.390
226.880
227.350
227.820
228.310
228.780
229.250
229.730
230.220
230.720
231.200
231.700
232.190
232.690
233.180
233.650
234.150
234.630
235.130
235.620
236.120
236.590
237.090
237.580
238.060
238.560
239.030
239.510
240.000
240.470
240.950
241.440
241.910
242.390
242.880
243.360
243.850
244.330
244.790
245.280
245.770
246.270
246.750
247.230
247.690
248.190
248.660
249.140
249.630
250.110
250.620
251.100
251.590
252.060
252.540
253.030
253.510
253.990
254.480
254.970
255.460
255.930
256.410
256.910
257.400
257.880
258.380
258.870
259.350
259.840
260.310
260.760
261.250
261.700
262.170
262.660
263.130
263.610
264.100
264.570
265.060
265.540
266.060
266.540
267.020
267.510
267.990
268.460
268.940
269.420
269.910
270.410
270.890
271.370
271.860
272.360
272.850
273.320
273.800
274.290
274.780
275.240
275.740
276.200
276.670
277.140
277.640
278.110
278.590
279.080
279.560
280.040
280.510
281.010
281.490
281.960
282.460
282.950
283.430
283.910
284.380
284.860
285.340
285.810
286.300
286.780
287.260
287.750
288.220
288.730
289.220
289.700
290.160
290.600
291.040
291.490
291.940
292.370
292.800
293.230
293.660
294.100
294.530
294.960
295.370
295.810
296.230
296.680
297.090
297.520
297.960
298.420
298.860
299.300
299.730
300.160
300.580
301.010
301.460
301.890
302.310
302.710
303.150
303.600
304.050
304.550
305.010
305.520
306.000
306.500
307.010
307.500
308.000
308.460
308.980
309.480
309.970
310.470
310.990
311.470
311.980
312.440
312.950
313.450
313.910
314.400
314.890
315.410
315.900
316.370
316.870
317.380
317.910
318.420
318.940
319.460
319.940
320.460
320.960
321.500
322.000
322.490
323.030
323.550
324.070
324.580
325.100
325.610
326.150
326.660
327.230
327.770
328.290
328.800
329.340
329.870
330.420
330.920
331.400
331.900
332.370
332.860
333.320
333.800
334.280
