0.370
0.770
1.180
1.580
1.960
2.340
2.740
3.100
3.500
3.860
4.260
4.620
5.020
5.400
5.780
6.140
6.530
6.910
7.300
7.680
8.050
8.420
8.810
9.190
9.570
9.940
10.330
10.720
11.080
11.460
11.850
12.220
12.600
12.980
13.380
13.740
14.140
14.510
14.890
15.250
15.620
16.000
16.380
16.740
17.120
17.500
17.870
18.250
18.620
18.990
19.370
19.750
20.140
20.510
20.870
21.230
21.620
21.990
22.360
22.730
23.080
23.450
23.830
24.210
24.600
24.960
25.350
25.720
26.110
26.470
26.840
27.210
27.580
27.960
28.340
28.720
29.100
29.470
29.850
30.220
30.600
30.970
31.340
31.730
32.110
32.490
32.880
33.260
33.620
34.010
34.390
34.750
35.130
35.510
35.890
36.260
36.640
37.020
37.410
37.790
38.170
38.540
38.920
39.290
39.670
40.060
40.430
40.800
41.180
41.540
41.920
42.300
42.680
43.050
43.430
43.810
44.190
44.580
44.950
45.330
45.700
46.070
46.450
46.810
47.180
47.560
47.940
48.300
48.690
49.040
49.420
49.790
50.190
50.550
50.950
51.310
51.690
52.060
52.450
52.810
53.170
53.560
53.930
54.290
54.670
55.050
55.420
55.800
56.190
56.560
56.940
57.310
57.690
58.060
58.430
58.810
59.180
59.540
59.910
60.280
60.650
61.020
61.380
61.760
62.130
62.500
62.870
63.240
63.620
63.980
64.350
64.730
65.100
65.480
65.850
66.230
66.600
66.970
67.360
67.730
68.100
68.470
68.830
69.190
69.580
69.940
70.300
70.670
71.050
71.410
71.790
72.160
72.520
72.900
73.280
73.630
74.020
74.380
74.740
75.100
75.470
75.840
76.210
76.580
76.940
77.310
77.690
78.060
78.430
78.800
79.160
79.530
79.910
80.260
80.640
81.000
81.360
81.740
82.120
82.480
82.850
83.220
83.590
83.950
84.340
84.700
85.070
85.460
85.840
86.200
86.570
86.940
87.310
87.680
88.020
88.400
88.780
89.140
89.500
89.870
90.250
90.610
90.980
91.360
91.730
92.100
92.470
92.830
93.210
93.580
93.950
94.320
94.690
95.060
95.440
95.800
96.170
96.540
96.900
97.270
97.640
97.990
98.360
98.730
99.110
99.480
99.850
100.210
100.590
100.960
101.330
101.690
102.060
102.430
102.810
103.170
103.550
103.910
104.270
104.650
105.030
105.390
105.750
106.130
106.500
106.850
107.220
107.570
107.940
108.290
108.650
109.000
109.380
109.740
110.100
110.480
110.850
111.230
111.600
111.960
112.340
112.690
113.060
113.430
113.810
114.160
114.520
114.900
115.260
115.610
115.980
116.350
116.710
117.070
117.450
117.810
118.180
118.540
118.900
119.250
119.620
119.980
120.360
120.730
121.100
121.460
121.830
122.190
122.560
122.930
123.310
123.680
124.050
124.410
124.800
125.150
125.520
125.870
126.230
126.610
126.980
127.360
127.730
128.090
128.450
128.830
129.210
129.580
129.940
130.300
130.660
131.020
131.390
131.750
132.120
132.480
132.850
133.210
133.580
133.960
134.330
134.690
135.060
135.440
135.820
136.170
136.560
136.900
137.270
137.640
137.990
138.370
138.750
139.130
139.510
139.870
140.240
140.600
140.970
141.340
141.710
142.080
142.460
142.820
143.200
143.560
143.940
144.320
144.690
145.060
145.430
145.790
146.160
146.530
146.910
147.270
147.650
148.010
148.380
148.750
149.130
149.480
149.860
150.220
150.600
150.960
151.320
151.690
152.050
152.430
152.810
153.160
153.520
153.890
154.240
154.600
154.970
155.330
155.690
156.060
156.440
156.810
157.180
157.530
157.910
158.270
158.650
159.000
159.370
159.730
160.100
160.460
160.830
161.190
161.560
161.910
162.270
162.640
163.000
163.370
163.740
164.100
164.470
164.840
165.220
165.580
165.950
166.320
166.700
167.070
167.440
167.790
168.150
168.520
168.880
169.250
169.620
169.980
170.360
170.700
171.070
171.430
171.790
172.140
172.510
172.870
173.240
173.600
173.960
174.320
174.680
175.040
175.390
175.770
176.140
176.490
176.860
177.210
177.570
177.950
178.310
178.670
179.060
179.410
179.800
180.160
180.530
180.880
181.260
181.610
181.990
182.340
182.720
183.080
183.440
183.810
184.170
184.530
184.890
185.240
185.600
185.950
186.320
186.680
187.050
187.410
187.780
188.140
188.510
188.870
189.240
189.590
189.960
190.320
190.700
191.060
191.420
191.780
192.140
192.500
192.870
193.230
193.590
193.960
194.320
194.700
195.060
195.410
195.780
196.150
196.520
196.900
197.270
197.630
197.980
198.350
198.720
199.070
199.420
199.780
200.150
200.500
200.880
201.240
201.610
201.960
202.320
202.680
203.060
203.420
203.800
204.160
204.530
204.890
205.270
205.640
206.010
206.380
206.750
207.120
207.500
207.860
208.240
208.600
208.980
209.330
209.710
210.050
210.410
210.790
211.150
211.500
211.870
212.220
212.580
212.950
213.310
213.670
214.040
214.410
214.770
215.140
215.500
215.870
216.250
216.600
216.990
217.350
217.730
218.080
218.450
218.810
219.180
219.540
219.900
220.260
220.640
221.000
221.390
221.760
222.140
222.510
222.890
223.260
223.630
224.000
224.360
224.720
225.090
225.470
225.840
226.200
226.560
226.910
227.280
227.650
228.030
228.380
228.770
229.120
229.500
229.860
230.240
230.590
230.950
231.320
231.710
232.070
232.450
232.800
233.170
233.530
233.900
234.260
234.630
235.000
235.370
235.730
236.090
236.450
236.820
237.190
237.560
237.930
238.300
238.660
239.040
239.400
239.780
240.140
240.530
240.880
241.250
241.620
241.990
242.350
242.740
243.090
243.470
243.820
244.180
244.550
244.920
245.290
245.660
246.010
246.380
246.750
247.130
247.490
247.850
248.220
248.590
248.940
249.310
249.670
250.040
250.400
250.780
251.140
251.520
251.880
252.260
252.620
252.980
253.350
253.720
254.090
254.460
254.810
255.180
255.540
255.900
256.260
256.610
256.980
257.340
257.700
258.060
258.440
258.810
259.180
259.540
259.920
260.290
260.650
261.030
261.400
261.750
262.120
262.500
262.870
263.250
263.620
263.980
264.360
264.730
265.100
265.450
265.820
266.190
266.550
266.920
267.290
267.660
268.020
268.390
268.760
269.120
269.480
269.850
270.200
270.570
270.950
271.310
271.670
272.030
272.410
272.790
273.150
273.510
273.880
274.260
274.600
274.980
275.340
275.710
276.070
276.430
276.800
277.150
277.510
277.880
278.240
278.620
278.980
279.330
279.710
280.080
280.440
280.810
281.170
281.550
281.910
282.280
282.640
283.020
283.380
283.760
284.120
284.490
284.860
285.220
285.580
285.950
286.330
286.690
287.060
287.430
287.790
288.160
288.510
288.880
289.230
289.610
289.960
290.330
290.700
291.060
291.430
291.800
292.170
292.530
292.890
293.250
293.610
293.980
294.340
294.710
295.080
295.440
295.800
296.170
296.530
296.900
297.260
297.630
298.010
298.380
298.740
299.110
299.490
299.870
300.210
300.590
300.940
301.310
301.680
302.050
302.420
302.800
303.170
303.550
303.910
304.290
304.640
305.030
305.400
305.780
306.140
306.520
306.880
307.260
307.630
308.000
308.370
308.750
309.110
309.490
309.840
310.230
310.590
310.960
311.320
311.690
312.040
312.430
312.780
313.170
313.530
313.910
314.260
314.640
314.990
315.380
315.730
316.120
316.480
316.850
317.220
317.590
317.950
318.310
318.690
319.060
319.410
319.780
320.150
320.520
320.880
321.260
321.600
321.990
322.340
322.710
323.100
323.470
323.820
324.200
324.570
324.920
325.280
325.630
325.990
326.370
326.720
327.090
327.440
327.820
328.170
328.540
328.890
329.260
329.620
329.990
330.350
330.710
331.060
331.430
331.800
332.160
332.500
332.870
333.230
333.590
333.940
334.310
334.660
335.030
335.390
335.760
336.130
336.500
336.850
337.220
337.580
337.970
338.320
338.680
339.050
339.410
339.760
340.130
340.490
340.860
341.220
341.590
341.950
342.320
342.690
343.060
343.430
343.810
344.160
344.530
344.890
345.260
345.620
345.990
346.350
346.710
347.080
347.450
347.820
348.200
348.560
348.940
349.310
349.680
350.040
350.420
350.780
351.140
351.510
351.890
352.240
352.610
352.960
353.340
353.700
354.070
354.420
354.800
355.170
355.530
355.880
356.240
356.610
356.970
357.330
357.700
358.070
358.440
358.800
359.170
359.520
359.870
360.240
360.600
360.970
361.320
361.690
362.050
362.390
362.770
363.110
363.490
363.840
364.220
364.570
364.940
365.290
365.660
366.030
366.380
366.740
367.120
367.500
367.860
368.210
368.570
368.930
369.290
369.660
370.010
370.380
370.760
371.100
371.470
371.840
372.200
372.560
372.930
373.280
373.660
374.010
374.380
374.740
375.110
375.480
375.850
376.210
376.580
376.920
377.290
377.660
378.030
378.390
378.760
379.110
379.480
379.830
380.200
380.550
380.920
381.270
381.630
381.980
382.340
382.700
383.070
383.410
383.770
384.140
384.500
384.840
385.180
385.540
385.900
386.260
386.630
386.980
387.350
387.690
388.060
388.400
388.750
389.090
389.460
389.840
390.200
390.560
390.920
391.280
391.630
392.000
392.360
392.730
393.080
393.440
393.800
394.150
394.540
394.880
395.250
395.610
395.960
396.300
396.670
397.000
397.380
397.730
398.090
398.440
398.810
399.150
399.510
399.850
400.210
400.550
400.900
401.250
401.610
401.950
402.300
402.650
402.990
403.360
403.710
404.060
404.400
404.770
405.120
405.460
405.810
406.170
406.520
406.870
407.230
407.570
407.950
408.290
408.650
408.990
409.350
409.690
410.030
410.380
410.720
411.080
411.420
411.770
412.150
412.510
412.860
413.210
413.580
413.920
414.280
414.640
414.990
415.340
415.680
416.040
416.390
416.740
417.100
417.460
417.830
418.190
418.550
418.900
419.260
419.610
419.970
420.330
420.700
421.030
421.400
421.730
422.110
422.460
422.820
423.170
423.530
423.910
424.270
424.620
424.980
425.330
425.700
426.050
426.410
426.770
427.140
427.490
427.860
428.210
428.580
428.920
429.300
429.660
430.020
430.370
430.740
431.080
431.440
431.800
432.160
432.490
432.850
433.220
433.580
433.940
434.300
434.650
435.010
435.380
435.750
436.110
436.480
436.840
437.200
437.550
437.920
438.290
438.650
438.990
439.350
439.700
440.070
440.420
440.790
441.140
441.520
441.850
442.220
442.560
442.930
443.280
443.640
444.010
444.370
444.720
445.090
445.450
445.810
446.170
446.540
446.890
447.260
447.600
447.970
448.320
448.690
449.040
449.400
449.750
450.120
450.470
450.830
451.180
451.530
451.900
452.250
452.600
452.970
453.320
453.690
454.040
454.420
454.790
455.160
455.520
455.870
456.240
456.590
456.970
457.340
457.690
458.040
458.420
458.770
459.120
459.480
459.840
460.220
460.570
460.930
461.290
461.640
462.000
462.350
462.710
463.070
463.430
463.780
464.140
464.490
464.840
465.190
465.540
465.900
466.260
466.630
466.970
467.320
467.670
468.030
468.390
468.740
469.110
469.470
469.830
470.190
470.550
470.920
471.260
471.620
471.980
472.360
472.720
473.070
473.430
473.800
474.150
474.500
474.860
475.230
475.600
475.950
476.320
476.690
477.040
477.420
477.800
478.150
478.510
478.870
479.230
479.550
479.870
480.190
480.510
480.830
481.150
481.480
481.790
482.120
482.430
