0.000
0.290
0.600
0.890
1.190
1.490
1.790
2.090
2.390
2.700
3.000
3.300
3.600
3.890
4.200
4.500
4.790
5.080
5.380
5.670
5.950
6.240
6.530
6.820
7.110
7.420
7.710
8.000
8.290
8.590
8.880
9.180
9.470
9.780
10.080
10.370
10.670
10.970
11.280
11.580
11.900
12.200
12.520
12.830
13.140
13.450
13.760
14.060
14.380
14.680
15.000
15.300
15.610
15.910
16.220
16.520
16.830
17.130
17.450
17.760
18.060
18.370
18.690
18.990
19.310
19.620
19.930
20.240
20.550
20.850
21.170
21.480
21.780
22.090
22.400
22.710
23.020
23.320
23.630
23.930
24.250
24.550
24.860
25.170
25.490
25.790
26.100
26.410
26.720
27.030
27.330
27.630
27.940
28.240
28.540
28.860
29.170
29.470
29.780
30.090
30.410
30.710
31.030
31.330
31.650
31.960
32.260
32.570
32.880
33.190
33.510
33.830
34.150
34.460
34.780
35.110
35.420
35.730
36.050
36.360
36.670
36.970
37.300
37.610
37.930
38.240
38.550
38.860
39.170
39.480
39.800
40.110
40.440
40.750
41.080
41.400
41.700
42.010
42.320
42.630
42.940
43.260
43.570
43.880
44.180
44.500
44.830
45.150
45.450
45.760
46.070
46.390
46.700
47.000
47.310
47.620
47.940
48.240
48.560
48.860
49.180
49.490
49.800
50.120
50.430
50.760
51.080
51.400
51.720
52.040
52.360
52.670
52.980
53.290
53.610
53.920
54.230
54.540
54.840
55.150
55.480
55.790
56.100
56.400
56.720
57.020
57.340
57.640
57.950
58.260
58.560
58.870
59.180
59.490
59.800
60.100
60.420
60.720
61.030
61.340
61.660
61.970
62.280
62.600
62.920
63.230
63.540
63.850
64.160
64.470
64.790
65.100
65.410
65.720
66.030
66.340
66.650
66.960
67.270
67.580
67.880
68.190
68.500
68.810
69.130
69.440
69.750
70.050
70.370
70.670
70.990
71.290
71.600
71.910
72.230
72.550
72.870
73.180
73.500
73.810
74.120
74.420
74.740
75.040
75.360
75.660
75.970
76.270
76.590
76.890
77.210
77.510
77.830
78.130
78.450
78.750
79.060
79.370
79.680
80.000
80.300
80.610
80.930
81.240
81.560
81.880
82.200
82.500
82.820
83.120
83.430
83.720
84.030
84.330
84.650
84.960
85.270
85.580
85.880
86.190
86.490
86.790
87.090
87.400
87.710
88.010
88.310
88.610
88.920
89.220
89.530
89.830
90.150
90.450
90.760
91.070
91.400
91.710
92.030
92.330
92.650
92.950
93.250
93.550
93.860
94.170
94.490
94.800
95.110
95.410
95.720
96.030
96.340
96.630
96.930
97.230
97.540
97.830
98.140
98.440
98.740
99.040
99.340
99.630
99.950
100.260
100.560
100.870
101.190
101.490
101.810
102.110
102.420
102.730
103.030
103.330
103.630
103.930
104.240
104.540
104.840
105.130
105.450
105.750
106.070
106.370
106.680
106.980
107.280
107.580
107.880
108.190
108.490
108.800
109.100
109.420
109.720
110.010
110.320
110.620
110.930
111.240
111.560
111.860
112.180
112.480
112.800
113.110
113.410
113.710
114.020
114.330
114.640
114.950
115.260
115.560
115.870
116.170
116.470
116.770
117.080
117.380
117.690
117.990
118.310
118.610
118.930
119.230
119.540
119.840
120.150
120.450
120.760
121.060
121.380
121.680
122.000
122.300
122.620
122.930
123.230
123.550
123.860
124.160
124.480
124.780
125.090
125.390
125.690
126.000
126.300
126.600
126.900
127.210
127.530
127.840
128.160
128.470
128.780
129.090
129.390
129.710
130.020
130.340
130.670
130.990
131.310
131.630
131.940
132.250
132.560
132.860
133.180
133.490
133.800
134.110
134.420
134.730
135.040
135.340
135.650
135.970
136.280
136.580
136.900
137.200
137.500
137.800
138.110
138.420
138.730
139.040
139.350
139.650
139.960
140.260
140.580
140.880
141.190
141.500
141.810
142.100
142.420
142.720
143.030
143.340
143.650
143.950
144.260
144.560
144.860
145.160
145.470
145.790
146.100
146.400
146.710
147.010
147.310
147.610
147.920
148.220
148.530
148.840
149.150
149.450
149.770
150.070
150.380
150.690
151.010
151.320
151.610
151.910
152.220
152.520
152.840
153.140
153.450
153.760
154.070
154.380
154.700
155.000
155.320
155.620
155.930
156.240
156.550
156.860
157.170
157.460
157.770
158.060
158.370
158.670
158.970
159.280
159.580
159.890
160.200
160.510
160.830
161.140
161.450
161.760
162.080
162.400
162.710
163.010
163.320
163.610
163.920
164.220
164.530
164.840
165.150
165.440
165.750
166.040
166.350
166.650
166.960
167.260
167.590
167.900
168.220
168.530
168.840
169.150
169.470
169.770
170.090
170.400
170.710
171.020
171.340
171.650
171.970
172.280
172.590
172.900
173.210
173.510
173.830
174.130
174.450
174.760
175.070
175.380
175.690
175.990
176.310
176.600
176.910
177.220
177.530
177.830
178.150
178.440
178.750
179.070
179.370
179.690
180.000
180.300
180.600
180.910
181.210
181.520
181.830
182.140
182.450
182.770
183.070
183.380
183.690
184.000
184.310
184.620
184.940
185.250
185.560
185.860
186.170
186.470
186.790
187.100
187.400
187.720
188.020
188.340
188.650
188.950
189.270
189.580
189.910
190.220
190.550
190.860
191.190
191.500
191.820
192.120
192.430
192.740
193.070
193.390
193.700
194.020
194.340
194.660
194.980
195.300
195.630
195.940
196.270
196.580
