0.000
0.540
1.080
1.610
2.110
2.640
3.150
3.640
4.140
4.650
5.120
5.620
6.130
6.650
7.120
7.630
8.140
8.630
9.140
9.620
10.120
10.640
11.110
11.600
12.120
12.610
13.070
13.560
14.070
14.560
15.030
15.540
16.050
16.550
17.010
17.520
18.000
18.510
18.990
19.480
19.970
20.460
20.920
21.410
21.890
22.390
22.910
23.390
23.890
24.400
24.880
25.340
25.830
26.320
26.780
27.260
27.760
28.240
28.710
29.210
29.700
30.190
30.690
31.190
31.690
32.180
32.670
33.170
33.700
34.200
34.690
35.190
35.690
36.210
36.710
37.210
37.720
38.210
38.710
39.220
39.710
40.210
40.700
41.200
41.700
42.210
42.700
43.210
43.720
44.190
44.700
45.210
45.710
46.180
46.680
47.170
47.670
48.160
48.650
49.150
49.670
50.160
50.660
51.160
51.660
52.150
52.660
53.150
53.640
54.130
54.630
55.120
55.610
56.110
56.590
57.070
57.570
58.080
58.590
59.070
59.570
60.060
60.560
61.050
61.550
62.050
62.530
63.020
63.520
64.020
64.510
64.980
65.460
65.970
66.480
66.970
67.480
67.960
68.460
68.960
69.460
69.950
70.470
70.980
71.480
71.980
72.470
72.970
73.500
73.990
74.480
74.980
75.490
75.990
76.490
76.990
77.470
78.000
78.490
78.990
79.470
79.960
80.450
80.910
81.400
81.890
82.380
82.900
83.400
83.890
84.380
84.870
85.390
85.890
86.380
86.890
87.360
87.870
88.360
88.860
89.360
89.870
90.350
90.840
91.340
91.820
92.340
92.830
93.310
93.800
94.300
94.770
95.290
95.770
96.250
96.760
97.260
97.740
98.270
98.730
99.230
99.710
100.220
100.700
101.190
101.690
102.160
102.670
103.180
103.660
104.120
104.550
105.010
105.460
105.910
106.410
106.890
107.380
107.880
108.370
108.880
109.370
109.880
110.370
110.850
111.350
111.830
112.300
112.790
113.300
113.790
114.290
114.790
115.280
115.780
116.260
116.760
117.270
117.760
118.250
118.730
119.240
119.730
120.230
120.740
121.250
121.750
122.250
122.720
123.220
123.700
124.180
124.680
125.180
125.650
126.150
126.640
127.130
127.590
128.040
128.480
128.920
129.370
129.890
130.380
130.880
131.400
131.880
132.370
132.890
133.400
133.880
134.350
134.850
135.330
135.820
136.320
136.820
137.310
137.810
138.290
138.760
139.270
139.750
140.210
140.710
141.190
141.650
142.150
142.610
143.080
143.550
144.030
144.520
145.040
145.530
146.000
146.470
146.940
147.420
147.900
148.380
148.850
149.350
149.820
150.310
150.790
151.250
151.750
152.250
152.750
153.240
153.710
154.200
154.680
155.170
155.660
156.150
156.640
157.130
157.620
158.110
158.580
159.080
159.580
160.090
160.590
161.080
161.570
162.070
162.550
163.050
163.530
164.020
164.510
164.990
165.490
165.980
166.460
166.940
167.430
167.930
168.420
168.920
169.420
169.890
170.380
170.860
171.340
171.830
172.320
172.810
173.290
173.780
174.260
174.750
175.240
175.710
176.200
176.700
177.180
177.650
178.140
178.630
179.100
179.590
180.070
180.560
181.040
181.530
182.010
182.510
182.960
183.440
183.920
184.400
184.900
185.380
185.850
186.330
186.820
187.300
187.780
188.250
188.730
189.210
189.680
190.160
190.640
191.140
191.620
192.090
192.580
193.080
193.570
194.040
194.530
195.020
195.500
196.000
196.490
196.960
197.450
197.930
198.430
198.920
199.410
199.890
200.370
200.870
201.350
201.830
202.310
202.790
203.280
203.780
204.250
204.740
205.230
205.710
206.190
206.710
207.180
207.650
208.130
208.630
209.110
209.580
210.050
210.540
211.020
211.500
211.980
212.470
212.950
213.430
213.940
214.430
214.910
215.390
215.880
216.370
216.860
217.330
217.820
218.310
218.790
219.270
219.760
220.260
220.740
221.200
221.680
222.170
222.640
223.110
223.600
224.080
224.550
225.040
225.490
225.970
226.450
226.940
227.410
227.880
228.380
228.860
229.340
229.800
230.280
230.760
231.250
231.720
232.220
232.700
233.180
233.660
234.160
234.660
235.140
235.610
236.080
236.570
237.060
237.580
238.080
238.570
239.040
239.530
240.010
240.490
240.980
241.450
241.950
242.440
242.910
243.400
243.880
244.350
244.840
245.330
245.810
246.280
246.770
247.260
247.750
248.240
248.720
249.200
249.670
250.160
250.640
251.140
251.620
252.110
252.600
253.090
253.580
254.060
254.550
255.050
255.540
256.020
256.510
257.010
257.490
257.980
258.470
258.970
259.440
259.910
260.410
260.910
261.390
261.870
262.340
262.820
263.290
263.770
264.260
264.740
265.220
265.690
266.170
266.640
267.120
267.600
268.090
268.570
269.070
269.530
270.040
270.530
271.020
271.490
271.980
272.460
272.950
273.430
273.900
274.380
274.860
275.360
275.830
276.320
276.820
277.300
277.760
278.250
278.730
279.220
279.680
280.170
280.640
281.130
281.620
282.090
282.560
283.050
283.530
284.010
284.520
285.000
285.480
285.970
286.460
286.940
287.410
287.890
288.380
288.840
289.320
289.800
290.300
290.790
291.290
291.790
292.260
292.750
293.240
293.730
294.200
294.690
295.190
295.680
296.150
296.630
297.110
297.600
298.080
298.570
299.040
299.510
300.000
300.470
300.940
301.410
301.880
302.360
302.850
303.330
303.810
304.280
304.760
305.240
305.710
306.210
306.690
307.170
307.640
308.120
308.590
309.060
309.540
310.030
310.500
310.990
311.470
311.940
312.410
312.900
313.380
313.850
314.310
314.800
315.250
315.720
316.190
316.660
317.140
317.620
318.080
318.560
319.030
319.510
319.980
320.470
320.950
321.420
321.900
322.390
322.870
323.350
323.840
324.300
324.780
325.260
325.740
326.210
326.680
327.150
327.640
328.120
328.590
329.070
329.590
330.060
330.530
331.020
331.470
331.960
332.410
332.880
333.360
333.850
334.340
334.800
335.280
335.750
336.230
336.700
337.200
337.680
338.160
338.750
339.320
339.810
340.290
340.770
341.250
341.720
342.220
342.710
343.200
343.690
344.170
344.640
345.110
345.580
346.060
346.540
347.010
347.490
347.960
348.440
348.920
349.390
349.860
350.350
350.820
351.300
351.780
352.270
352.750
353.230
353.710
354.180
354.680
355.150
355.620
356.110
356.590
357.070
357.550
358.040
358.520
358.990
359.460
359.940
360.410
360.880
361.350
361.830
362.300
362.790
363.260
363.730
364.210
364.670
365.140
365.620
366.100
366.590
367.060
367.550
368.030
368.490
368.970
369.440
369.910
370.390
370.860
371.340
371.820
372.290
372.770
373.250
373.720
374.180
374.670
375.150
375.640
376.120
376.590
377.070
377.550
378.030
378.500
378.970
379.460
379.930
380.410
380.890
381.370
381.840
382.320
382.800
383.260
383.740
384.210
384.690
385.160
385.630
386.100
386.570
387.040
387.520
387.980
388.440
388.910
389.370
389.830
390.300
390.770
391.260
391.730
392.200
392.660
393.130
393.620
394.100
394.580
395.050
395.540
396.020
396.500
397.000
397.480
397.950
398.430
398.920
399.400
399.880
400.340
400.820
401.310
401.770
402.240
402.720
403.200
403.680
404.160
404.630
405.100
405.580
406.050
406.530
407.010
407.490
407.970
408.450
408.930
409.410
409.880
410.370
410.860
411.350
411.820
412.300
412.810
413.300
413.790
414.250
414.720
415.200
415.680
416.170
416.640
417.130
417.590
418.080
418.570
419.030
419.530
420.010
420.490
420.960
421.450
421.940
422.430
422.910
423.380
423.880
424.350
424.830
425.320
425.800
426.280
426.750
427.230
427.720
428.190
428.690
429.240
429.730
430.270
430.780
431.260
431.740
432.220
432.690
433.170
433.650
434.100
434.600
435.070
435.540
436.010
436.480
436.960
437.430
437.890
438.380
438.860
439.340
439.810
440.300
440.770
441.250
441.730
442.210
442.700
443.170
443.660
444.140
444.610
445.090
445.580
446.060
446.530
447.010
447.500
447.960
448.440
448.920
449.400
449.870
450.320
450.810
451.270
451.740
452.240
452.710
453.200
453.660
454.150
454.610
455.090
455.560
456.040
456.510
456.980
457.440
457.910
458.370
458.870
459.330
459.820
460.310
460.770
461.270
461.750
462.220
462.690
463.190
463.670
464.120
464.590
465.070
465.530
465.970
466.430
466.920
467.370
467.860
468.320
468.780
469.260
469.740
470.220
470.690
471.180
471.650
472.130
472.580
473.070
473.520
474.000
474.460
474.940
475.430
475.920
476.380
476.850
477.320
477.800
478.280
478.740
479.210
479.680
480.160
480.640
481.120
481.570
482.060
482.520
483.020
483.490
483.960
484.440
484.910
485.400
485.870
486.350
486.830
487.310
487.800
488.270
488.750
489.210
489.680
490.160
490.620
491.090
491.570
492.030
492.500
492.970
493.440
493.910
494.390
494.860
495.320
495.800
496.270
496.750
497.240
497.720
498.180
498.670
499.150
499.620
500.070
500.550
501.010
501.490
501.950
502.420
502.890
503.380
503.850
504.330
504.810
505.300
505.770
506.250
506.710
507.200
507.670
508.140
508.610
509.070
509.540
510.000
510.470
510.950
511.410
511.870
512.340
512.810
513.290
513.750
514.230
514.710
515.170
515.640
516.110
516.570
517.030
517.520
517.970
518.450
518.920
519.390
519.860
520.310
520.770
521.240
521.710
522.180
522.640
523.110
523.570
524.030
524.510
524.990
525.460
525.940
526.410
526.880
527.360
527.840
528.300
528.770
529.250
529.720
530.190
530.650
531.110
531.580
532.060
532.520
532.990
533.470
533.930
534.400
534.870
535.360
535.830
536.290
536.750
537.230
537.700
538.160
538.610
539.090
539.550
540.000
540.480
540.950
541.420
541.860
542.340
542.800
543.250
543.690
544.140
544.640
545.160
545.650
546.160
546.640
547.120
547.590
548.060
548.530
549.010
549.450
549.920
550.400
550.860
551.340
551.790
552.280
552.740
553.200
553.690
554.140
554.630
555.100
555.560
556.020
556.490
556.980
557.430
557.920
558.380
558.850
559.320
559.790
560.260
560.740
561.200
561.680
562.160
562.630
563.100
563.570
564.040
564.500
564.980
565.440
565.910
566.380
566.850
567.320
567.790
568.250
568.720
569.190
569.650
570.110
570.580
571.060
571.620
572.130
572.670
573.150
573.620
574.100
574.550
575.030
575.510
575.980
576.460
576.930
577.420
577.890
578.360
578.850
579.330
579.800
580.280
580.770
581.230
581.700
582.170
582.640
583.120
583.590
584.060
584.510
584.980
585.460
585.920
586.400
586.860
587.350
587.820
588.280
588.740
589.230
589.720
590.200
590.670
591.130
591.610
592.080
592.550
593.020
593.490
593.950
594.420
594.860
595.350
595.820
596.300
596.770
597.240
597.710
598.180
598.640
599.110
599.580
600.040
600.490
600.960
601.410
601.870
602.330
602.820
603.280
603.760
604.220
604.690
605.150
605.630
606.100
606.560
607.020
607.490
607.960
608.440
608.900
609.390
609.860
610.360
610.820
611.300
611.780
612.260
612.740
613.230
613.700
614.200
614.680
615.150
615.640
616.110
616.600
617.050
617.530
617.990
618.470
618.930
619.400
619.890
620.350
620.820
621.290
621.770
622.230
622.690
623.180
623.660
624.130
624.600
625.070
625.540
626.020
626.490
626.970
627.440
627.920
628.390
628.880
629.350
629.840
630.300
630.770
631.250
631.730
632.210
632.680
633.160
633.640
634.120
634.590
635.070
635.550
636.030
636.510
636.990
637.460
637.940
638.390
638.860
639.330
639.810
640.280
640.750
641.230
641.690
642.160
642.680
643.170
643.660
644.120
644.640
645.110
645.580
646.040
646.520
647.000
647.480
647.950
648.450
648.910
649.380
649.860
650.340
650.810
651.280
651.760
652.250
652.710
653.210
653.670
654.170
654.640
655.120
655.590
656.090
656.570
657.040
657.500
657.980
658.460
658.930
659.400
659.870
660.340
660.810
661.260
661.750
662.220
662.670
663.150
663.610
664.100
664.550
665.040
665.490
665.980
666.450
666.890
667.370
667.820
668.270
668.740
669.230
669.680
670.170
670.630
671.070
671.550
671.980
672.450
672.900
673.330
673.820
674.330
674.810
675.290
675.750
676.230
676.700
677.180
677.630
678.110
678.570
679.060
679.510
679.990
680.490
680.970
681.420
681.910
682.380
682.860
683.370
683.850
684.350
684.810
685.280
685.750
686.230
686.710
687.160
687.650
688.120
688.580
689.070
689.530
690.020
690.510
690.990
691.450
691.950
692.430
692.910
693.390
693.870
694.350
694.810
695.290
695.880
696.430
697.040
697.630
698.250
698.950
699.690
700.390
701.210
702.000
702.820
703.580
704.420
705.220
706.060
706.930
707.730
708.630
709.510
710.390
711.240
712.120
713.050
713.960
714.870
715.710
716.580
717.450
718.300
719.210
720.040
720.830
721.610
722.450
723.240
724.010
724.790
725.620
726.410
727.200
727.960
728.780
729.530
730.320
731.110
731.940
732.690
733.520
734.280
735.110
735.930
736.920
737.870
738.820
739.730
740.660
741.600
742.580
743.530
744.530
745.510
746.430
747.440
748.360
749.270
750.210
751.160
752.150
753.080
754.080
755.000
755.980
756.900
757.770
758.600
759.490
760.370
761.200
762.000
762.820
763.610
764.420
765.180
765.940
766.710
767.500
768.280
769.010
769.790
770.520
771.360
772.140
772.920
773.750
774.490
775.180
775.890
776.630
777.300
778.000
778.650
779.330
779.920
780.480
781.010
781.570
782.130
782.670
783.130
783.590
784.070
784.530
785.000
785.490
785.940
786.390
786.830
787.270
787.740
788.170
788.630
789.060
789.500
789.930
790.380
790.820
791.240
791.660
792.110
792.520
792.960
793.390
793.830
794.240
794.690
795.160
795.590
796.060
796.500
796.930
797.360
797.820
798.250
798.700
799.110
799.500
799.920
800.350
800.760
801.190
801.610
802.030
802.460
802.890
803.320
803.730
804.160
804.590
805.020
805.450
805.880
806.290
806.740
807.150
807.580
808.020
808.450
808.890
809.320
809.760
810.180
810.620
811.040
811.480
811.910
812.350
812.760
813.180
813.610
814.020
814.430
814.840
815.230
815.650
816.050
816.470
816.890
817.320
817.750
818.170
818.600
819.030
819.470
819.900
820.330
820.750
821.170
821.600
822.020
822.440
822.870
823.290
823.710
824.140
824.570
824.990
825.400
825.830
826.260
826.680
827.120
827.530
827.960
828.380
828.790
829.190
829.620
830.030
830.460
830.900
831.330
831.750
832.150
832.570
832.990
833.420
833.850
834.260
834.670
835.090
835.520
835.940
836.380
836.800
837.220
837.660
838.080
838.510
838.930
839.350
839.770
840.200
840.600
841.030
841.450
841.870
842.300
842.720
843.120
843.540
843.980
844.390
844.780
845.160
845.560
845.940
846.320
846.720
847.120
847.500
847.880
848.290
848.710
849.130
849.520
849.970
850.390
850.830
851.250
851.690
852.110
852.540
852.970
853.410
853.840
854.260
854.680
855.100
855.520
855.960
856.400
856.820
857.250
857.670
858.090
858.520
858.940
859.360
859.790
860.210
860.640
861.050
861.470
861.890
862.320
862.740
863.180
863.600
864.020
864.470
864.900
865.310
865.740
866.180
866.610
867.030
867.430
867.870
868.290
868.700
869.120
869.540
869.960
870.390
870.810
871.240
871.660
872.100
872.500
872.940
873.350
873.780
874.200
874.620
875.050
875.460
875.900
876.320
876.730
877.150
877.560
878.000
878.430
878.860
879.280
879.690
880.110
880.540
880.950
881.390
881.810
882.230
882.650
883.060
883.480
883.890
884.320
884.740
885.150
885.540
885.970
886.390
886.810
887.220
887.670
888.100
888.520
888.940
889.340
889.780
890.190
890.630
891.060
891.480
891.900
892.330
892.760
893.210
893.640
894.070
894.490
894.910
895.340
895.750
896.190
896.610
897.030
897.440
897.860
898.260
898.680
899.080
899.500
899.920
900.330
900.740
901.150
901.560
901.980
902.380
902.810
903.220
903.630
904.040
904.430
904.840
905.250
905.670
906.080
906.480
906.900
907.320
907.720
908.130
908.510
908.930
909.320
909.720
910.150
910.560
910.990
911.410
911.820
912.240
912.660
913.090
913.500
913.910
914.320
914.730
915.160
915.580
915.990
916.400
916.830
917.240
917.660
918.070
918.480
918.900
919.330
919.750
920.170
920.590
921.000
921.430
921.840
922.280
922.680
923.080
923.510
923.930
924.350
924.770
925.180
925.610
926.010
926.430
926.830
927.230
927.640
928.070
928.470
928.890
929.300
929.710
930.100
930.510
930.940
931.350
931.760
932.170
932.570
932.990
933.390
933.780
934.200
934.590
935.010
935.410
935.810
936.230
936.610
937.010
937.410
937.820
938.210
938.630
939.030
939.430
939.830
940.220
940.610
941.020
941.420
941.830
942.210
942.630
943.060
943.470
943.890
944.330
944.740
945.170
945.580
946.000
946.410
946.800
947.230
947.620
948.030
948.450
948.870
949.280
949.710
950.130
950.540
950.950
951.370
951.790
952.210
952.630
953.040
953.450
953.870
954.290
954.700
955.130
955.540
955.980
956.400
956.800
957.190
957.590
957.990
958.430
958.840
959.270
959.690
960.090
960.510
960.900
961.320
961.730
962.140
962.570
962.990
963.400
963.810
964.230
964.630
965.050
965.460
965.880
966.300
966.720
967.130
967.550
967.970
968.390
968.800
969.220
969.640
970.060
970.490
970.910
971.310
971.720
972.130
972.550
972.950
973.390
973.830
974.240
974.690
975.110
975.520
975.940
976.350
976.790
977.200
977.590
978.000
978.410
978.820
979.240
979.650
980.070
980.480
980.900
981.320
981.720
982.140
982.530
982.950
983.370
983.810
984.230
984.640
985.050
985.470
985.890
986.320
986.750
987.140
987.500
987.880
988.270
988.660
989.030
989.400
989.790
990.190
990.580
990.960
991.350
991.770
992.170
992.580
993.000
993.410
993.820
994.240
994.670
995.070
995.480
995.890
996.310
996.700
997.110
997.530
997.930
998.340
998.760
999.160
999.550
999.940
1000.350
1000.760
1001.160
1001.570
1001.970
1002.390
1002.810
1003.230
1003.640
1004.060
1004.500
1004.920
1005.340
1005.750
1006.150
1006.570
1006.970
1007.400
1007.820
1008.240
1008.650
1009.070
1009.470
1009.880
1010.290
1010.700
1011.110
1011.520
1011.930
1012.340
1012.750
1013.170
1013.570
1013.980
1014.390
1014.790
1015.200
1015.630
1016.060
1016.470
1016.890
1017.310
1017.720
1018.150
1018.600
1019.030
1019.450
1019.850
1020.250
1020.640
1021.040
1021.470
1021.880
1022.310
1022.750
1023.190
1023.600
1024.000
1024.410
1024.820
1025.240
1025.640
1026.040
1026.460
1026.870
1027.290
1027.700
1028.110
1028.530
1028.940
1029.360
1029.780
1030.190
1030.620
1031.050
1031.450
1031.870
1032.300
1032.720
1033.140
1033.570
1033.990
1034.410
1034.820
1035.230
1035.660
1036.060
1036.460
1036.850
1037.270
1037.690
1038.100
1038.510
1038.910
1039.320
1039.730
1040.150
1040.550
1040.950
1041.360
1041.780
1042.180
1042.600
1043.020
1043.390
1043.760
1044.120
1044.490
1044.860
1045.260
1045.680
1046.090
1046.500
1046.900
1047.310
1047.710
1048.130
1048.540
1048.950
1049.360
1049.790
1050.200
1050.620
1051.030
1051.460
1051.850
1052.270
1052.690
1053.100
1053.510
1053.920
1054.320
1054.720
1055.110
1055.510
1055.920
1056.320
1056.730
1057.130
1057.530
1057.930
1058.340
1058.750
1059.160
1059.570
1059.970
1060.380
1060.790
1061.200
1061.610
1062.020
1062.450
1062.850
1063.250
1063.680
1064.080
1064.490
1064.870
1065.240
1065.610
1065.990
1066.370
1066.750
1067.150
1067.530
1067.900
1068.300
1068.720
1069.140
1069.530
1069.930
1070.320
1070.730
1071.130
1071.530
1071.940
1072.350
1072.740
1073.150
1073.570
1073.970
1074.380
1074.780
1075.170
1075.580
1075.990
1076.400
1076.820
1077.230
1077.630
1078.050
1078.460
1078.870
1079.290
1079.690
1080.110
1080.510
1080.900
1081.270
1081.660
1082.040
1082.430
1082.810
1083.200
1083.610
1084.020
1084.440
1084.850
1085.250
1085.680
1086.080
1086.520
1086.930
1087.410
1087.870
1088.330
1088.850
1089.410
1090.030
1090.670
1091.320
1091.950
1092.580
1093.180
1093.810
1094.520
1095.190
1095.900
1096.550
1097.360
1098.130
1098.870
1099.640
1100.450
1101.200
1101.990
1102.860
1103.790
1104.700
1105.690
1106.610
1107.570
1108.510
1109.440
1110.410
1111.510
1112.610
1113.700
1114.800
1115.830
1116.830
1117.800
1118.820
1119.760
1120.750
1121.730
1122.770
1123.750
1124.630
1125.460
1126.430
1127.320
1128.270
1129.140
1130.080
1131.030
1131.920
1132.830
1133.730
1134.600
1135.400
1136.220
1137.080
1137.880
1138.750
1139.540
1140.520
1141.410
1142.410
1143.340
1144.290
1145.240
1146.190
1147.240
1148.230
1149.280
1150.250
1151.270
1152.260
1153.390
1154.500
1155.460
1156.450
1157.350
1158.210
1159.110
1160.060
1160.950
1161.830
1162.760
1163.760
1164.680
1165.660
1166.610
1167.510
1168.510
1169.410
1170.370
1171.340
1172.310
1173.240
1174.200
1175.110
1176.080
1177.060
1177.990
1178.920
1179.870
1180.860
1181.770
1182.660
1183.630
1184.560
1185.460
1186.370
1187.340
1188.250
1189.260
1190.170
1191.180
1192.130
1192.960
1193.800
1194.650
1195.540
1196.350
1197.240
1198.060
1198.900
1199.840
1200.800
1201.870
1203.020
1204.110
1205.200
1206.290
1207.330
1208.360
1209.450
1210.440
1211.550
1212.580
1213.600
1214.710
1215.760
1216.700
1217.720
1218.720
1219.690
1220.680
1221.640
1222.560
1223.360
1224.130
1224.950
1225.730
1226.560
1227.320
1228.150
1228.910
1229.730
1230.520
1231.280
1232.090
1232.860
1233.590
1234.350
1235.180
1235.950
1236.750
1237.590
1238.390
1239.190
1240.020
1240.910
1241.790
1242.630
1243.530
1244.400
1245.290
1246.150
1247.010
1247.830
1248.740
1249.710
1250.630
1251.600
1252.550
1253.530
1254.450
1255.310
1256.240
1257.090
1258.030
1259.050
1260.070
1261.030
1262.040
1262.950
1263.910
1264.870
1265.880
1266.860
1267.740
1268.580
1269.450
1270.370
1271.250
1272.030
1272.890
1273.720
1274.510
1275.290
1276.040
1276.830
1277.560
1278.360
1279.180
1279.990
1280.770
1281.610
1282.390
1283.240
1284.060
1284.850
1285.630
1286.470
1287.270
1288.130
1288.970
1289.810
1290.700
1291.620
1292.530
1293.450
1294.540
1295.540
1296.630
1297.600
1298.600
1299.620
1300.550
1301.580
1302.570
1303.490
1304.420
1305.320
1306.170
1307.060
1307.980
1308.890
1309.690
1310.570
1311.410
1312.290
1313.110
1313.930
1314.790
1315.580
1316.380
1317.210
1318.020
1318.900
1319.740
1320.680
1321.560
1322.500
1323.370
1324.300
1325.160
1326.030
1326.900
1327.890
1328.800
1329.750
1330.850
1331.890
1332.820
1333.750
1334.700
1335.610
1336.540
1337.350
1338.200
1339.040
1339.860
1340.720
1341.500
1342.320
1343.140
1343.910
1344.770
1345.540
1346.370
1347.180
1348.020
1348.810
1349.620
1350.430
1351.200
1351.950
1352.730
1353.520
1354.260
1354.980
1355.660
1356.400
1357.140
1357.860
1358.510
1359.210
1359.920
1360.560
1361.170
1361.770
1362.370
1362.960
1363.560
1364.130
1364.730
1365.300
1365.840
1366.410
1367.000
1367.570
1368.160
1368.730
1369.300
1369.910
1370.490
1371.040
1371.630
1372.100
1372.600
1373.060
1373.520
1373.980
1374.430
1374.890
1375.350
1375.800
1376.260
1376.700
1377.140
1377.560
1378.010
1378.440
1378.880
1379.320
1379.790
1380.230
1380.670
1381.140
1381.590
1382.040
1382.480
1382.910
1383.360
1383.780
1384.230
1384.660
1385.100
1385.550
1386.000
1386.440
1386.890
1387.340
1387.790
1388.250
1388.690
1389.130
1389.600
1390.040
1390.500
1390.940
1391.380
1391.820
1392.270
1392.720
1393.170
1393.620
1394.060
1394.530
1394.970
1395.430
1395.880
1396.360
1396.810
1397.270
1397.740
1398.200
1398.650
1399.100
1399.570
1400.020
1400.480
1400.940
1401.390
1401.850
1402.310
1402.760
1403.220
1403.680
1404.160
1404.640
1405.110
1405.570
1406.010
1406.470
1406.950
1407.410
1407.870
1408.320
1408.780
1409.260
1409.740
1410.190
1410.660
1411.120
1411.580
1412.040
1412.480
1412.940
1413.410
1413.870
1414.320
1414.790
1415.250
1415.710
1416.190
1416.660
1417.130
1417.590
1418.080
1418.550
1419.020
1419.480
1419.940
1420.430
1420.900
1421.370
1421.840
1422.310
1422.760
1423.240
1423.720
1424.210
1424.670
1425.150
1425.620
1426.070
1426.540
1427.020
1427.500
1427.970
1428.430
1428.900
1429.390
1429.880
1430.380
1430.850
1431.350
1431.850
1432.310
1432.810
1433.290
1433.770
1434.220
1434.710
1435.180
1435.620
1436.040
1436.480
1436.940
1437.380
1437.850
1438.310
1438.760
1439.230
1439.690
1440.150
1440.600
1441.080
1441.550
1442.000
1442.480
1442.920
1443.400
1443.840
1444.300
1444.740
1445.180
1445.630
1446.110
1446.550
1447.030
1447.470
1447.930
1448.400
1448.860
1449.340
1449.810
1450.290
1450.770
1451.240
1451.730
1452.200
1452.680
1453.150
1453.650
1454.110
1454.590
1455.090
1455.570
1456.020
1456.500
1456.970
1457.440
1457.920
1458.380
1458.850
1459.330
1459.790
1460.290
1460.760
1461.230
1461.700
1462.150
1462.620
1463.100
1463.560
1464.040
1464.520
1464.990
1465.450
1465.930
1466.400
1466.860
1467.350
1467.820
1468.300
1468.770
1469.240
1469.730
1470.200
1470.660
1471.140
1471.590
1472.040
1472.470
1472.930
1473.380
1473.820
1474.320
1474.830
1475.300
1475.800
1476.280
1476.740
1477.210
1477.670
1478.160
1478.620
1479.090
1479.550
1480.040
1480.510
1480.980
1481.450
1481.920
1482.390
1482.840
1483.320
1483.780
1484.240
1484.700
1485.160
1485.610
1486.090
1486.570
1487.020
1487.500
1487.970
1488.430
1488.920
1489.380
1489.850
1490.300
1490.760
1491.230
1491.700
1492.150
1492.620
1493.080
1493.530
1494.000
1494.440
1494.930
1495.400
1495.860
1496.340
1496.790
1497.270
1497.760
1498.240
1498.720
1499.200
1499.680
1500.170
1500.650
1501.110
1501.590
1502.070
1502.540
1503.020
1503.500
1503.970
1504.460
1504.920
1505.400
1505.890
1506.360
1506.840
1507.330
1507.790
1508.270
1508.740
1509.200
1509.680
1510.150
1510.610
1511.090
1511.540
1512.010
1512.500
1512.970
1513.440
1513.900
1514.360
1514.840
1515.310
1515.770
1516.250
1516.730
1517.200
1517.670
1518.150
1518.620
1519.100
1519.560
1520.030
1520.510
1520.980
1521.460
1521.940
1522.420
1522.910
1523.390
1523.860
1524.320
1524.780
1525.250
1525.700
1526.170
1526.650
1527.110
1527.570
1528.060
1528.510
1528.960
1529.430
1529.900
1530.340
1530.780
1531.250
1531.720
1532.170
1532.630
1533.080
1533.560
1534.020
1534.490
1534.970
1535.440
1535.920
1536.410
1536.880
1537.350
1537.810
1538.290
1538.760
1539.220
1539.690
1540.150
1540.620
1541.090
1541.560
1542.050
1542.520
1542.990
1543.450
1543.930
1544.390
1544.860
1545.320
1545.790
1546.260
1546.730
1547.210
1547.690
1548.160
1548.610
1549.080
1549.570
1550.040
1550.510
1550.980
1551.430
1551.900
1552.350
1552.840
1553.300
1553.760
1554.230
1554.710
1555.180
1555.640
1556.130
1556.610
1557.070
1557.570
1558.030
1558.510
1558.990
1559.470
1559.960
1560.420
1560.880
1561.350
1561.820
1562.310
1562.780
1563.250
1563.710
1564.180
1564.660
1565.130
1565.590
1566.040
1566.500
1566.950
1567.390
1567.840
1568.310
1568.770
1569.210
1569.690
1570.150
1570.620
1571.110
1571.570
1572.040
1572.500
1572.940
1573.400
1573.860
1574.330
1574.800
1575.280
1575.730
1576.210
1576.670
1577.140
1577.610
1578.070
1578.530
1578.990
1579.470
1579.920
1580.390
1580.870
1581.340
1581.820
1582.270
1582.760
1583.230
1583.700
1584.160
1584.640
1585.100
1585.570
1586.040
1586.520
1587.000
1587.490
1587.960
1588.450
1588.950
1589.440
1589.910
1590.390
1590.870
1591.350
1591.840
1592.300
1592.770
1593.260
1593.710
1594.180
1594.640
1595.080
1595.560
1596.000
1596.470
1596.970
1597.430
1597.930
1598.400
1598.890
1599.350
1599.840
1600.330
1600.790
1601.260
1601.750
1602.200
1602.690
1603.150
1603.620
1604.100
1604.590
1605.070
1605.560
1606.040
1606.500
1606.990
1607.480
1607.950
1608.420
1608.910
1609.390
1609.850
1610.340
1610.800
1611.270
1611.750
1612.220
1612.680
1613.140
1613.610
1614.090
1614.520
1614.990
1615.420
1615.880
1616.330
1616.810
1617.260
1617.720
1618.200
1618.670
1619.140
1619.620
1620.080
1620.540
1621.030
1621.490
1621.930
1622.410
1622.860
1623.310
1623.790
1624.230
1624.670
1625.120
1625.590
1626.030
1626.480
1626.940
1627.430
1627.890
1628.360
1628.830
1629.300
1629.760
1630.220
1630.670
1631.150
1631.610
1632.050
1632.500
1632.960
1633.380
1633.840
1634.280
1634.740
1635.180
1635.640
1636.080
1636.530
1636.980
1637.450
1637.900
1638.350
1638.830
1639.270
1639.740
1640.200
1640.660
1641.120
1641.550
1642.020
1642.470
1642.930
1643.390
1643.860
1644.310
1644.780
1645.220
1645.700
1646.180
1646.630
1647.100
1647.550
1648.000
1648.490
1648.960
1649.420
1649.900
1650.360
1650.830
1651.310
1651.780
1652.230
1652.720
1653.180
1653.640
1654.090
1654.540
1655.010
1655.460
1655.940
1656.420
1656.920
1657.390
1657.850
1658.310
1658.760
1659.230
1659.680
1660.140
1660.580
1661.040
1661.490
1661.930
1662.380
1662.850
1663.280
1663.750
1664.200
1664.620
1665.050
1665.480
1665.900
1666.350
1666.780
1667.200
1667.650
1668.120
1668.560
1669.040
1669.510
1669.990
1670.450
1670.930
1671.380
1671.870
1672.340
1672.790
1673.260
1673.740
1674.210
1674.710
1675.180
1675.630
1676.100
1676.580
1677.060
1677.530
1678.000
1678.470
1678.930
1679.410
1679.870
1680.340
1680.800
1681.270
1681.740
1682.200
1682.660
1683.120
1683.570
1684.050
1684.500
1684.980
1685.450
1685.910
1686.370
1686.850
1687.330
1687.810
1688.280
1688.770
1689.250
1689.710
1690.190
1690.680
1691.160
1691.620
1692.110
1692.580
1693.040
1693.530
1693.990
1694.470
1694.960
1695.430
1695.930
1696.390
1696.860
1697.330
1697.800
1698.270
1698.760
1699.230
1699.710
1700.210
1700.680
1701.130
1701.600
1702.040
1702.500
1702.980
1703.410
1703.870
1704.310
1704.780
1705.210
1705.680
1706.130
1706.610
1707.070
1707.540
1708.010
1708.490
1708.960
1709.420
1709.890
1710.350
1710.820
1711.290
1711.760
1712.230
1712.700
1713.190
1713.650
1714.130
1714.590
1715.050
1715.540
1716.020
1716.500
1716.980
1717.450
1717.930
1718.420
1718.880
1719.370
1719.860
1720.340
1720.810
1721.280
1721.760
1722.200
1722.670
1723.130
1723.600
1724.070
1724.520
1724.990
1725.480
1725.940
1726.410
1726.880
1727.370
1727.850
1728.320
1728.780
1729.240
1729.720
1730.190
1730.660
1731.130
1731.590
1732.060
1732.520
1732.970
1733.430
1733.900
1734.370
1734.840
1735.300
1735.770
1736.250
1736.710
1737.180
1737.640
1738.120
1738.570
1739.030
1739.500
1739.970
1740.430
1740.910
1741.380
1741.830
1742.320
1742.780
1743.240
1743.710
1744.190
1744.660
1745.140
1745.620
1746.100
1746.570
1747.040
1747.510
1748.000
1748.470
1748.940
1749.420
1749.880
1750.360
1750.820
1751.280
1751.760
1752.230
1752.700
1753.180
1753.630
1754.110
1754.570
1755.010
1755.490
1755.950
1756.400
1756.890
1757.370
1757.850
1758.310
1758.810
1759.270
1759.760
1760.240
1760.730
1761.200
1761.690
1762.170
1762.670
1763.190
1763.690
1764.190
1764.690
1765.170
1765.690
1766.140
1766.600
1767.030
1767.470
1767.930
1768.360
1768.770
1769.200
1769.630
1770.080
1770.490
1770.940
1771.380
1771.830
1772.270
1772.690
1773.140
1773.590
1774.080
1774.570
1775.040
1775.530
1776.190
1776.860
1777.520
1778.270
1779.000
1779.680
1780.430
1781.170
1781.960
1782.710
1783.490
1784.250
1785.010
1785.730
1786.440
1787.190
1787.940
1788.640
1789.460
1790.250
1791.110
1791.920
1792.760
1793.540
1794.300
1795.070
1795.890
1796.670
1797.410
1798.190
1798.970
1799.790
1800.550
1801.340
1802.140
1802.960
1803.720
1804.610
1805.500
1806.420
1807.260
1808.170
1809.040
1809.980
1810.840
1811.800
1812.720
1813.610
1814.570
1815.450
1816.410
1817.300
1818.240
1818.980
1819.690
1820.440
1821.180
1821.900
1822.660
1823.470
1824.270
1825.020
1825.810
1826.560
1827.370
1828.100
1828.890
1829.720
1830.500
1831.290
1832.040
1832.840
1833.600
1834.440
1835.250
1836.210
1837.110
1837.930
1838.830
1839.660
1840.560
1841.490
1842.370
1843.390
1844.460
1845.500
1846.630
1847.740
1848.760
1849.850
1850.760
1851.760
1852.680
1853.640
1854.510
1855.390
1856.250
1857.150
1858.060
1858.890
1859.780
1860.710
1861.580
1862.450
1863.380
1864.250
1865.170
1866.070
1867.000
1867.900
1868.690
1869.490
1870.280
1871.200
1872.080
1872.930
1873.830
1874.740
1875.530
1876.340
1877.200
1877.990
1878.850
1879.750
1880.600
1881.330
1882.140
1882.900
1883.660
1884.480
1885.300
1886.080
1886.860
1887.690
1888.440
1889.220
1890.040
1890.770
1891.560
1892.300
1893.020
1893.710
1894.420
1895.180
1895.870
1896.560
1897.310
1897.980
1898.720
1899.340
1899.960
1900.590
1901.220
1901.870
1902.490
1903.120
1903.740
1904.330
1904.960
1905.590
1906.210
1906.840
1907.450
1908.050
1908.680
1909.320
1909.920
1910.540
1911.200
1911.850
1912.480
1913.100
1913.740
1914.390
1915.030
1915.680
1916.330
1916.990
1917.650
1918.290
1918.940
1919.590
1920.260
1920.910
1921.570
1922.230
1922.860
1923.510
1924.120
1924.770
1925.430
1926.050
1926.680
1927.320
1927.990
1928.610
1929.220
1929.850
1930.510
1931.110
1931.770
1932.360
1932.980
1933.620
1934.220
1934.860
1935.490
1936.110
1936.720
1937.380
1937.980
1938.640
1939.240
1939.900
1940.530
1941.130
1941.790
1942.400
1943.000
1943.600
1944.230
1944.810
1945.430
1946.030
1946.670
1947.290
1947.900
1948.510
1949.120
1949.740
1950.390
1951.000
1951.610
1952.220
1952.800
1953.400
1954.000
1954.620
1955.190
1955.820
1956.400
1957.000
1957.590
1958.220
1958.790
1959.380
1960.000
1960.570
1961.180
1961.760
1962.310
1962.890
1963.460
1964.050
1964.600
1965.190
1965.750
1966.290
1966.870
1967.310
1967.770
1968.250
1968.680
1969.090
1969.520
1969.960
1970.380
1970.830
1971.240
1971.670
1972.110
1972.580
1973.030
1973.470
1973.950
1974.410
1974.820
1975.260
1975.680
1976.120
1976.520
1976.960
1977.360
1977.800
1978.220
1978.640
1979.010
1979.400
1979.760
1980.140
1980.540
1980.880
1981.200
1981.540
1981.900
1982.220
1982.560
1982.890
1983.210
1983.530
1983.860
1984.190
1984.520
1984.850
1985.190
1985.530
1985.850
1986.170
1986.500
1986.810
1987.130
1987.450
1987.790
1988.120
1988.450
1988.770
1989.090
1989.420
1989.730
1990.060
1990.390
1990.710
1991.040
1991.360
1991.700
1992.040
1992.360
1992.690
1993.030
1993.360
1993.680
1994.010
1994.330
1994.650
1994.960
1995.280
1995.620
1995.950
1996.280
1996.600
1996.920
1997.240
1997.560
1997.880
1998.190
1998.520
1998.850
1999.180
1999.520
1999.850
2000.190
2000.510
2000.850
2001.180
2001.500
2001.820
2002.130
2002.460
2002.790
2003.110
2003.450
2003.770
2004.120
2004.450
2004.780
2005.110
2005.440
2005.770
2006.120
2006.460
2006.790
2007.130
2007.480
2007.790
2008.140
2008.450
2008.800
2009.110
2009.450
2009.780
2010.110
2010.450
2010.770
2011.100
2011.440
2011.750
2012.100
2012.410
2012.750
2013.090
2013.420
2013.740
2014.080
2014.410
2014.730
2015.070
2015.410
2015.760
2016.100
2016.430
2016.770
2017.090
2017.420
2017.750
2018.080
2018.400
2018.740
2019.070
2019.400
2019.730
2020.070
2020.400
2020.730
2021.060
2021.390
2021.700
2022.040
2022.370
2022.710
2023.060
2023.410
2023.740
2024.090
2024.420
2024.760
2025.090
2025.430
2025.750
2026.100
2026.430
2026.760
2027.120
2027.450
2027.800
2028.140
2028.460
2028.800
2029.120
2029.480
2029.800
2030.160
2030.490
2030.820
2031.180
2031.520
2031.860
2032.190
2032.530
2032.880
2033.210
2033.550
2033.860
2034.210
2034.550
2034.880
2035.230
2035.570
2035.900
2036.260
2036.590
2036.920
2037.280
2037.620
2037.960
2038.300
2038.610
2038.950
2039.290
2039.630
2039.970
2040.310
2040.640
2040.980
2041.300
2041.650
2041.980
2042.320
2042.650
2043.000
2043.330
2043.680
2044.000
2044.350
2044.660
2044.990
2045.330
2045.650
2045.980
2046.330
2046.660
2047.020
2047.350
2047.700
2048.040
2048.380
2048.720
2049.040
2049.390
2049.750
2050.090
2050.440
2050.790
2051.150
2051.490
2051.840
2052.170
2052.520
2052.840
2053.200
2053.540
2053.880
2054.200
2054.550
2054.890
2055.230
2055.560
2055.900
2056.210
2056.560
2056.870
2057.220
2057.530
2057.860
2058.190
2058.530
2058.860
2059.180
2059.530
2059.870
2060.200
2060.540
2060.870
2061.190
2061.520
2061.850
2062.170
2062.530
2062.850
2063.210
2063.550
2063.880
2064.230
2064.580
2064.930
2065.280
2065.610
2065.950
2066.290
2066.650
2066.990
2067.360
2067.700
2068.060
2068.410
2068.750
2069.100
2069.460
2069.790
2070.150
2070.490
2070.840
2071.160
2071.520
2071.850
2072.170
2072.490
2072.820
2073.170
2073.480
2073.850
2074.200
2074.540
2074.880
2075.230
2075.580
2075.930
2076.290
2076.640
2077.000
2077.350
2077.730
2078.060
2078.420
2078.770
2079.130
2079.460
2079.820
2080.180
2080.540
2080.890
2081.260
2081.610
2081.980
2082.310
2082.680
2083.030
2083.380
2083.730
2084.080
2084.410
2084.760
2085.120
2085.470
2085.820
2086.180
2086.510
2086.880
2087.230
2087.580
2087.930
2088.280
2088.620
2088.980
2089.320
2089.670
2090.010
2090.380
2090.730
2091.060
2091.420
2091.780
2092.120
2092.470
2092.810
2093.160
2093.510
2093.860
2094.210
2094.560
2094.920
2095.270
2095.620
2095.970
2096.320
2096.670
2097.040
2097.410
2097.760
2098.110
2098.450
2098.800
2099.160
2099.490
2099.830
2100.170
2100.530
2100.880
2101.230
2101.570
2101.920
2102.270
2102.620
2102.970
2103.320
2103.690
2104.030
2104.380
2104.730
2105.090
2105.430
2105.810
2106.160
2106.510
2106.880
2107.230
2107.580
2107.940
2108.280
2108.630
2108.990
2109.360
2109.720
2110.070
2110.440
2110.800
2111.150
2111.520
2111.860
2112.220
2112.580
2112.940
2113.290
2113.650
2114.000
2114.360
2114.700
2115.050
2115.410
2115.760
2116.090
2116.450
2116.800
2117.140
2117.500
2117.870
2118.230
2118.600
2118.960
2119.320
2119.660
2120.020
2120.380
2120.730
2121.080
2121.420
2121.770
2122.140
2122.490
2122.820
2123.180
2123.530
2123.880
2124.230
2124.580
2124.940
2125.290
2125.640
2125.970
2126.350
2126.710
2127.070
2127.410
2127.780
2128.140
2128.500
2128.850
2129.220
2129.590
2129.940
2130.290
2130.630
2131.000
2131.350
2131.680
2132.050
2132.400
2132.750
2133.090
2133.430
2133.780
2134.140
2134.480
2134.840
2135.180
2135.550
2135.910
2136.280
2136.630
2136.980
2137.320
2137.680
2138.020
2138.370
2138.720
2139.060
2139.410
2139.770
2140.110
2140.470
2140.810
2141.180
2141.510
2141.890
2142.240
2142.600
2142.940
2143.280
2143.640
2143.980
2144.330
2144.680
2145.040
2145.390
2145.740
2146.090
2146.450
2146.800
2147.170
2147.530
2147.880
2148.250
2148.600
2148.950
2149.300
2149.650
2150.010
2150.350
2150.710
2151.060
2151.410
2151.770
2152.100
2152.460
2152.820
2153.160
2153.520
2153.860
2154.220
2154.570
2154.930
2155.270
2155.650
2155.990
2156.360
2156.720
2157.060
2157.420
2157.770
2158.140
2158.500
2158.850
2159.210
2159.580
2159.940
2160.280
2160.640
2161.000
2161.360
2161.720
2162.090
2162.440
2162.780
2163.140
2163.470
2163.830
2164.170
2164.520
2164.870
2165.220
2165.580
2165.940
2166.290
2166.660
2167.000
2167.370
2167.710
2168.060
2168.400
2168.760
2169.110
2169.470
2169.830
2170.200
2170.550
2170.910
2171.270
2171.630
2171.980
2172.330
2172.670
2173.000
2173.340
2173.690
2174.030
2174.390
2174.770
2175.130
2175.480
2175.840
2176.190
2176.560
2176.910
2177.290
2177.620
2177.970
2178.330
2178.680
2179.040
2179.410
2179.750
2180.120
2180.450
2180.820
2181.160
2181.500
2181.880
2182.240
2182.580
2182.950
2183.280
2183.630
2183.990
2184.340
2184.690
2185.010
2185.370
2185.690
2186.030
2186.400
2186.750
2187.100
2187.440
2187.780
2188.110
2188.460
2188.820
2189.150
2189.500
2189.860
2190.230
2190.580
2190.940
2191.280
2191.630
2191.990
2192.340
2192.670
2193.020
2193.380
2193.730
2194.080
2194.410
2194.760
2195.090
2195.450
2195.790
2196.130
2196.470
2196.810
2197.160
2197.520
2197.860
2198.210
2198.560
2198.930
2199.270
2199.610
2199.970
2200.320
2200.670
2201.030
2201.380
2201.710
2202.080
2202.420
2202.760
2203.110
2203.460
2203.810
2204.180
2204.530
2204.880
2205.230
2205.560
2205.930
2206.260
2206.620
2206.970
2207.330
2207.650
2208.010
2208.350
2208.670
2209.020
2209.370
2209.710
2210.030
2210.370
2210.730
2211.080
2211.420
2211.770
2212.120
2212.480
2212.820
2213.160
2213.510
2213.870
2214.220
2214.590
2214.940
2215.290
2215.640
2215.980
2216.320
2216.670
2217.030
2217.380
2217.720
2218.070
2218.440
2218.790
2219.120
2219.480
2219.820
2220.210
2220.650
2221.060
2221.570
2222.040
2222.520
2223.020
2223.510
2224.000
2224.550
2225.070
2225.590
2226.230
2226.880
2227.610
2228.310
2229.010
2229.670
2230.370
2231.070
2231.800
2232.520
2233.150
2233.840
2234.490
2235.180
2235.890
2236.590
2237.330
2238.060
2238.810
2239.530
2240.230
2240.950
2241.630
2242.300
2243.010
2243.700
2244.420
2245.130
2245.880
2246.650
2247.370
2248.130
2248.860
2249.630
2250.370
2251.060
2251.800
2252.520
2253.230
2253.960
2254.660
2255.390
2256.150
2256.890
2257.610
2258.270
2259.000
2259.690
2260.430
2261.120
2261.890
2262.620
2263.310
2264.070
2264.780
2265.470
2266.200
2266.860
2267.520
2268.240
2268.880
2269.620
2270.280
2270.980
2271.710
2272.440
2273.200
2273.980
2274.770
2275.520
2276.340
2277.110
2277.850
2278.660
2279.350
2280.050
2280.700
2281.400
2282.100
2282.780
2283.480
2284.160
2284.850
2285.520
2286.180
2286.850
2287.530
2288.210
2288.920
2289.620
2290.280
2290.940
2291.600
2292.270
2292.900
2293.510
2294.130
2294.790
2295.480
2296.180
2296.860
2297.550
2298.280
2298.990
2299.710
2300.370
2301.090
2301.780
2302.450
2303.090
2303.730
2304.420
2305.050
2305.730
2306.420
2307.120
2307.820
2308.580
2309.280
2310.000
2310.700
2311.410
2312.110
2312.810
2313.460
2314.130
2314.840
2315.550
2316.270
2316.970
2317.670
2318.320
2319.020
2319.730
2320.410
2321.100
2321.780
2322.500
2323.220
2323.910
2324.560
2325.290
2325.960
2326.650
2327.340
2328.040
2328.730
2329.390
2330.090
2330.810
2331.500
2332.190
2332.810
2333.470
2334.150
2334.840
2335.530
2336.260
2336.990
2337.700
2338.400
2339.120
2339.820
2340.530
2341.220
2341.920
2342.660
2343.350
2344.060
2344.750
2345.450
2346.130
2346.810
2347.510
2348.220
2349.010
2349.830
2350.650
2351.350
2352.040
2352.740
2353.420
2354.120
2354.800
2355.510
2356.190
2356.900
2357.610
2358.280
2358.950
2359.640
2360.330
2360.980
2361.650
2362.320
2363.000
2363.670
2364.340
2365.040
2365.690
2366.350
2367.060
2367.740
2368.420
2369.050
2369.710
2370.380
2371.040
2371.720
2372.360
2373.040
2373.660
2374.320
2374.980
2375.640
2376.330
2377.040
2377.700
2378.390
2379.080
2379.830
2380.520
2381.270
2381.960
2382.710
2383.400
2384.070
2384.770
2385.450
2386.200
2386.920
2387.600
2388.270
2388.930
2389.570
2390.210
2390.820
2391.450
2392.090
2392.740
2393.330
2393.930
2394.530
2395.110
2395.710
2396.330
2396.900
2397.520
2398.090
2398.670
2399.290
2399.880
2400.490
2401.070
2401.680
2402.310
2402.900
2403.500
2404.150
2404.770
2405.360
2406.010
2406.600
2407.240
2407.850
2408.480
2409.100
2409.700
2410.350
2411.020
2411.680
2412.290
2412.950
2413.630
2414.330
2415.020
2415.720
2416.380
2417.090
2417.670
2418.290
2418.870
2419.440
2420.030
2420.610
2421.180
2421.750
2422.320
2422.870
2423.450
2424.010
2424.610
2425.230
2425.840
2426.400
2426.970
2427.520
2428.110
2428.670
2429.230
2429.830
2430.380
2430.970
2431.560
2432.180
2432.820
2433.420
2434.080
2434.690
2435.310
2435.980
2436.610
2437.210
2437.850
2438.420
2439.000
2439.540
2440.110
2440.640
2441.180
2441.730
2442.280
2442.760
2443.220
2443.690
2444.180
2444.630
2445.080
2445.520
2445.970
2446.460
2446.940
2447.390
2447.840
2448.300
2448.740
2449.210
2449.640
2450.080
2450.510
2450.960
2451.420
2451.860
2452.310
2452.750
2453.210
2453.660
2454.120
2454.570
2455.010
2455.470
2455.910
2456.360
2456.810
2457.270
2457.720
2458.160
2458.600
2459.030
2459.460
2459.910
2460.360
2460.820
2461.260
2461.710
2462.160
2462.600
2463.070
2463.520
2463.970
2464.420
2464.870
2465.300
2465.750
2466.190
2466.650
2467.110
2467.550
2468.000
2468.480
2468.940
2469.400
2469.860
2470.320
2470.760
2471.240
2471.680
2472.140
2472.620
2473.080
2473.530
2474.000
2474.480
2474.950
2475.430
2475.900
2476.370
2476.820
2477.290
2477.770
2478.230
2478.720
2479.190
2479.660
2480.130
2480.590
2481.190
2481.760
2482.360
2482.960
2483.540
2484.140
2484.750
2485.370
2485.980
2486.600
2487.230
2487.870
2488.540
2489.170
2489.820
2490.440
2491.090
2491.720
2492.350
2493.010
2493.620
2494.250
2494.880
2495.500
2496.130
2496.740
2497.370
2497.960
2498.570
2499.210
2499.810
2500.400
2500.980
2501.600
2502.230
2502.830
2503.450
2504.100
2504.680
2505.270
2505.860
2506.430
2507.050
2507.630
2508.200
2508.790
2509.340
2509.930
2510.510
2511.100
2511.670
2512.230
2512.810
2513.320
2513.840
2514.360
2514.850
2515.370
2515.880
2516.400
2516.920
2517.430
2517.930
2518.400
2518.910
2519.410
2519.950
2520.490
2521.030
2521.550
2522.140
2522.720
2523.310
2523.860
2524.510
2525.140
2525.790
2526.410
2527.070
2527.700
2528.360
2529.020
2529.770
2530.460
2531.150
2531.860
2532.540
2533.200
2533.880
2534.490
2535.110
2535.720
2536.320
2536.930
2537.480
2538.030
2538.480
2538.930
2539.400
2539.820
2540.280
2540.710
2541.160
2541.590
2542.060
2542.530
2542.990
2543.430
2543.900
2544.350
2544.810
2545.250
2545.700
2546.170
2546.630
2547.110
2547.580
2548.070
2548.560
2549.040
2549.500
2549.980
2550.480
2550.960
2551.440
2551.910
2552.430
2552.940
2553.500
2554.010
2554.520
2555.020
2555.520
2556.020
2556.510
2557.030
2557.540
2558.050
2558.530
2559.050
2559.550
2560.060
2560.560
2561.060
2561.560
2562.050
2562.540
2563.060
2563.550
2564.040
2564.560
2565.050
2565.560
2566.090
2566.600
2567.120
2567.640
2568.150
2568.650
2569.170
2569.660
2570.170
2570.660
2571.140
2571.620
2572.130
2572.600
2573.080
2573.580
2574.070
2574.580
2575.080
2575.600
2576.140
2576.660
2577.160
2577.700
2578.200
2578.740
2579.260
2579.770
2580.290
2580.810
2581.330
2581.830
2582.360
2582.890
2583.390
2583.890
2584.380
2584.880
2585.480
2586.110
2586.720
2587.340
2587.960
2588.570
2589.180
2589.780
2590.410
2591.060
2591.690
2592.320
2592.920
2593.540
2594.180
2594.810
2595.430
2596.070
2596.720
2597.350
2598.010
2598.640
2599.220
2599.830
2600.450
2601.080
2601.720
2602.360
2602.960
2603.590
2604.250
2604.850
2605.520
2606.160
2606.780
2607.430
2608.050
2608.720
2609.350
2609.970
2610.610
2611.280
2611.890
2612.520
2613.080
2613.650
2614.180
2614.730
2615.270
2615.840
2616.380
2616.910
2617.430
2617.950
2618.480
2619.000
2619.530
2620.040
2620.570
2621.090
2621.600
2622.110
2622.630
2623.130
2623.660
2624.160
2624.670
2625.180
2625.690
2626.190
2626.700
2627.210
2627.700
2628.190
2628.720
2629.190
2629.710
2630.200
2630.670
2631.190
2631.650
2632.150
2632.670
2633.140
2633.680
2634.170
2634.700
2635.180
2635.690
2636.190
2636.670
2637.170
2637.680
2638.190
2638.680
2639.170
2639.690
2640.220
2640.700
2641.190
2641.720
2642.180
2642.700
2643.180
2643.670
2644.150
2644.650
2645.140
2645.620
2646.100
2646.580
2647.070
2647.580
2648.050
2648.530
2649.000
2649.480
2649.940
2650.420
2650.880
2651.380
2651.860
2652.320
2652.800
2653.310
2653.790
2654.270
2654.760
2655.260
2655.730
2656.230
2656.700
2657.210
2657.670
2658.160
2658.650
2659.170
2659.640
2660.130
2660.610
2661.100
2661.570
2662.060
2662.530
2663.020
2663.500
2663.970
2664.460
2664.920
2665.420
2665.900
2666.390
2666.850
2667.360
2667.840
2668.320
2668.820
2669.300
2669.760
2670.260
2670.720
2671.240
2671.730
2672.210
2672.680
2673.190
2673.680
2674.150
2674.640
2675.100
2675.590
2676.060
2676.550
2677.040
2677.490
2677.960
2678.450
2678.910
2679.400
2679.890
2680.360
2680.850
2681.310
2681.820
2682.310
2682.780
2683.270
2683.750
2684.220
2684.720
2685.180
2685.670
2686.160
2686.620
2687.110
2687.590
2688.080
2688.560
2689.040
2689.530
2690.010
2690.510
2690.980
2691.470
2691.940
2692.430
2692.920
2693.390
2693.880
2694.340
2694.830
2695.300
2695.790
2696.270
2696.740
2697.240
2697.730
2698.220
2698.720
2699.200
2699.700
2700.190
2700.660
2701.140
2701.620
2702.100
2702.580
2703.080
2703.560
2704.030
2704.520
2704.990
2705.440
2705.910
2706.380
2706.900
2707.370
2707.880
2708.370
2708.850
2709.340
2709.810
2710.290
2710.780
2711.250
2711.740
2712.230
2712.730
2713.220
2713.710
2714.200
2714.690
2715.160
2715.680
2716.150
2716.640
2717.130
2717.640
2718.110
2718.610
2719.130
2719.620
2720.110
2720.590
2721.070
2721.550
2722.050
2722.540
2723.020
2723.570
2724.080
2724.600
2725.090
2725.570
2726.060
2726.560
2727.080
2727.570
2728.050
2728.530
2729.020
2729.490
2729.960
2730.460
2730.920
2731.420
2731.900
2732.360
2732.860
2733.320
2733.820
2734.290
2734.770
2735.270
2735.750
2736.250
2736.720
2737.220
2737.710
2738.200
2738.710
2739.190
2739.690
2740.190
2740.680
2741.180
2741.700
2742.190
2742.680
2743.170
2743.680
2744.180
2744.680
2745.200
2745.680
2746.180
2746.670
2747.170
2747.680
2748.180
2748.670
2749.170
2749.660
2750.160
2750.660
2751.160
2751.650
2752.150
2752.660
2753.160
2753.650
2754.160
2754.670
2755.160
2755.650
2756.150
2756.630
2757.110
2757.590
2758.090
2758.570
2759.080
2759.580
2760.040
2760.550
2761.050
2761.510
2762.020
2762.490
2762.980
2763.440
2763.920
2764.410
2764.900
2765.380
2765.900
2766.430
2766.930
2767.410
2767.900
2768.390
2768.890
2769.380
2769.870
2770.340
2770.850
2771.310
2771.760
2772.200
2772.650
2773.100
2773.540
2774.010
2774.440
2774.890
2775.350
2775.820
2776.280
2776.720
2777.190
2777.680
2778.160
2778.640
2779.120
2779.580
2780.060
2780.550
2781.070
2781.570
2782.060
2782.560
2783.070
2783.550
2784.050
2784.540
2785.020
2785.530
2786.010
2786.520
2787.010
2787.490
2787.970
2788.490
2788.980
2789.480
2789.990
2790.490
2791.000
2791.470
2791.970
2792.440
2792.940
2793.440
2793.950
2794.440
2794.920
2795.440
2795.930
2796.420
2796.940
2797.430
2797.930
2798.430
2798.920
2799.390
2799.890
2800.390
2800.900
2801.390
2801.900
2802.390
2802.900
2803.370
2803.860
2804.360
2804.860
2805.350
2805.820
2806.340
2806.830
2807.320
2807.820
2808.290
2808.780
2809.270
2809.760
2810.250
2810.760
2811.260
2811.750
2812.250
2812.750
2813.270
2813.760
2814.240
2814.760
2815.250
2815.750
2816.250
2816.740
2817.240
2817.720
2818.240
2818.740
2819.250
2819.760
2820.260
2820.770
2821.260
2821.760
2822.250
2822.780
2823.250
2823.760
2824.270
2824.770
2825.260
2825.780
2826.280
2826.790
2827.280
2827.780
2828.270
2828.750
2829.270
2829.770
2830.270
2830.770
2831.260
2831.770
2832.270
2832.770
2833.270
2833.790
2834.290
2834.780
2835.270
2835.800
2836.290
2836.790
2837.290
2837.800
2838.280
2838.790
2839.280
2839.780
2840.280
2840.790
2841.290
2841.780
2842.270
2842.760
2843.260
2843.750
2844.250
2844.770
2845.280
2845.790
2846.250
2846.760
2847.260
2847.750
2848.250
2848.750
2849.250
2849.760
2850.260
2850.760
2851.250
2851.750
2852.260
2852.750
2853.260
2853.760
2854.260
2854.760
2855.240
2855.740
2856.240
2856.730
2857.220
2857.730
2858.210
2858.720
2859.220
2859.720
2860.220
2860.720
2861.230
2861.720
2862.210
2862.740
2863.210
2863.710
2864.220
2864.720
2865.210
2865.690
2866.180
2866.680
2867.180
2867.670
2868.170
2868.660
2869.180
2869.660
2870.140
2870.660
2871.140
2871.640
2872.150
2872.640
2873.150
2873.640
2874.130
2874.630
2875.160
2875.660
2876.160
2876.660
2877.150
2877.650
2878.130
2878.650
2879.130
2879.610
2880.120
2880.620
2881.110
2881.600
2882.100
2882.600
2883.080
2883.560
2884.050
2884.540
2885.030
2885.540
2886.010
2886.490
2886.980
2887.480
2887.980
2888.460
2888.970
2889.470
2889.950
2890.440
2890.930
2891.420
2891.920
2892.420
2892.920
2893.410
2893.890
2894.390
2894.880
2895.370
2895.860
2896.340
2896.840
2897.340
2897.810
2898.300
2898.780
2899.270
2899.740
2900.230
2900.720
2901.210
2901.700
2902.200
2902.690
2903.180
2903.670
2904.160
2904.640
2905.130
2905.620
2906.110
2906.600
2907.110
2907.590
2908.090
2908.590
2909.080
2909.560
2910.040
2910.530
2911.020
2911.510
2911.990
2912.480
2912.970
2913.460
2913.940
2914.430
2914.930
2915.410
2915.890
2916.370
2916.860
2917.350
2917.830
2918.320
2918.810
2919.300
2919.810
2920.280
2920.770
2921.260
2921.760
2922.240
2922.730
2923.220
2923.720
2924.210
2924.690
2925.160
2925.660
2926.150
2926.630
2927.130
2927.610
2928.100
2928.610
2929.070
2929.560
2930.060
2930.560
2931.060
2931.550
2932.040
2932.530
2933.010
2933.500
2934.000
2934.480
2934.960
2935.440
2935.930
2936.430
2936.930
2937.410
2937.900
2938.400
2938.890
2939.390
2939.870
2940.360
2940.830
2941.330
2941.830
2942.310
2942.790
2943.270
2943.760
2944.240
2944.710
2945.200
2945.690
2946.170
2946.640
2947.120
2947.590
2948.090
2948.570
2949.050
2949.530
2950.010
2950.500
2950.990
2951.480
2951.960
2952.430
2952.920
2953.420
2953.900
2954.370
2954.890
2955.380
2955.840
2956.340
2956.830
2957.310
2957.820
2958.290
2958.770
2959.260
2959.740
2960.200
2960.700
2961.160
2961.660
2962.120
2962.620
2963.080
2963.560
2964.050
2964.530
2965.010
2965.480
2965.960
2966.460
2966.940
2967.420
2967.890
2968.360
2968.850
2969.350
2969.830
2970.330
2970.820
2971.310
2971.790
2972.290
2972.760
2973.230
2973.710
2974.180
2974.670
2975.150
2975.620
2976.110
2976.580
2977.040
2977.520
2977.990
2978.510
2978.990
2979.480
2979.960
2980.450
2980.930
2981.420
2981.900
2982.400
2982.900
2983.390
2983.870
2984.360
2984.840
2985.320
2985.810
2986.330
2986.810
2987.290
2987.780
2988.260
2988.740
2989.210
2989.690
2990.200
2990.680
2991.160
2991.640
2992.150
2992.640
2993.110
2993.600
2994.090
2994.580
2995.070
2995.540
2996.010
2996.510
2996.970
2997.450
2997.950
2998.430
2998.900
2999.390
2999.870
3000.340
3000.820
3001.290
3001.770
3002.270
3002.760
3003.270
3003.740
3004.220
3004.730
3005.220
3005.700
3006.190
3006.670
3007.160
3007.650
3008.130
3008.640
3009.110
3009.600
3010.090
3010.580
3011.080
3011.570
3012.050
3012.540
3013.040
3013.540
3014.030
3014.510
3015.010
3015.500
3015.990
3016.480
3016.950
3017.460
3017.940
3018.430
3018.920
3019.390
3019.860
3020.360
3020.840
3021.310
3021.790
3022.280
3022.750
3023.240
3023.710
3024.190
3024.670
3025.140
3025.620
3026.110
3026.600
3027.080
3027.540
3028.020
3028.510
3028.990
3029.470
3029.950
3030.440
3030.930
3031.420
3031.910
3032.380
3032.870
3033.360
3033.860
3034.340
3034.810
3035.280
3035.780
3036.250
3036.730
3037.230
3037.710
3038.180
3038.690
3039.170
3039.650
3040.140
3040.650
3041.130
3041.610
3042.100
3042.590
3043.080
3043.570
3044.060
3044.550
3045.050
3045.530
3046.040
3046.530
3047.020
3047.500
3047.980
3048.440
3048.920
3049.420
3049.880
3050.360
3050.840
3051.330
3051.820
3052.300
3052.800
3053.290
3053.770
3054.260
3054.740
3055.250
3055.730
3056.230
3056.730
3057.210
3057.710
3058.180
3058.680
3059.170
3059.660
3060.150
3060.650
3061.130
3061.610
3062.120
3062.590
3063.100
3063.580
3064.090
3064.590
3065.080
3065.590
3066.080
3066.560
3067.060
3067.540
3068.050
3068.530
3069.020
3069.500
3070.000
3070.490
3070.990
3071.480
3071.970
3072.470
3072.970
3073.460
3073.950
3074.440
3074.940
3075.420
3075.910
3076.410
3076.890
3077.390
3077.850
3078.340
3078.840
3079.340
3079.840
3080.330
3080.790
3081.290
3081.790
3082.280
3082.760
3083.250
3083.740
3084.220
3084.690
3085.190
3085.670
3086.140
3086.640
3087.120
3087.620
3088.110
3088.570
3089.060
3089.550
3090.040
3090.530
3091.030
3091.520
3092.010
3092.480
3092.990
3093.470
3093.940
3094.420
3094.920
3095.400
3095.900
3096.400
3096.900
3097.380
3097.890
3098.390
3098.890
3099.380
3099.880
3100.370
3100.870
3101.350
3101.850
3102.340
3102.830
3103.330
3103.830
3104.300
3104.790
3105.290
3105.770
3106.260
3106.760
3107.240
3107.730
3108.230
3108.700
3109.190
3109.670
3110.180
3110.680
3111.160
3111.630
3112.140
3112.630
3113.130
3113.600
3114.080
3114.600
3115.090
3115.560
3116.050
3116.540
3117.040
3117.520
3118.000
3118.470
3118.970
3119.430
3119.930
3120.420
3120.910
3121.400
3121.870
3122.380
3122.850
3123.350
3123.830
3124.320
3124.840
3125.320
3125.770
3126.260
3126.710
3127.190
3127.670
3128.150
3128.640
3129.130
3129.620
3130.080
3130.590
3131.080
3131.570
3132.070
3132.540
3133.030
3133.530
3134.010
3134.500
3134.990
3135.480
3135.970
3136.450
3136.940
3137.440
3137.920
3138.430
3138.930
3139.400
3139.900
3140.390
3140.890
3141.390
3141.880
3142.390
3142.880
3143.360
3143.840
3144.330
3144.820
3145.300
3145.800
3146.310
3146.800
3147.270
3147.760
3148.240
3148.710
3149.220
3149.700
3150.180
3150.670
3151.140
3151.640
3152.120
3152.590
3153.080
3153.570
3154.070
3154.550
3155.030
3155.530
3156.020
3156.500
3157.000
3157.500
3157.980
3158.480
3158.950
3159.460
3159.930
3160.420
3160.920
3161.400
3161.890
3162.390
3162.890
3163.370
3163.860
3164.350
3164.850
3165.330
3165.810
3166.310
3166.790
3167.280
3167.770
3168.250
3168.760
3169.240
3169.750
3170.220
3170.720
3171.220
3171.710
3172.220
3172.710
3173.200
3173.690
3174.180
3174.670
3175.180
3175.650
3176.140
3176.650
3177.140
3177.620
3178.120
3178.580
3179.070
3179.560
3180.050
3180.540
3181.010
3181.510
3181.990
3182.480
3182.960
3183.440
3183.940
3184.420
3184.930
3185.420
3185.910
3186.410
3186.900
3187.380
3187.890
3188.410
3188.890
3189.370
3189.860
3190.340
3190.860
3191.350
3191.840
3192.330
3192.810
3193.320
3193.830
3194.330
3194.820
3195.290
3195.800
3196.290
3196.760
3197.250
3197.740
3198.230
3198.720
3199.250
3199.740
3200.240
3200.730
3201.240
3201.720
3202.260
3202.810
3203.350
3203.900
3204.400
3204.900
3205.400
3205.910
3206.410
3206.880
3207.380
3207.910
3208.410
3208.880
3209.360
3209.860
3210.360
3210.840
3211.350
3211.810
3212.300
3212.750
3213.220
3213.730
3214.240
3214.760
3215.260
3215.750
3216.250
3216.760
3217.270
3217.760
3218.280
3218.760
3219.250
3219.750
3220.260
3220.760
3221.260
3221.760
3222.260
3222.760
3223.250
3223.770
3224.270
3224.770
3225.270
3225.780
3226.290
3226.780
3227.280
3227.760
3228.250
3228.740
3229.230
3229.720
3230.220
3230.700
3231.180
3231.660
3232.160
3232.660
3233.140
3233.620
3234.110
3234.600
3235.100
3235.570
3236.070
3236.540
3237.030
3237.510
3238.000
3238.490
3238.970
3239.440
3239.920
3240.400
3240.880
3241.360
3241.840
3242.330
3242.830
3243.300
3243.800
3244.290
3244.760
3245.230
3245.720
3246.200
3246.680
3247.170
3247.660
3248.130
3248.630
3249.110
3249.580
3250.050
3250.550
3251.030
3251.540
3252.000
3252.510
3252.980
3253.470
3253.940
3254.440
3254.920
3255.400
3255.890
3256.380
3256.860
3257.340
3257.830
3258.320
3258.820
3259.290
3259.770
3260.260
3260.730
3261.230
3261.710
3262.190
3262.670
3263.130
3263.630
3264.110
3264.590
3265.070
3265.550
3266.020
3266.500
3266.970
3267.450
3267.940
3268.410
3268.870
3269.350
3269.820
3270.290
3270.770
3271.250
3271.720
3272.200
3272.660
3273.150
3273.630
3274.090
3274.590
3275.070
3275.540
3276.040
3276.510
3277.010
3277.530
3278.010
3278.490
3279.000
3279.490
3279.980
3280.480
3280.960
3281.460
3281.940
3282.440
3282.960
3283.460
3283.940
3284.470
3284.970
3285.460
3285.960
3286.440
3286.970
3287.450
3287.930
3288.430
3288.900
3289.410
3289.900
3290.400
3290.890
3291.380
3291.860
3292.330
3292.850
3293.310
3293.800
3294.270
3294.760
3295.230
3295.730
3296.180
3296.660
3297.120
3297.590
3298.060
3298.550
3299.020
3299.490
3299.940
3300.410
3300.880
3301.370
3301.820
3302.290
3302.780
3303.250
3303.700
3304.190
3304.660
3305.110
3305.590
3306.030
3306.510
3306.950
3307.410
3307.870
3308.350
3308.810
3309.250
3309.730
3310.190
3310.630
3311.110
3311.570
3312.010
3312.490
3312.950
3313.390
3313.850
3314.320
3314.790
3315.240
3315.690
3316.150
3316.630
3317.090
3317.550
3317.990
3318.470
3318.920
3319.370
3319.860
3320.320
3320.780
3321.270
3321.740
3322.190
3322.670
3323.130
3323.620
3324.070
3324.550
3325.030
3325.520
3326.010
3326.490
3326.970
3327.440
3327.920
3328.380
3328.850
3329.310
3329.750
3330.230
3330.690
3331.170
3331.640
3332.100
3332.570
3333.030
3333.500
3333.990
3334.450
3334.910
3335.350
3335.830
3336.270
3336.730
3337.190
3337.670
3338.130
3338.590
3339.050
3339.500
3339.970
3340.460
3340.920
3341.390
3341.850
3342.330
3342.800
3343.270
3343.750
3344.220
3344.680
3345.160
3345.630
3346.100
3346.550
3347.020
3347.490
3347.940
3348.420
3348.890
3349.340
3349.820
3350.270
3350.720
3351.190
3351.660
3352.100
3352.580
3353.040
3353.480
3353.950
3354.410
3354.870
3355.340
3355.820
3356.270
3356.750
3357.220
3357.670
3358.150
3358.590
3359.050
3359.520
3359.990
3360.450
3360.900
3361.380
3361.840
3362.330
3362.780
3363.230
3363.700
3364.160
3364.610
3365.080
3365.550
3365.990
3366.470
3366.940
3367.390
3367.860
3368.350
3368.810
3369.270
3369.730
3370.170
3370.640
3371.090
3371.550
3372.030
3372.490
3372.930
3373.400
3373.850
3374.310
3374.770
3375.240
3375.700
3376.160
3376.630
3377.070
3377.540
3378.030
3378.480
3378.970
3379.440
3379.870
3380.320
3380.790
3381.220
3381.680
3382.140
3382.590
3383.050
3383.500
3383.950
3384.420
3384.890
3385.340
3385.800
3386.260
3386.710
3387.190
3387.670
3388.130
3388.610
3389.070
3389.550
3390.000
3390.460
3390.920
3391.390
3391.850
3392.310
3392.790
3393.270
3393.720
3394.210
3394.690
3395.160
3395.640
3396.120
3396.570
3397.040
3397.530
3398.000
3398.470
3398.940
3399.390
3399.860
3400.340
3400.800
3401.270
3401.760
3402.210
3402.700
3403.160
3403.600
3404.060
3404.540
3404.980
3405.440
3405.900
3406.340
3406.810
3407.270
3407.710
3408.190
3408.640
3409.090
3409.550
3410.010
3410.470
3410.950
3411.410
3411.850
3412.310
3412.780
3413.220
3413.670
3414.140
3414.610
3415.100
3415.570
3416.030
3416.500
3416.970
3417.420
3417.880
3418.360
3418.800
3419.280
3419.730
3420.160
3420.610
3421.060
3421.540
3422.020
3422.490
3422.940
3423.410
3423.890
3424.340
3424.790
3425.220
3425.700
3426.150
3426.620
3427.060
3427.520
3428.000
3428.440
3428.910
3429.380
3429.850
3430.310
3430.780
3431.260
3431.710
3432.190
3432.660
3433.120
3433.600
3434.070
3434.540
3435.000
3435.440
3435.930
3436.390
3436.860
3437.320
3437.810
3438.280
3438.760
3439.250
3439.730
3440.180
3440.650
3441.120
3441.600
3442.070
3442.530
3443.000
3443.490
3443.960
3444.430
3444.900
3445.370
3445.820
3446.300
3446.740
3447.220
3447.690
3448.160
3448.620
3449.090
3449.550
3450.020
3450.490
3450.950
3451.430
3451.900
3452.370
3452.830
3453.290
3453.770
3454.230
3454.710
3455.170
3455.640
3456.120
3456.600
3457.070
3457.520
3457.970
3458.450
3458.920
3459.380
3459.860
3460.340
3460.820
3461.300
3461.770
3462.250
3462.720
3463.180
3463.670
3464.150
3464.660
3465.160
3465.650
3466.110
3466.630
3467.100
3467.580
3468.060
3468.540
3469.020
3469.470
3469.960
3470.440
3470.910
3471.390
3471.870
3472.340
3472.840
3473.320
3473.800
3474.280
3474.750
3475.220
3475.720
3476.200
3476.670
3477.130
3477.610
3478.060
3478.540
3479.040
3479.500
3480.000
3480.480
3480.960
3481.440
3481.920
3482.360
3482.840
3483.280
3483.770
3484.230
3484.690
3485.190
3485.660
3486.150
3486.610
3487.090
3487.590
3488.060
3488.530
3488.990
3489.450
3489.920
3490.410
3490.880
3491.330
3491.830
3492.310
3492.780
3493.250
3493.750
3494.200
3494.690
3495.160
3495.610
3496.100
3496.560
3497.040
3497.490
3497.960
3498.450
3498.920
3499.390
3499.850
3500.310
3500.810
3501.290
3501.800
3502.250
3502.730
3503.210
3503.670
3504.140
3504.610
3505.080
3505.550
3506.030
3506.500
3506.960
3507.440
3507.900
3508.370
3508.840
3509.330
3509.810
3510.290
3510.750
3511.230
3511.730
3512.190
3512.670
3513.150
3513.630
3514.120
3514.600
3515.050
3515.530
3516.000
3516.460
3516.940
3517.420
3517.890
3518.350
3518.840
3519.310
3519.820
3520.300
3520.790
3521.260
3521.740
3522.200
3522.670
3523.150
3523.600
3524.080
3524.570
3525.060
3525.520
3525.960
3526.420
3526.890
3527.360
3527.800
3528.270
3528.750
3529.200
3529.690
3530.160
3530.620
3531.080
3531.570
3532.020
3532.490
3532.980
3533.430
3533.920
3534.380
3534.820
3535.300
3535.760
3536.200
3536.660
3537.150
3537.640
3538.120
3538.590
3539.060
3539.550
3540.030
3540.490
3540.960
3541.410
3541.860
3542.330
3542.780
3543.260
3543.720
3544.210
3544.650
3545.120
3545.580
3546.050
3546.510
3546.970
3547.420
3547.890
3548.340
3548.790
3549.260
3549.720
3550.180
3550.650
3551.100
3551.560
3552.030
3552.480
3552.960
3553.420
3553.880
3554.350
3554.820
3555.270
3555.730
3556.190
3556.660
3557.120
3557.590
3558.050
3558.500
3558.960
3559.420
3559.890
3560.350
3560.830
3561.280
3561.750
3562.220
3562.690
3563.170
3563.650
3564.120
3564.590
3565.050
3565.520
3565.980
3566.460
3566.920
3567.390
3567.860
3568.300
3568.780
3569.240
3569.710
3570.170
3570.650
3571.130
3571.570
3572.040
3572.500
3572.960
3573.430
3573.880
3574.370
3574.860
3575.320
3575.790
3576.260
3576.740
3577.220
3577.680
3578.150
3578.620
3579.100
3579.570
3580.070
3580.520
3581.000
3581.470
3581.950
3582.410
3582.890
3583.360
3583.830
3584.310
3584.780
3585.270
3585.730
3586.220
3586.690
3587.190
3587.650
3588.140
3588.610
3589.090
3589.560
3590.030
3590.480
3590.950
3591.430
3591.890
3592.380
3592.850
3593.320
3593.800
3594.260
3594.740
3595.190
3595.680
3596.130
3596.600
3597.040
3597.500
3597.930
3598.370
3598.810
3599.260
3599.700
3600.140
3600.570
3601.000
3601.440
3601.880
3602.330
3602.780
3603.220
3603.650
3604.090
3604.530
3604.960
3605.410
3605.860
3606.290
3606.740
3607.200
3607.660
3608.140
3608.590
3609.060
3609.530
3609.990
3610.460
3610.920
3611.390
3611.860
3612.330
3612.800
3613.280
3613.760
3614.230
3614.700
3615.170
3615.640
3616.110
3616.580
3617.050
3617.500
3617.970
3618.440
3618.920
3619.390
3619.860
3620.330
3620.810
3621.260
3621.690
3622.160
3622.610
3623.050
3623.490
3623.970
3624.420
3624.880
3625.350
3625.810
3626.270
3626.710
3627.180
3627.660
3628.130
3628.580
3629.030
3629.490
3629.960
3630.420
3630.880
3631.350
3631.810
3632.260
3632.730
3633.170
3633.650
3634.090
3634.580
3635.070
3635.540
3636.010
3636.480
3636.950
3637.430
3637.890
3638.360
3638.830
3639.310
3639.770
3640.240
3640.700
3641.140
3641.580
3642.020
3642.470
3642.930
3643.390
3643.830
3644.280
3644.740
3645.180
3645.630
3646.110
3646.560
3647.010
3647.450
3647.880
3648.340
3648.810
3649.260
3649.720
3650.180
3650.620
3651.080
3651.550
3652.010
3652.460
3652.920
3653.380
3653.830
3654.310
3654.760
3655.210
3655.690
3656.130
3656.600
3657.070
3657.520
3657.970
3658.440
3658.890
3659.360
3659.810
3660.290
3660.760
3661.220
3661.660
3662.120
3662.600
3663.060
3663.480
3663.920
3664.370
3664.800
3665.270
3665.730
3666.200
3666.710
3667.190
3667.680
3668.180
3668.680
3669.190
3669.660
3670.140
3670.610
3671.070
3671.530
3672.010
3672.470
3672.940
3673.420
3673.890
3674.340
3674.800
3675.260
3675.730
3676.200
3676.660
3677.130
3677.590
3678.040
3678.510
3678.950
3679.440
3679.900
3680.370
3680.830
3681.300
3681.750
3682.220
3682.660
3683.120
3683.600
3684.060
3684.520
3684.980
3685.420
3685.910
3686.380
3686.830
3687.320
3687.790
3688.230
3688.680
3689.130
3689.580
3690.040
3690.530
3691.020
3691.480
3691.980
3692.430
3692.900
3693.370
3693.810
3694.280
3694.740
3695.210
3695.700
3696.170
3696.650
3697.130
3697.600
3698.090
3698.570
3699.050
3699.520
3700.010
3700.480
3700.960
3701.450
3701.930
3702.400
3702.870
3703.350
3703.820
3704.290
3704.760
3705.230
3705.700
3706.170
3706.640
3707.110
3707.590
3708.070
3708.530
3709.010
3709.490
3709.950
3710.420
3710.880
3711.350
3711.830
3712.320
3712.790
3713.260
3713.750
3714.210
3714.670
3715.140
3715.590
3716.050
3716.530
3717.010
3717.460
3717.910
3718.370
3718.840
3719.300
3719.770
3720.220
3720.690
3721.170
3721.640
3722.120
3722.600
3723.070
3723.560
3724.030
3724.500
3724.990
3725.460
3725.950
3726.410
3726.880
3727.360
3727.830
3728.300
3728.780
3729.270
3729.730
3730.190
3730.670
3731.130
3731.600
3732.090
3732.540
3733.020
3733.490
3733.970
3734.450
3734.930
3735.390
3735.860
3736.330
3736.800
3737.260
3737.730
3738.200
3738.670
3739.140
3739.630
3740.070
3740.540
3741.010
3741.450
3741.920
3742.370
3742.850
3743.310
3743.760
3744.230
3744.670
3745.120
3745.580
3746.050
3746.530
3746.990
3747.450
3747.910
3748.370
3748.830
3749.310
3749.780
3750.230
3750.710
3751.180
3751.640
3752.090
3752.550
3753.010
3753.470
3753.920
3754.380
3754.840
3755.290
3755.740
3756.170
3756.630
3757.080
3757.540
3757.970
3758.440
3758.900
3759.370
3759.830
3760.290
3760.740
3761.210
3761.660
3762.110
3762.590
3763.050
3763.490
3763.950
3764.410
3764.880
3765.350
3765.800
3766.240
3766.700
3767.180
3767.630
3768.090
3768.560
3769.020
3769.480
3769.920
3770.380
3770.860
3771.300
3771.760
3772.220
3772.690
3773.160
3773.610
3774.060
3774.520
3774.980
3775.440
3775.900
3776.380
3776.820
3777.300
3777.750
3778.220
3778.670
3779.140
3779.580
3780.060
3780.500
3780.960
3781.450
3781.920
3782.390
3782.850
3783.310
3783.800
3784.260
3784.720
3785.190
3785.620
3786.070
3786.520
3786.970
3787.430
3787.890
3788.330
3788.780
3789.240
3789.690
3790.150
3790.610
3791.060
3791.530
3791.990
3792.460
3792.920
3793.380
3793.820
3794.290
3794.760
3795.200
3795.660
3796.120
3796.600
3797.060
3797.520
3797.980
3798.440
3798.880
3799.360
3799.810
3800.280
3800.730
3801.190
3801.660
3802.140
3802.640
3803.120
3803.600
3804.070
3804.520
3804.960
3805.420
3805.870
3806.330
3806.770
3807.220
3807.660
3808.110
3808.600
3809.060
3809.520
3810.010
3810.460
3810.950
3811.400
3811.860
3812.320
3812.770
3813.260
3813.720
3814.200
3814.670
3815.120
3815.590
3816.080
3816.550
3817.020
3817.490
3817.940
3818.430
3818.900
3819.370
3819.820
3820.290
3820.770
3821.240
3821.710
3822.170
3822.660
3823.140
3823.630
3824.110
3824.560
3825.050
3825.520
3825.970
3826.460
3826.920
3827.390
3827.880
3828.360
3828.820
3829.310
3829.790
3830.240
3830.730
3831.200
3831.670
3832.130
3832.580
3833.050
3833.520
3833.980
3834.430
3834.890
3835.340
3835.780
3836.250
3836.720
3837.160
3837.620
3838.080
3838.530
3838.980
3839.450
3839.890
3840.330
3840.800
3841.240
3841.670
3842.130
3842.550
3843.000
3843.440
3843.870
3844.320
3844.770
3845.190
3845.660
3846.130
3846.570
3847.040
3847.510
3847.960
3848.430
3848.880
3849.350
3849.810
3850.260
3850.730
3851.170
3851.620
3852.080
3852.540
3852.980
3853.430
3853.900
3854.390
3854.840
3855.330
3855.800
3856.240
3856.710
3857.160
3857.630
3858.090
3858.560
3859.010
3859.490
3859.940
3860.410
3860.880
3861.360
3861.840
3862.290
3862.760
3863.240
3863.710
3864.180
3864.660
3865.130
3865.600
3866.060
3866.510
3866.970
3867.430
3867.910
3868.360
3868.830
3869.320
3869.790
3870.260
3870.720
3871.180
3871.640
3872.090
3872.540
3873.030
3873.480
3873.970
3874.440
3874.910
3875.360
3875.850
3876.290
3876.770
3877.210
3877.680
3878.150
3878.620
3879.080
3879.570
3880.060
3880.580
3881.040
3881.550
3882.030
3882.520
3882.980
3883.440
3883.920
3884.380
3884.860
3885.330
3885.800
3886.270
3886.750
3887.210
3887.670
3888.140
3888.610
3889.090
3889.550
3890.020
3890.480
3890.940
3891.400
3891.870
3892.330
3892.780
3893.260
3893.730
3894.200
3894.650
3895.130
3895.590
3896.060
3896.510
3896.980
3897.440
3897.910
3898.350
3898.820
3899.280
3899.740
3900.210
3900.690
3901.140
3901.600
3902.060
3902.530
3903.000
3903.440
3903.920
3904.390
3904.850
3905.310
3905.780
3906.230
3906.690
3907.160
3907.630
3908.090
3908.540
3909.000
3909.480
3909.960
3910.460
3910.940
3911.400
3911.890
3912.370
3912.840
3913.320
3913.790
3914.280
3914.750
3915.210
3915.680
3916.140
3916.600
3917.070
3917.540
3918.000
3918.460
3918.920
3919.370
3919.820
3920.290
3920.740
3921.220
3921.670
3922.140
3922.610
3923.070
3923.530
3924.000
3924.490
3924.930
3925.390
3925.850
3926.320
3926.790
3927.240
3927.710
3928.170
3928.620
3929.090
3929.540
3930.010
3930.480
3930.960
3931.440
3931.900
3932.370
3932.830
3933.300
3933.770
3934.260
3934.710
3935.180
3935.610
3936.070
3936.520
3936.980
3937.410
3937.860
3938.310
3938.790
3939.250
3939.710
3940.160
3940.610
3941.070
3941.550
3942.000
3942.470
3942.930
3943.390
3943.850
3944.330
3944.800
3945.270
3945.730
3946.180
3946.630
3947.110
3947.590
3948.050
3948.510
3948.990
3949.470
3949.920
3950.410
3950.870
3951.330
3951.770
3952.210
3952.700
3953.190
3953.670
3954.140
3954.630
3955.070
3955.550
3956.010
3956.480
3956.930
3957.420
3957.880
3958.360
3958.820
3959.280
3959.770
3960.240
3960.690
3961.170
3961.670
3962.130
3962.630
3963.100
3963.550
3964.040
3964.500
3964.970
3965.440
3965.900
3966.370
3966.820
3967.290
3967.760
3968.210
3968.690
3969.160
3969.620
3970.090
3970.560
3971.030
3971.520
3971.990
3972.480
3972.950
3973.420
3973.880
3974.320
3974.760
3975.190
3975.640
3976.090
3976.530
3976.980
3977.450
3977.900
3978.350
3978.790
3979.240
3979.710
3980.160
3980.610
3981.050
3981.500
3981.950
3982.400
3982.850
3983.300
3983.750
3984.190
3984.660
3985.090
3985.550
3985.980
3986.430
3986.870
3987.320
3987.780
3988.240
3988.670
3989.100
3989.540
3990.010
3990.460
3990.900
3991.340
3991.800
3992.240
3992.690
3993.130
3993.580
3994.030
3994.470
3994.920
3995.380
3995.830
3996.260
3996.710
3997.170
3997.620
3998.070
3998.520
3998.960
3999.420
3999.870
4000.320
4000.790
4001.240
4001.690
4002.140
4002.600
4003.050
4003.500
4003.930
4004.390
4004.850
4005.310
4005.770
4006.230
4006.700
4007.190
4007.670
4008.140
4008.640
4009.110
4009.580
4010.060
4010.540
4011.010
4011.470
4011.930
4012.430
4012.910
4013.430
4013.900
4014.410
4014.900
4015.370
4015.850
4016.320
4016.810
4017.280
4017.750
4018.230
4018.690
4019.180
4019.650
4020.100
4020.580
4021.060
4021.550
4022.010
4022.490
4022.950
4023.410
4023.900
4024.380
4024.850
4025.350
4025.810
4026.300
4026.790
4027.270
4027.780
4028.250
4028.720
4029.200
4029.700
4030.180
4030.650
4031.130
4031.580
4032.060
4032.540
4033.000
4033.470
4033.940
4034.420
4034.900
4035.380
4035.870
4036.350
4036.810
4037.290
4037.790
4038.260
4038.780
4039.260
4039.740
4040.210
4040.680
4041.160
4041.650
4042.130
4042.620
4043.090
4043.560
4044.040
4044.520
4045.000
4045.500
4045.960
4046.440
4046.900
4047.380
4047.830
4048.310
4048.770
4049.250
4049.710
4050.190
4050.660
4051.140
4051.610
4052.080
4052.540
4053.020
4053.500
4053.970
4054.450
4054.930
4055.400
4055.880
4056.350
4056.840
4057.310
4057.770
4058.230
4058.720
4059.180
4059.650
4060.140
4060.620
4061.100
4061.580
4062.060
4062.550
4063.030
4063.480
4063.940
4064.390
4064.850
4065.320
4065.780
4066.250
4066.730
4067.210
4067.660
4068.130
4068.600
4069.060
4069.530
4070.000
4070.470
4070.930
4071.400
4071.870
4072.350
4072.820
4073.320
4073.790
4074.240
4074.730
4075.180
4075.660
4076.170
4076.650
4077.130
4077.620
4078.090
4078.560
4079.030
4079.520
4079.980
4080.450
4080.920
4081.400
4081.870
4082.310
4082.750
4083.170
4083.610
4084.050
4084.510
4084.950
4085.390
4085.820
4086.270
4086.730
4087.170
4087.650
4088.100
4088.540
4088.980
4089.430
4089.900
4090.350
4090.790
4091.240
4091.680
4092.140
4092.620
4093.080
4093.540
4093.980
4094.440
4094.910
4095.400
4095.890
4096.380
4096.880
4097.370
4097.870
4098.340
4098.800
4099.280
4099.740
4100.210
4100.690
4101.150
4101.640
4102.100
4102.550
4103.000
4103.480
4103.960
4104.420
4104.900
4105.390
4105.870
4106.330
4106.810
4107.300
4107.770
4108.240
4108.720
4109.200
4109.660
4110.140
4110.620
4111.120
4111.580
4112.060
4112.550
4113.040
4113.510
4113.990
4114.480
4114.960
4115.460
4115.920
4116.400
4116.900
4117.340
4117.810
4118.260
4118.740
4119.190
4119.620
4120.070
4120.570
4121.080
4121.620
4122.150
4122.690
4123.280
4123.830
4124.410
4125.010
4125.610
4126.210
4126.940
4127.740
4128.520
4129.400
4130.270
4131.190
4132.090
4132.930
4133.820
4134.710
4135.630
4136.490
4137.430
4138.340
4139.250
4140.230
4141.200
4142.090
4143.010
4143.900
4144.780
4145.630
4146.480
4147.320
4148.220
4149.030
4149.840
4150.650
4151.440
4152.240
4153.020
4153.830
4154.620
4155.460
4156.220
4157.050
4157.810
4158.640
4159.400
4160.160
4160.940
4161.720
4162.520
4163.300
4164.080
4164.840
4165.580
4166.360
4167.140
4167.960
4168.800
4169.660
4170.460
4171.320
4172.120
4172.880
4173.680
4174.510
4175.280
4176.120
4176.880
4177.730
4178.550
4179.390
4180.170
4181.000
4181.830
4182.650
4183.540
4184.370
4185.230
4185.950
4186.660
4187.360
4188.040
4188.800
4189.540
4190.270
4191.000
4191.710
4192.430
4193.220
4194.020
4194.800
4195.550
4196.320
4197.070
4197.810
4198.580
4199.330
4200.050
4200.780
4201.510
4202.260
4202.900
4203.580
4204.180
4204.790
4205.470
4206.130
4206.760
4207.420
4208.030
4208.670
4209.340
4209.950
4210.560
4211.200
4211.800
4212.430
4213.110
4213.730
4214.470
4215.170
4215.900
4216.610
4217.380
4218.130
4218.980
4219.860
4220.680
4221.530
4222.300
4223.090
4223.870
4224.690
4225.410
4226.150
4226.920
4227.650
4228.340
4229.050
4229.750
4230.450
4231.150
4231.880
4232.570
4233.140
4233.740
4234.330
4234.890
4235.490
4236.060
4236.700
4237.300
4237.930
4238.590
4239.170
4239.770
4240.390
4240.970
4241.560
4242.180
4242.780
4243.340
4243.950
4244.500
4245.080
4245.720
4246.320
4247.020
4247.710
4248.420
4249.100
4249.800
4250.500
4251.190
4251.980
4252.780
4253.550
4254.320
4255.140
4255.920
4256.710
4257.550
4258.340
4259.030
4259.740
4260.410
4261.100
4261.830
4262.510
4263.230
4263.910
4264.660
4265.380
4266.090
4266.670
4267.220
4267.800
4268.410
4268.970
4269.540
4270.150
4270.720
4271.280
4271.890
4272.450
4273.040
4273.630
4274.240
4274.820
4275.450
4276.020
4276.630
4277.250
4277.830
4278.430
4279.040
4279.690
4280.310
4280.900
4281.520
4282.170
4282.760
4283.350
4283.920
4284.500
4285.120
4285.680
4286.200
4286.760
4287.270
4287.790
4288.340
4288.900
4289.370
4289.870
4290.380
4290.850
4291.360
4291.830
4292.350
4292.830
4293.290
4293.730
4294.190
4294.670
4295.190
4295.750
4296.260
4296.780
4297.280
4297.830
4298.340
4298.820
4299.330
4299.890
4300.450
4301.040
4301.590
4302.140
4302.690
4303.250
4303.840
4304.370
4304.930
4305.510
4306.060
4306.560
4307.110
4307.630
4308.140
4308.640
4309.190
4309.680
4310.210
4310.720
4311.250
4311.750
4312.240
4312.770
4313.250
4313.750
4314.140
4314.550
4314.970
4315.380
4315.780
4316.200
4316.600
4317.030
4317.420
4317.840
4318.290
4318.700
4319.140
4319.590
4320.030
4320.480
4320.900
4321.320
4321.720
4322.160
4322.600
4323.030
4323.470
4323.900
4324.330
4324.770
4325.200
4325.620
4326.060
4326.490
4326.930
4327.370
4327.800
4328.230
4328.680
4329.110
4329.570
4330.000
4330.410
4330.850
4331.290
4331.730
4332.170
4332.620
4333.050
4333.490
4333.930
4334.360
4334.790
4335.230
4335.650
4336.100
4336.520
4336.950
4337.380
4337.820
4338.260
4338.690
4339.110
4339.550
4339.990
4340.440
4340.860
4341.280
4341.710
4342.160
4342.580
4343.020
4343.470
4343.890
4344.340
4344.770
4345.190
4345.630
4346.070
4346.510
4346.950
4347.390
4347.820
4348.260
4348.690
4349.120
4349.560
4350.020
4350.450
4350.890
4351.330
4351.770
4352.220
4352.660
4353.120
4353.560
4354.000
4354.450
4354.890
4355.340
4355.760
4356.200
4356.630
4357.070
4357.510
4357.950
4358.380
4358.820
4359.240
4359.670
4360.120
4360.560
4360.980
4361.430
4361.870
4362.280
4362.730
4363.160
4363.580
4364.000
4364.450
4364.860
4365.310
4365.750
4366.180
4366.620
4367.060
4367.480
4367.920
4368.350
4368.770
4369.200
4369.630
4370.050
4370.500
4370.920
4371.340
4371.780
4372.230
4372.690
4373.140
4373.630
4374.120
4374.590
4375.080
4375.530
4375.980
4376.410
4376.880
4377.310
4377.740
4378.200
4378.630
4379.050
4379.500
4379.930
4380.370
4380.820
4381.260
4381.690
4382.140
4382.570
4383.010
4383.440
4383.880
4384.330
4384.780
4385.210
4385.660
4386.100
4386.540
4387.010
4387.450
4387.880
4388.320
4388.760
4389.210
4389.640
4390.070
4390.510
4390.970
4391.380
4391.810
4392.260
4392.690
4393.120
4393.530
4393.970
4394.410
4394.840
4395.280
4395.730
4396.160
4396.590
4397.010
4397.400
4397.810
4398.240
4398.680
4399.110
4399.550
4399.950
4400.370
4400.800
4401.210
4401.650
4402.090
4402.540
4402.980
4403.410
4403.870
4404.360
4404.830
4405.280
4405.720
4406.160
4406.610
4407.060
4407.510
4407.960
4408.400
4408.840
4409.290
4409.740
4410.190
4410.640
4411.070
4411.500
4411.940
4412.380
4412.810
4413.230
4413.670
4414.110
4414.540
4414.990
4415.430
4415.860
4416.320
4416.760
4417.200
4417.630
4418.040
4418.470
4418.900
4419.340
4419.800
4420.240
4420.660
4421.120
4421.550
4421.990
4422.420
4422.850
4423.280
4423.720
4424.150
4424.590
4425.040
4425.480
4425.920
4426.390
4426.840
4427.270
4427.750
4428.240
4428.730
4429.210
4429.660
4430.090
4430.560
4431.000
4431.450
4431.890
4432.340
4432.800
4433.280
4433.810
4434.390
4434.950
4435.480
4436.090
4436.690
4437.410
4438.100
4438.780
4439.420
4440.100
4440.770
4441.430
4442.020
4442.600
4443.200
4443.820
4444.410
4445.030
4445.630
4446.210
4446.760
4447.370
4447.940
4448.500
4449.100
4449.660
4450.270
4450.830
4451.410
4451.930
4452.390
4452.850
4453.330
4453.810
4454.280
4454.730
4455.170
4455.630
4456.060
4456.530
4456.980
4457.420
4457.850
4458.280
4458.720
4459.160
4459.620
4460.040
4460.500
4460.930
4461.320
4461.740
4462.130
4462.540
4462.930
4463.340
4463.750
4464.170
4464.580
4465.010
4465.440
4465.880
4466.290
4466.730
4467.120
4467.540
4467.960
4468.370
4468.770
4469.180
4469.600
4470.020
4470.450
4470.850
4471.270
4471.700
4472.140
4472.560
4472.990
4473.400
4473.820
4474.220
4474.620
4475.040
4475.440
4475.850
4476.270
4476.670
4477.070
4477.460
4477.890
4478.300
4478.700
4479.120
4479.560
4479.970
4480.400
4480.790
4481.200
4481.610
4482.020
4482.450
4482.870
4483.290
4483.720
4484.140
4484.520
4484.940
4485.320
4485.740
4486.120
4486.540
4486.960
4487.400
4487.810
4488.220
4488.660
4489.100
4489.500
4489.920
4490.360
4490.770
4491.190
4491.600
4491.990
4492.400
4492.810
4493.240
4493.650
4494.040
4494.470
4494.870
4495.290
4495.700
4496.130
4496.550
4496.980
4497.390
4497.780
4498.180
4498.580
4499.000
4499.410
4499.820
4500.240
4500.650
4501.100
4501.510
4501.960
4502.380
4502.810
4503.240
4503.680
4504.090
4504.500
4504.920
4505.340
4505.780
4506.210
4506.630
4507.070
4507.500
4507.930
4508.350
4508.790
4509.230
4509.660
4510.080
4510.510
4510.940
4511.350
4511.780
4512.220
4512.650
4513.080
4513.500
4513.930
4514.370
4514.810
4515.240
4515.670
4516.100
4516.530
4516.940
4517.370
4517.800
4518.230
4518.680
4519.110
4519.540
4519.970
4520.380
4520.830
4521.240
4521.690
4522.110
4522.540
4522.950
4523.370
4523.800
4524.270
4524.700
4525.170
4525.610
4526.020
4526.460
4526.900
4527.310
4527.730
4528.150
4528.580
4529.020
4529.430
4529.850
4530.280
4530.680
4531.120
4531.540
4531.960
4532.360
4532.800
4533.230
4533.690
4534.150
4534.590
4535.020
4535.480
4535.890
4536.320
4536.770
4537.180
4537.630
4538.060
4538.480
4538.890
4539.300
4539.710
4540.110
4540.490
4540.910
4541.300
4541.700
4542.110
4542.490
4542.900
4543.330
4543.760
4544.180
4544.600
4545.020
4545.430
4545.840
4546.260
4546.680
4547.110
4547.530
4547.960
4548.370
4548.800
4549.210
4549.630
4550.060
4550.470
4550.880
4551.300
4551.720
4552.140
4552.540
4552.970
4553.390
4553.800
4554.210
4554.630
4555.050
4555.510
4555.990
4556.430
4556.900
4557.320
4557.750
4558.180
4558.620
4559.040
4559.460
4559.910
4560.330
4560.770
4561.200
4561.620
4562.020
4562.460
4562.870
4563.280
4563.730
4564.160
4564.580
4565.020
4565.440
4565.870
4566.290
4566.710
4567.130
4567.560
4567.970
4568.360
4568.790
4569.200
4569.600
4570.000
4570.410
4570.830
4571.230
4571.670
4572.090
4572.510
4572.950
4573.380
4573.810
4574.210
4574.650
4575.060
4575.490
4575.900
4576.330
4576.780
4577.200
4577.620
4578.050
4578.480
4578.920
4579.340
4579.770
4580.200
4580.640
4581.070
4581.510
4581.940
4582.360
4582.780
4583.190
4583.600
4584.040
4584.450
4584.870
4585.320
4585.740
4586.140
4586.570
4586.990
4587.400
4587.820
4588.240
4588.660
4589.090
4589.510
4589.940
4590.360
4590.790
4591.210
4591.620
4592.060
4592.470
4592.890
4593.330
4593.760
4594.190
4594.610
4595.040
4595.460
4595.880
4596.280
4596.710
4597.130
4597.550
4597.970
4598.390
4598.810
4599.250
4599.670
4600.090
4600.520
4600.940
4601.370
4601.790
4602.240
4602.670
4603.090
4603.530
4603.950
4604.390
4604.810
4605.230
4605.660
4606.070
4606.510
4606.920
4607.370
4607.780
4608.230
4608.640
4609.080
4609.500
4609.920
4610.340
4610.780
4611.190
4611.630
4612.050
4612.470
4612.910
4613.330
4613.750
4614.160
4614.590
4615.020
4615.440
4615.860
4616.300
4616.740
4617.170
4617.580
4618.010
4618.440
4618.870
4619.300
4619.730
4620.150
4620.570
4621.000
4621.430
4621.860
4622.290
4622.710
4623.120
4623.540
4623.980
4624.400
4624.820
4625.250
4625.680
4626.100
4626.520
4626.960
4627.430
4627.870
4628.330
4628.760
4629.230
4629.670
4630.100
4630.520
4630.950
4631.390
4631.800
4632.260
4632.800
4633.300
4633.810
4634.370
4634.960
4635.600
4636.210
4636.820
4637.410
4638.020
4638.640
4639.260
4639.850
4640.480
4641.080
4641.670
4642.280
4642.860
4643.470
4644.120
4644.780
4645.520
4646.200
4646.940
4647.660
4648.400
4649.080
4649.870
4650.630
4651.420
4652.280
4653.100
4653.900
4654.660
4655.470
4656.260
4656.960
4657.690
4658.370
4659.060
4659.730
4660.460
4661.160
4661.830
4662.530
4663.270
4663.970
4664.650
4665.330
4666.030
4666.810
4667.590
4668.340
4669.150
4670.100
4671.060
4671.930
4672.800
4673.710
4674.550
4675.450
4676.270
4677.130
4678.020
4678.840
4679.710
4680.550
4681.410
4682.230
4683.120
4683.930
4684.850
4685.770
4686.660
4687.560
4688.630
4689.640
4690.740
4691.770
4692.830
4693.900
4694.950
4696.010
4697.080
4698.130
4699.200
4700.260
4701.140
4702.080
4703.000
4703.930
4704.910
4705.790
4706.680
4707.520
4708.350
4709.250
4710.140
4711.130
4712.140
4713.080
4714.080
4715.120
4716.220
4717.260
4718.380
4719.400
4720.420
4721.390
4722.390
4723.300
4724.290
4725.210
4726.180
4727.080
4727.930
4728.830
4729.630
4730.450
4731.240
4732.100
4732.960
4733.800
4734.670
4735.620
4736.490
4737.300
4738.200
4739.100
4740.000
4740.850
4741.820
4742.790
4743.720
4744.630
4745.540
4746.530
4747.440
4748.360
4749.310
4750.210
4751.150
4752.110
4753.050
4753.960
4754.860
4755.850
4756.820
4757.670
4758.500
4759.410
4760.180
4761.030
4761.840
4762.600
4763.400
4764.260
4765.070
4765.870
4766.660
4767.470
4768.270
4769.030
4769.830
4770.600
4771.270
4771.930
4772.430
4772.920
4773.410
4773.900
4774.380
4774.820
4775.250
4775.670
4776.090
4776.510
4776.920
4777.340
4777.760
4778.170
4778.590
4779.020
4779.420
4779.830
4780.260
4780.660
4781.080
4781.500
4781.920
4782.330
4782.740
4783.160
4783.590
4783.990
4784.400
4784.810
4785.230
4785.650
4786.060
4786.460
4786.870
4787.280
4787.680
4788.070
4788.470
4788.890
4789.300
4789.720
4790.120
4790.530
4790.940
4791.350
4791.770
4792.180
4792.600
4793.000
4793.420
4793.830
4794.240
4794.640
4795.060
4795.460
4795.870
4796.260
4796.650
4797.030
4797.450
4797.840
4798.250
4798.650
4799.050
4799.460
4799.870
4800.280
4800.700
4801.110
4801.510
4801.930
4802.350
4802.750
4803.160
4803.580
4803.990
4804.390
4804.810
4805.210
4805.630
4806.030
4806.450
4806.860
4807.280
4807.690
4808.110
4808.530
4808.940
4809.350
4809.740
4810.140
4810.540
4810.940
4811.350
4811.770
4812.180
4812.590
4812.980
4813.390
4813.800
4814.210
4814.640
4815.030
4815.460
4815.870
4816.310
4816.700
4817.120
4817.540
4817.930
4818.340
4818.770
4819.180
4819.590
4820.020
4820.450
4820.850
4821.260
4821.670
4822.080
4822.480
4822.860
4823.270
4823.680
4824.060
4824.480
4824.890
4825.300
4825.700
4826.140
4826.570
4826.990
4827.440
4827.870
4828.290
4828.720
4829.160
4829.580
4829.990
4830.390
4830.790
4831.200
4831.610
4832.030
4832.430
4832.850
4833.260
4833.690
4834.090
4834.510
4834.920
4835.340
4835.750
4836.170
4836.570
4836.980
4837.390
4837.760
4838.150
4838.550
4838.930
4839.340
4839.730
4840.120
4840.500
4840.880
4841.260
4841.620
4842.020
4842.400
4842.760
4843.140
4843.550
4843.950
4844.360
4844.770
4845.160
4845.590
4845.980
4846.480
4846.980
4847.480
4848.060
4848.630
4849.220
4849.750
4850.340
4850.880
4851.410
4851.970
4852.600
4853.170
4853.800
4854.390
4854.960
4855.530
4856.130
4856.710
4857.250
4857.820
4858.360
4858.880
4859.420
4859.970
4860.500
4861.040
4861.600
4862.170
4862.700
4863.280
4863.810
4864.360
4864.920
4865.450
4865.990
4866.510
4867.020
4867.570
4868.190
4868.770
4869.370
4870.010
4870.610
4871.180
4871.790
4872.400
4873.000
4873.600
4874.200
4874.810
4875.390
4875.980
4876.580
4877.220
4877.820
4878.390
4878.940
4879.470
4880.050
4880.590
4881.100
4881.610
4882.130
4882.640
4883.160
4883.710
4884.230
4884.750
4885.310
4885.830
4886.340
4886.880
4887.400
4887.900
4888.440
4888.960
4889.450
4889.960
4890.430
4890.920
4891.410
4891.960
4892.540
4893.200
4893.840
4894.480
4895.100
4895.710
4896.380
4897.030
4897.740
4898.500
4899.270
4900.180
4901.070
4901.820
4902.610
4903.410
4904.060
4904.750
4905.440
4906.170
4906.840
4907.500
4908.140
4908.810
4909.470
4910.140
4910.790
4911.480
4912.140
4912.810
4913.440
4914.080
4914.680
4915.330
4916.080
4916.790
4917.510
4918.220
4918.920
4919.680
4920.360
4921.100
4921.830
4922.500
4923.170
4923.820
4924.550
4925.260
4925.990
4926.680
4927.430
4928.110
4928.850
4929.570
4930.310
4931.030
4931.750
4932.500
4933.160
4933.790
4934.400
4935.060
4935.690
4936.300
4936.930
4937.600
4938.210
4938.900
4939.570
4940.260
4940.890
4941.520
4942.140
4942.790
4943.430
4944.050
4944.780
4945.530
4946.290
4947.160
4948.050
4948.900
4949.810
4950.720
4951.570
4952.430
4953.290
4954.170
4954.980
4955.870
4956.700
4957.560
4958.410
4959.280
4960.160
4961.000
4961.890
4962.750
4963.650
4964.480
4965.310
4965.970
4966.610
4967.270
4967.940
4968.610
4969.260
4969.890
4970.590
4971.270
4971.940
4972.620
4973.290
4973.960
4974.590
4975.280
4975.950
4976.590
4977.210
4977.840
4978.510
4979.120
4979.790
4980.400
4981.030
4981.620
4982.250
4982.880
4983.400
4983.910
4984.410
4984.940
4985.420
4985.920
4986.430
4986.920
4987.420
4987.930
4988.420
4988.890
4989.390
4989.910
4990.380
4990.910
4991.430
4991.930
4992.410
4992.920
4993.420
4993.930
4994.440
4994.920
4995.440
4995.930
4996.420
4996.890
4997.390
4997.850
4998.340
4998.820
4999.310
4999.760
5000.230
5000.710
5001.190
5001.660
5002.140
5002.610
5003.090
5003.570
5004.040
5004.520
5005.000
5005.490
5005.940
5006.410
5006.900
5007.350
5007.830
5008.300
5008.790
5009.250
5009.720
5010.210
5010.670
5011.150
5011.600
5012.090
5012.570
5013.060
5013.540
5014.010
5014.490
5014.980
5015.440
5015.920
5016.410
5016.880
5017.370
5017.830
5018.310
5018.780
5019.230
5019.720
5020.190
5020.650
5021.110
5021.570
5022.050
5022.530
5023.010
5023.490
5023.970
5024.450
5024.930
5025.410
5025.870
5026.350
5026.830
5027.320
5027.790
5028.270
5028.760
5029.240
5029.720
5030.200
5030.680
5031.170
5031.640
5032.140
5032.630
5033.110
5033.590
5034.110
5034.580
5035.020
5035.470
5035.900
5036.350
5036.770
5037.210
5037.660
5038.100
5038.560
5039.060
5039.540
5040.000
5040.490
5040.980
5041.460
5041.940
5042.420
5042.880
5043.380
5043.840
5044.320
5044.810
5045.270
5045.750
5046.220
5046.730
5047.210
5047.700
5048.190
5048.670
5049.170
5049.640
5050.110
5050.580
5051.070
5051.560
5052.050
5052.540
5053.000
5053.500
5053.960
5054.430
5054.900
5055.380
5055.890
5056.360
5056.870
5057.340
5057.810
5058.300
5058.790
5059.260
5059.740
5060.220
5060.710
5061.190
5061.670
5062.150
5062.630
5063.100
5063.570
5064.050
5064.530
5065.020
5065.510
5065.960
5066.440
5066.910
5067.390
5067.840
5068.310
5068.790
5069.270
5069.780
5070.260
5070.720
5071.210
5071.670
5072.130
5072.620
5073.070
5073.560
5074.030
5074.490
5074.940
5075.400
5075.890
5076.350
5076.810
5077.310
5077.820
5078.280
5078.760
5079.260
5079.730
5080.210
5080.690
5081.160
5081.660
5082.130
5082.610
5083.120
5083.630
5084.140
5084.630
5085.180
5085.700
5086.190
5086.730
5087.260
5087.750
5088.270
5088.830
5089.410
5090.020
5090.610
5091.210
5091.780
5092.380
5093.000
5093.630
5094.240
5094.850
5095.430
5096.050
5096.700
5097.310
5097.930
5098.530
5099.180
5099.850
5100.500
5101.220
5101.920
5102.620
5103.340
5104.080
5104.780
5105.530
5106.280
5107.000
5107.740
5108.430
5109.170
5109.970
5110.710
5111.460
5112.220
5112.990
5113.790
5114.550
5115.290
5116.080
5116.870
5117.670
5118.500
5119.310
5120.100
5120.940
5121.800
5122.600
5123.490
5124.340
5125.170
5126.080
5126.940
5127.760
5128.670
5129.500
5130.380
5131.260
5132.100
5133.020
5133.870
5134.670
5135.570
5136.370
5137.260
5138.060
5138.840
5139.630
5140.420
5141.220
5142.060
5142.820
5143.640
5144.460
5145.250
5146.010
5146.810
5147.630
5148.410
5149.170
5150.000
5150.780
5151.560
5152.350
5153.150
5153.890
5154.670
5155.480
5156.250
5157.010
5157.810
5158.600
5159.400
5160.210
5161.010
5161.870
5162.810
5163.750
5164.660
5165.620
5166.570
5167.590
5168.630
5169.590
5170.610
5171.660
5172.700
5173.720
5174.710
5175.680
5176.730
5177.710
5178.680
5179.780
5180.800
5181.900
5182.910
5184.020
5185.030
5186.120
5187.180
5188.230
5189.310
5190.390
5191.470
5192.490
5193.560
5194.680
5195.710
