0.380
1.220
2.120
2.940
3.830
4.660
5.520
6.380
7.260
8.130
9.010
9.930
10.850
11.770
12.750
13.780
14.820
15.820
16.820
17.840
18.910
19.910
21.030
22.070
23.190
24.300
25.340
26.400
27.440
28.560
29.620
30.680
31.810
32.850
33.930
34.590
35.150
35.670
36.230
36.770
37.350
37.890
38.470
39.000
39.560
40.130
40.660
41.240
41.790
42.350
42.960
43.540
44.090
44.690
45.280
45.860
46.480
47.040
47.660
48.270
48.840
49.470
50.040
50.600
51.170
51.740
52.310
52.890
53.490
54.060
54.650
55.230
55.810
56.370
56.980
57.530
58.120
58.730
59.310
59.890
60.480
61.100
61.690
62.260
62.860
63.410
63.950
64.540
65.130
65.700
66.300
66.860
67.450
68.070
68.640
69.230
69.840
70.410
70.990
71.600
72.200
72.770
73.370
73.980
74.590
75.200
75.800
76.360
76.950
77.560
78.150
78.750
79.370
79.990
80.560
81.100
81.680
82.240
82.770
83.340
83.930
84.560
85.180
85.770
86.340
86.940
87.550
88.130
88.700
89.260
89.840
90.430
91.050
91.630
92.210
92.810
93.360
93.940
94.540
95.140
95.740
96.380
96.950
97.510
98.090
98.690
99.280
99.900
100.500
101.100
101.670
102.280
102.880
103.520
104.130
104.720
105.310
105.920
106.540
107.200
107.850
108.440
109.060
109.680
110.280
110.870
111.500
112.140
112.730
113.380
113.980
114.570
115.200
115.770
116.380
116.990
117.580
118.190
118.800
119.390
120.000
120.610
121.220
121.840
122.440
123.050
123.670
124.310
124.930
125.540
126.200
126.800
127.410
128.040
128.660
129.320
129.950
130.570
131.190
131.830
132.470
133.110
133.750
134.400
135.040
135.700
136.380
137.050
137.700
138.330
139.000
139.680
140.320
140.990
141.680
142.340
143.060
143.740
144.390
145.050
145.720
146.350
147.030
147.680
148.360
148.990
149.660
150.330
151.040
151.700
152.330
152.990
153.670
154.330
154.990
155.650
156.300
157.010
157.680
158.370
159.050
159.730
160.410
161.110
161.800
162.490
163.130
163.830
164.510
165.190
165.850
166.530
167.230
167.930
168.660
169.370
170.080
170.790
171.470
172.140
172.800
173.460
174.160
174.810
175.510
176.150
176.830
177.500
178.190
178.920
179.570
180.200
180.860
181.520
182.160
182.760
183.410
184.050
184.710
185.360
186.010
186.640
187.330
188.000
188.630
189.290
189.950
190.600
191.240
191.880
192.550
193.200
193.860
194.480
195.160
195.800
196.410
197.050
197.710
198.340
198.990
199.600
200.240
200.850
201.490
202.160
202.790
203.470
204.110
204.730
205.350
205.970
206.670
207.290
207.970
208.660
209.400
210.040
210.750
211.380
212.030
212.640
213.310
213.950
214.600
215.250
215.920
216.600
217.260
217.890
218.560
219.230
219.890
220.540
221.220
221.910
222.580
223.190
223.820
224.460
225.090
225.700
226.370
227.000
227.690
228.340
228.980
229.630
230.250
230.920
231.620
232.250
232.940
233.580
234.210
234.900
235.570
236.230
236.890
237.560
238.250
238.880
239.580
240.190
240.840
241.540
242.200
242.860
243.530
244.210
244.850
245.510
246.200
246.810
247.450
248.100
248.730
249.400
250.060
250.770
251.450
252.100
252.780
253.440
254.030
254.660
255.260
255.870
256.500
257.150
257.750
258.360
258.960
259.580
260.210
260.800
261.430
262.080
262.740
263.380
264.000
264.630
265.280
265.960
266.610
267.340
268.030
268.710
269.400
270.040
270.740
271.410
272.190
272.970
273.730
274.660
275.590
276.570
277.550
278.500
279.480
280.400
281.400
