0.270
0.950
1.620
2.330
3.030
3.840
4.710
5.510
6.320
7.210
8.070
8.870
9.750
10.610
11.470
12.370
13.210
14.050
14.820
15.610
16.400
17.180
18.010
18.780
19.610
20.380
21.190
22.000
22.800
23.540
24.340
25.100
25.970
26.770
27.550
28.400
29.170
30.080
30.920
31.890
32.880
33.910
34.920
35.990
37.000
38.010
39.050
40.130
41.080
41.980
42.940
43.840
44.660
45.510
46.300
47.160
47.940
48.750
49.580
50.420
51.210
51.950
52.740
53.540
54.310
55.090
55.890
56.710
57.480
58.260
59.050
59.870
60.620
61.410
62.260
63.110
63.920
64.770
65.620
66.530
67.470
68.500
69.490
70.460
71.480
72.470
73.390
74.280
75.210
76.120
76.980
77.860
78.770
79.650
80.380
81.050
81.790
82.510
83.210
83.950
84.690
85.390
86.120
86.800
87.530
88.290
89.030
89.760
90.510
91.250
91.960
92.640
93.310
93.990
94.700
95.420
96.120
96.830
97.490
98.230
98.930
99.590
100.290
101.000
101.690
102.380
103.090
103.750
104.410
105.090
105.770
106.460
107.160
107.830
108.530
109.160
109.830
110.520
111.210
111.870
112.500
113.160
113.850
114.520
115.170
115.840
116.490
117.180
117.870
118.540
119.200
119.860
120.560
121.220
121.910
122.590
123.270
123.950
124.610
125.250
125.910
126.540
127.190
127.920
128.610
129.280
129.940
130.630
131.260
131.910
132.600
133.240
133.870
134.540
135.210
135.870
136.530
137.200
137.850
138.530
139.210
139.890
140.520
141.170
141.830
142.540
143.180
143.860
144.480
145.130
145.810
146.430
147.090
147.750
148.450
149.070
149.710
150.350
151.020
151.660
152.270
152.960
153.620
154.330
154.970
155.700
156.370
157.040
157.790
158.530
159.280
159.980
160.820
161.630
162.460
163.310
164.170
164.960
165.810
166.640
167.410
168.260
169.040
169.870
170.670
171.480
172.410
173.400
174.360
175.320
176.230
177.190
178.150
179.130
180.110
181.080
