0.130	1
0.530
0.960
1.350
1.780	1
2.190
2.590
3.000
3.430	1
3.830
4.250
4.650
5.080	1
5.480
5.900
6.310
6.730	1
7.130
7.560
7.950
8.380	1
8.780
9.200
9.600
10.020	1
10.410
10.830
11.230
11.640	1
12.070
12.490
12.900
13.300	1
13.710
14.120
14.530
14.940	1
15.360
15.770
16.180
16.580	1
17.000
17.400
17.820
18.230	1
18.650
19.060
19.480
19.880	1
20.280
20.690
21.100
21.510	1
21.940
22.350
22.760
23.160	1
23.570
23.980
24.400
24.810	1
25.220
25.630
26.050
26.460	1
26.860
27.270
27.680
28.090	1
28.500
28.910
29.330
29.730	1
30.140
30.560
30.970
31.380	1
31.800
32.210
32.630
33.040	1
33.440
33.850
34.260
34.670	1
35.080
35.500
35.910
36.320	1
36.720
37.130
37.550
37.960	1
38.380
38.790
39.200
39.600	1
40.010
40.420
40.830
41.240	1
41.660
42.070
42.490
42.890	1
43.300
43.710
44.120
44.540	1
44.950
45.360
45.780
46.180	1
46.590
46.990
47.410
47.810	1
48.230
48.650
49.060
49.470	1
49.870
50.290
50.700
51.110	1
51.530
51.940
52.350
52.760	1
53.170
53.590
54.000
54.420	1
54.820
55.240
55.660
56.070	1
56.470
56.880
57.290
57.680	1
58.090
58.510
58.920
59.330	1
59.730
60.150
60.560
60.960	1
61.380
61.800
62.210
62.610	1
63.020
63.440
63.850
64.260	1
64.670
65.090
65.500
65.910	1
66.310
66.720
67.140
67.540	1
67.960
68.380
68.780
69.190	1
69.590
70.010
70.420
70.840	1
71.250
71.670
72.080
72.480	1
72.890
73.290
73.700
74.110	1
74.530
74.940
75.360
75.760	1
76.170
76.580
77.000
77.410	1
77.820
78.240
78.650
79.060	1
79.460
79.870
80.290
80.690	1
81.120
81.530
81.930
82.340	1
82.750
83.160
83.580
83.990	1
84.400
84.810
85.230
85.630	1
86.040
86.450
86.860
87.270	1
87.690
88.100
88.510
88.930	1
89.320
89.740
90.150
90.560	1
90.980
91.390
91.810
92.210	1
92.610
93.030
93.440
93.840	1
94.260
94.680
95.090
95.480	1
95.900
96.310
96.720
97.130	1
97.550
97.970
98.380
98.780	1
99.190
99.600
100.010
100.420	1
100.830
101.250
101.660
102.060	1
102.470
102.890
103.300
103.720	1
104.140
104.540
104.960
105.360	1
105.760
106.170
106.590
106.990	1
107.410
107.820
108.230
108.640	1
109.050
109.460
109.880
110.290	1
110.700
111.110
111.530
111.930	1
112.340
112.780
113.190
113.600	1
114.020
114.420
114.820
115.220	1
115.620
116.040
116.460
116.880	1
117.290
117.690
118.100
118.510	1
118.910
119.320
119.740
120.140	1
120.560
120.960
121.380
121.790	1
122.200
122.610
123.020
123.430	1
123.830
124.250
124.660
125.080	1
125.480
125.890
126.300
126.710	1
127.120
127.540
127.960
128.370	1
128.770
129.180
129.590
130.010	1
130.430
130.830
131.240
131.650	1
132.070
132.470
132.890
133.290	1
133.720
134.130
134.540
134.950	1
135.350
135.770
136.180
136.590	1
137.000
137.400
137.830
138.240	1
138.640
139.050
139.470
139.870	1
140.290
140.700
141.110
141.520	1
141.920
142.340
142.760
143.170	1
143.570
143.990
144.400
144.810	1
145.220
145.630
146.030
146.450	1
146.870
147.280
147.690
148.100	1
148.500
148.920
149.330
149.740	1
150.140
150.570
150.980
151.380	1
151.790
152.210
152.620
153.020	1
153.440
153.850
154.270
154.670	1
155.080
155.490
155.910
156.320	1
156.730
157.150
157.550
157.970	1
158.370
158.780
159.190
159.590	1
160.020
160.430
160.840
161.240	1
161.650
162.070
162.480
162.890	1
163.300
163.720
164.130
164.520	1
164.940
165.350
165.760
166.170	1
166.590
167.010
167.420
167.820	1
168.230
168.640
169.050
169.470	1
169.880
170.300
170.710
171.110	1
171.530
171.940
172.330
172.740	1
173.160
173.600
174.010
174.420	1
174.820
175.240
175.630
176.040	1
176.450
176.860
177.270
177.680	1
178.090
178.500
178.920
179.320	1
179.740
180.150
180.560
180.970	1
181.380
181.790
182.200
182.620	1
183.030
183.440
183.840
184.260	1
184.660
185.080
185.500
185.900	1
186.310
186.730
187.140
187.540	1
187.950
188.370
188.780
189.190	1
189.610
190.010
190.420
190.830	1
191.240
191.650
192.050
192.470	1
192.890
193.300
193.710
194.120	1
194.530
194.940
195.350
195.760	1
196.180
196.610
197.010
197.390	1
