0.520
1.110
1.650
2.210
2.790
3.330
3.880
4.420
5.010
5.590
6.160
6.750
7.360
7.950
8.500
9.090
9.660
10.270
10.850
11.420
11.990
12.560
13.160
13.760
14.340
14.950
15.580
16.200
16.790
17.410
18.020
18.620
19.250
19.880
20.500
21.120
21.750
22.360
22.970
23.560
24.180
24.770
25.370
25.980
26.590
27.220
27.830
28.440
29.050
29.700
30.310
30.930
31.540
32.170
32.790
33.400
34.030
34.650
35.230
35.850
36.480
37.100
37.700
38.330
38.930
39.540
40.170
40.790
41.410
42.010
42.610
43.260
43.860
44.490
45.120
45.720
46.340
46.960
47.590
48.210
48.810
49.440
50.070
50.690
51.290
51.890
52.520
53.120
53.760
54.390
55.000
55.640
56.270
56.940
57.590
58.190
58.840
59.470
60.110
60.760
61.390
62.010
62.630
63.250
63.870
64.510
65.120
65.740
66.350
66.970
67.580
68.210
68.840
69.440
70.070
70.710
71.330
71.950
72.570
73.190
73.820
74.430
75.050
75.670
76.300
76.920
77.540
78.140
78.790
79.400
80.010
80.630
81.270
81.880
82.510
83.120
83.750
84.360
85.010
85.640
86.260
86.880
87.530
88.160
88.790
89.430
90.050
90.690
91.330
91.980
92.590
93.230
93.840
94.450
95.070
95.700
96.340
96.950
97.580
98.190
98.820
99.420
100.020
100.650
101.260
101.870
102.470
103.090
103.710
104.330
104.950
105.570
106.200
106.840
107.450
108.060
108.650
109.270
109.910
110.540
111.180
111.790
112.410
113.030
113.660
114.290
114.920
115.560
116.200
116.840
117.450
118.080
118.720
119.330
119.960
120.550
121.160
121.780
122.390
123.000
123.600
124.240
124.870
125.510
126.120
126.740
127.360
127.970
128.590
129.230
129.850
130.470
131.110
131.730
132.380
133.010
133.620
134.240
134.860
135.450
136.070
136.710
137.320
137.930
138.540
139.150
139.750
140.370
141.000
141.600
142.210
142.800
143.440
144.060
144.670
145.310
145.920
146.520
147.160
147.790
148.410
149.030
149.670
150.290
150.910
151.520
152.130
152.750
153.360
153.980
154.590
155.200
155.830
156.450
157.060
157.670
158.280
158.890
159.530
160.150
160.770
161.400
162.000
162.610
163.230
163.860
164.460
165.060
165.670
166.300
166.920
167.530
168.140
168.780
169.420
170.060
170.680
171.320
171.960
172.570
173.180
173.790
174.410
175.010
175.620
176.250
176.850
177.450
178.080
178.690
179.300
179.910
180.510
181.150
181.760
182.380
183.020
183.630
184.260
184.870
185.490
186.120
186.720
187.350
188.010
188.630
189.250
189.880
190.530
191.150
191.790
192.410
193.020
193.620
194.260
194.880
195.510
196.140
196.770
197.390
198.000
198.620
199.250
199.880
200.510
201.120
201.740
202.330
202.950
203.570
204.180
204.790
205.410
206.030
206.640
207.270
207.900
208.550
209.170
209.830
210.450
211.120
211.750
212.370
213.040
213.660
214.290
214.930
215.600
216.240
216.880
217.510
218.130
218.770
219.440
