0.510
1.200
1.830
2.510
3.140
3.770
4.420
5.080
5.700
6.330
6.920
7.550
8.200
8.830
9.470
10.080
10.710
11.340
11.960
12.590
13.220
13.830
14.470
15.110
15.710
16.330
16.980
17.600
18.230
18.850
19.470
20.090
20.730
21.370
21.980
22.600
23.240
23.860
24.500
25.120
25.750
26.380
26.990
27.620
28.220
28.840
29.460
30.080
30.710
31.320
31.940
32.550
33.170
33.770
34.390
34.990
35.600
36.220
36.860
37.460
38.070
38.680
39.300
39.920
40.520
41.140
41.740
42.360
42.960
43.590
44.190
44.830
45.420
46.040
46.660
47.280
47.930
48.550
49.150
49.770
50.400
51.020
51.670
52.280
52.930
53.530
54.190
54.790
55.440
56.030
56.650
57.300
57.910
58.520
59.130
59.790
60.400
61.030
61.660
62.280
62.900
63.520
64.150
64.790
65.400
66.020
66.650
67.310
67.920
68.560
69.150
69.780
70.400
71.020
71.640
72.260
72.900
73.520
74.100
74.720
75.340
75.950
76.570
77.200
77.810
78.440
79.080
79.690
80.310
80.940
81.560
82.200
82.800
83.440
84.060
84.690
85.290
85.920
86.530
87.150
87.790
88.380
88.990
89.600
90.210
90.830
91.430
92.080
92.700
93.320
93.910
94.560
95.170
95.770
96.420
97.040
97.640
98.240
98.870
99.470
100.110
100.710
101.320
101.980
102.600
103.200
103.830
104.450
105.070
105.680
106.310
106.930
107.570
108.220
108.860
109.490
110.120
110.730
111.340
111.970
112.570
113.200
113.830
114.460
115.120
115.760
116.390
116.990
117.600
118.220
118.820
119.440
120.060
120.690
121.280
121.910
122.560
123.190
123.850
124.470
125.110
125.750
126.380
127.000
127.630
128.230
128.810
129.400
130.040
130.670
131.320
131.940
132.560
133.180
133.820
134.410
135.040
135.680
136.310
136.920
137.550
138.160
138.790
139.400
140.020
140.640
141.270
141.850
142.470
143.100
143.730
144.360
144.970
145.580
146.210
146.820
147.440
148.080
148.710
149.320
149.940
150.600
151.220
151.830
152.420
153.060
153.660
154.260
154.880
155.470
156.100
156.770
157.380
158.020
158.640
159.270
159.900
160.550
161.140
161.790
162.390
163.020
163.650
164.280
164.890
165.540
166.180
166.830
167.440
168.080
168.780
169.500
170.200
170.860
171.470
172.090
172.720
173.370
174.010
174.610
175.260
175.880
176.510
177.130
177.750
178.360
178.990
179.630
180.220
180.860
181.490
182.120
182.770
183.410
184.040
184.690
185.350
186.010
186.600
187.230
187.880
188.580
189.260
189.960
190.620
191.310
191.980
192.650
193.360
194.080
194.850
195.610
196.350
197.130
197.860
198.670
199.460
200.260
201.050
201.840
202.640
203.480
204.260
205.020
205.790
206.530
207.230
207.930
208.670
209.410
210.130
210.830
211.510
212.190
212.910
213.590
214.290
