0.390
0.970
1.540
2.120
2.720
3.300
3.850
4.460
5.040
5.600
6.180
6.770
7.360
7.930
8.470
9.110
9.700
10.300
10.940
11.520
12.100
12.660
13.230
13.800
14.380
14.950
15.550
16.190
16.800
17.430
17.990
18.600
19.170
19.720
20.290
20.890
21.460
22.000
22.590
23.150
23.740
24.360
24.920
25.540
26.100
26.690
27.290
27.880
28.490
29.080
29.640
30.210
30.790
31.330
31.900
32.470
33.080
33.630
34.210
34.800
35.380
35.970
36.530
37.080
37.660
38.220
38.780
39.350
39.960
40.540
41.090
41.700
42.280
42.850
43.410
44.030
44.620
45.200
45.790
46.360
46.990
47.580
48.170
48.790
49.390
49.960
50.510
51.070
51.660
52.240
52.780
53.300
53.800
54.330
54.890
55.390
55.940
56.430
57.000
57.560
58.130
58.740
59.310
59.860
60.430
61.020
61.620
62.170
62.780
63.330
63.940
64.500
65.100
65.670
66.280
66.860
67.430
68.030
68.610
69.220
69.810
70.390
70.950
71.530
72.140
72.700
73.300
73.880
74.440
74.990
75.570
76.150
76.720
77.300
77.880
78.420
78.990
79.540
80.100
80.660
81.260
81.810
82.400
82.960
83.550
84.190
84.820
85.380
85.930
86.490
87.050
87.600
88.170
88.750
89.330
89.900
90.460
91.020
91.570
92.130
92.680
93.250
93.840
94.390
94.970
95.520
96.100
96.620
97.180
97.760
98.300
98.850
99.450
100.020
100.570
101.130
101.710
102.310
102.890
103.460
104.030
104.630
105.170
105.770
106.350
106.950
107.530
108.100
108.710
109.290
109.870
110.450
111.020
111.630
112.200
112.780
113.410
114.000
114.600
115.180
115.810
116.380
116.950
117.520
118.140
118.730
119.290
119.900
120.470
121.080
121.660
122.240
122.870
123.490
124.070
124.630
125.210
125.810
126.380
126.960
127.600
128.180
128.790
129.400
130.000
130.600
131.190
131.740
132.350
132.930
133.500
134.070
134.650
135.240
135.820
136.380
136.990
137.560
138.110
138.690
139.290
139.910
140.570
141.160
141.730
142.290
142.870
143.450
144.040
144.640
145.190
145.790
146.330
146.920
147.460
148.010
148.600
149.160
149.750
150.310
150.890
151.450
152.050
152.620
153.170
153.740
154.270
154.840
155.410
155.990
156.550
157.150
157.690
158.270
158.820
159.390
159.960
160.570
161.130
161.710
162.280
162.900
163.490
164.060
164.670
165.240
165.810
166.380
166.960
167.520
168.130
168.680
169.290
169.850
170.440
171.000
171.560
172.130
172.690
173.270
173.870
174.420
175.020
175.580
176.170
176.780
177.370
177.960
178.510
179.090
179.640
180.250
180.850
181.430
182.030
182.600
183.160
183.760
184.340
184.920
185.530
186.110
186.750
187.380
188.030
188.650
189.230
189.820
190.440
191.010
191.570
192.160
192.770
193.370
193.950
194.520
195.120
195.730
196.300
196.880
197.490
198.080
198.650
199.210
199.810
200.420
200.990
201.600
202.240
202.830
203.470
204.060
204.690
205.290
205.890
206.450
207.040
207.660
208.250
208.820
209.400
210.000
210.720
211.450
212.150
212.890
213.580
214.400
215.190
215.950
216.730
217.550
218.340
219.140
219.970
220.680
221.410
222.020
222.600
223.200
223.840
224.480
225.080
225.720
226.340
226.990
227.600
228.230
228.890
229.460
230.060
230.670
231.310
232.050
232.840
233.590
234.350
235.080
235.890
236.620
237.420
238.250
239.060
239.840
240.620
241.420
242.220
243.020
243.850
