0.180
0.610
1.070
1.490
1.930
2.390
2.870
3.330
3.790
4.240
4.690
5.150
5.610
6.090
6.550
7.010
7.470
7.850
8.270
8.650
9.050
9.450
9.850
10.260
10.680
11.120
11.540
11.960
12.380
12.800
13.190
13.600
14.020
14.440
14.850
15.260
15.660
16.060
16.450
16.850
17.250
17.670
18.090
18.480
18.900
19.290
19.690
20.100
20.510
20.900
21.300
21.700
22.100
22.510
22.890
23.290
23.690
24.110
24.480
24.870
25.260
25.670
26.040
26.450
26.840
27.210
27.620
28.000
28.390
28.770
29.160
29.570
29.950
30.320
30.700
31.080
31.460
31.840
32.240
32.630
33.010
33.390
33.770
34.130
34.530
34.910
35.270
35.650
36.050
36.420
36.800
37.200
37.580
37.980
38.370
38.770
39.130
39.520
39.900
40.280
40.660
41.040
41.430
41.810
42.210
42.600
42.970
43.370
43.740
44.120
44.500
44.890
45.300
45.670
46.060
46.460
46.860
47.250
47.620
48.010
48.370
48.760
49.140
49.530
49.920
50.290
50.690
51.060
51.460
51.830
52.220
52.600
52.970
53.340
53.720
54.120
54.500
54.880
55.280
55.670
56.030
56.430
56.810
57.180
57.560
57.940
58.310
58.690
59.070
59.470
59.830
60.230
60.590
60.960
61.340
61.720
62.080
62.460
62.830
63.220
63.620
64.000
64.380
64.770
65.170
65.560
65.950
66.340
66.710
67.100
67.480
67.870
68.260
68.630
69.020
69.420
69.810
70.180
70.580
70.950
71.330
71.720
72.100
72.480
72.890
73.260
73.660
74.040
74.410
74.790
75.180
75.590
75.990
76.380
76.780
77.200
77.590
78.000
78.390
78.780
79.160
79.550
79.930
80.320
80.710
81.100
81.500
81.910
82.320
82.700
83.080
83.490
83.880
84.290
84.670
85.060
85.450
85.840
86.230
86.630
87.010
87.390
87.800
88.210
88.600
88.980
89.370
89.770
90.160
90.560
90.930
91.320
91.690
92.060
92.450
92.840
93.220
93.610
94.010
94.380
94.770
95.170
95.550
95.940
96.310
96.680
97.070
97.470
97.850
98.260
98.650
99.020
99.390
99.770
100.170
100.540
100.920
101.310
101.690
102.070
102.440
102.830
103.200
103.590
103.950
104.350
104.720
105.100
105.470
105.850
106.230
106.620
107.000
107.380
107.770
108.170
108.540
108.940
109.340
109.710
110.070
110.450
110.820
111.200
111.580
111.970
112.360
112.770
113.160
113.550
113.940
114.330
114.710
115.100
115.480
115.890
116.250
116.650
117.010
117.390
117.790
118.190
118.570
118.970
119.340
119.730
120.130
120.530
120.930
121.310
121.720
122.110
122.520
122.920
123.320
123.710
124.100
124.490
124.870
125.250
125.660
126.040
126.430
126.820
127.220
127.590
127.980
128.390
128.750
129.150
129.520
129.900
130.280
130.650
131.030
131.410
131.800
132.180
132.570
132.950
133.330
133.710
134.120
134.530
134.960
135.370
135.780
136.160
136.560
136.930
137.320
137.710
138.090
138.470
138.850
139.250
139.620
139.990
140.390
140.770
141.160
141.550
141.940
142.330
142.770
143.190
143.610
143.990
144.380
144.760
145.160
145.540
145.940
146.300
146.700
147.060
147.460
147.820
148.210
148.590
148.970
149.340
149.740
150.100
150.490
150.880
151.270
151.650
152.050
152.430
152.820
153.210
153.600
153.980
154.390
154.770
155.150
155.540
155.930
156.320
156.710
157.110
157.500
157.880
158.280
158.670
159.040
159.430
159.800
160.180
160.550
160.940
161.320
161.700
162.100
162.480
162.870
163.250
163.640
164.020
164.400
164.770
165.150
165.540
165.920
166.300
166.670
167.060
167.430
167.800
168.190
168.570
168.930
169.300
169.650
170.010
170.380
170.750
171.110
171.480
171.840
172.220
172.570
172.950
173.320
173.690
174.060
174.460
174.830
175.210
175.620
175.990
176.390
176.770
177.160
177.530
177.880
178.270
178.630
179.020
179.390
179.780
180.150
180.530
180.890
181.270
181.660
182.040
182.400
182.790
183.170
183.540
183.900
184.280
184.650
185.040
185.400
185.790
186.170
186.550
186.930
187.300
187.670
188.050
188.410
188.790
189.160
189.540
189.910
190.300
190.680
191.040
191.430
191.810
192.180
192.570
192.940
193.320
193.700
194.090
194.460
194.820
195.190
195.580
195.950
196.310
196.700
197.080
197.470
197.820
198.210
198.580
198.970
199.330
199.720
200.100
200.470
200.840
201.220
201.600
201.990
202.370
202.750
203.110
203.510
203.870
204.260
204.630
205.020
205.380
205.750
206.130
206.500
206.860
207.250
207.620
207.990
208.360
208.740
209.120
209.490
209.860
210.250
210.630
211.020
211.380
211.770
212.140
212.530
212.900
213.300
213.660
214.060
214.430
214.810
215.180
215.580
215.950
216.360
216.740
217.120
217.500
217.870
218.260
218.620
219.000
219.370
219.750
220.130
220.490
220.870
221.260
221.630
222.020
222.420
222.790
223.180
223.560
223.950
224.340
224.700
225.100
225.500
225.890
226.270
226.650
227.060
227.440
227.830
228.210
228.610
228.970
229.350
229.710
230.090
230.470
230.840
231.220
231.610
231.970
232.370
232.740
233.120
233.490
233.880
234.250
234.630
235.010
235.400
235.770
236.130
236.510
236.910
237.290
237.660
238.030
238.430
238.790
239.200
239.580
239.970
240.350
240.730
241.100
241.490
241.870
242.260
242.630
243.020
243.380
243.780
244.160
244.540
244.900
245.290
245.670
246.040
246.430
246.840
247.230
247.620
248.000
248.370
248.740
249.120
249.520
249.920
250.310
250.680
251.060
251.440
251.810
252.190
252.580
252.950
253.350
253.730
254.110
254.470
254.870
255.250
255.630
256.100
256.570
257.120
257.700
258.280
258.830
259.440
260.020
260.660
261.270
261.900
262.490
263.130
263.870
264.630
265.280
265.990
266.580
267.180
267.730
268.320
268.860
269.430
270.000
270.540
271.110
271.720
272.290
272.940
273.670
274.350
275.140
275.850
276.630
277.380
278.120
278.880
279.600
280.350
281.130
281.870
282.640
283.390
284.110
284.860
285.600
286.350
287.110
287.830
288.570
289.310
290.060
290.790
291.530
292.320
293.040
293.790
294.570
295.340
296.120
296.870
297.630
298.350
299.100
299.850
300.600
301.360
302.110
302.810
303.560
304.310
305.070
305.770
306.520
307.260
308.030
308.760
309.510
310.270
311.030
311.780
312.540
313.290
314.030
314.790
315.550
316.290
317.020
317.760
318.530
319.280
320.000
320.720
321.490
322.230
322.930
323.690
324.430
325.190
325.990
326.750
327.510
328.280
329.040
329.770
330.530
331.260
332.020
332.770
333.520
334.280
335.060
335.780
336.550
337.330
338.090
338.820
339.550
340.300
341.060
341.800
342.550
343.300
344.050
344.800
345.530
346.290
347.030
347.770
348.510
349.230
349.990
350.740
351.480
352.240
352.950
353.680
354.410
355.160
355.890
356.660
357.390
358.140
358.900
359.620
360.390
361.140
361.920
362.670
363.440
364.260
365.030
365.820
366.610
367.380
368.180
368.930
369.700
370.470
371.240
372.000
372.760
373.530
374.290
375.020
375.800
376.530
377.270
378.030
378.810
379.560
380.320
381.070
381.820
382.580
383.370
384.090
384.860
385.650
386.430
387.200
387.920
388.710
389.480
390.210
390.930
391.680
392.450
393.210
393.940
394.690
395.440
396.200
396.970
397.700
398.470
399.200
399.960
400.740
401.500
402.250
403.040
403.800
404.570
405.320
406.060
406.830
407.590
408.320
409.070
409.850
410.640
411.400
412.170
412.940
413.700
414.430
415.200
415.990
416.740
417.490
418.230
419.000
419.730
420.500
421.220
421.960
422.760
423.500
424.240
425.000
425.750
426.480
427.250
427.980
428.740
429.470
430.200
430.960
431.670
432.440
433.160
433.900
434.610
435.380
436.100
436.870
437.600
438.340
439.080
439.870
440.590
441.340
442.110
442.860
443.580
444.340
445.060
445.830
446.640
447.390
448.130
448.900
449.660
450.410
451.190
451.970
452.720
453.500
454.240
455.030
455.780
456.560
457.370
458.130
458.910
459.670
460.400
461.170
461.930
462.660
463.410
464.160
464.910
465.660
466.440
467.020
467.600
468.190
468.790
469.370
469.990
470.580
471.210
471.820
472.430
473.030
473.650
474.260
474.850
475.450
476.080
476.700
477.310
477.960
478.590
479.230
479.900
480.510
481.150
481.810
482.440
483.070
483.720
484.350
485.020
485.630
486.300
486.910
487.580
