0.360
0.730
1.120
1.510
1.880
2.270
2.640
3.010
3.350
3.730
4.070
4.450
4.780
5.150
5.480
5.850
6.180
6.540
6.860
7.220
7.560
7.920
8.260
8.630
9.000
9.390
9.770
10.110
10.460
10.780
11.150
11.480
11.850
12.180
12.540
12.880
13.250
13.660
14.040
14.480
14.970
15.420
15.910
16.380
16.850
17.310
17.780
18.260
18.730
19.190
19.660
20.110
20.580
21.050
21.490
21.960
22.410
22.890
23.350
23.830
24.280
24.770
25.230
25.680
26.150
26.580
27.050
27.500
27.940
28.390
28.850
29.300
29.780
30.250
30.730
31.200
31.690
32.160
32.630
33.100
33.570
34.050
34.510
34.980
35.440
35.910
36.370
36.830
37.300
37.770
38.240
38.700
39.160
39.620
40.080
40.530
41.000
41.460
41.920
42.380
42.840
43.290
43.740
44.190
44.650
45.090
45.540
45.990
46.440
46.880
47.340
47.790
48.240
48.690
49.140
49.590
50.040
50.480
50.930
51.390
51.820
52.280
52.720
53.170
53.610
54.060
54.510
54.950
55.390
55.840
56.290
56.740
57.190
57.640
58.090
58.530
58.980
59.440
59.910
60.360
60.820
61.280
61.740
62.190
62.640
63.090
63.540
64.000
64.440
64.890
65.330
65.780
66.220
66.660
67.110
67.560
68.020
68.450
68.900
69.340
69.790
70.230
70.680
71.120
71.560
71.990
72.430
72.870
73.320
73.750
74.200
74.660
75.110
75.560
76.000
76.450
76.890
77.330
77.770
78.220
78.660
79.100
79.540
79.980
80.410
80.840
81.290
81.740
82.190
82.640
83.080
83.530
83.960
84.410
84.850
85.290
85.740
86.180
86.620
87.070
87.510
87.960
88.400
88.860
89.310
89.770
90.220
90.670
91.120
91.570
92.020
92.460
92.910
93.350
93.800
94.240
94.680
95.120
95.560
96.010
96.450
96.900
97.340
97.780
98.220
98.670
99.110
99.550
99.990
100.430
100.860
101.290
101.710
102.160
102.600
103.050
103.500
103.940
104.380
104.820
105.250
105.680
106.130
106.560
107.010
107.430
107.870
108.310
108.750
109.210
109.640
110.080
110.520
110.970
111.410
111.850
112.290
112.730
113.170
113.600
114.040
114.480
114.920
115.350
115.800
116.240
116.690
117.140
117.590
118.030
118.470
118.920
119.350
119.800
120.230
120.680
121.110
121.550
122.000
122.440
122.880
123.310
123.740
124.180
124.620
125.040
125.470
125.920
126.350
126.790
127.220
127.660
128.100
128.550
