0.610
1.280
2.020
2.670
3.280
3.920
4.580
5.220
5.920
6.570
7.180
7.880
8.510
9.180
9.830
10.470
11.100
11.770
12.410
13.110
13.770
14.430
15.050
15.680
16.340
16.980
17.620
18.250
18.880
19.510
20.150
20.750
21.400
22.030
22.560
23.110
23.680
24.190
24.700
25.140
25.570
26.000
26.420
26.890
27.340
27.770
28.240
28.680
29.100
29.540
29.960
30.400
30.830
31.260
31.700
32.120
32.560
32.990
33.420
33.860
34.280
34.700
35.130
35.580
36.000
36.430
36.870
37.290
37.720
38.140
38.590
39.010
39.440
39.870
40.300
40.730
41.150
41.590
42.020
42.470
42.900
43.340
43.780
44.190
44.640
45.070
45.500
45.920
46.350
46.770
47.210
47.640
48.060
48.490
48.920
49.360
49.790
50.240
50.670
51.100
51.540
51.970
52.400
52.820
53.230
53.670
54.100
54.540
54.960
55.390
55.810
56.260
56.690
57.130
57.550
57.990
58.420
58.840
59.280
59.690
60.130
60.560
60.980
61.430
61.850
62.280
62.720
63.160
63.590
64.030
64.460
64.890
65.320
65.760
66.200
66.630
67.070
67.570
68.040
68.530
68.990
69.420
69.850
70.290
70.720
71.150
71.590
72.030
72.460
72.880
73.320
73.760
74.200
74.630
75.070
75.500
75.920
76.360
76.800
77.250
77.690
78.120
78.550
79.000
79.440
79.870
80.300
80.740
81.180
81.610
82.050
82.480
82.910
83.350
83.790
84.220
84.650
85.080
85.510
85.940
86.360
86.790
87.210
87.650
88.100
88.530
88.970
89.400
89.830
90.250
90.680
91.110
91.540
91.970
92.390
92.840
93.280
93.710
94.150
94.570
95.000
95.440
95.870
96.280
96.710
97.170
97.610
98.040
98.470
98.910
99.370
99.790
100.210
100.660
101.080
101.510
101.950
102.390
102.830
103.270
103.700
104.120
104.560
104.990
105.410
105.860
106.290
106.740
107.190
107.620
108.060
108.490
108.930
109.350
109.800
110.240
110.670
111.100
111.620
112.150
112.630
113.170
113.760
114.320
114.880
115.530
116.160
116.800
117.410
118.060
118.670
119.320
119.920
120.560
121.180
121.810
122.410
123.060
123.680
124.290
124.940
125.550
126.190
126.790
127.410
128.030
128.650
129.270
129.860
130.500
131.190
131.850
132.620
133.390
134.180
134.990
135.770
136.530
137.340
138.130
138.860
139.510
140.150
140.800
141.440
142.130
142.780
143.450
144.110
144.720
145.330
145.940
146.530
147.080
147.660
148.230
148.780
149.290
149.700
150.140
150.550
150.960
151.380
151.790
152.230
152.640
153.070
153.490
153.900
154.330
154.750
155.160
155.570
156.000
156.430
156.870
157.320
157.750
158.180
158.710
159.240
159.820
160.350
160.950
161.510
162.050
162.670
163.250
163.880
164.500
165.130
165.740
166.350
166.990
167.590
168.190
168.760
169.370
169.930
170.490
171.000
171.510
172.020
172.480
172.940
173.430
173.880
174.360
174.840
175.330
175.790
176.250
176.710
177.150
177.610
178.060
178.520
179.000
179.450
179.900
180.330
180.800
181.250
181.720
182.190
182.640
183.120
183.590
184.040
184.520
184.990
185.460
185.890
186.320
186.750
187.160
187.550
187.980
188.400
188.830
189.280
189.750
190.190
190.610
191.070
191.490
191.950
192.370
192.830
193.270
193.690
194.140
194.570
194.990
195.430
195.860
196.290
196.740
197.190
197.610
198.050
198.470
198.900
199.320
199.760
200.180
200.610
201.050
201.470
201.890
202.320
202.720
203.140
203.580
204.020
204.450
204.870
205.310
205.730
206.160
206.590
207.020
207.450
207.860
208.280
208.710
209.120
209.550
209.960
210.410
210.960
211.460
212.010
212.560
213.150
213.750
214.300
214.920
215.500
216.120
216.710
217.330
217.950
218.550
219.140
219.760
220.390
221.050
221.710
222.420
223.100
223.750
224.410
225.060
225.710
226.390
227.030
227.700
228.390
229.040
229.740
230.380
231.060
231.750
232.390
233.060
233.710
234.370
235.000
235.660
236.290
236.930
237.590
238.240
238.890
239.460
240.010
240.630
241.260
241.930
242.570
243.280
243.940
244.520
245.150
245.730
246.320
246.950
247.540
248.120
248.720
249.320
249.950
250.550
