0.180
0.590
1.020
1.470
1.900
2.340
2.770
3.210
3.650
4.080
4.540
4.980
5.420
5.850
6.260
6.690
7.140
7.570
8.020
8.470
8.920
9.350
9.810
10.270
10.710
11.170
11.610
12.050
12.490
12.950
13.380
13.810
14.260
14.730
15.180
15.610
16.080
16.510
16.950
17.380
17.830
18.270
18.720
19.140
19.590
20.040
20.480
20.910
21.360
21.800
22.230
22.680
23.120
23.540
23.990
24.430
24.890
25.330
25.780
26.220
26.670
27.100
27.550
27.990
28.430
28.860
29.290
29.730
30.160
30.590
31.030
31.470
31.940
32.390
32.830
33.270
33.690
34.150
34.580
35.010
35.450
35.890
36.340
36.780
37.230
37.670
38.110
38.550
38.990
39.450
39.900
40.330
40.790
41.220
41.660
42.090
42.540
42.990
43.430
43.890
44.340
44.790
45.220
45.660
46.120
46.560
47.000
47.430
47.880
48.300
48.740
49.210
49.650
50.110
50.550
51.010
51.440
51.910
52.340
52.810
53.250
53.690
54.130
54.560
54.990
55.430
55.880
56.350
56.800
57.250
57.700
58.150
58.600
59.030
59.480
59.930
60.390
60.830
61.270
61.710
62.130
62.570
63.010
63.460
63.900
64.330
64.770
65.210
65.660
66.110
66.550
66.990
67.450
67.880
68.330
68.780
69.230
69.670
70.120
70.560
70.980
71.420
71.870
72.320
72.760
73.190
73.600
74.030
74.460
74.910
75.340
75.760
76.200
76.650
77.090
77.550
78.000
78.460
78.910
79.340
79.790
80.220
80.660
81.090
81.540
81.980
82.430
82.870
83.310
83.740
84.200
84.640
85.090
85.550
86.000
86.450
86.910
87.360
87.810
88.260
88.700
89.150
89.590
90.050
90.500
90.960
91.430
91.870
92.340
92.790
93.240
93.690
94.140
94.580
95.030
95.480
95.920
96.360
96.770
97.200
97.660
98.100
98.560
99.020
99.470
99.920
100.350
100.780
101.220
101.670
102.110
102.570
103.020
103.460
103.900
104.350
104.810
105.250
105.710
106.180
106.640
107.070
107.530
107.970
108.430
108.890
109.320
109.730
110.170
110.610
111.050
111.500
111.960
112.390
112.840
113.270
113.710
114.140
114.590
115.040
115.480
115.930
116.370
116.820
117.270
117.710
118.160
118.610
119.060
119.520
119.960
120.410
120.870
121.330
121.780
122.240
122.700
123.140
123.610
124.060
124.530
124.980
125.450
125.910
126.370
126.820
127.270
127.690
128.140
128.590
129.050
129.490
129.950
130.410
130.850
131.310
131.780
132.230
132.690
133.150
133.610
134.050
134.510
134.990
135.440
135.890
136.370
136.800
137.260
137.710
138.160
138.590
139.020
139.460
139.920
140.360
140.810
141.250
141.710
142.160
142.600
143.050
143.500
143.970
144.420
144.860
145.310
145.750
146.200
146.640
147.090
147.530
147.990
148.430
148.890
149.350
149.800
150.250
150.690
151.140
151.590
152.030
152.480
152.920
153.370
153.810
154.280
154.720
155.160
155.610
156.060
156.490
156.940
157.390
157.850
158.290
158.740
159.190
159.640
160.100
160.550
160.980
161.430
161.850
162.300
162.740
163.200
163.650
164.100
164.560
165.020
165.470
165.940
166.380
166.840
167.300
167.760
168.210
168.680
169.120
169.570
170.030
170.460
170.890
171.360
171.790
172.260
172.680
173.140
173.580
174.010
174.420
174.860
175.280
175.740
176.180
176.620
177.040
177.470
177.900
178.330
178.760
179.210
179.650
180.100
180.540
181.000
181.440
181.890
182.340
182.780
183.220
183.650
184.080
184.520
184.960
185.410
185.850
186.300
186.740
187.170
187.610
188.060
188.490
188.960
189.390
189.830
190.260
190.690
191.090
191.510
191.950
192.390
192.830
193.270
193.710
194.160
194.610
195.050
195.500
195.940
196.380
196.820
197.260
197.700
198.140
198.590
199.030
199.460
199.910
200.340
200.790
201.230
201.680
202.130
202.570
203.010
203.450
203.900
204.330
204.760
205.210
205.650
206.090
206.530
206.970
207.420
207.870
208.300
208.750
209.190
209.630
210.100
210.540
210.990
211.430
211.870
212.310
212.750
213.160
213.590
214.020
214.450
214.880
215.320
215.760
216.190
216.600
217.030
217.470
217.920
218.360
218.810
219.250
219.710
220.150
220.600
221.030
221.490
221.940
222.390
222.830
223.280
223.710
224.150
224.590
225.050
225.490
225.950
226.390
226.840
227.300
227.740
228.190
228.620
229.070
229.530
229.970
230.420
230.870
231.340
231.770
232.210
232.650
233.090
233.550
234.000
234.430
234.870
235.310
235.750
236.190
236.630
237.070
237.520
237.950
238.390
238.820
239.260
239.670
240.110
240.550
240.980
241.420
241.860
242.310
242.760
243.220
243.670
244.120
244.560
245.010
245.440
245.880
246.320
246.760
247.210
247.650
248.090
248.530
248.990
249.420
249.870
250.310
250.750
251.200
251.630
252.060
252.480
252.920
253.360
253.800
254.240
254.690
255.140
255.590
256.030
256.450
256.890
257.330
257.790
258.230
258.680
259.130
259.560
260.000
260.450
260.890
261.350
261.800
262.260
262.700
263.150
263.590
264.040
264.480
264.930
265.370
265.830
266.290
266.730
267.180
267.620
268.060
268.500
268.940
269.390
269.840
270.300
270.740
271.200
271.640
272.080
272.520
272.960
273.390
273.820
274.260
274.690
275.150
275.590
276.050
276.500
276.940
277.390
277.840
278.300
278.730
279.200
279.640
280.080
280.530
280.970
281.390
281.830
282.250
282.700
283.140
283.580
284.030
284.480
284.920
285.380
285.830
286.290
286.730
287.170
287.610
288.060
288.500
288.940
289.380
289.830
290.270
290.700
291.160
291.600
292.050
292.500
292.950
293.400
293.860
294.290
294.720
295.170
295.610
296.060
296.500
296.950
297.390
297.830
298.280
298.720
299.160
299.600
300.040
300.490
300.920
301.360
301.780
302.200
302.650
303.100
303.560
303.980
304.400
304.800
305.220
305.650
306.080
306.500
306.900
307.330
307.770
308.220
308.660
309.090
309.540
309.970
310.420
310.850
311.300
311.750
312.190
312.640
313.080
313.510
313.950
314.390
314.820
315.260
315.700
316.160
316.590
317.020
317.480
317.910
318.360
318.800
319.210
319.650
320.080
320.520
320.960
321.400
321.850
322.290
322.730
323.180
323.620
324.070
324.510
324.970
325.410
325.840
326.270
326.710
327.160
327.590
328.030
328.470
328.910
329.360
329.790
330.200
330.610
331.050
331.480
331.930
332.370
332.810
333.250
333.690
334.120
334.580
335.010
335.460
335.900
336.340
336.790
337.220
337.650
338.110
338.550
338.990
339.420
339.850
340.260
340.690
341.130
341.560
341.990
342.430
342.860
343.290
343.730
344.160
344.600
345.030
345.450
345.880
346.310
346.750
347.180
347.630
348.060
348.500
348.940
349.390
349.830
350.280
350.740
351.180
351.630
352.070
352.510
352.950
353.400
353.850
354.270
354.720
355.160
355.620
356.070
356.510
356.970
357.410
357.850
358.300
358.740
359.190
359.620
360.070
360.510
360.950
361.380
361.820
362.250
362.650
363.070
363.510
363.960
364.380
364.820
365.260
365.710
366.150
366.600
367.020
367.480
367.910
368.350
368.800
369.230
369.670
370.100
370.550
371.000
371.420
371.850
372.290
372.720
373.130
373.560
374.000
374.430
374.870
375.280
375.670
376.090
376.520
376.960
377.420
377.860
378.290
378.730
379.180
379.630
380.080
380.510
380.960
381.400
381.840
382.290
382.730
383.170
383.640
384.070
384.520
384.950
385.380
385.820
386.270
386.720
387.170
387.600
388.050
388.490
388.920
389.360
389.790
390.230
390.670
391.120
391.560
392.010
392.440
392.890
393.330
393.770
394.220
394.670
395.110
395.560
396.000
396.430
396.890
397.320
397.750
398.180
398.580
399.000
399.430
399.880
400.330
400.760
401.210
401.650
402.100
402.540
403.000
403.450
403.890
404.330
404.770
405.220
405.660
406.110
406.550
407.000
407.440
407.880
408.310
408.710
409.130
409.550
409.990
410.410
410.820
411.210
411.640
412.060
412.500
412.920
413.340
413.780
414.210
414.640
415.070
415.500
415.930
416.380
416.800
417.240
417.680
418.100
418.550
418.980
419.420
419.860
420.290
420.730
421.170
421.610
422.070
422.510
422.950
423.390
423.820
424.240
424.680
425.090
425.520
425.960
426.380
426.840
427.270
427.700
428.120
428.540
429.000
429.430
429.860
430.300
430.740
431.170
431.600
432.040
432.480
432.910
433.360
433.810
434.260
434.700
435.150
435.600
436.040
436.480
436.940
437.370
437.810
438.240
438.690
439.130
439.580
440.010
440.440
440.870
441.280
441.720
442.140
442.580
443.020
443.470
443.910
444.340
444.790
445.220
445.650
446.090
446.520
446.950
447.390
447.850
448.270
448.710
449.140
449.560
450.010
450.440
450.870
451.310
451.760
452.210
452.640
453.080
453.500
453.910
454.350
454.790
455.230
455.680
456.120
456.570
457.010
457.440
457.890
458.330
458.750
459.190
459.620
460.060
460.500
460.940
461.380
461.810
462.240
462.670
463.090
463.490
463.920
464.360
464.800
465.260
465.700
466.150
466.600
467.040
467.490
467.940
468.390
468.840
469.300
469.730
470.200
470.640
471.100
471.540
471.980
472.440
472.880
473.330
473.770
474.190
474.630
475.080
475.530
475.990
476.430
476.880
477.340
477.780
478.230
478.680
479.130
479.580
480.050
480.500
480.950
481.390
481.850
482.280
482.740
483.200
483.660
484.110
484.560
485.010
485.470
485.930
486.380
486.830
487.280
487.730
488.190
488.630
489.080
489.530
489.990
490.450
490.890
491.350
491.800
492.250
492.710
493.160
493.610
494.070
494.520
494.960
495.410
495.850
496.300
496.750
497.200
497.650
498.100
498.550
499.010
499.440
499.850
500.280
500.730
501.180
501.620
502.070
502.510
502.960
503.400
503.840
504.300
504.740
505.190
505.640
506.090
506.520
506.970
507.400
507.850
508.300
508.740
509.180
509.630
510.070
510.510
510.950
511.400
511.830
512.230
512.650
513.100
513.540
513.980
514.430
514.880
515.320
515.780
516.210
516.670
517.120
517.570
518.020
518.460
518.900
519.350
519.790
520.250
520.690
521.140
521.590
522.020
522.430
522.860
523.300
523.740
524.180
524.630
525.080
525.520
525.950
526.390
526.820
527.250
527.680
528.120
528.560
528.990
529.430
529.870
530.320
530.770
531.210
531.660
532.110
532.560
533.000
533.450
533.900
534.330
534.770
535.180
535.620
536.060
536.500
536.930
537.390
537.840
538.290
538.730
539.170
539.630
540.070
540.510
540.950
541.400
541.840
542.280
542.710
543.150
543.600
544.040
544.480
544.920
545.350
545.800
546.240
546.680
547.120
547.570
548.010
548.450
548.870
549.310
549.760
550.200
550.630
551.070
551.500
551.930
552.360
552.790
553.230
553.670
554.100
554.550
555.000
555.430
555.880
556.330
556.770
557.220
557.660
558.100
558.530
558.970
559.410
559.860
560.300
560.740
561.190
561.620
562.060
562.510
562.950
563.390
563.830
564.250
564.700
565.140
565.600
566.050
566.500
566.950
567.410
567.850
568.310
568.760
569.220
569.680
570.140
570.600
571.070
571.530
571.990
572.460
572.920
573.400
573.850
574.320
574.770
575.230
575.680
576.150
576.600
577.020
577.460
577.900
578.350
578.800
579.250
579.700
580.150
580.600
581.050
581.510
581.950
582.390
582.840
583.310
583.750
584.200
584.640
585.100
585.550
586.000
586.450
586.890
587.340
587.790
588.230
588.670
589.130
589.590
590.020
590.480
590.930
591.380
591.830
592.280
592.730
593.180
593.620
594.090
594.540
595.010
595.450
595.910
596.350
596.800
597.250
597.710
598.150
598.610
599.060
599.500
599.920
600.360
600.800
601.260
601.710
602.160
602.630
603.080
603.540
604.000
604.460
604.910
605.370
605.810
606.270
606.720
607.160
607.620
608.070
608.520
608.970
609.420
609.890
610.330
610.790
611.220
611.680
612.130
612.580
613.020
613.470
613.910
614.360
614.810
615.250
615.700
616.150
616.600
617.060
617.520
617.980
618.430
618.890
619.340
619.800
620.250
620.690
621.150
621.590
622.030
622.480
622.920
623.340
623.790
624.220
624.680
625.130
625.590
626.030
626.480
626.930
627.370
627.820
628.260
628.690
629.140
629.560
630.020
630.450
630.890
631.330
631.780
632.220
632.660
633.100
633.540
633.970
634.420
634.860
635.300
635.740
636.180
636.620
637.060
637.500
637.950
638.400
638.860
639.310
639.770
640.220
640.660
641.110
641.550
642.000
642.440
642.890
643.340
643.790
644.240
644.680
645.140
645.580
646.030
646.460
646.920
647.380
647.830
648.300
648.740
649.190
649.640
650.080
650.530
650.990
651.430
651.870
652.290
652.730
653.170
653.620
654.060
654.500
654.960
655.400
655.840
656.290
656.740
657.190
657.620
658.050
658.500
658.930
659.380
659.830
660.290
660.720
661.150
661.590
662.030
662.450
662.880
663.310
663.760
664.200
664.660
665.110
665.550
666.000
666.440
666.870
667.320
667.760
668.200
668.660
669.100
669.540
669.970
670.420
670.870
671.310
671.740
672.180
672.630
673.070
673.500
673.950
674.400
674.850
675.300
675.750
676.210
676.660
677.110
677.560
678.000
678.450
678.900
679.330
679.790
680.220
680.680
681.130
681.590
682.030
682.470
682.930
683.360
683.800
684.270
684.710
685.160
685.590
686.020
686.460
686.920
687.350
687.790
688.200
688.630
689.070
689.520
689.960
690.420
690.880
691.340
691.800
692.250
692.710
693.170
693.640
694.090
694.520
694.970
695.420
695.890
696.330
696.780
697.240
697.690
698.140
698.570
699.040
699.520
700.000
700.470
700.930
701.400
701.870
702.330
702.820
703.270
703.740
704.210
704.680
705.130
705.570
706.010
706.460
706.930
707.390
707.860
708.320
708.780
709.240
709.680
710.160
710.620
711.080
711.530
711.980
712.460
712.900
713.360
713.820
714.300
714.750
715.220
715.670
716.120
716.580
717.040
717.520
717.960
718.420
718.910
719.380
719.840
720.300
720.760
721.200
721.640
722.090
722.560
723.010
723.460
723.890
724.340
724.790
725.250
725.700
726.150
726.610
727.070
727.550
728.000
728.490
728.950
729.400
729.860
730.320
730.790
731.240
731.720
732.190
732.660
733.110
733.570
734.020
734.450
734.910
735.370
735.820
736.280
736.730
737.190
737.640
738.100
738.570
739.030
739.500
739.950
740.400
740.880
741.320
741.790
742.270
742.730
743.180
743.660
744.110
744.570
745.020
745.500
745.940
746.410
746.860
747.320
747.760
748.220
748.660
749.100
749.560
750.030
750.490
750.940
751.410
751.850
752.320
752.790
753.270
753.740
754.220
754.690
755.150
755.620
756.070
756.520
756.980
757.450
757.900
758.380
758.840
759.290
759.760
760.210
760.680
761.160
761.640
762.110
762.560
763.010
763.440
763.890
764.360
764.790
765.250
765.690
766.180
766.640
767.140
767.620
768.090
768.550
768.980
769.400
769.820
770.270
770.730
771.180
771.640
772.120
772.580
773.030
773.460
773.920
774.360
774.830
775.270
775.720
776.180
776.660
777.110
777.580
778.030
778.500
778.960
779.440
779.900
780.380
780.830
781.320
781.770
782.260
782.720
783.200
783.640
784.090
784.540
785.000
785.440
785.890
786.320
786.750
787.200
787.640
788.130
788.580
789.050
789.540
790.010
790.470
790.920
791.360
791.800
792.270
792.700
793.170
793.630
794.070
794.540
794.990
795.450
795.910
796.370
796.830
797.300
797.760
798.230
798.690
799.150
799.590
800.060
800.540
801.000
801.480
801.950
802.420
802.890
803.360
803.820
804.290
804.770
805.230
805.680
806.150
806.600
807.070
807.510
807.940
808.350
808.800
809.210
809.680
810.110
810.560
811.040
811.500
811.960
812.410
812.860
813.330
813.790
814.250
814.710
815.170
815.630
816.100
816.560
816.990
817.440
817.910
818.370
818.830
819.290
819.750
820.220
820.680
821.140
821.580
822.000
822.450
822.910
823.380
823.840
824.300
824.750
825.210
825.660
826.120
826.560
827.030
827.490
827.950
828.410
828.870
829.340
829.800
830.250
830.710
831.150
831.620
832.070
832.540
833.000
833.460
833.920
834.380
834.840
835.290
835.750
836.220
836.680
837.140
837.580
838.040
838.500
838.970
839.430
839.880
840.350
840.810
841.260
841.720
842.180
842.660
843.120
843.580
844.040
844.500
844.950
845.410
845.870
846.330
846.780
847.240
847.720
848.180
848.640
849.100
849.560
850.020
850.460
850.920
851.350
851.810
852.260
852.720
853.170
853.640
854.090
854.540
854.990
855.440
855.910
856.370
856.830
857.290
857.750
858.210
858.670
859.120
859.590
860.040
860.500
860.960
861.420
861.900
862.360
862.830
863.300
863.750
864.200
864.680
865.130
865.600
866.120
866.700
867.240
867.830
868.370
868.920
869.460
870.040
870.620
871.190
871.740
872.330
872.930
873.530
