0.360
0.830
1.320
1.790
2.250
2.720
3.180
3.650
4.120
4.590
5.080
5.550
6.000
6.430
6.900
7.340
7.800
8.210
8.640
9.080
9.510
9.930
10.350
10.770
11.190
11.620
12.030
12.440
12.840
13.250
13.670
14.090
14.530
14.940
15.370
15.780
16.180
16.600
17.010
17.410
17.820
18.230
18.650
19.080
19.510
19.920
20.350
20.780
21.210
21.640
22.070
22.500
22.950
23.380
23.800
24.240
24.650
25.080
25.510
25.960
26.370
26.800
27.220
27.640
28.060
28.490
28.910
29.360
29.780
30.200
30.630
31.070
31.510
31.920
32.340
32.760
33.170
33.570
33.970
34.360
34.760
35.170
35.550
35.940
36.330
36.730
37.130
37.530
37.940
38.330
38.720
39.120
39.510
39.910
40.290
40.700
41.100
41.500
41.890
42.310
42.710
43.110
43.500
43.900
44.310
44.710
45.100
45.510
45.900
46.310
46.710
47.090
47.500
47.910
48.310
48.690
49.090
49.490
49.880
50.280
50.690
51.090
51.490
51.890
52.280
52.670
53.070
53.470
53.880
54.280
54.680
55.090
55.480
55.870
56.270
56.670
57.080
57.490
57.880
58.290
58.670
59.050
59.440
59.840
60.260
60.660
61.050
61.450
61.850
62.250
62.650
63.050
63.450
63.830
64.220
64.630
65.020
65.420
65.820
66.220
66.620
67.030
67.430
67.840
68.230
68.630
69.030
69.440
69.830
70.220
70.630
71.020
71.430
71.820
72.210
72.600
73.020
73.430
73.810
74.210
74.600
75.000
75.400
75.790
76.200
76.600
77.000
77.400
77.800
78.190
78.590
78.980
79.380
79.770
80.170
80.570
80.960
81.370
81.760
82.160
82.570
82.960
83.360
83.750
84.120
84.510
84.900
85.300
85.720
86.120
86.520
86.920
87.310
87.710
88.110
88.500
88.910
89.310
89.690
90.100
90.480
90.880
91.270
91.660
92.070
92.470
92.860
93.260
93.650
94.050
94.440
94.830
95.240
95.640
96.020
96.410
96.800
97.190
97.590
97.980
98.380
98.790
99.180
99.580
99.990
100.390
100.780
101.160
101.560
101.970
102.360
102.760
103.180
103.570
103.960
104.340
104.750
105.150
105.560
105.950
106.340
106.730
107.130
107.520
107.910
108.300
108.710
109.100
109.490
109.860
110.250
110.650
111.080
111.470
111.870
112.280
112.670
113.050
113.450
113.850
114.250
114.660
115.060
115.440
115.850
116.240
116.630
117.020
117.430
117.820
118.230
118.610
118.990
119.410
119.810
120.200
120.590
120.990
121.390
121.780
122.190
122.590
122.980
123.380
123.790
124.190
124.580
124.970
125.370
125.770
126.170
126.560
126.980
127.380
127.770
128.160
128.570
128.940
129.340
129.720
130.130
130.530
130.930
131.330
131.730
132.130
132.530
132.930
133.330
133.730
134.130
134.520
134.910
135.320
135.710
136.120
136.530
136.920
137.340
137.760
138.160
138.570
138.970
139.370
139.790
140.190
140.610
141.030
141.430
141.860
142.260
142.690
143.120
143.540
143.950
144.380
144.770
145.180
145.570
145.990
146.390
146.820
147.240
147.650
148.070
148.470
148.880
149.300
149.710
150.120
150.510
150.920
151.320
151.710
152.120
152.510
152.900
153.310
153.720
154.120
154.510
154.920
155.310
155.700
156.100
156.520
156.920
157.320
157.710
158.120
158.510
158.910
159.330
159.740
160.140
160.560
160.990
161.390
161.810
162.230
162.660
163.090
163.510
163.930
164.360
164.790
165.210
165.650
166.090
166.530
166.980
167.440
167.870
168.320
168.770
169.220
169.690
170.130
170.590
171.040
171.470
171.940
172.370
172.840
173.270
173.720
174.190
174.630
175.070
175.530
176.010
176.450
