0.390
0.780
1.190
1.610
2.010
2.440
2.850
3.260
3.670
4.060
4.480
4.880
5.310
5.700
6.130
6.530
6.950
7.350
7.780
8.190
8.640
9.070
9.540
9.970
10.430
10.890
11.340
11.790
12.220
12.670
13.120
13.570
14.040
14.480
14.910
15.340
15.780
16.240
16.660
17.120
17.550
18.020
18.470
18.920
19.350
19.810
20.270
20.710
21.160
21.610
22.070
22.530
23.000
23.450
23.920
24.370
24.830
25.290
25.740
26.190
26.630
27.080
27.540
27.970
28.430
28.900
29.370
29.830
30.280
30.730
31.170
31.610
32.070
32.530
32.980
33.450
33.900
34.360
34.820
35.300
35.760
36.220
36.680
37.130
37.580
38.060
38.520
39.000
39.460
39.930
40.390
40.830
41.310
41.750
42.210
42.680
43.130
43.580
44.030
44.490
44.960
45.420
45.880
46.340
46.790
47.240
47.690
48.130
48.600
49.020
49.470
49.920
50.360
50.830
51.270
51.740
52.210
52.660
53.140
53.610
54.080
54.550
55.000
55.460
55.930
56.380
56.830
57.310
57.760
58.210
58.690
59.150
59.590
60.030
60.500
60.940
61.410
61.860
62.360
62.830
63.310
63.780
64.240
64.690
65.150
65.620
66.070
66.530
67.000
67.460
67.930
68.380
68.840
69.290
69.770
70.220
70.690
71.130
71.590
72.040
72.490
72.940
73.410
73.850
74.310
74.750
75.200
75.650
76.100
76.570
77.050
77.490
77.960
78.420
78.880
79.340
79.800
80.260
80.730
81.170
81.640
82.090
82.550
83.000
83.450
83.910
84.370
84.810
85.270
85.720
86.180
86.640
87.110
87.590
88.060
88.530
89.000
89.470
89.940
90.390
90.850
91.310
91.760
92.230
92.670
93.130
93.580
94.050
94.510
94.970
95.430
95.890
96.340
96.750
97.150
97.530
97.930
98.380
98.850
99.310
99.760
100.210
100.650
101.110
101.560
102.020
102.470
102.920
103.370
103.820
104.260
104.710
105.170
105.610
106.050
106.500
106.950
107.400
107.860
108.300
108.750
109.200
109.650
110.110
110.560
111.010
111.450
111.910
112.360
112.810
113.260
113.710
114.160
114.620
115.080
115.520
115.980
116.430
116.880
117.350
117.790
118.240
118.690
119.140
119.590
120.040
120.500
120.940
121.390
121.830
122.280
122.730
123.170
123.620
124.050
124.510
124.950
125.410
125.840
126.300
126.740
127.180
127.620
128.070
128.510
128.960
129.410
129.850
130.320
130.750
131.200
131.630
132.070
132.520
132.980
133.420
133.870
134.330
134.770
135.220
135.670
136.120
136.550
137.000
137.450
137.910
138.350
138.790
139.240
139.690
140.140
140.580
141.020
141.480
141.930
142.360
142.800
143.240
143.700
144.130
144.580
145.020
145.460
145.920
146.370
146.810
147.260
147.710
148.150
148.600
149.050
149.480
149.940
150.390
150.850
151.290
151.730
152.210
152.660
153.110
153.550
154.010
154.450
154.890
155.330
155.780
156.220
156.650
157.110
157.560
158.010
158.450
158.900
159.360
159.800
160.240
160.710
161.140
161.570
162.020
162.470
162.910
163.360
163.810
164.260
164.710
165.140
165.590
166.030
166.460
166.910
167.350
167.800
168.240
168.690
169.130
169.570
170.020
170.460
170.890
171.340
171.800
172.230
172.660
173.120
173.560
173.990
174.440
174.890
175.340
175.780
176.240
176.680
177.100
177.550
178.010
178.470
178.910
179.360
179.800
180.250
180.690
181.130
181.590
182.040
182.480
182.940
183.390
183.840
184.300
184.740
185.200
185.650
186.100
186.550
187.000
187.450
187.900
188.350
188.800
189.250
189.700
190.150
190.590
191.030
191.490
191.950
192.390
192.840
193.300
193.740
194.200
194.650
195.100
195.550
195.990
196.440
196.880
197.330
197.770
198.200
198.660
199.090
199.550
199.990
200.440
200.900
201.340
201.770
202.240
202.680
203.130
203.590
204.030
204.480
204.930
205.380
205.840
206.280
206.730
207.170
207.620
208.070
208.520
208.960
209.410
209.850
210.320
210.760
211.200
211.640
212.100
212.530
212.970
213.420
213.870
214.320
214.760
215.200
215.660
216.110
216.560
217.020
217.460
217.920
218.360
218.820
219.280
219.740
220.190
220.630
221.100
221.550
222.000
222.450
222.900
223.340
223.780
224.250
224.690
225.140
225.580
226.030
226.480
226.910
227.350
227.790
228.260
228.700
229.140
229.580
230.020
230.470
230.920
231.360
231.820
232.260
232.710
233.160
233.590
234.030
234.480
234.920
235.370
235.800
236.260
236.710
237.160
237.620
238.050
238.500
238.960
239.400
239.860
240.320
240.770
241.200
241.670
242.120
242.560
243.000
243.450
243.920
244.360
244.800
245.250
245.710
246.170
246.600
247.040
247.490
247.940
248.380
248.830
249.280
249.730
250.180
250.630
251.080
251.540
251.990
252.440
252.880
253.340
253.790
254.220
254.660
255.110
255.540
256.000
256.450
256.900
257.330
257.790
258.250
258.680
259.140
259.580
260.050
260.500
260.950
261.390
261.850
262.280
262.740
263.220
263.670
264.120
264.550
265.020
265.470
265.890
266.350
266.790
267.240
267.690
268.150
268.600
269.060
269.500
269.930
270.370
270.830
271.270
271.710
272.130
272.580
273.040
273.500
273.940
274.390
274.840
275.320
275.820
276.280
276.770
277.250
277.740
278.180
278.620
279.090
279.530
279.980
280.430
280.880
281.320
281.790
282.230
282.690
283.120
283.560
284.000
284.460
284.890
285.350
285.810
286.240
286.710
287.140
287.600
288.050
288.490
288.950
289.390
289.830
290.290
290.730
291.160
291.600
292.060
292.500
292.950
293.390
293.830
294.280
294.730
295.180
295.630
296.080
296.530
296.980
297.420
297.870
298.310
298.770
299.210
299.670
300.130
300.570
301.010
301.470
301.910
302.360
302.820
303.260
303.700
304.150
304.600
305.060
305.510
305.960
306.380
306.820
307.280
307.710
308.150
308.600
309.040
309.470
309.940
310.370
310.820
311.290
311.730
312.180
312.630
313.060
313.500
313.950
314.390
314.840
315.270
315.720
316.160
316.620
317.060
317.510
317.950
318.400
318.840
319.290
319.740
320.200
320.620
321.070
321.520
321.960
322.400
322.840
323.290
323.750
324.300
324.830
325.280
325.730
326.190
326.630
327.090
327.530
327.990
328.430
328.880
329.340
329.790
330.240
330.700
331.150
331.590
332.040
332.490
332.950
333.390
333.850
334.290
334.750
335.200
335.650
336.110
336.570
337.020
337.460
337.910
338.370
338.830
339.280
339.720
340.180
340.640
341.090
341.530
341.990
342.440
342.890
343.320
343.780
344.240
344.680
345.120
345.580
346.020
346.490
346.920
347.360
347.820
348.260
348.710
349.150
349.600
350.060
350.520
350.960
351.410
351.860
352.320
352.800
353.250
353.720
354.170
354.610
355.060
355.510
355.960
356.400
356.870
357.330
357.790
358.240
358.690
359.150
359.600
360.060
360.510
360.950
361.400
361.850
362.310
362.760
363.240
363.700
364.150
364.590
365.050
365.510
365.960
366.410
366.850
367.310
367.770
368.220
368.690
369.120
369.580
370.030
370.490
370.920
371.370
371.830
372.280
372.730
373.210
373.650
374.130
374.570
375.030
375.480
375.920
376.370
376.840
377.290
377.740
378.180
378.650
379.120
379.570
380.030
380.490
380.940
381.370
381.840
382.290
382.740
383.210
383.660
384.130
384.590
385.050
385.510
386.000
386.460
386.930
387.380
387.840
388.300
388.750
389.220
389.680
390.160
390.630
391.240
391.820
392.440
393.090
393.690
394.330
394.950
395.620
396.260
396.920
397.550
398.210
398.980
399.700
400.470
401.210
401.920
402.620
403.300
404.040
404.730
405.410
406.020
406.690
407.310
408.020
408.700
409.410
410.120
410.820
411.520
412.240
412.950
413.620
414.330
414.960
415.650
416.370
417.070
417.770
418.530
419.270
419.970
420.680
421.400
422.120
422.820
423.530
424.240
424.920
425.630
426.410
427.160
427.850
428.570
429.280
429.960
430.670
431.380
432.090
432.790
433.540
434.310
435.170
436.000
436.840
437.800
438.710
439.680
440.610
441.530
442.450
443.400
444.400
445.350
446.430
447.450
448.530
449.580
450.530
451.430
452.280
453.240
454.130
455.080
456.010
456.940
457.970
458.930
459.930
460.880
461.840
462.800
463.790
464.700
465.580
466.490
467.470
468.400
469.350
470.270
471.220
472.110
473.000
473.930
474.850
475.760
476.740
477.670
478.640
479.720
480.720
481.770
482.810
483.900
484.930
486.020
487.080
488.190
489.260
490.070
490.900
491.630
492.340
493.070
493.810
494.500
495.170
495.870
496.600
497.330
498.090
498.780
499.550
500.260
500.990
501.720
502.470
503.170
503.880
504.590
505.280
506.030
506.720
507.400
508.130
508.830
509.500
510.190
510.940
511.640
512.350
512.960
513.630
514.250
514.890
515.520
516.160
516.830
517.460
518.100
518.710
519.240
519.720
520.220
520.740
521.200
521.700
522.180
522.690
523.170
523.640
524.130
524.600
525.080
525.540
526.020
526.480
526.930
527.420
527.880
528.340
528.820
529.270
529.720
530.200
530.650
531.110
531.600
532.060
532.540
533.000
533.480
533.940
534.410
534.870
535.320
535.770
536.230
536.700
537.170
537.650
538.120
538.570
539.040
539.480
539.970
540.430
540.900
541.370
541.830
542.280
542.710
543.160
543.590
544.020
544.470
544.900
545.360
545.830
546.270
546.760
547.230
547.680
548.150
548.630
549.110
549.580
550.050
550.490
550.950
551.430
551.890
552.350
552.790
553.250
553.730
554.170
554.630
555.110
555.560
556.030
556.470
556.940
557.400
557.830
558.240
558.670
559.090
559.500
559.930
560.350
560.780
561.180
561.610
562.030
562.430
562.850
563.240
563.670
564.080
564.470
564.900
565.290
565.720
566.150
566.550
566.990
567.430
567.870
568.300
568.760
569.230
569.700
570.160
570.610
571.080
571.530
571.990
572.450
572.910
573.380
573.840
574.300
574.750
575.210
575.680
576.140
576.600
577.060
577.500
577.970
578.430
578.880
579.350
579.790
580.260
580.700
581.160
581.630
582.080
582.550
583.010
583.450
583.900
584.350
584.800
585.240
585.700
586.160
586.600
587.040
587.500
587.970
588.430
588.900
589.360
589.800
590.290
590.760
591.210
591.700
592.170
592.630
593.090
593.570
594.040
594.510
594.990
595.440
595.920
596.360
596.820
597.280
597.740
598.220
598.670
599.140
599.600
600.050
600.520
601.000
601.470
601.930
602.390
602.830
603.280
603.740
604.210
604.660
605.130
605.540
605.970
606.400
606.850
607.230
607.650
608.030
608.430
608.800
609.200
609.580
609.980
610.380
610.790
611.190
611.610
612.040
612.490
612.930
613.350
613.830
614.300
614.780
615.250
615.710
616.170
616.620
617.090
617.530
618.000
618.450
618.930
619.380
619.850
620.310
620.760
621.230
621.700
622.160
622.620
623.100
623.560
624.010
624.470
624.920
625.380
625.820
626.240
626.680
627.130
627.580
628.050
628.510
628.970
629.440
629.910
630.400
630.890
631.360
631.810
632.290
632.760
633.260
633.750
634.250
634.730
635.210
635.670
636.150
636.600
637.070
637.540
638.000
638.450
638.920
639.370
639.830
640.300
640.770
641.230
641.700
642.170
642.630
643.100
643.560
644.020
644.490
644.950
645.420
645.880
646.350
646.790
647.260
647.720
648.180
648.640
649.080
649.530
649.990
650.470
650.930
651.380
651.840
652.300
652.770
653.210
653.650
654.120
654.570
655.000
655.450
655.920
656.360
656.820
657.300
657.760
658.220
658.660
659.130
659.580
660.040
660.530
660.980
661.470
661.930
662.390
662.840
663.290
663.750
664.230
664.680
665.140
665.590
666.050
666.510
667.000
667.470
667.920
668.410
668.890
669.360
669.870
670.360
670.870
671.380
671.880
672.380
672.880
673.370
673.880
674.360
674.840
675.330
675.840
676.380
676.890
677.390
677.900
678.380
678.840
679.320
679.800
680.310
680.790
681.280
681.750
682.220
682.720
683.200
683.680
684.160
684.640
685.100
685.550
685.990
686.430
686.890
687.380
687.870
688.370
688.850
689.330
689.810
690.290
690.790
691.280
691.760
692.250
692.730
693.240
693.780
694.290
694.790
695.290
695.760
696.260
696.740
697.200
697.700
698.180
698.640
699.120
699.620
700.090
700.580
701.060
701.550
702.030
702.500
702.990
703.480
703.960
704.440
704.930
705.420
705.900
706.380
706.870
707.360
707.840
708.330
708.810
709.320
709.790
710.270
710.770
711.270
711.740
712.240
712.720
713.200
713.690
714.170
714.670
715.160
715.650
716.130
716.610
717.100
717.590
718.080
718.560
719.050
719.520
720.000
720.480
720.950
721.440
721.910
722.400
722.870
723.350
723.840
724.330
724.800
725.290
725.780
726.260
726.740
727.240
727.700
728.190
728.670
729.160
729.630
730.110
730.590
731.070
731.560
732.040
732.510
733.000
733.500
733.960
734.460
734.940
735.400
735.880
736.370
736.840
737.340
737.800
738.280
738.780
739.250
739.730
740.220
740.720
741.190
741.670
742.160
742.650
743.120
743.610
744.080
744.560
745.050
745.520
746.010
746.510
746.980
747.470
747.950
748.420
748.900
749.370
749.870
750.350
750.840
751.330
751.820
752.320
752.820
753.280
753.770
754.280
754.780
755.250
755.760
756.250
756.740
757.210
757.700
758.210
758.700
759.170
759.660
760.170
760.630
761.110
761.610
762.090
762.560
763.050
763.540
764.030
764.500
765.020
765.520
766.020
766.530
767.000
767.510
768.010
768.590
769.210
769.800
770.410
771.020
771.620
772.190
772.820
773.410
774.020
774.610
775.260
775.890
776.500
777.130
777.780
778.400
779.060
779.690
780.320
780.950
781.590
782.260
782.900
783.540
784.180
784.810
785.430
