0.700
1.710
2.640
3.630
4.650
5.610
6.540
7.440
8.420
9.350
10.250
11.160
12.050
12.980
13.900
14.770
15.720
16.690
17.680
18.610
19.560
20.430
21.370
22.290
23.280
24.190
25.190
26.130
27.060
27.980
28.970
29.880
30.880
31.810
32.750
33.660
34.600
35.570
36.550
37.490
38.490
39.410
40.390
41.270
42.240
43.220
44.200
45.170
46.140
47.030
47.960
48.930
49.950
50.870
51.880
52.860
53.780
54.730
55.750
56.780
57.790
58.770
59.830
60.880
61.890
62.990
63.990
64.930
65.810
66.730
67.740
68.700
69.670
70.720
71.700
72.670
73.550
74.500
75.410
76.380
77.370
78.380
79.390
80.430
81.380
82.350
83.360
84.320
85.240
86.240
87.170
88.140
89.160
90.140
91.200
92.180
93.180
94.200
95.160
96.210
97.220
98.280
99.290
100.300
101.240
102.200
103.230
104.320
105.330
106.280
107.340
108.320
109.350
110.400
111.370
112.430
113.400
114.400
115.370
116.370
117.330
118.400
119.410
120.400
121.410
122.450
123.470
124.500
125.500
126.550
127.610
128.600
129.620
130.610
131.650
132.610
133.600
134.640
135.600
136.630
137.680
138.680
139.620
140.640
141.610
142.580
143.550
144.540
145.540
146.560
147.570
148.600
149.640
150.580
151.560
152.510
153.530
154.520
155.400
156.270
157.170
157.960
158.730
159.560
160.370
161.130
161.820
162.460
163.160
163.830
164.460
165.140
165.810
166.460
167.120
167.810
168.490
169.160
169.820
170.500
171.140
171.830
172.510
173.190
173.840
174.500
175.130
175.800
176.460
177.100
177.790
178.410
179.050
179.680
180.260
180.890
181.470
182.050
182.690
183.290
183.920
184.550
185.150
185.800
186.420
187.060
187.660
188.370
189.020
189.680
190.380
191.050
191.700
192.390
193.020
193.710
194.360
195.030
195.730
196.370
197.000
197.680
198.330
198.960
199.620
200.220
200.830
201.400
202.010
202.680
203.310
203.950
204.600
205.260
205.950
206.580
207.230
207.870
208.480
209.160
209.810
210.520
211.190
211.910
212.530
213.160
213.770
214.410
215.090
215.740
216.370
216.980
217.640
218.270
218.890
219.540
220.220
220.790
221.410
222.010
222.620
223.200
223.800
224.360
224.980
225.550
226.130
226.740
227.340
228.020
228.710
229.370
230.020
230.710
231.420
232.080
232.760
233.450
234.170
234.860
235.540
236.270
236.970
237.640
238.370
239.020
239.690
240.410
241.050
241.770
242.410
243.090
243.730
244.450
245.150
245.820
246.510
247.230
247.940
248.670
249.360
250.030
250.790
251.490
252.240
252.950
253.700
254.420
255.110
255.780
256.470
257.100
257.720
258.350
258.980
259.650
260.320
261.020
261.670
262.280
262.940
263.570
264.190
264.840
265.530
266.210
266.950
267.640
268.310
268.950
269.560
270.210
270.790
271.420
272.000
272.520
273.090
273.640
274.190
274.730
275.270
275.850
276.430
276.980
277.510
278.060
278.550
279.080
279.620
280.140
280.630
281.200
281.750
282.290
282.880
283.440
283.990
284.610
285.250
285.890
286.530
287.140
287.800
288.410
288.990
289.570
290.160
290.750
291.300
291.900
292.470
293.140
293.790
294.430
295.090
295.750
296.400
297.080
297.670
298.300
298.930
299.620
300.290
300.920
301.610
302.270
302.970
303.670
304.350
305.040
305.740
306.350
307.010
307.650
308.250
308.870
309.450
310.050
310.720
311.400
312.110
312.820
313.580
314.300
315.050
315.770
316.540
317.280
317.970
318.630
319.320
319.980
320.660
321.390
322.070
322.700
323.360
323.980
324.630
325.270
325.910
326.540
327.260
327.990
328.700
329.450
330.170
330.790
331.350
331.920
332.540
333.120
333.690
334.230
334.780
335.280
335.810
336.350
336.910
337.470
338.020
338.570
339.110
339.680
340.220
340.760
341.300
341.870
342.420
342.980
343.510
344.050
344.580
345.200
345.830
346.460
347.100
347.700
348.330
348.980
349.610
350.250
350.860
351.490
352.180
352.860
353.590
354.350
355.160
355.900
356.680
357.380
358.070
358.740
359.480
360.220
360.900
361.580
362.260
362.940
363.640
364.320
364.990
365.630
366.240
366.840
367.450
368.080
368.730
369.390
370.030
370.630
371.230
371.850
372.550
373.210
373.850
374.520
375.160
375.800
376.480
377.130
377.790
378.500
379.220
379.910
380.560
381.200
381.920
382.620
383.310
383.990
384.670
385.330
386.020
386.700
387.410
388.100
388.820
389.480
390.210
390.820
391.440
392.050
392.700
393.230
393.800
394.340
394.910
395.460
396.070
396.710
397.390
398.090
398.780
399.470
400.260
401.010
401.750
402.500
403.300
404.060
404.810
405.570
406.310
407.060
407.730
408.360
409.040
409.700
410.380
411.080
411.710
412.420
413.060
413.660
414.240
414.850
415.480
416.070
416.710
417.340
418.010
418.690
419.380
420.090
420.800
421.560
422.280
422.960
423.670
424.390
425.170
425.920
426.700
427.410
428.190
428.920
429.560
430.240
430.870
431.530
432.150
432.790
433.430
434.050
434.690
435.300
435.950
436.570
437.210
437.810
438.420
439.040
439.620
440.330
441.010
441.740
442.440
443.120
443.820
444.550
445.320
446.090
446.840
447.550
448.360
449.140
449.900
450.700
451.450
452.250
