0.330
1.080
1.770
2.530
3.200
3.910
4.570
5.280
5.940
6.680
7.350
8.060
8.790
9.490
10.170
10.850
11.590
12.250
12.970
13.640
14.350
15.010
15.700
16.390
17.090
17.770
18.490
19.140
19.810
20.530
21.200
21.900
22.600
23.320
23.990
24.690
25.370
26.080
26.740
27.390
28.090
28.750
29.440
30.110
30.770
31.480
32.150
32.820
33.490
34.180
34.900
35.600
36.270
36.900
37.590
38.270
38.970
39.670
40.320
41.000
41.680
42.370
43.050
43.740
44.410
45.110
45.770
46.440
47.120
47.820
48.490
49.160
49.830
50.520
51.190
51.870
52.570
53.220
53.920
54.580
55.260
55.940
56.610
57.290
57.980
58.650
59.320
60.000
60.670
61.330
62.040
62.700
63.390
64.080
64.740
65.410
66.100
66.800
67.460
68.130
68.790
69.490
70.170
70.830
71.490
72.150
72.830
73.490
74.160
74.850
75.490
76.150
76.850
77.520
78.120
78.520
78.850
79.190
79.530
79.870
80.210
80.530
80.860
81.200
81.540
81.870
82.210
82.550
82.880
83.220
83.580
83.910
84.240
84.570
84.890
85.220
85.570
85.900
86.240
86.580
86.920
87.250
87.590
87.930
88.290
88.620
88.970
89.310
89.650
89.980
90.330
90.650
91.010
91.340
91.680
92.020
92.350
92.680
93.010
93.350
93.690
94.020
94.360
94.700
95.030
95.380
95.710
96.060
96.410
96.750
97.070
97.410
97.750
98.100
98.450
98.790
99.130
99.480
99.820
100.160
100.490
100.830
101.180
101.510
101.850
102.180
102.520
102.850
103.200
103.540
103.870
104.210
104.570
104.890
105.250
105.580
105.910
106.250
106.610
106.920
107.270
107.600
107.940
108.270
108.630
108.950
109.290
109.640
109.970
110.330
110.670
111.000
111.350
111.680
112.030
112.340
112.690
113.010
113.350
113.660
114.010
114.350
114.680
115.010
115.350
115.670
116.020
116.330
116.670
116.990
117.330
117.660
118.000
118.340
118.670
119.000
119.350
119.680
120.030
120.360
120.720
121.060
121.400
121.740
122.070
122.400
122.740
123.070
123.410
123.730
124.060
124.400
124.730
125.070
125.410
125.730
126.080
126.400
126.740
127.060
127.400
127.720
128.060
128.380
128.720
129.030
129.360
129.690
130.020
130.350
130.680
131.020
131.350
131.690
132.050
132.390
132.740
133.070
133.420
133.770
134.120
134.450
134.800
135.130
135.490
135.820
136.160
136.490
136.830
137.160
137.500
137.830
138.170
138.490
138.830
139.180
139.520
139.840
140.190
140.530
140.870
141.200
141.550
141.880
142.230
142.560
142.900
143.230
143.590
143.910
144.260
144.600
144.950
145.280
145.630
145.960
146.310
146.630
146.970
147.310
147.660
147.980
148.310
148.640
148.980
149.290
149.640
149.950
150.290
150.610
150.950
151.270
151.610
151.930
152.260
152.600
152.950
153.280
153.620
153.950
154.300
154.630
154.970
155.300
155.640
155.960
156.300
156.630
156.970
157.290
157.630
157.960
158.290
158.610
158.950
159.270
159.610
159.920
160.250
160.570
160.910
161.220
161.560
161.890
162.230
162.560
162.880
163.220
163.560
163.880
164.220
164.550
164.870
165.200
165.550
165.870
166.190
166.530
166.860
167.190
167.520
167.850
168.190
168.510
168.840
169.180
169.520
169.850
170.190
170.530
170.870
171.190
171.510
171.850
172.190
172.530
172.860
173.190
173.530
173.850
174.170
174.520
174.840
175.180
175.510
175.840
176.170
176.490
176.810
177.140
177.470
177.780
178.100
178.430
178.750
179.060
179.390
179.710
180.030
180.340
180.670
180.980
181.300
181.630
181.950
182.240
182.550
182.840
183.150
183.450
183.740
184.050
184.340
184.620
184.910
185.210
185.490
185.780
186.070
186.370
186.660
186.950
187.240
