0.220
0.610
1.000
1.420
1.820
2.220
2.600
3.000
3.420
3.800
4.210
4.610
5.020
5.440
5.840
6.230
6.640
7.040
7.470
7.890
8.330
8.750
9.170
9.580
9.980
10.380
10.790
11.200
11.610
12.030
12.450
12.860
13.260
13.650
14.030
14.420
14.830
15.220
15.610
15.990
16.390
16.810
17.220
17.630
18.060
18.460
18.880
19.300
19.710
20.110
20.530
20.950
21.370
21.770
22.200
22.610
23.010
23.420
23.850
24.290
24.710
25.130
25.560
26.000
26.420
26.830
27.260
27.700
28.130
28.530
28.950
29.390
29.820
30.230
30.650
31.080
31.500
31.910
32.330
32.750
33.170
33.580
34.000
34.400
34.820
35.240
35.670
36.090
36.480
36.890
37.310
37.730
38.170
38.580
38.990
39.430
39.840
40.240
40.660
41.090
41.510
41.910
42.330
42.750
43.170
43.580
43.990
44.420
44.850
45.250
45.660
46.090
46.510
46.910
47.330
47.770
48.190
48.600
49.010
49.450
49.870
50.280
50.690
51.120
51.550
51.960
52.390
52.800
53.220
53.620
54.040
54.470
54.890
55.290
55.710
56.130
56.560
56.970
57.390
57.820
58.240
58.650
59.070
59.480
59.900
60.320
60.730
61.150
61.560
61.970
62.380
62.810
63.210
63.630
64.040
64.450
64.860
65.270
65.690
66.120
66.520
66.930
67.330
67.750
68.170
68.570
68.990
69.400
69.820
70.230
70.630
71.050
71.460
71.860
72.280
72.690
73.100
73.510
73.910
74.330
74.740
75.160
75.580
75.990
76.410
76.810
77.210
77.650
78.070
78.470
78.890
79.310
79.720
80.140
80.550
80.970
81.390
81.800
82.220
82.630
83.040
83.440
83.840
84.250
84.670
85.080
85.500
85.910
86.320
86.720
87.120
87.520
87.930
88.330
88.740
89.140
89.550
89.940
90.330
90.750
91.170
91.570
91.990
92.420
92.840
93.260
93.670
94.080
94.500
94.910
95.330
95.740
96.150
96.550
96.960
97.380
97.800
98.210
98.620
99.040
99.450
99.850
100.280
100.680
101.080
101.500
101.900
102.310
102.720
103.110
103.520
103.940
104.350
104.760
105.170
105.580
105.980
106.380
106.790
107.200
107.620
108.020
108.450
108.870
109.290
109.700
110.120
110.530
110.960
111.380
111.790
112.210
112.620
113.040
113.460
113.880
114.280
114.710
115.130
115.550
115.970
116.390
116.800
117.210
117.640
118.060
118.500
118.920
119.360
119.770
120.190
120.600
121.010
121.430
121.840
122.250
122.670
123.080
123.490
123.900
124.320
124.740
125.160
125.580
125.990
126.400
126.810
127.220
127.630
128.040
128.450
128.870
129.270
129.650
130.050
130.480
130.890
131.310
131.730
132.140
132.560
132.980
133.420
133.830
134.240
134.650
135.070
135.470
135.880
136.290
136.710
137.110
137.520
137.930
138.330
138.750
139.150
139.540
139.960
140.360
140.760
141.180
141.560
141.960
142.350
142.730
143.120
143.540
143.940
144.350
144.750
145.160
145.580
146.000
146.410
146.810
147.230
147.650
148.050
148.460
148.860
149.270
149.690
150.090
150.510
150.920
151.330
151.750
152.150
152.570
152.960
153.380
153.780
154.180
154.590
155.000
155.380
155.800
156.190
156.600
157.030
157.440
157.850
158.260
158.650
159.080
159.500
159.910
160.330
160.760
161.150
161.540
161.930
162.320
162.720
163.100
163.520
163.920
164.300
164.720
165.110
165.510
165.910
166.330
166.730
167.130
167.560
167.960
168.370
168.780
169.180
169.560
169.940
170.350
170.740
171.130
171.500
171.910
172.290
172.680
173.070
173.470
173.850
174.220
174.560
174.910
175.250
175.580
175.960
176.320
176.710
177.110
177.510
177.900
178.290
178.670
179.060
179.440
179.850
180.280
180.690
181.090
181.500
181.910
182.330
182.730
183.150
183.560
183.960
184.360
184.770
185.190
185.580
185.990
186.390
186.790
187.200
187.610
188.020
188.410
188.820
189.220
189.620
190.000
190.380
190.750
191.140
191.540
191.930
192.340
192.800
193.240
193.650
194.090
194.500
194.910
195.310
195.730
196.150
196.560
196.980
197.390
197.810
198.220
198.640
199.050
199.470
199.870
200.280
200.690
201.100
201.500
201.910
202.310
202.700
203.090
203.500
203.890
204.280
204.670
205.050
205.450
205.840
206.230
206.610
207.000
207.410
207.820
208.200
208.610
209.070
209.530
209.970
210.430
210.880
211.290
211.730
212.170
212.590
213.030
213.440
213.880
214.300
214.740
215.180
215.600
215.980
216.390
216.780
217.180
217.600
217.990
218.390
218.770
219.170
219.560
219.960
220.350
220.740
221.130
221.530
221.930
222.300
222.700
223.110
223.510
223.890
224.290
224.690
225.090
225.480
225.870
226.260
226.640
227.030
227.420
227.810
228.180
228.570
228.940
229.350
229.740
230.130
230.500
230.890
231.280
231.670
232.080
232.500
232.920
233.320
233.730
234.140
234.560
234.970
235.370
235.780
236.200
236.610
237.010
237.420
237.830
238.230
238.630
239.040
239.450
239.860
240.260
240.670
241.080
241.470
241.860
242.280
242.680
243.080
243.500
243.890
244.300
244.690
245.080
245.510
245.920
246.310
246.730
247.130
247.540
247.930
248.320
248.720
249.120
249.520
249.930
250.340
250.740
251.130
251.520
251.920
252.320
252.730
253.130
253.530
253.940
254.330
254.700
255.110
255.510
255.900
256.300
256.720
257.120
257.510
257.920
258.320
258.730
259.140
259.530
259.940
260.350
260.740
261.150
261.550
261.940
262.350
262.760
263.180
263.570
263.970
264.370
264.790
265.200
265.600
266.010
266.420
266.800
267.200
267.590
268.000
268.390
268.790
269.160
269.560
269.960
270.350
270.720
271.130
271.510
271.900
272.300
272.690
273.090
273.490
273.890
274.290
274.690
275.090
275.490
275.890
276.320
276.730
277.120
277.550
277.930
278.300
278.690
279.070
279.440
279.850
280.240
280.640
281.050
281.430
281.850
282.260
282.660
283.090
283.510
283.910
284.350
284.760
285.180
285.600
286.070
286.530
286.980
287.440
287.910
288.350
288.830
289.290
289.740
290.190
290.650
291.110
291.580
292.050
292.490
292.960
293.430
293.890
294.350
294.800
295.270
295.730
296.170
296.650
297.090
297.550
298.040
298.490
