0.140
0.500
0.860
1.250
1.660
2.050
2.390
2.750
3.080
3.440
3.780
4.130
4.490
4.850
5.180
5.550
5.880
6.230
6.560
6.910
7.270
7.630
7.980
8.340
8.700
9.050
9.420
9.850
10.260
10.670
11.060
11.490
11.960
12.430
12.880
13.330
13.810
14.260
14.730
15.230
15.690
16.180
16.620
17.070
17.540
17.990
18.430
18.890
19.350
19.800
20.250
20.700
21.150
21.600
22.050
22.400
22.760
23.110
23.450
23.810
24.170
24.540
24.910
25.290
25.670
26.020
26.380
26.730
27.110
27.450
27.820
28.310
28.800
29.270
29.760
30.230
30.720
31.200
31.670
32.150
32.620
33.100
33.550
34.020
34.490
34.950
35.410
35.860
36.330
36.800
37.260
37.730
38.210
38.670
39.140
39.600
40.070
40.540
41.000
41.460
41.930
42.400
42.870
43.330
43.790
44.230
44.700
45.180
45.640
46.120
46.580
47.050
47.510
47.990
48.450
48.920
49.390
49.850
50.320
50.780
51.240
51.700
52.180
52.660
53.130
53.600
54.090
54.650
55.170
55.640
56.100
56.560
57.040
57.500
57.970
58.430
58.870
59.350
59.820
60.300
60.770
61.230
61.690
62.140
62.600
63.070
63.510
63.980
64.440
64.900
65.350
65.830
66.280
66.760
67.260
67.740
68.200
68.670
69.120
69.590
70.060
70.520
70.990
71.480
71.930
72.400
72.890
73.340
73.810
74.290
74.770
75.220
75.680
76.150
76.580
77.040
77.500
77.950
78.420
78.860
79.320
79.780
80.230
80.690
81.140
81.590
82.060
82.540
83.010
83.470
83.940
84.410
84.870
85.340
85.800
86.260
86.710
87.190
87.650
88.110
88.570
89.020
89.470
89.930
90.410
90.860
91.320
91.770
92.240
92.700
93.160
93.630
94.080
94.530
95.000
95.460
95.930
96.400
96.860
97.340
97.800
98.260
98.740
99.210
99.680
100.150
100.630
101.090
101.550
102.010
102.480
102.940
103.390
103.870
104.330
104.780
105.250
105.720
106.180
106.640
107.100
107.560
108.020
108.480
108.940
109.410
109.870
110.340
110.800
111.260
111.720
112.190
112.660
113.120
113.590
114.070
114.530
114.990
115.470
115.940
116.400
116.870
117.340
117.820
118.280
118.750
119.210
119.670
120.150
120.610
121.090
121.550
122.020
122.510
122.970
123.430
123.880
124.350
124.820
125.280
125.760
126.220
126.680
127.160
127.610
128.080
128.540
129.010
129.480
129.950
130.420
130.880
131.350
131.810
132.270
132.720
133.190
133.650
134.130
134.610
135.080
135.550
136.000
136.470
136.950
137.410
137.880
138.340
138.800
139.270
139.740
140.210
140.670
141.120
141.590
142.070
142.550
143.020
143.480
143.960
144.420
144.870
145.320
145.790
146.250
146.710
147.170
147.620
148.080
148.540
149.000
149.470
149.940
150.390
150.840
151.280
151.750
152.200
152.630
153.100
153.560
154.020
154.470
154.920
155.390
155.840
156.290
156.770
157.220
157.670
158.130
158.580
159.040
159.490
159.950
160.410
160.890
161.330
161.790
162.260
162.710
163.190
163.650
164.110
164.560
165.020
165.480
165.920
166.390
166.840
167.300
167.760
168.210
168.670
169.130
169.590
170.040
170.500
170.960
171.390
171.860
172.300
172.750
173.220
173.670
174.120
174.570
175.020
175.470
175.930
176.380
176.850
177.310
177.770
178.250
178.720
179.180
179.660
180.120
180.560
181.030
181.490
181.940
182.360
182.820
183.250
183.700
184.190
184.660
185.150
185.610
186.080
186.570
187.030
187.490
187.940
188.410
188.870
189.330
189.800
190.260
190.700
191.200
191.700
192.170
192.620
193.110
193.580
194.040
194.510
194.990
195.460
195.920
196.370
196.840
197.290
197.750
198.210
198.650
199.120
199.580
200.040
200.530
200.980
201.470
201.940
202.400
202.860
203.330
203.790
204.260
204.720
205.190
205.640
206.070
206.540
206.980
207.440
207.830
208.220
208.590
208.980
209.390
209.780
210.140
210.480
210.820
211.180
211.530
211.870
212.230
212.590
212.930
213.290
213.610
213.970
214.290
214.670
215.020
215.380
215.750
216.100
216.450
216.890
217.290
217.730
218.140
218.560
219.050
219.520
219.970
220.450
220.950
221.420
221.890
222.360
222.820
223.310
223.770
224.230
224.670
225.140
225.600
226.060
226.510
226.990
227.460
227.920
228.410
228.870
229.340
229.700
230.070
230.440
230.810
231.160
231.510
231.900
232.290
232.670
233.030
233.380
233.730
234.070
234.420
234.770
235.130
235.460
235.820
236.160
236.510
236.860
237.220
237.590
237.940
238.300
238.660
239.020
239.380
239.750
240.120
240.470
240.790
241.100
241.400
241.710
242.030
242.330
242.640
242.950
243.260
243.570
243.880
244.200
244.510
244.820
245.140
245.460
245.780
246.100
246.420
246.730
247.060
247.380
