0.150
0.770
1.360
1.950
2.550
3.150
3.750
4.350
4.940
5.550
6.120
6.720
7.360
7.950
8.540
9.160
9.760
10.350
10.970
11.540
12.170
12.740
13.340
13.950
14.570
15.170
15.750
16.360
16.970
17.550
18.120
18.730
19.350
19.950
20.530
21.120
21.740
22.340
22.950
23.530
24.140
24.750
25.340
25.940
26.560
27.180
27.790
28.360
28.940
29.550
30.120
30.700
31.260
31.820
32.420
32.970
33.540
34.130
34.700
35.270
35.820
36.400
36.970
37.570
38.140
38.710
39.320
39.890
40.470
41.020
41.590
42.150
42.730
43.310
43.880
44.460
45.040
45.630
46.180
46.750
47.320
47.930
48.500
49.090
49.650
50.220
50.800
51.380
51.960
52.530
53.120
53.690
54.250
54.820
55.390
55.950
56.520
57.100
57.670
58.240
58.790
59.350
59.920
60.480
61.040
61.620
62.180
62.770
63.350
63.930
64.500
65.090
65.690
66.260
66.840
67.400
67.970
68.550
69.100
69.680
70.230
70.780
71.340
71.900
72.450
73.020
73.600
74.150
74.740
75.320
75.870
76.440
77.000
77.580
78.150
78.660
78.970
79.270
79.550
79.840
80.130
80.420
80.720
81.000
81.290
81.570
81.850
82.130
82.410
82.690
82.970
83.260
83.540
83.830
84.110
84.400
84.690
84.990
85.280
85.560
85.840
86.120
86.410
86.690
86.960
87.240
87.520
87.800
88.080
88.360
88.640
88.930
89.200
89.480
89.760
90.040
90.320
90.600
90.880
91.160
91.440
91.730
92.000
92.290
92.570
92.860
93.140
93.430
93.720
94.010
94.280
94.570
94.850
95.130
95.410
95.690
95.960
96.250
96.530
96.810
97.080
97.370
97.650
97.940
98.220
98.520
98.790
99.080
99.350
99.640
99.920
100.200
100.480
100.750
101.030
101.310
101.590
101.880
102.160
102.440
102.720
102.990
103.270
103.560
103.840
104.110
104.390
104.670
104.950
105.240
105.520
105.810
106.100
106.390
106.670
106.960
107.230
107.520
107.800
108.080
108.350
108.630
108.920
109.200
109.470
109.760
110.030
110.320
110.590
110.870
111.160
111.460
111.740
112.040
112.320
112.610
112.910
113.180
113.470
113.740
114.020
114.300
114.590
114.860
115.140
115.430
115.710
115.990
116.280
116.570
116.850
117.140
117.430
117.700
117.990
118.260
118.550
118.820
119.110
119.380
119.670
119.960
120.250
120.540
120.820
121.110
121.380
121.660
121.940
122.230
122.500
122.790
123.080
123.370
123.650
123.940
124.230
124.510
124.790
125.080
125.350
125.640
125.910
126.200
126.490
126.780
127.070
127.360
127.640
127.940
128.220
128.510
128.800
129.100
129.380
129.680
129.960
130.250
130.530
130.820
131.090
131.380
131.650
131.940
132.230
132.520
132.810
133.100
133.390
133.680
133.970
134.260
134.540
134.840
135.120
135.410
135.710
136.000
136.280
136.570
136.860
137.150
137.440
137.740
138.030
138.310
138.600
138.900
139.180
139.480
139.750
140.040
140.310
140.600
140.890
141.170
141.470
141.750
142.040
142.330
142.610
142.890
143.170
143.460
143.740
144.030
144.320
144.600
144.900
145.190
145.480
145.760
146.060
146.330
146.610
146.900
147.190
147.490
147.770
148.060
148.360
148.650
148.930
149.220
149.510
149.810
150.100
150.390
150.670
150.970
151.250
151.540
151.830
152.120
152.410
152.700
152.990
153.270
153.560
153.840
154.120
154.400
154.690
154.980
155.270
155.560
155.840
156.140
156.420
156.720
156.990
157.270
157.550
157.840
158.120
158.400
158.680
158.970
159.260
159.550
159.830
160.130
160.410
160.700
160.990
161.280
161.560
161.830
162.110
162.400
162.690
162.980
163.260
163.550
163.840
164.130
164.420
164.700
164.970
165.270
165.550
165.850
166.130
166.420
166.710
167.000
167.290
167.570
167.850
168.140
168.430
168.720
169.010
169.310
169.590
169.890
170.170
170.460
170.750
171.040
171.320
171.600
171.880
172.170
172.440
172.730
173.010
173.280
173.570
173.850
174.140
174.430
174.710
175.010
175.290
175.590
175.880
176.170
176.460
176.750
177.030
177.310
177.580
177.860
178.150
178.450
178.740
179.030
179.310
179.610
179.890
180.180
180.460
180.750
181.030
181.310
181.600
181.890
182.180
182.470
182.760
183.040
183.320
183.590
183.880
184.170
184.460
184.750
185.030
185.330
185.610
185.900
186.190
186.480
186.770
187.060
187.350
187.640
187.910
188.200
188.480
188.770
189.060
189.350
189.640
189.920
190.210
190.500
190.800
191.070
191.350
191.640
191.910
192.200
192.480
192.760
193.040
193.320
193.610
193.900
194.200
194.480
194.780
195.060
195.350
195.640
195.930
196.230
196.510
196.800
197.090
197.390
197.680
197.970
198.260
198.560
198.850
199.150
199.450
199.740
200.030
200.320
200.610
200.900
201.190
201.480
201.780
202.070
202.360
202.650
202.940
203.230
203.520
203.810
204.090
204.400
204.690
204.990
205.270
205.570
205.850
206.150
206.430
206.740
207.030
207.330
207.630
207.920
208.210
208.490
208.780
209.070
209.360
209.660
209.940
210.230
210.530
210.820
211.110
211.400
211.680
211.990
212.280
212.570
212.860
213.150
213.440
213.740
214.020
214.320
214.610
214.900
215.190
215.480
215.780
216.080
216.370
216.680
216.970
217.270
217.560
217.850
218.140
218.430
218.720
219.020
219.310
219.600
219.890
220.180
220.460
220.760
221.040
221.340
221.620
221.910
222.200
222.490
222.790
223.080
223.360
223.660
223.940
224.240
224.530
224.820
225.110
225.400
225.700
226.000
226.290
226.600
226.890
227.200
227.490
227.800
228.090
228.400
228.690
228.990
229.290
229.580
229.870
230.170
230.450
230.750
231.040
231.340
231.640
231.950
232.250
232.540
232.820
233.120
233.410
233.690
233.980
234.280
234.570
234.870
235.160
235.470
235.760
236.060
236.350
236.640
236.930
237.230
237.520
237.810
238.100
238.400
238.700
238.990
239.290
239.580
239.870
240.170
240.450
240.760
241.050
241.360
241.650
241.930
242.230
242.510
242.810
243.100
243.380
243.680
243.980
244.280
244.570
244.880
245.160
245.460
245.740
246.040
246.320
246.620
246.900
247.200
247.480
247.780
248.070
248.360
248.650
248.940
249.220
249.520
249.800
250.100
250.390
250.680
250.970
251.250
251.540
251.850
252.150
252.450
252.740
253.020
253.310
253.610
253.890
254.200
254.490
254.800
255.090
255.390
255.670
255.970
256.260
256.560
256.850
257.150
257.450
257.740
258.030
258.330
258.610
258.910
259.190
259.490
259.780
260.070
260.360
260.650
260.930
261.230
261.510
261.790
262.070
262.350
262.640
262.920
263.200
263.480
263.770
264.060
264.340
264.640
264.920
265.210
265.500
265.790
266.080
266.370
266.670
266.960
267.250
267.540
267.830
268.120
268.400
268.700
268.980
269.280
269.560
269.850
270.140
270.440
270.720
271.020
271.300
271.600
271.880
272.170
272.460
272.760
273.050
273.340
273.630
273.920
274.200
274.500
274.810
275.110
275.410
275.710
276.010
276.310
276.600
276.900
277.200
277.500
277.800
278.100
278.400
278.700
279.000
279.300
279.600
279.900
280.210
280.510
280.820
281.130
281.440
281.750
282.060
282.370
282.680
282.990
283.310
283.620
283.940
284.250
284.570
284.890
285.210
285.530
285.850
286.170
286.490
286.810
287.130
287.460
287.780
288.100
288.420
288.740
289.060
289.370
289.690
290.020
290.340
290.660
