0.700
1.510
2.400
3.210
4.090
4.910
5.780
6.620
7.490
8.400
9.270
10.120
10.980
11.850
12.750
13.610
14.490
15.360
16.240
17.130
17.970
18.830
19.700
20.500
21.360
22.240
23.090
23.960
24.800
25.670
26.520
27.390
28.240
29.130
29.980
30.840
31.700
32.550
33.440
34.310
35.220
36.110
37.020
37.900
38.760
39.650
40.550
41.440
42.320
43.170
44.060
44.920
45.810
46.720
47.600
48.490
49.350
50.260
51.090
52.020
52.880
53.770
54.660
55.530
56.420
57.340
58.220
59.100
59.960
60.880
61.730
62.600
63.450
64.340
65.200
66.060
66.920
67.780
68.650
69.520
70.380
71.250
72.150
73.050
73.930
74.790
75.640
76.530
77.430
78.320
79.220
80.090
80.980
81.850
82.720
83.590
84.490
85.390
86.310
87.210
88.100
89.000
89.960
90.820
91.650
92.560
93.460
94.400
95.310
96.210
97.110
98.010
98.930
99.850
100.750
101.640
102.530
103.410
104.310
105.250
106.120
107.000
107.890
108.780
109.650
110.550
111.440
112.350
113.240
114.140
115.050
115.950
116.820
117.720
118.600
119.540
120.430
121.350
122.220
123.140
124.020
124.930
125.830
126.730
127.630
128.540
129.410
130.330
131.250
132.140
133.020
133.920
134.810
135.680
136.520
137.410
138.300
139.150
140.020
140.930
141.820
142.690
143.600
144.480
145.360
146.250
147.150
148.020
148.920
149.770
150.700
151.560
152.410
153.290
154.140
155.010
155.870
156.750
157.630
158.480
159.370
160.280
161.180
162.030
162.900
163.750
164.640
165.520
166.400
167.300
168.180
169.050
169.930
170.780
171.700
172.550
173.450
174.350
175.270
176.150
177.070
178.000
178.900
179.780
180.700
181.640
182.540
183.500
184.360
185.280
186.200
187.110
187.980
188.910
189.820
190.710
191.680
192.590
193.460
194.360
195.210
196.100
196.980
197.870
198.740
199.620
200.550
201.410
202.310
203.170
204.110
205.000
205.810
206.690
207.550
208.460
209.350
210.180
211.080
211.960
212.860
213.740
214.640
215.500
216.390
217.250
218.140
219.030
219.950
220.840
221.710
222.580
223.450
224.340
225.230
226.150
227.010
227.900
228.820
229.740
230.660
231.540
232.500
233.370
234.280
235.160
236.040
236.970
237.800
238.700
239.590
240.500
241.430
242.290
243.210
244.060
244.990
245.910
246.840
247.740
248.660
249.580
250.510
251.420
252.320
253.200
254.120
255.030
255.920
256.820
257.780
258.660
259.570
260.460
261.380
262.290
263.150
264.120
265.040
265.910
266.880
267.800
268.670
269.640
270.560
271.490
272.410
273.350
274.270
275.160
276.110
277.040
277.920
278.900
279.880
280.880
281.740
282.730
283.660
284.630
285.540
286.510
287.570
288.650
289.760
290.890
291.980
293.070
294.060
295.110
296.130
297.110
298.100
299.050
