0.170
0.780
1.370
1.930
2.530
3.060
3.600
4.180
4.710
5.260
5.840
6.380
6.960
7.550
8.100
8.680
9.320
9.950
10.630
11.350
12.150
12.900
13.660
14.530
15.370
16.270
17.070
17.870
18.670
19.470
20.360
21.160
22.020
22.870
23.710
24.510
25.280
26.140
26.960
27.790
28.640
29.440
30.330
31.160
32.050
32.960
33.840
34.770
35.630
36.540
37.570
38.530
39.500
40.500
41.510
42.440
43.420
44.370
45.380
46.330
47.280
48.200
49.130
50.170
51.150
52.120
53.150
54.190
55.150
56.140
57.160
58.130
59.130
60.130
60.940
61.810
62.650
63.460
64.360
65.180
66.010
66.890
67.740
68.600
69.420
70.160
70.930
71.670
72.440
73.190
73.990
74.750
75.500
76.230
76.990
77.750
78.470
79.240
79.990
80.770
81.510
82.280
83.010
83.770
84.580
85.380
86.140
86.970
87.730
88.560
89.360
90.110
90.930
91.690
92.460
93.210
94.010
94.780
95.550
96.310
97.060
97.820
98.640
99.400
100.160
100.970
101.780
102.600
103.360
104.010
104.630
105.240
105.910
106.530
107.190
107.800
108.450
109.050
109.690
110.270
110.880
111.500
112.110
112.680
113.250
113.820
114.390
114.950
115.540
116.090
116.660
117.210
117.780
118.340
118.910
119.470
120.010
120.540
121.130
121.680
122.230
122.790
123.370
123.920
124.490
125.020
125.610
126.140
126.700
127.260
127.800
128.370
128.920
129.490
130.030
130.600
131.150
131.710
132.290
132.860
133.420
133.970
134.540
135.110
135.690
136.250
136.800
137.380
137.930
138.450
139.020
139.580
140.140
140.710
141.260
141.830
142.380
142.930
143.480
144.040
144.590
145.130
145.700
146.260
146.790
147.360
147.920
148.490
149.050
149.600
150.180
150.760
151.300
151.850
152.440
153.000
153.550
154.090
154.680
155.210
155.790
156.350
156.870
157.450
157.990
158.580
159.130
159.670
160.230
160.820
161.380
161.920
162.500
163.040
163.630
164.170
164.730
165.320
165.880
166.420
167.000
167.540
168.100
168.650
169.250
169.810
170.390
170.960
171.510
172.140
172.770
173.390
174.030
174.690
175.340
176.060
176.780
177.480
178.300
179.100
179.910
180.690
181.430
182.230
183.020
183.880
184.740
185.560
186.420
187.280
188.150
188.980
189.840
190.620
191.420
