0.190
0.680
1.210
1.730
2.250
2.790
3.300
3.800
4.330
4.850
5.390
5.910
6.420
6.940
7.450
7.920
8.430
8.930
9.450
9.980
10.490
11.000
11.510
12.030
12.550
13.070
13.590
14.090
14.610
15.130
15.650
16.170
16.710
17.230
17.770
18.270
18.790
19.320
19.830
20.350
20.860
21.390
21.900
22.420
22.920
23.440
23.950
24.480
25.010
25.540
26.060
26.570
27.090
27.600
28.130
28.660
29.180
29.710
30.220
30.740
31.260
31.800
32.310
32.830
33.360
33.890
34.410
34.950
35.480
36.010
36.530
37.050
37.580
38.110
38.630
39.190
39.720
40.250
40.780
41.290
41.810
42.340
42.910
43.450
43.970
44.490
45.020
45.550
46.090
46.610
47.130
47.650
48.160
48.670
49.200
49.710
50.220
50.740
51.240
51.770
52.310
52.830
53.360
53.870
54.370
54.880
55.400
55.930
56.450
56.970
57.470
57.970
58.490
59.030
59.540
60.070
60.590
61.110
61.620
62.130
62.660
63.180
63.690
64.220
64.720
65.270
65.780
66.310
66.800
67.350
67.860
68.360
68.850
69.370
69.880
70.390
70.910
71.440
71.990
72.500
73.010
73.530
74.050
74.590
75.130
75.640
76.150
76.660
77.190
77.690
78.220
78.740
79.260
79.780
80.320
80.840
81.370
81.890
82.410
82.940
83.450
84.000
84.520
85.040
85.560
86.060
86.570
87.080
87.600
88.140
88.640
89.150
89.670
90.190
90.700
91.210
91.740
92.280
92.790
93.310
93.810
94.320
94.820
95.330
95.840
96.370
96.900
97.400
97.930
98.450
98.980
99.500
100.010
100.540
101.060
101.580
102.090
102.610
103.120
103.640
104.130
104.630
105.130
105.620
106.150
106.640
107.170
107.660
108.180
108.700
109.240
109.770
110.310
110.830
111.350
111.900
112.410
112.920
113.420
113.910
114.420
114.920
115.410
115.940
116.450
116.960
117.470
117.960
118.470
118.970
119.480
120.010
120.520
121.030
121.550
122.030
122.550
123.060
123.570
124.070
124.590
125.130
125.640
126.150
126.670
127.170
127.690
128.180
128.700
129.190
129.720
130.220
130.730
131.260
131.750
132.250
132.750
133.260
133.780
134.270
134.780
135.290
135.790
136.310
136.820
137.330
137.880
138.380
138.900
139.430
139.930
140.420
140.910
141.420
141.970
142.500
143.030
143.520
144.040
144.560
145.070
145.550
146.030
146.510
146.970
147.460
147.950
148.410
148.900
149.390
149.870
