0.400
1.140
1.920
2.630
3.360
4.090
4.800
5.520
6.260
6.980
7.670
8.430
9.130
9.860
10.590
11.310
12.030
12.740
13.480
14.170
14.900
15.600
16.330
17.030
17.750
18.460
19.180
19.880
20.600
21.290
22.020
22.740
23.460
24.160
24.880
25.590
26.330
27.040
27.760
28.460
29.190
29.900
30.610
31.330
32.070
32.790
33.490
34.220
34.930
35.660
36.410
37.100
37.840
38.560
39.250
40.000
40.700
41.430
42.150
42.840
43.550
44.290
45.000
45.730
46.450
47.140
47.860
48.590
49.310
50.030
50.740
51.450
52.170
52.900
53.620
54.340
55.060
55.790
56.510
57.220
57.950
58.660
59.390
60.150
60.870
61.600
62.330
63.050
63.770
64.480
65.210
65.930
66.650
67.360
68.080
68.810
69.530
70.240
70.960
71.690
72.370
73.120
73.820
74.530
75.240
75.960
76.670
77.400
78.100
78.820
79.530
80.260
80.950
81.670
82.400
83.100
83.800
84.510
85.240
85.980
86.680
87.390
88.120
88.810
89.540
90.230
90.930
91.680
92.370
93.090
93.830
94.530
95.250
95.960
96.660
97.400
98.110
98.820
99.550
100.270
100.950
101.680
102.420
103.120
103.830
104.540
105.260
105.990
106.730
107.440
108.150
108.890
109.600
110.310
111.010
111.710
112.420
113.130
113.860
114.570
115.290
116.000
116.700
117.400
118.110
118.840
119.550
120.270
120.970
121.680
122.390
123.110
123.830
124.500
125.240
125.920
126.630
127.360
128.070
128.780
129.480
130.190
130.900
131.620
132.320
133.030
133.740
134.480
135.190
135.880
136.600
137.340
138.050
138.770
139.500
140.230
140.920
141.640
142.340
143.050
143.770
144.510
145.210
145.940
146.630
147.340
148.070
148.770
149.440
150.150
150.880
151.600
152.290
152.980
153.720
154.430
155.140
155.860
156.590
157.270
157.990
158.660
159.380
160.050
160.760
161.480
162.170
162.900
163.630
164.330
165.030
165.750
166.490
167.200
167.940
168.680
169.380
170.120
170.850
171.560
172.290
173.010
173.750
174.460
175.160
175.890
176.630
177.310
178.070
178.760
179.510
180.230
180.940
181.670
182.400
183.120
183.860
184.570
185.320
186.010
186.720
187.420
188.150
188.860
189.570
190.270
190.990
191.660
192.340
193.070
193.770
194.480
195.180
195.910
196.640
197.360
198.050
198.790
199.510
200.220
200.920
201.640
202.370
203.080
203.790
204.540
205.270
205.980
206.700
207.420
208.120
208.830
209.540
210.270
210.970
211.710
212.400
213.110
213.790
214.480
215.200
215.880
216.600
217.270
217.980
218.680
219.390
220.090
220.790
221.500
222.210
222.920
223.640
224.330
225.030
225.750
226.440
227.160
227.910
228.620
229.350
230.040
230.770
231.480
232.200
232.940
233.650
234.310
235.050
235.740
236.410
237.120
237.850
238.570
239.290
240.000
240.710
241.450
242.140
242.870
243.550
244.210
244.870
245.560
246.200
246.810
247.450
248.180
248.870
249.520
250.220
250.880
251.560
252.230
252.920
253.630
254.280
254.960
255.650
256.350
256.980
257.610
258.210
258.840
259.460
260.070
260.730
261.330
261.990
262.610
263.210
263.830
264.450
265.070
265.680
266.300
266.930
267.570
