0.360
0.860
1.340
1.830
2.300
2.760
3.230
3.710
4.180
4.660
5.130
5.630
6.090
6.560
7.030
7.500
7.990
8.450
8.920
9.400
9.870
10.330
10.800
11.260
11.720
12.190
12.640
13.110
13.560
14.030
14.500
14.950
15.420
15.900
16.350
16.810
17.280
17.730
18.220
18.680
19.140
19.590
20.060
20.510
20.980
21.430
21.900
22.350
22.820
23.290
23.750
24.220
24.680
25.150
25.610
26.070
26.520
26.980
27.430
27.890
28.340
28.800
29.250
29.710
30.160
30.630
31.090
31.560
32.020
32.470
32.920
33.380
33.840
34.310
34.780
35.230
35.680
36.130
36.570
37.050
37.490
37.960
38.420
38.880
39.350
39.810
40.260
40.730
41.190
41.650
42.100
42.560
43.010
43.460
43.920
44.370
44.830
45.310
45.750
46.220
46.680
47.140
47.600
48.050
48.500
48.970
49.430
49.880
50.350
50.800
51.240
51.730
52.190
52.690
53.150
53.640
54.120
54.610
55.090
55.550
56.050
56.520
56.990
57.470
57.970
58.480
58.980
59.460
59.940
60.440
60.920
61.390
61.850
62.340
62.810
63.270
63.730
64.220
64.720
65.260
65.740
66.250
66.720
67.190
67.680
68.150
68.600
69.060
69.520
69.980
70.420
70.880
71.340
71.790
72.240
72.690
73.150
73.600
74.030
74.460
74.870
75.300
75.770
76.230
76.680
77.160
77.610
78.040
78.500
78.940
79.400
79.840
80.300
80.790
81.270
81.780
82.250
82.700
83.150
83.610
84.070
84.550
84.990
85.460
85.950
86.410
86.870
87.290
87.740
88.190
88.650
89.110
89.590
90.050
90.530
90.990
91.450
91.890
92.360
92.820
93.260
93.700
94.150
94.610
95.050
95.520
95.960
96.400
96.850
97.310
97.760
98.220
98.650
99.100
99.550
100.000
100.470
100.900
101.350
101.790
102.240
102.660
103.120
103.590
104.060
104.500
104.980
105.440
105.900
106.330
106.780
107.240
107.690
108.140
108.620
109.070
109.510
109.960
110.420
110.870
111.340
111.810
112.270
112.720
113.170
113.630
114.070
114.520
114.990
115.440
115.900
116.330
116.800
117.270
117.720
118.170
118.630
119.110
119.570
120.030
120.470
120.930
121.360
121.830
122.290
122.740
123.210
123.660
124.110
124.550
124.990
125.430
125.880
126.360
126.820
127.270
127.720
128.180
128.650
129.080
129.550
129.970
130.420
130.870
131.310
131.760
132.210
132.650
133.120
133.550
134.010
134.470
134.920
135.370
135.820
136.270
136.720
137.140
137.590
138.040
138.470
138.920
139.350
139.810
140.280
140.730
141.190
141.650
142.100
142.530
142.970
143.430
143.870
144.290
144.690
145.110
145.540
145.990
146.490
146.970
147.440
147.890
148.330
148.780
149.230
149.680
150.120
150.570
151.020
151.470
151.920
152.340
152.800
153.220
153.680
154.100
154.550
154.990
155.460
155.890
156.360
156.810
157.250
157.690
158.150
158.610
159.060
159.480
159.920
160.360
160.810
161.270
161.720
162.180
162.620
163.080
163.520
163.950
164.390
164.840
165.290
165.730
166.170
166.630
167.080
167.520
167.950
168.400
168.830
169.260
169.720
170.170
170.620
171.060
171.510
171.950
172.420
172.850
173.290
173.720
174.180
174.620
175.060
175.480
175.940
176.400
176.860
177.300
177.750
178.210
178.650
179.100
179.560
179.990
180.440
180.870
181.310
181.770
182.220
182.680
183.110
183.560
184.020
184.480
184.930
185.360
185.810
186.250
186.700
187.150
187.570
188.010
188.480
188.920
189.380
189.820
190.240
190.680
191.120
191.580
192.000
192.450
192.880
193.330
193.780
194.210
194.650
195.080
195.540
195.980
196.410
196.860
197.320
197.780
198.210
198.650
199.080
199.520
199.950
200.400
200.840
201.290
201.740
202.190
202.620
203.070
203.510
203.940
204.400
204.850
205.280
205.720
206.140
206.580
206.990
207.410
207.850
208.310
208.740
209.180
209.630
210.060
210.490
210.910
211.380
211.830
212.270
212.730
213.180
213.620
214.070
214.520
214.970
215.410
215.860
216.310
216.750
217.170
217.600
218.050
218.480
218.910
219.350
219.780
220.230
220.650
221.080
221.500
221.930
222.360
222.810
223.240
223.670
224.080
224.530
224.980
225.460
225.910
226.350
226.800
227.260
227.720
228.160
228.620
229.070
229.520
229.990
230.430
230.870
231.330
231.800
232.250
232.710
233.160
233.620
234.100
234.550
235.000
235.460
235.940
236.390
236.820
237.270
237.740
238.170
238.630
239.090
239.550
240.030
240.480
240.950
241.390
241.860
242.310
242.770
243.230
243.710
244.170
244.620
245.090
245.550
246.000
246.430
246.890
247.350
247.830
248.290
248.730
249.220
249.690
250.160
250.610
251.080
251.570
252.040
252.510
252.980
253.440
253.920
254.380
254.850
255.310
255.780
256.250
256.720
257.190
257.630
258.100
258.570
259.040
259.530
259.990
260.470
260.920
261.390
261.850
262.310
262.770
263.220
263.680
264.160
264.640
265.090
265.550
266.010
266.460
266.910
267.370
267.830
268.290
268.750
269.210
269.680
270.150
270.620
271.080
271.550
272.010
272.480
272.940
273.400
273.870
274.320
274.780
275.260
275.720
276.180
276.660
277.140
277.620
278.100
278.570
279.050
279.530
280.010
280.490
280.990
281.470
281.950
282.450
282.960
283.450
283.930
284.390
284.870
285.370
285.830
286.330
286.810
287.280
287.780
288.330
288.880
289.400
289.990
290.540
291.090
291.690
292.260
292.820
293.440
294.000
294.600
295.220
295.820
296.400
297.030
297.630
298.200
298.810
299.400
299.950
300.480
301.030
301.600
302.120
302.710
303.280
303.890
