0.360
0.790
1.180
1.610
2.020
2.410
2.840
3.230
3.660
4.050
4.460
4.890
5.290
5.700
6.100
6.510
6.910
7.320
7.720
8.140
8.540
8.950
9.340
9.730
10.140
10.550
10.950
11.370
11.780
12.180
12.580
12.990
13.400
13.800
14.210
14.630
15.030
15.440
15.840
16.260
16.660
17.050
17.460
17.880
18.280
18.700
19.080
19.500
19.910
20.310
20.710
21.130
21.550
21.950
22.340
22.760
23.160
23.540
23.960
24.380
24.780
25.190
25.600
26.010
26.430
26.850
27.250
27.680
28.080
28.500
28.900
29.320
29.720
30.130
30.540
30.950
31.350
31.770
32.160
32.570
32.980
33.390
33.790
34.200
34.600
35.020
35.410
35.830
36.230
36.640
37.050
37.460
37.870
38.280
38.680
39.100
39.500
39.910
40.310
40.740
41.140
41.560
41.970
42.370
42.780
43.200
43.620
44.050
44.450
44.860
45.280
45.710
46.110
46.520
46.930
47.350
47.750
48.150
48.560
48.970
49.360
49.780
50.190
50.600
51.000
51.410
51.830
52.240
52.650
53.050
53.460
53.870
54.280
54.680
55.080
55.500
55.910
56.320
56.740
57.160
57.580
57.990
58.390
58.800
59.210
59.610
60.030
60.440
60.840
61.260
61.670
62.090
62.500
62.920
63.320
63.740
64.150
64.550
64.950
65.370
65.780
66.190
66.600
67.020
67.430
67.830
68.240
68.660
69.040
69.460
69.870
70.290
70.690
71.100
71.500
71.930
72.320
72.720
73.120
73.540
73.950
74.360
74.760
75.170
75.570
76.000
76.400
76.810
77.220
77.620
78.030
78.430
78.840
79.250
79.670
80.080
80.480
80.890
81.280
81.690
82.100
82.510
82.930
83.340
83.730
84.150
84.550
84.950
85.360
85.770
86.190
86.600
87.000
87.410
87.810
88.220
88.630
89.030
89.440
89.850
90.260
90.680
91.090
91.500
91.900
92.320
92.730
93.140
93.540
93.950
94.340
94.750
95.140
95.560
95.970
96.380
96.780
97.200
97.590
97.990
98.380
98.790
99.200
99.600
100.010
100.420
100.830
101.240
101.630
102.040
102.440
102.850
103.250
103.650
104.050
104.470
104.870
105.290
105.690
106.110
106.520
106.930
107.340
107.760
108.160
108.570
108.990
109.400
109.810
110.230
110.640
111.060
111.460
111.880
112.300
112.720
113.120
113.530
113.940
114.360
114.770
115.180
115.590
115.990
116.390
116.810
117.230
117.630
118.040
118.440
118.850
119.270
119.670
120.090
120.490
120.900
121.290
121.700
122.090
122.500
122.900
123.310
123.730
124.150
124.560
124.970
125.380
125.780
126.180
126.590
127.010
127.430
127.830
128.230
128.640
129.060
129.470
129.890
130.290
130.710
131.110
131.520
131.930
132.350
132.750
133.160
133.560
133.960
134.370
134.790
135.210
135.630
136.030
136.440
136.850
137.270
137.670
138.070
138.480
138.910
139.300
139.720
140.110
140.530
140.940
141.350
141.750
142.170
142.580
142.980
143.380
143.780
144.210
144.610
145.030
145.430
145.840
146.250
146.650
147.070
147.470
147.880
148.280
148.710
149.100
149.510
149.900
150.310
150.720
151.130
151.540
151.950
152.350
152.770
153.170
153.580
153.990
154.400
154.810
155.220
155.630
156.040
156.440
156.840
157.260
157.670
158.070
158.490
158.900
159.310
159.710
160.120
160.520
160.930
161.360
161.780
162.180
162.600
162.990
163.410
163.820
164.220
164.630
165.060
165.460
165.880
166.280
166.690
167.110
167.510
167.930
168.340
168.740
169.160
169.570
170.000
170.400
170.810
171.220
171.630
172.040
172.450
172.860
173.270
173.680
174.080
174.500
174.910
175.310
175.730
176.140
176.550
176.970
177.390
177.780
178.210
178.600
179.030
179.420
179.840
180.250
180.660
181.060
181.480
181.880
182.290
182.700
183.130
183.520
183.930
184.340
184.770
185.170
185.580
185.980
186.380
186.790
187.210
187.620
188.030
188.420
188.840
189.240
189.660
190.060
190.490
190.870
191.280
191.670
192.080
192.490
192.890
193.290
193.690
194.110
194.510
194.910
195.320
195.730
196.130
196.530
196.940
197.360
197.770
198.170
198.580
198.990
199.390
199.800
200.210
200.640
201.050
201.450
201.850
202.280
202.670
203.090
203.500
203.910
204.310
204.710
205.120
205.530
205.940
206.340
206.740
207.150
207.550
207.950
208.350
208.760
209.180
209.580
209.990
210.410
210.820
211.220
211.630
212.030
212.440
212.840
213.270
213.690
214.110
214.510
214.920
215.330
215.740
216.140
216.550
216.950
217.380
217.780
218.190
218.590
219.000
219.400
219.810
220.220
220.640
221.030
221.450
221.860
222.260
222.670
223.080
223.510
223.920
224.310
224.720
225.120
225.500
225.930
226.340
226.740
227.160
227.570
227.960
228.370
228.800
