0.590
1.180
1.780
2.360
2.980
3.570
4.140
4.700
5.290
5.870
6.470
7.030
7.560
8.120
8.710
9.250
9.840
10.410
10.980
11.530
12.120
12.670
13.270
13.810
14.370
14.940
15.520
16.070
16.620
17.190
17.770
18.300
18.890
19.440
19.980
20.570
21.170
21.720
22.320
22.880
23.450
24.030
24.610
25.180
25.730
26.300
26.870
27.420
27.980
28.530
29.090
29.660
30.230
30.780
31.370
31.930
32.470
33.030
33.620
34.180
34.730
35.250
35.820
36.380
36.900
37.450
38.020
38.570
39.130
39.630
40.170
40.690
41.240
41.760
42.280
42.820
43.360
43.880
44.420
44.940
45.470
46.010
46.520
47.050
47.610
48.130
48.660
49.180
49.700
50.210
50.680
51.190
51.720
52.250
52.780
53.330
53.840
54.380
54.920
55.450
56.010
56.610
57.170
57.700
58.240
58.780
59.340
59.890
60.420
60.970
61.500
62.010
62.560
63.080
63.630
64.170
64.720
65.260
65.770
66.320
66.850
67.420
67.950
68.480
69.010
69.560
70.090
70.640
71.170
71.730
72.250
72.790
73.340
73.880
74.430
74.980
75.550
76.070
76.620
77.160
77.700
78.250
78.790
79.320
79.880
80.420
80.960
81.490
82.030
82.590
83.150
83.700
84.260
84.780
85.340
85.890
86.430
86.970
87.510
88.060
88.590
89.150
89.700
90.270
90.800
91.350
91.880
92.440
92.980
93.530
94.060
94.620
95.160
95.710
96.250
96.780
97.360
97.880
98.440
99.000
99.530
100.070
100.610
101.130
101.670
102.200
102.750
103.290
103.850
104.390
104.970
105.500
106.070
106.590
107.170
107.710
108.260
108.800
109.320
109.850
110.370
110.910
111.450
111.970
112.530
113.050
113.610
114.160
114.720
115.270
115.790
116.340
116.880
117.440
117.990
118.550
119.080
119.640
120.200
120.730
121.270
121.810
122.360
122.890
123.410
123.950
124.500
125.010
125.550
126.090
126.600
127.120
127.670
128.180
128.740
129.260
129.780
130.320
130.850
131.370
131.910
132.440
132.950
133.480
134.020
134.540
135.080
135.590
136.130
136.660
137.170
137.700
138.250
138.780
139.300
139.820
140.350
140.720
141.070
141.450
141.830
142.180
142.570
142.950
143.340
143.720
144.090
144.450
144.820
145.200
145.550
145.930
146.310
146.680
147.050
147.410
147.770
148.130
148.490
148.870
149.250
149.600
149.980
150.360
150.730
151.080
151.470
151.830
152.200
152.570
152.920
153.270
153.640
154.010
154.370
154.730
155.080
155.440
155.820
156.180
156.550
156.930
157.270
157.630
158.020
158.380
158.740
159.110
159.490
159.850
160.230
160.610
160.960
161.310
161.680
162.050
162.420
162.770
163.140
163.540
163.900
164.300
164.660
165.040
165.390
165.770
166.120
166.480
166.850
167.210
167.580
167.940
168.300
168.670
169.040
169.390
169.760
170.120
170.480
170.820
171.200
171.540
171.920
172.300
172.670
173.070
173.530
174.010
174.600
175.210
175.800
176.370
176.980
177.540
178.150
178.780
179.380
180.010
180.650
181.240
181.890
182.480
183.100
183.730
184.350
184.980
185.590
186.230
186.820
187.470
188.090
