0.070
0.510
0.970
1.430
1.890
2.350
2.820
3.290
3.720
4.160
4.610
5.020
5.460
5.900
6.350
6.780
7.220
7.650
8.090
8.530
8.970
9.410
9.840
10.270
10.700
11.130
11.590
12.010
12.440
12.880
13.310
13.740
14.170
14.620
15.050
15.490
15.920
16.350
16.780
17.210
17.640
18.080
18.530
18.950
19.380
19.810
20.250
20.670
21.110
21.540
21.980
22.410
22.860
23.290
23.730
24.160
24.580
25.020
25.460
25.890
26.330
26.760
27.200
27.630
28.060
28.500
28.940
29.380
29.810
30.260
30.700
31.120
31.560
31.990
32.430
32.860
33.300
33.740
34.190
34.610
35.040
35.470
35.920
36.350
36.780
37.210
37.650
38.070
38.500
38.940
39.390
39.820
40.260
40.690
41.120
41.540
41.980
42.420
42.870
43.290
43.730
44.160
44.600
45.030
45.450
45.880
46.320
46.750
47.200
47.620
48.040
48.480
48.920
49.360
49.800
50.210
50.650
51.080
51.520
51.940
52.350
52.780
53.200
53.630
54.050
54.480
54.910
55.340
55.760
56.190
56.630
57.060
57.480
57.920
58.360
58.790
59.210
59.650
60.070
60.510
60.920
61.360
61.780
62.210
62.650
63.070
63.510
63.950
64.360
64.790
65.210
65.630
66.060
66.490
66.910
67.340
67.760
68.190
68.610
69.040
69.460
69.910
70.340
70.760
71.190
71.620
72.050
72.490
72.920
73.340
73.770
74.200
74.620
75.060
75.490
75.920
76.340
76.780
77.210
77.640
78.050
78.490
78.920
79.350
79.770
80.210
80.630
81.060
81.490
81.930
82.350
82.800
83.220
83.640
84.080
84.520
84.950
85.370
85.810
86.240
86.660
87.100
87.530
87.950
88.380
88.820
89.250
89.670
90.110
90.550
90.980
91.410
91.840
92.270
92.720
93.140
93.570
94.000
94.420
94.860
95.280
95.710
96.160
96.580
97.010
97.440
97.870
98.300
98.730
99.160
99.590
100.020
100.440
100.870
101.290
101.730
102.140
102.570
103.000
103.430
103.860
104.280
104.710
105.140
105.560
105.990
106.410
106.840
107.250
107.690
108.100
108.540
108.950
109.380
109.800
110.220
110.650
111.070
111.500
111.930
112.350
112.790
113.210
113.640
114.050
114.480
114.910
115.340
115.770
116.210
116.630
117.070
117.480
117.910
118.340
118.790
119.240
119.740
120.260
120.840
121.500
122.100
122.750
123.360
123.880
124.460
125.000
125.530
126.060
126.610
127.170
127.700
128.220
128.730
129.210
129.690
130.160
130.640
131.110
131.610
