0.240
1.070
1.970
2.850
3.730
4.570
5.440
6.400
7.350
8.240
9.160
10.050
10.940
11.880
12.790
13.660
14.540
15.470
16.350
17.220
18.100
18.950
19.850
20.780
21.670
22.550
23.490
24.390
25.190
26.020
26.860
27.710
28.570
29.440
30.280
31.130
32.010
32.910
33.830
34.750
35.650
36.480
37.350
38.210
39.080
39.980
40.840
41.720
42.590
43.490
44.430
45.320
46.240
47.090
48.030
48.950
49.860
50.720
51.610
52.510
53.400
54.280
55.120
56.010
56.950
57.890
58.750
59.620
60.510
61.420
62.280
63.190
64.000
64.880
65.740
66.570
67.450
68.300
69.120
69.960
70.770
71.620
72.430
73.330
74.190
74.950
75.760
76.650
77.460
78.310
79.200
79.970
80.800
81.670
82.550
83.360
84.230
85.060
85.920
86.770
87.560
88.420
89.280
90.110
91.000
91.800
92.670
93.560
94.460
95.350
96.140
96.990
97.810
98.640
99.480
100.380
101.220
102.090
102.880
103.780
104.690
105.630
106.520
107.330
108.210
109.100
109.970
110.870
111.820
112.690
113.540
114.420
115.380
116.250
117.180
118.060
118.990
119.860
120.700
121.580
122.410
123.260
124.070
124.950
125.790
126.730
127.530
128.330
129.190
129.990
130.810
131.610
132.480
133.340
134.180
135.010
135.830
136.690
137.480
138.330
139.250
140.180
141.160
142.090
142.970
143.820
144.580
145.430
146.230
147.030
147.880
148.780
149.660
150.560
151.420
152.230
153.080
153.980
154.800
155.660
156.500
157.350
158.180
159.010
159.820
160.670
161.530
162.320
163.080
163.900
164.660
165.400
166.210
167.070
167.860
168.660
169.420
170.210
171.050
171.880
172.740
173.540
174.430
175.310
176.180
176.980
177.830
178.730
179.570
180.360
181.160
181.970
182.800
183.620
184.410
185.240
186.120
186.960
187.760
188.610
189.410
190.230
191.040
191.890
192.690
193.500
194.320
195.200
196.020
196.820
197.680
198.590
199.430
200.250
201.110
201.900
202.770
203.670
204.550
205.430
206.270
207.120
207.970
208.880
209.740
210.660
211.550
212.430
213.420
214.330
215.300
216.150
216.990
217.860
218.820
219.750
220.700
221.600
222.540
223.660
224.760
225.860
226.870
227.870
228.930
229.990
230.980
232.010
233.080
234.080
235.110
236.200
237.310
238.380
239.530
240.620
241.710
242.670
243.680
244.720
245.630
246.520
247.460
248.460
249.360
250.370
251.280
252.290
253.210
254.210
255.120
256.120
257.070
258.000
