0.000
0.620
1.270
1.930
2.570
3.210
3.810
4.420
5.070
5.710
6.280
6.860
7.470
8.050
8.670
9.280
9.870
10.470
11.060
11.650
12.230
12.840
13.500
14.120
14.710
15.330
15.940
16.550
17.170
17.750
18.380
18.980
19.610
20.220
20.830
21.440
22.030
22.660
23.270
23.890
24.530
25.130
25.760
26.380
27.000
27.610
28.240
28.890
29.520
30.170
30.780
31.410
32.030
32.670
33.310
33.930
34.540
35.150
35.790
36.390
37.030
37.640
38.270
38.880
39.520
40.120
40.740
41.360
41.980
42.600
43.200
43.850
44.450
45.090
45.720
46.350
46.960
47.590
48.240
48.870
49.490
50.120
50.730
51.350
51.980
52.600
53.230
53.840
54.460
55.080
55.720
56.340
56.960
57.590
58.200
58.820
59.430
60.070
60.710
61.310
61.920
62.520
63.110
63.470
63.790
64.100
64.410
64.720
65.030
65.330
65.640
65.950
66.260
66.570
66.890
67.190
67.500
67.820
68.120
68.440
68.750
69.080
69.390
69.710
70.020
70.330
70.650
70.960
71.280
71.600
71.910
72.230
72.560
72.910
73.240
73.570
73.880
74.240
74.570
74.890
75.230
75.570
75.900
76.220
76.550
76.870
77.190
77.510
77.840
78.170
78.500
78.820
79.150
79.470
79.820
80.130
80.470
80.800
81.120
81.450
81.780
82.090
82.420
82.740
83.070
83.400
83.720
84.050
84.370
84.690
85.020
85.350
85.680
86.010
86.340
86.670
87.000
87.320
87.660
87.990
88.320
88.650
88.980
89.310
89.640
89.970
90.310
90.640
90.980
91.310
91.640
91.970
92.300
92.620
92.950
93.270
93.600
93.940
94.270
94.610
94.930
95.260
95.590
95.930
96.260
96.590
96.910
97.240
97.570
97.900
98.230
98.560
98.870
99.200
99.530
99.860
100.200
100.520
100.860
101.190
101.530
101.860
102.200
102.530
102.860
103.180
103.500
103.830
104.140
104.480
104.820
105.140
105.460
105.790
106.120
106.450
106.780
107.100
107.420
107.750
108.080
108.410
108.740
109.080
109.400
109.720
110.040
110.370
110.700
111.030
111.350
111.680
112.010
112.340
112.670
113.000
113.330
113.650
113.970
114.290
114.610
114.940
115.270
115.590
115.920
116.240
116.580
116.900
117.240
117.570
117.900
118.230
118.560
118.880
119.210
119.540
119.870
120.200
120.530
120.860
121.200
121.530
121.860
122.190
122.520
122.850
123.170
123.500
123.830
124.150
124.470
124.790
125.130
125.450
125.780
126.120
126.440
126.750
127.080
127.410
127.740
128.060
128.380
128.700
129.020
129.350
129.670
130.000
130.330
130.670
130.990
131.320
131.640
131.950
132.290
132.620
132.950
133.270
133.600
133.920
134.240
134.560
134.890
135.210
135.520
135.850
136.170
136.480
136.820
137.160
137.480
137.800
138.130
138.450
138.780
139.100
139.440
139.760
140.080
140.410
140.750
141.080
141.420
141.740
142.070
142.400
142.730
143.070
143.380
143.720
144.050
144.370
144.700
145.030
145.340
145.670
145.990
146.320
146.640
146.970
147.280
147.610
147.930
148.270
148.580
148.920
149.250
149.580
149.900
150.230
150.560
150.890
151.230
151.560
151.890
152.220
152.540
152.880
153.220
153.550
153.870
154.200
154.540
154.860
155.190
155.520
155.860
156.180
156.520
156.830
157.170
157.500
157.830
158.160
158.490
158.830
159.150
159.480
159.810
160.140
160.470
160.800
161.120
161.440
161.770
162.100
162.420
162.750
163.070
163.410
163.740
164.060
164.400
164.740
165.060
165.380
165.720
166.040
166.360
166.690
167.020
167.360
167.690
168.020
168.340
168.680
168.990
169.320
169.640
169.970
170.290
170.620
170.950
171.280
171.620
171.930
172.260
172.600
172.920
173.260
173.580
173.910
174.240
174.580
174.900
175.240
175.570
175.900
176.230
176.560
176.880
177.200
177.530
177.860
178.180
178.510
178.840
179.170
179.500
179.840
180.170
180.500
180.830
181.160
181.480
181.810
182.130
182.460
182.790
183.130
183.470
183.780
184.100
184.430
184.770
185.090
185.410
185.750
186.090
186.410
186.740
187.070
187.400
187.740
188.070
188.410
188.740
189.070
189.400
189.740
190.070
190.390
190.710
191.050
191.380
191.710
192.040
192.400
192.720
193.060
193.380
193.720
194.040
194.380
194.700
195.040
195.360
195.690
196.030
196.370
196.710
197.040
197.370
197.700
198.020
198.350
198.690
199.010
199.320
199.660
199.990
200.330
200.660
200.980
201.310
201.650
201.970
202.310
202.620
202.950
203.290
203.640
203.970
204.300
204.630
204.960
205.290
205.610
205.950
206.270
206.610
206.940
207.260
207.600
207.920
208.240
208.580
208.910
209.240
209.560
209.890
210.210
210.550
210.870
211.190
211.520
211.860
212.180
212.510
212.840
213.170
213.500
213.830
214.150
214.480
214.800
215.130
215.450
215.780
216.100
216.430
216.760
217.080
217.400
217.720
218.050
218.370
218.690
219.020
219.350
219.670
220.020
220.330
220.660
220.980
221.300
221.620
221.940
222.250
222.580
222.920
223.240
223.570
223.890
224.220
224.550
224.880
225.190
225.520
225.830
226.160
226.470
226.790
227.110
227.430
227.750
228.070
228.400
228.720
229.040
229.360
229.690
230.020
230.360
230.670
231.020
231.340
231.660
231.980
232.300
232.620
232.950
233.280
233.620
233.930
234.250
234.570
234.900
235.230
235.560
235.880
236.220
236.530
236.850
237.170
237.500
237.820
238.150
238.490
238.810
239.130
239.460
239.780
240.110
240.430
240.760
241.090
241.410
241.730
242.050
242.360
242.680
243.000
243.330
243.660
243.990
244.300
244.630
244.950
245.270
245.590
245.900
246.220
246.540
246.850
247.160
247.490
247.810
248.130
248.450
248.770
249.080
249.410
249.720
250.050
250.360
250.700
251.010
251.360
251.680
252.010
252.340
252.670
252.980
253.310
253.630
253.940
254.270
254.590
254.910
255.250
255.560
255.890
256.220
256.540
256.870
257.200
257.530
257.860
258.180
258.510
258.830
259.170
259.510
259.830
260.160
260.480
260.820
261.150
261.500
261.830
262.170
262.490
262.830
263.150
263.500
263.820
264.170
264.510
264.840
265.180
265.500
265.830
266.140
266.470
266.810
267.140
267.470
267.800
268.130
268.470
268.800
269.140
269.470
269.820
270.150
270.480
270.800
271.130
271.460
271.790
272.140
272.450
272.790
273.130
273.460
273.780
274.120
274.450
274.780
275.110
275.440
275.770
276.110
276.430
276.770
277.100
277.440
277.760
278.100
278.420
278.760
279.110
279.430
279.780
280.130
280.470
280.810
281.130
281.460
281.790
282.120
282.450
282.800
283.130
283.470
283.800
284.150
284.490
284.830
285.170
285.520
285.850
286.190
286.530
286.880
287.210
287.550
287.870
288.210
288.560
288.910
289.250
289.580
289.920
290.250
290.590
290.940
291.270
291.610
291.950
292.280
292.600
292.930
293.270
293.620
293.950
294.290
294.630
294.970
295.290
295.630
295.950
296.280
296.620
296.950
297.280
297.620
297.950
298.280
298.610
298.960
299.300
299.630
299.970
300.310
300.650
300.990
301.310
301.650
301.990
302.320
302.640
302.970
303.300
303.630
303.970
304.300
304.640
304.980
305.310
305.650
305.980
306.310
306.630
306.970
307.300
307.640
307.980
308.310
308.620
308.950
309.290
309.620
309.950
310.270
310.610
310.940
311.270
311.600
311.930
312.270
312.600
312.930
313.250
313.590
313.920
314.250
314.590
314.930
315.260
315.600
315.920
316.260
316.580
316.900
317.240
317.570
317.890
318.240
318.550
318.890
319.210
319.550
319.870
320.210
320.540
320.890
321.220
321.560
321.890
322.220
322.570
322.900
323.220
323.580
323.930
324.270
324.620
324.970
325.310
325.660
326.010
326.370
326.710
327.060
327.420
327.730
328.060
328.380
328.700
329.010
329.340
329.660
329.980
330.300
330.620
330.940
331.260
331.570
331.890
332.220
332.540
332.860
