0.280
0.690
1.120
1.540
1.960
2.370
2.800
3.200
3.630
4.040
4.460
4.890
5.340
5.770
6.190
6.610
7.040
7.450
7.870
8.280
8.700
9.110
9.540
9.930
10.360
10.760
11.170
11.580
11.990
12.410
12.820
13.220
13.620
14.020
14.420
14.830
15.240
15.660
16.060
16.460
16.860
17.260
17.660
18.060
18.460
18.870
19.270
19.650
20.050
20.480
20.880
21.290
21.700
22.110
22.520
22.950
23.360
23.780
24.170
24.580
24.990
25.400
25.800
26.200
26.610
27.030
27.430
27.830
28.240
28.650
29.050
29.450
29.850
30.250
30.640
31.050
31.470
31.880
32.280
32.690
33.110
33.510
33.910
34.330
34.750
35.170
35.590
36.000
36.420
36.820
37.230
37.630
38.050
38.470
38.870
39.270
39.660
40.070
40.460
40.860
41.270
41.670
42.060
42.470
42.870
43.270
43.660
44.070
44.470
44.870
45.270
45.660
46.070
46.480
46.870
47.280
47.690
48.080
48.480
48.880
49.270
49.680
50.090
50.480
50.880
51.290
51.690
52.090
52.500
52.910
53.300
53.700
54.110
54.510
54.910
55.310
55.710
56.100
56.500
56.900
57.310
57.710
58.120
58.510
58.920
59.320
59.730
60.130
60.540
60.960
61.350
61.770
62.160
62.570
62.970
63.360
63.760
64.190
64.600
65.000
65.410
65.820
66.220
66.630
67.040
67.470
67.860
68.270
68.670
69.080
69.490
69.880
70.300
70.710
71.100
71.500
71.910
72.300
72.700
73.110
73.520
73.940
74.350
74.760
75.150
75.540
75.940
76.350
76.760
77.160
77.560
77.950
78.340
78.760
79.150
79.550
79.960
80.380
80.770
81.160
81.570
81.970
82.380
82.770
83.190
83.600
83.990
84.400
84.820
85.240
85.670
86.100
86.500
86.920
87.330
87.740
88.150
88.560
88.970
89.380
89.770
90.180
90.580
90.980
91.390
91.800
92.200
92.610
93.020
93.430
93.840
94.230
94.640
95.050
95.460
95.870
96.280
96.680
97.080
97.470
97.870
98.280
98.700
99.100
99.510
99.920
100.320
100.730
101.140
101.540
101.950
102.360
102.760
103.170
103.570
103.970
104.370
104.770
105.170
105.560
105.970
106.380
106.790
107.200
107.610
108.010
108.420
108.830
109.230
109.640
110.050
110.470
110.870
111.280
111.680
112.090
112.500
112.910
113.310
113.720
114.140
114.540
114.950
115.350
115.770
116.180
116.590
116.990
117.390
117.790
118.180
118.570
118.970
119.360
119.760
120.160
120.560
120.970
121.370
121.770
122.170
122.580
122.980
123.380
123.780
124.190
124.590
125.000
125.410
125.830
126.230
126.640
127.050
127.460
127.850
128.260
128.660
129.080
129.480
129.880
130.290
130.710
131.130
131.540
131.950
132.380
132.790
133.200
133.610
134.030
134.430
134.840
135.250
135.660
136.080
136.500
136.910
137.320
137.720
138.120
138.540
138.950
139.360
139.770
140.190
140.610
141.020
141.420
141.830
142.240
142.660
143.070
143.460
143.860
144.270
144.670
145.080
145.490
145.900
146.290
146.700
147.120
147.520
147.930
148.350
148.760
149.180
149.590
150.000
150.410
150.830
151.230
151.650
152.050
152.460
152.880
153.290
153.700
154.120
154.530
154.940
155.350
155.750
156.160
156.580
156.990
157.380
157.790
158.200
158.620
159.030
159.430
159.860
160.260
160.660
161.080
161.480
161.900
162.300
162.710
163.120
163.530
163.960
164.360
164.770
165.190
165.600
166.020
166.430
166.860
167.270
167.690
168.110
168.520
168.930
169.350
169.760
170.180
170.580
170.990
171.410
171.830
172.230
172.650
173.070
173.480
173.900
174.310
174.730
175.140
175.560
175.970
176.380
176.790
177.200
177.620
178.030
178.450
178.860
179.270
179.690
180.100
180.510
180.920
181.350
181.760
182.170
182.590
183.010
183.410
183.810
184.220
184.630
185.040
185.440
185.860
186.270
186.700
187.100
187.530
187.960
188.380
188.770
189.180
189.560
189.980
190.380
190.780
191.190
191.600
191.990
192.390
192.790
193.200
193.580
193.990
194.380
194.780
195.160
195.570
195.960
196.380
196.780
197.180
197.580
197.990
198.380
198.780
199.180
199.580
199.980
200.370
200.790
201.190
201.580
201.990
202.370
202.760
203.160
203.560
203.950
204.330
204.730
205.120
205.520
205.920
206.310
206.730
207.120
207.500
207.890
208.280
208.680
209.060
209.470
209.880
210.280
210.680
211.070
211.470
211.860
212.230
212.620
213.010
213.410
213.820
214.230
214.620
215.030
215.420
215.810
216.230
216.610
217.020
217.410
217.810
218.200
218.590
218.980
219.380
219.770
220.180
220.570
220.970
221.370
221.780
222.170
222.570
222.940
223.340
223.700
224.100
224.490
224.880
225.290
225.710
226.120
226.500
226.910
227.320
227.740
228.130
228.530
228.950
229.350
229.730
230.130
230.520
230.910
231.300
231.710
232.100
232.490
232.870
233.250
233.650
234.030
234.440
234.830
235.200
235.590
235.970
236.350
236.740
237.130
237.500
237.890
238.280
238.690
239.070
239.450
239.860
240.230
240.620
240.990
241.360
241.740
242.120
242.510
242.890
243.300
243.710
244.090
244.510
244.890
245.310
245.710
246.110
246.500
246.910
247.300
247.710
248.110
248.500
248.880
249.270
249.660
250.060
250.440
250.840
251.210
251.600
251.960
252.350
252.720
253.120
253.490
253.870
254.250
254.640
255.010
255.400
255.780
256.160
256.540
256.910
257.280
257.630
258.000
258.400
258.780
259.190
259.580
259.960
260.360
260.740
261.140
261.550
261.940
262.340
262.760
263.140
263.560
263.950
264.350
264.740
265.120
265.510
265.920
266.310
266.690
267.090
267.460
267.870
268.240
268.650
269.050
269.440
269.850
270.260
270.640
271.020
271.430
271.820
272.210
272.590
272.990
273.370
273.770
274.140
274.530
274.910
275.280
275.680
276.060
276.460
276.850
277.240
277.620
278.010
278.400
278.780
279.180
279.570
279.950
280.340
280.740
281.130
281.530
281.900
282.300
282.690
283.060
283.440
283.830
284.190
284.580
284.970
285.370
285.760
286.150
286.520
286.920
287.310
287.700
288.080
288.480
288.860
289.230
289.640
290.030
290.400
290.790
291.180
291.580
291.980
292.370
292.750
293.110
293.490
293.890
294.270
294.650
295.050
295.440
295.810
296.180
296.560
296.930
297.330
297.710
298.120
298.510
298.890
299.280
299.660
300.030
300.430
300.810
301.190
301.560
301.870
302.200
302.520
302.830
303.150
303.470
303.800
304.110
304.430
304.750
305.070
305.400
