0.000
0.790
1.540
2.260
3.020
3.780
4.500
5.210
6.010
6.800
7.490
8.210
8.930
9.640
10.390
11.150
11.930
12.780
13.610
14.510
15.320
16.140
17.010
17.830
18.640
19.500
20.310
21.160
22.000
22.890
23.740
24.560
25.360
26.190
27.060
27.860
28.730
29.560
30.370
31.230
32.130
32.930
33.760
34.580
35.430
36.250
37.110
37.920
38.720
39.550
40.410
41.250
42.030
42.850
43.640
44.470
45.340
46.280
47.100
47.860
48.640
49.430
50.260
51.060
51.910
52.740
53.610
54.430
55.260
56.060
56.870
57.700
58.480
59.350
60.240
61.060
61.930
62.690
63.530
64.390
65.200
66.050
66.930
67.740
68.600
69.470
70.310
71.170
72.020
72.840
73.740
74.530
75.420
76.230
77.060
77.930
78.750
79.520
80.310
81.090
81.950
82.860
83.760
84.610
85.460
86.240
87.150
87.970
88.800
89.560
90.410
91.300
92.150
92.990
93.890
94.660
95.480
96.330
97.110
97.980
98.810
99.650
100.510
101.340
102.150
102.960
103.820
104.660
105.540
106.370
107.200
108.090
108.900
109.740
110.560
111.410
112.230
113.080
113.940
114.800
115.640
116.440
117.290
118.160
119.090
119.990
120.830
121.750
122.560
123.370
124.240
125.050
126.020
126.860
127.700
128.470
129.320
130.160
130.960
131.810
132.690
133.530
134.400
135.260
136.120
136.990
137.790
138.640
139.490
140.320
141.190
142.040
142.900
143.740
144.620
145.420
146.300
147.160
148.050
148.930
149.760
150.620
151.520
152.350
153.220
154.060
154.940
155.770
156.640
157.460
158.330
159.160
160.030
160.880
161.810
162.620
163.440
164.280
165.130
165.950
166.790
167.620
168.430
169.300
170.130
170.990
171.820
172.690
173.520
174.360
175.240
176.140
176.980
177.860
178.750
179.560
180.450
181.300
182.160
183.050
183.890
184.770
185.650
186.520
187.370
188.250
189.120
189.980
190.830
191.680
192.580
193.440
194.310
195.160
196.050
197.000
197.910
198.930
199.890
200.770
201.650
202.540
203.530
204.440
205.400
206.410
207.350
208.330
