0.560
1.630
2.660
3.740
4.680
5.680
6.640
7.490
8.400
9.260
10.220
11.180
12.070
13.050
13.990
14.730
15.550
16.320
17.090
17.810
18.600
19.300
20.060
20.760
21.340
21.890
22.480
23.050
23.590
24.120
24.700
25.220
25.800
26.330
26.900
27.420
28.000
28.520
29.100
29.620
30.170
30.750
31.280
31.800
32.370
32.910
33.450
33.990
34.520
35.040
35.620
36.150
36.710
37.250
37.800
38.310
38.860
39.420
39.930
40.490
41.080
41.620
42.210
42.790
43.340
43.900
44.430
44.940
45.460
46.020
46.560
47.100
47.620
48.180
48.720
49.250
49.780
50.360
50.910
51.490
52.040
52.610
53.170
53.710
54.270
54.850
55.410
55.950
56.530
57.090
57.640
58.240
58.780
59.350
59.940
60.510
61.100
61.700
62.280
62.850
63.470
64.060
64.640
65.200
65.770
66.370
66.960
67.510
68.120
68.670
69.280
69.830
70.440
71.000
71.530
72.100
72.680
73.230
73.790
74.360
74.960
75.530
76.080
76.620
77.200
77.770
78.330
78.860
79.450
79.980
80.540
81.130
81.690
82.220
82.780
83.370
83.920
84.490
85.040
85.600
86.150
86.710
87.260
87.810
88.350
88.950
89.490
90.090
90.630
91.220
91.780
92.340
92.920
93.500
94.080
94.660
95.270
95.850
96.390
96.960
97.540
98.130
98.690
99.220
99.770
100.310
100.870
101.480
102.100
102.680
103.290
103.860
104.450
105.020
105.590
106.160
106.760
107.330
107.900
108.440
109.010
109.600
110.170
110.740
111.350
111.930
112.510
113.090
113.710
114.290
114.860
115.450
116.070
116.620
117.210
117.760
118.330
118.930
119.500
120.040
120.640
121.180
121.760
122.330
122.910
123.500
124.120
124.690
125.300
125.880
126.470
127.050
127.620
128.210
128.790
129.360
129.940
130.510
131.060
131.640
132.230
132.800
133.370
133.950
134.540
135.120
135.700
136.300
136.890
137.480
138.120
138.700
139.340
139.940
140.540
141.140
141.780
142.390
142.970
143.610
144.190
144.770
145.350
145.920
146.490
147.080
147.640
148.190
148.740
149.300
149.850
150.420
151.020
151.590
152.120
152.700
153.270
153.820
154.430
155.020
155.600
156.190
156.740
157.300
157.900
158.450
159.030
159.610
160.230
160.820
161.380
161.990
162.620
163.220
163.840
164.420
165.030
165.660
166.280
166.850
167.410
167.970
168.570
169.150
169.780
170.380
171.000
171.640
172.240
172.890
173.480
174.130
174.740
175.340
175.990
176.610
177.200
177.820
178.450
179.060
179.640
180.200
180.750
181.350
181.950
182.530
183.140
183.730
184.300
184.880
185.440
186.040
186.670
187.240
187.870
188.460
189.070
189.620
190.230
190.780
191.390
191.960
192.530
193.090
193.680
194.240
194.790
195.380
195.980
196.550
197.150
197.720
198.330
198.920
199.500
200.070
200.700
201.300
201.930
202.520
203.130
203.730
204.330
204.920
205.500
206.120
206.730
207.300
207.930
208.500
209.100
209.680
210.300
210.890
211.500
212.060
212.680
213.260
213.830
214.440
215.050
215.620
216.250
216.850
217.450
218.030
218.600
219.220
219.780
220.370
220.970
221.550
222.160
222.740
223.330
223.920
224.530
225.090
225.660
226.240
226.830
227.420
228.010
228.580
229.140
229.730
230.300
230.880
231.490
232.070
232.620
233.220
233.810
234.410
235.000
235.560
236.130
236.750
237.330
237.960
238.540
239.130
239.760
240.330
240.940
241.520
242.100
242.690
243.300
243.870
244.430
245.020
245.620
246.200
246.760
247.350
247.930
248.490
249.070
249.630
250.200
250.790
251.390
251.960
252.480
253.030
253.570
254.100
254.730
255.300
255.940
256.570
257.160
257.810
258.410
259.020
259.670
260.310
260.910
261.570
262.170
262.830
263.400
263.990
264.600
265.260
265.860
266.520
267.150
267.760
268.380
269.100
269.900
270.680
271.410
272.200
272.960
273.770
274.560
275.390
276.190
276.950
277.760
278.600
279.460
280.270
281.140
281.930
282.670
283.360
284.070
284.720
285.420
286.100
286.770
287.450
288.210
288.930
289.620
290.360
291.050
291.750
292.490
293.160
293.850
294.560
295.290
295.980
296.660
297.390
298.020
298.720
299.400
300.030
300.690
301.340
301.960
302.680
303.380
304.090
304.770
305.450
306.160
306.890
307.580
308.280
308.960
309.660
310.380
311.120
311.860
312.550
313.350
314.200
315.150
316.120
317.070
318.020
318.960
319.890
320.790
321.650
322.490
323.350
324.270
325.150
326.010
326.940
327.810
328.680
329.590
