0.350
0.760
1.150
1.520
1.900
2.280
2.670
3.050
3.430
3.800
4.170
4.540
4.920
5.290
5.660
6.050
6.430
6.800
7.170
7.550
7.900
8.250
8.630
8.980
9.360
9.730
10.100
10.470
10.840
11.200
11.590
11.940
12.340
12.700
13.090
13.440
13.820
14.180
14.570
14.920
15.300
15.660
16.050
16.390
16.770
17.110
17.490
17.840
18.210
18.580
18.950
19.330
19.710
20.080
20.460
20.830
21.220
21.570
21.960
22.310
22.700
23.070
23.440
23.780
24.150
24.510
24.880
25.250
25.640
25.990
26.380
26.740
27.120
27.490
27.850
28.210
28.590
28.950
29.340
29.700
30.090
30.450
30.840
31.210
31.600
31.960
32.340
32.700
33.090
33.450
33.830
34.190
34.570
34.940
35.330
35.690
36.070
36.420
36.790
37.160
37.540
37.900
38.270
38.640
39.010
39.390
39.770
40.140
40.520
40.890
41.270
41.640
42.040
42.390
42.760
43.120
43.490
43.850
44.210
44.590
44.950
45.330
45.700
46.060
46.430
46.800
47.180
47.570
47.940
48.330
48.700
49.080
49.460
49.850
50.240
50.620
51.000
51.360
51.740
52.130
52.500
52.870
53.240
53.620
54.000
54.380
54.740
55.120
55.500
55.900
56.260
56.640
57.020
57.380
57.740
58.110
58.490
58.850
59.220
59.590
59.970
60.340
60.720
61.080
61.460
61.830
62.200
62.580
62.950
63.330
63.710
64.080
64.460
64.830
65.220
65.580
65.960
66.320
66.680
67.060
67.430
67.810
68.170
68.540
68.920
69.280
69.660
70.020
70.400
70.770
71.140
71.510
71.900
72.260
72.620
73.000
73.370
73.740
74.120
74.490
74.860
75.240
75.620
75.990
76.360
76.730
77.090
77.480
77.850
78.220
78.590
78.960
79.340
79.710
80.070
80.440
80.810
81.200
81.570
81.930
82.310
82.680
83.040
83.420
83.790
84.160
84.530
84.890
85.270
85.640
85.990
86.350
86.720
87.090
87.460
87.830
88.210
88.570
88.950
89.320
89.700
90.070
90.440
90.800
91.170
91.550
91.910
92.290
92.660
93.040
93.400
93.790
94.160
94.530
94.890
95.250
95.620
96.010
96.360
96.730
97.100
97.470
97.850
98.220
98.590
98.960
99.330
99.700
100.080
100.450
100.820
101.190
101.550
101.920
102.290
102.680
103.060
103.430
103.800
104.150
104.520
104.890
105.280
105.630
106.020
106.380
106.740
107.120
107.490
107.870
108.250
108.620
109.010
109.380
109.760
110.140
110.520
110.890
111.260
111.630
112.010
112.380
112.750
113.130
113.510
113.880
114.250
114.630
115.000
115.370
115.750
116.120
116.490
116.850
117.220
117.600
117.980
118.350
118.720
119.070
119.450
119.790
120.160
120.530
120.920
121.270
121.660
122.030
122.380
122.750
123.120
123.480
123.830
124.220
124.580
124.970
125.360
125.720
126.090
126.450
126.830
127.200
127.570
127.940
128.310
128.670
129.040
129.400
129.770
130.140
130.510
130.880
131.240
131.600
131.970
132.320
132.700
133.060
133.430
133.800
134.180
134.550
134.940
135.300
135.680
136.050
136.440
136.800
137.180
137.540
137.910
138.280
138.660
139.020
139.390
139.750
140.120
140.480
140.850
141.210
141.570
141.930
142.300
142.650
143.020
143.380
143.740
144.130
144.480
144.870
145.240
145.610
145.970
146.330
146.700
147.070
147.440
147.810
148.160
148.530
148.900
149.250
149.620
149.990
150.380
150.730
151.120
151.490
151.860
152.210
152.600
152.950
153.330
153.690
154.060
154.440
154.810
155.180
155.560
155.930
156.300
156.680
157.040
157.410
157.790
158.150
158.520
158.890
159.260
159.630
160.000
160.370
160.750
161.120
161.490
161.850
162.230
162.600
162.980
163.350
163.730
164.100
164.470
164.840
165.230
165.590
165.960
166.340
166.710
167.070
167.430
167.800
168.170
168.530
168.920
169.280
169.650
170.030
170.400
170.770
171.150
171.520
171.890
172.270
172.640
173.010
173.390
173.760
174.140
174.520
174.890
175.260
175.640
176.010
176.390
176.750
177.130
177.510
177.870
178.250
178.610
178.990
179.360
179.720
180.100
180.480
180.840
181.210
181.580
181.960
182.350
182.700
183.070
183.450
183.820
184.190
184.570
184.940
185.310
185.670
186.040
186.400
186.780
187.140
187.510
187.860
188.220
188.600
188.960
189.320
189.690
190.040
190.410
190.770
191.140
191.530
191.910
192.270
192.650
193.020
193.360
193.720
194.080
194.460
194.820
195.170
195.540
195.910
196.300
196.650
197.030
197.380
197.760
198.100
198.470
198.830
199.210
199.570
199.940
200.300
200.690
201.040
201.410
201.780
202.150
202.520
202.890
203.280
203.670
204.030
204.410
204.800
205.160
205.530
205.910
206.280
206.650
207.020
207.400
207.770
208.140
208.500
208.870
209.230
209.600
209.970
210.340
210.710
211.090
211.460
211.830
212.200
212.580
212.940
213.300
213.670
214.040
214.380
214.760
215.100
215.470
215.830
216.200
216.560
216.930
217.310
217.670
218.040
218.420
218.770
219.140
219.510
219.890
220.260
220.640
221.010
221.390
221.770
222.160
222.520
222.910
223.270
223.640
224.020
224.400
224.770
225.140
225.520
225.900
226.260
226.630
226.990
227.370
227.710
228.080
228.460
228.820
229.200
229.560
229.940
230.310
230.680
231.060
231.420
231.790
232.160
232.540
232.910
233.290
233.650
234.020
234.390
234.770
235.130
235.500
235.850
236.220
236.580
236.940
237.310
237.670
238.030
238.390
238.780
239.150
239.530
239.910
240.270
240.660
241.010
241.390
241.750
242.150
242.520
242.910
243.260
243.640
244.000
244.390
244.750
245.130
245.490
245.880
246.260
246.640
247.000
247.370
247.740
248.130
248.500
248.870
249.250
249.650
250.010
250.370
250.740
251.110
251.480
251.860
252.230
252.600
252.970
253.340
253.700
254.070
254.450
254.810
255.160
255.530
255.890
256.260
256.640
257.010
257.380
257.750
258.120
258.500
258.880
259.250
259.620
259.990
260.360
260.730
261.090
261.460
261.830
262.210
262.570
262.950
263.320
263.700
264.060
264.440
264.810
265.190
265.550
265.930
266.300
266.680
267.040
267.420
267.780
268.160
268.540
268.930
269.290
269.680
270.050
270.430
270.780
271.170
271.520
271.900
272.260
272.640
273.000
273.380
273.750
274.120
274.490
274.870
275.240
275.590
275.970
276.350
276.730
277.110
277.470
277.860
278.210
278.590
278.960
279.330
279.700
280.080
280.460
280.820
281.190
281.560
281.940
282.280
282.640
283.000
283.380
283.760
284.120
284.500
284.860
285.220
285.570
285.920
286.310
286.670
287.040
287.410
287.780
288.170
288.530
288.920
289.310
289.650
290.020
290.370
290.750
291.090
291.430
291.760
292.080
292.400
292.710
293.030
293.350
293.680
294.000
294.320
294.630
294.960
295.270
295.590
295.910
296.230
296.550
296.870
297.190
297.510
297.830
298.160
298.480
298.790
299.120
299.440
299.750
300.070
300.400
300.710
301.030
301.360
301.680
301.990
302.310
302.640
302.960
303.270
303.590
303.920
304.230
304.560
304.870
