0.450
0.930
1.400
1.850
2.340
2.790
3.270
3.780
4.250
4.750
5.270
5.810
6.350
6.880
7.370
7.910
8.390
8.900
9.380
9.920
10.410
10.930
11.440
11.960
12.440
12.980
13.460
14.000
14.520
15.020
15.540
16.080
16.610
17.150
17.660
18.180
18.690
19.200
19.760
20.290
20.810
21.330
21.870
22.400
22.910
23.420
23.930
24.480
25.030
25.580
26.100
26.610
27.140
27.660
28.180
28.740
29.270
29.790
30.330
30.840
31.360
31.900
32.430
32.970
33.490
34.010
34.560
35.110
35.620
36.160
36.730
37.270
37.780
38.300
38.820
39.330
39.850
40.400
40.930
41.470
42.000
42.520
43.030
43.560
44.120
44.650
45.170
45.660
46.200
46.710
47.210
47.730
48.260
48.770
49.280
49.790
50.320
50.830
51.350
51.880
52.410
52.930
53.420
53.970
54.470
55.020
55.530
56.060
56.610
57.120
57.640
58.190
58.700
59.250
59.790
60.310
60.840
61.390
61.940
62.470
63.010
63.540
64.040
64.580
65.100
65.650
66.210
66.730
67.290
67.830
68.340
68.860
69.400
69.940
70.450
71.000
71.550
72.100
72.600
73.150
73.680
74.190
74.730
75.290
75.810
76.360
76.920
77.430
78.000
78.530
79.030
79.580
80.100
80.650
81.130
81.650
82.150
82.660
83.170
83.700
84.210
84.690
85.170
85.650
86.100
86.550
86.980
87.440
87.900
88.350
88.790
89.230
89.720
90.190
90.640
91.120
91.600
92.060
92.540
93.030
93.490
94.000
94.470
94.970
95.430
95.910
96.360
96.840
97.300
97.770
98.250
98.730
99.200
99.670
100.130
100.610
101.060
101.540
102.010
102.470
102.930
103.390
103.850
104.330
104.790
105.270
105.730
106.200
106.660
107.140
107.600
108.070
108.550
109.040
109.520
110.000
110.460
110.940
111.400
111.870
112.340
112.810
113.270
113.740
114.220
114.690
115.160
115.640
116.130
116.610
117.100
117.570
118.030
118.510
118.980
119.470
119.960
120.440
120.910
121.380
121.870
122.360
122.820
123.300
123.790
124.280
124.760
125.260
125.720
126.190
126.660
127.130
127.610
128.090
128.560
129.040
129.520
129.990
130.460
130.940
131.400
131.860
132.320
132.800
133.260
133.740
134.200
134.670
135.120
135.600
136.060
136.520
136.970
137.440
137.900
138.360
138.830
139.300
139.780
140.260
140.720
141.200
141.660
142.130
142.630
143.110
143.600
144.090
144.560
145.040
145.500
145.970
146.460
146.960
147.430
147.930
148.410
148.890
149.370
149.840
150.320
150.810
151.300
151.760
152.240
152.740
153.220
153.690
154.160
154.660
155.140
155.610
156.100
156.570
157.040
157.520
158.000
158.490
158.960
159.440
159.920
160.400
160.860
161.350
161.820
162.300
162.760
163.240
163.740
164.220
164.700
165.180
165.660
166.160
166.630
167.120
167.570
168.050
168.510
168.980
169.470
169.940
170.390
170.860
171.300
171.760
172.230
172.700
173.170
173.640
174.110
174.590
175.040
175.530
175.980
176.440
176.920
177.380
177.830
178.310
178.780
179.240
179.700
180.180
180.650
181.130
181.600
182.090
182.550
183.020
183.480
183.950
184.440
184.910
185.370
185.850
186.310
186.800
187.280
187.750
188.230
188.720
189.200
189.690
190.190
190.660
191.150
191.610
192.120
192.640
193.310
193.980
194.640
195.300
195.930
196.610
197.270
197.900
198.580
199.240
199.880
200.560
201.180
201.850
202.530
203.180
203.830
204.480
205.120
205.790
206.440
206.940
207.430
207.900
208.390
208.890
209.360
209.850
210.330
210.790
211.270
211.750
212.210
212.700
213.170
213.650
214.180
214.700
215.190
215.690
216.230
216.710
217.170
217.670
218.130
218.630
219.100
219.570
220.070
220.540
221.030
221.510
221.970
222.470
222.930
223.430
223.890
224.340
224.810
225.280
225.730
226.180
226.620
227.060
227.520
228.000
228.460
228.900
229.370
229.830
230.270
230.710
231.160
231.600
232.050
232.490
232.930
233.360
