0.200
0.720
1.260
1.770
2.290
2.800
3.300
3.830
4.330
4.870
5.390
5.900
6.400
6.920
7.450
7.980
8.470
8.990
9.520
10.020
10.520
11.050
11.560
12.050
12.570
13.060
13.590
14.120
14.630
15.150
15.660
16.160
16.670
17.180
17.700
18.220
18.730
19.250
19.760
20.270
20.790
21.290
21.810
22.330
22.850
23.380
23.910
24.420
24.940
25.430
25.940
26.450
26.960
27.470
27.980
28.500
29.000
29.500
30.020
30.530
31.050
31.560
32.080
32.590
33.120
33.620
34.140
34.660
35.150
35.670
36.200
36.710
37.230
37.750
38.280
38.790
39.290
39.820
40.340
40.880
41.400
41.920
42.450
42.990
43.510
44.030
44.560
45.090
45.610
46.120
46.610
47.140
47.660
48.170
48.700
49.220
49.740
50.270
50.810
51.340
51.860
52.380
52.890
53.420
53.950
54.460
54.990
55.520
56.030
56.560
57.090
57.620
58.130
58.650
59.180
59.710
60.210
60.740
61.270
61.790
62.300
62.840
63.350
63.870
64.380
64.910
65.430
65.980
66.500
67.010
67.540
68.070
68.590
69.130
69.640
70.160
70.680
71.200
71.720
72.240
72.770
73.300
73.820
74.360
74.890
75.410
75.920
76.460
76.980
77.500
78.020
78.540
79.050
79.580
80.100
80.610
81.140
81.650
82.160
82.680
83.190
83.720
84.260
84.780
85.280
85.790
86.290
86.800
87.330
87.850
88.380
88.880
89.400
89.940
90.480
91.000
91.500
92.030
92.550
93.080
93.590
94.110
94.630
95.160
95.660
96.170
96.710
97.230
97.740
98.260
98.770
99.280
99.810
100.320
100.850
101.380
101.890
102.410
102.950
103.480
104.000
104.500
105.030
105.560
106.090
106.620
107.120
107.640
108.180
108.700
109.220
109.760
110.280
110.800
111.310
111.840
112.360
112.880
113.420
113.960
114.490
115.020
115.550
116.070
116.630
117.160
117.690
118.240
118.760
119.360
119.950
120.520
121.110
121.750
122.360
122.960
123.580
124.160
124.800
125.410
125.990
126.600
127.240
127.850
128.440
129.050
