0.440
0.960
1.520
2.040
2.540
3.050
3.570
4.080
4.590
5.120
5.650
6.170
6.680
7.180
7.690
8.210
8.710
9.220
9.710
10.230
10.750
11.260
11.760
12.260
12.760
13.270
13.790
14.290
14.780
15.290
15.840
16.350
16.880
17.380
17.920
18.420
18.930
19.460
19.990
20.510
21.010
21.430
21.870
22.310
22.680
23.090
23.460
23.850
24.240
24.670
25.120
25.590
26.040
26.470
26.840
27.230
27.600
28.000
28.370
28.800
29.230
29.630
30.150
30.660
31.160
31.700
32.200
32.710
33.210
33.690
34.200
34.710
35.220
35.710
36.220
36.720
37.220
37.690
38.130
38.540
38.950
39.350
39.730
40.140
40.530
40.950
41.420
41.850
42.320
42.750
43.260
43.800
44.320
44.840
45.360
45.850
46.380
46.850
47.350
47.840
48.330
48.820
49.310
49.800
50.290
50.770
51.250
51.730
52.220
52.720
53.200
53.690
54.180
54.660
55.140
55.640
56.130
56.630
57.140
57.630
58.120
58.610
59.090
59.580
60.070
60.540
61.040
61.550
62.020
62.520
63.000
63.460
63.960
64.450
64.940
65.430
65.930
66.390
66.890
67.380
67.880
68.360
68.830
69.320
69.800
70.300
70.780
71.260
71.770
72.220
72.700
73.180
73.650
74.160
74.640
75.120
75.590
76.080
76.560
77.030
77.540
78.030
78.510
78.990
79.480
79.960
80.450
80.930
81.440
81.900
82.390
82.880
83.340
83.850
84.320
84.820
85.310
85.790
86.260
86.740
87.240
87.700
88.190
88.670
89.150
89.640
90.130
90.620
91.090
91.580
92.060
92.570
93.050
93.540
94.030
94.540
95.000
95.510
96.000
96.470
96.970
97.440
97.940
98.420
98.930
99.410
99.890
100.370
100.860
101.340
101.810
102.320
102.800
103.280
103.770
104.250
104.750
105.230
105.700
106.200
106.700
107.170
107.680
108.150
108.660
109.140
109.620
110.110
110.610
111.100
111.590
112.060
112.550
113.040
113.530
114.030
114.510
115.010
115.500
115.990
116.480
116.970
117.440
117.930
118.410
118.900
119.390
119.880
120.390
120.860
121.360
121.850
122.330
122.830
123.300
123.780
124.280
124.760
125.260
125.730
126.240
126.710
127.190
127.690
128.180
128.670
129.150
129.660
130.130
130.650
131.110
131.600
132.110
132.590
133.090
133.580
134.080
134.550
135.050
135.540
136.020
136.510
137.010
137.490
137.980
138.470
138.950
139.440
139.930
140.420
140.900
141.370
141.860
142.350
142.840
143.340
143.800
144.310
144.790
145.290
145.780
146.260
146.750
147.230
147.710
148.200
148.680
149.150
149.640
150.130
150.610
151.070
151.550
152.040
152.520
153.000
153.490
153.970
154.480
154.950
155.430
155.920
156.420
156.900
157.380
157.850
158.350
158.820
159.310
159.780
160.290
160.770
161.270
161.740
162.220
162.700
163.190
163.680
164.150
164.650
165.150
165.630
166.120
166.630
167.110
167.600
168.110
168.600
169.100
169.600
170.100
170.610
171.080
171.590
172.060
172.590
173.100
173.600
174.110
174.610
175.110
175.620
176.120
176.630
177.130
177.640
178.140
178.650
179.140
179.620
180.120
180.600
181.110
181.590
182.100
182.590
183.110
183.580
184.090
184.580
185.080
185.570
186.060
186.540
187.030
187.530
188.030
188.520
189.000
189.500
189.990
190.480
190.980
191.470
191.980
192.470
192.950
193.440
193.940
194.430
194.910
195.380
195.890
196.380
196.870
197.360
197.850
198.340
198.830
199.310
199.800
200.270
200.760
201.260
201.740
202.240
202.740
203.240
203.740
204.250
204.760
205.250
205.750
206.240
206.730
207.240
207.760
208.260
208.750
209.240
209.740
210.250
210.720
211.200
211.700
212.200
212.700
213.170
213.670
214.170
214.670
215.160
215.650
216.150
216.630
217.120
217.610
218.120
218.600
219.090
219.600
220.080
220.580
221.090
221.570
222.050
222.540
223.020
223.520
223.980
224.470
224.950
225.440
225.920
226.410
226.900
227.380
227.870
228.380
228.840
229.340
229.820
230.320
230.800
231.280
231.770
232.260
232.740
233.230
233.710
234.200
234.690
235.180
235.670
236.160
236.650
237.140
237.630
238.120
238.600
239.070
239.560
240.050
240.540
241.020
241.520
242.010
242.500
243.000
243.490
243.970
244.490
244.980
245.470
245.970
246.460
246.960
247.460
247.950
248.420
248.930
249.400
249.890
250.380
250.870
251.370
251.850
252.340
252.840
253.320
253.820
254.300
254.800
255.290
255.780
256.280
256.750
257.250
257.740
258.220
258.700
259.180
259.680
260.170
260.650
261.130
261.610
262.100
262.580
263.070
263.560
264.070
264.550
265.040
265.540
266.020
266.510
267.000
267.500
267.980
268.490
268.960
269.440
269.940
270.420
270.910
271.400
271.880
272.380
272.870
273.360
273.850
274.350
274.830
275.320
275.810
276.290
276.790
277.260
277.770
278.260
278.750
279.240
279.740
280.250
280.750
281.250
281.760
282.260
282.740
283.240
283.770
284.250
284.770
285.230
285.740
286.210
286.690
287.170
287.660
288.140
288.620
289.110
289.600
290.090
290.570
291.040
291.520
292.000
292.490
292.970
293.460
293.940
294.430
294.940
295.400
295.900
296.370
296.840
297.320
297.810
298.270
298.750
299.240
299.710
300.180
300.660
301.150
301.630
302.110
302.580
303.070
303.560
304.040
304.540
305.010
305.490
305.980
306.470
306.930
307.410
307.900
308.380
308.870
309.330
309.830
310.300
310.780
311.270
311.750
312.230
312.720
313.200
313.670
314.150
314.650
315.130
315.650
316.120
316.620
317.100
317.600
318.080
318.570
319.040
319.480
319.950
320.490
320.990
321.500
322.000
322.460
322.940
323.420
323.910
324.400
324.860
325.360
325.840
326.350
326.820
327.300
327.790
328.260
328.730
329.210
329.690
330.190
330.660
331.140
331.640
332.120
332.590
333.080
333.550
334.040
334.520
334.980
335.470
335.930
336.400
336.870
337.330
337.810
338.300
338.780
339.260
339.740
340.210
340.700
341.190
341.680
342.170
342.650
343.140
343.620
344.110
344.580
345.070
345.550
346.030
346.530
347.020
347.490
347.970
348.460
348.940
349.420
349.880
350.370
350.850
351.340
351.830
352.300
352.790
353.310
353.770
354.260
354.780
355.270
355.750
356.250
356.740
357.230
357.690
358.210
358.700
359.180
359.660
360.150
360.650
361.140
361.640
362.130
362.610
363.100
363.590
364.090
364.550
365.040
365.520
366.000
366.490
366.970
367.470
367.960
368.450
368.930
369.430
369.910
370.410
370.880
371.380
371.850
372.340
372.820
373.290
373.760
374.250
374.730
375.200
375.700
376.200
376.680
377.170
377.650
378.140
378.630
379.110
379.620
380.080
380.580
381.070
381.560
382.060
382.550
383.050
383.550
384.050
384.530
385.020
385.480
385.970
386.450
386.940
387.420
387.950
388.450
388.930
389.390
389.890
390.360
390.830
391.320
391.810
392.300
392.820
393.350
393.850
394.350
394.790
395.240
395.690
396.130
396.600
397.130
397.610
398.100
398.590
399.090
399.580
400.060
400.560
401.030
401.510
402.000
402.480
402.970
403.470
403.960
404.450
404.950
405.440
405.940
406.420
406.900
407.390
407.860
408.340
408.830
409.310
409.820
410.300
410.770
411.260
411.760
412.230
412.710
413.200
413.690
414.170
414.650
415.110
415.570
416.040
416.540
417.020
417.480
417.990
418.470
418.950
419.440
419.930
420.400
420.880
421.360
421.810
422.290
422.760
423.240
423.690
424.180
424.630
425.130
425.610
426.090
426.580
427.050
427.550
428.040
428.530
429.010
429.490
429.940
430.430
430.880
431.380
431.850
432.330
432.800
433.290
433.770
434.260
434.730
435.210
435.680
436.160
436.630
437.110
437.580
438.050
438.500
438.970
439.450
439.930
440.400
440.870
441.330
441.810
442.260
442.730
443.190
443.670
444.140
444.600
445.070
445.530
446.000
446.480
446.960
447.430
447.920
448.380
448.860
449.340
449.800
450.260
450.740
451.210
451.680
452.160
452.640
453.110
453.580
454.060
454.530
455.000
455.480
455.950
456.420
456.890
457.370
457.840
458.320
458.790
459.270
459.750
460.220
460.700
461.210
461.700
462.170
462.660
463.180
463.660
464.130
464.650
465.110
465.610
466.100
466.550
467.040
467.500
467.960
468.460
468.920
469.410
469.880
470.360
470.820
471.280
471.760
472.230
472.700
473.180
473.640
474.110
474.570
475.040
475.510
476.000
476.480
476.950
477.410
477.890
478.360
478.830
479.300
479.790
480.260
480.740
481.200
481.680
482.150
482.610
483.080
483.560
484.030
484.500
484.970
485.460
485.930
486.400
486.880
487.340
487.820
488.290
488.750
489.210
489.690
490.160
490.620
491.100
491.570
492.040
492.510
492.980
493.460
493.920
494.410
494.870
495.350
495.820
496.270
496.740
497.210
497.700
498.160
498.620
499.100
499.590
500.100
500.620
501.120
501.610
502.090
502.570
503.060
503.520
503.910
504.290
504.680
505.040
505.460
505.910
506.320
506.770
507.160
507.510
507.890
508.250
508.620
508.990
509.390
509.820
510.230
510.720
511.210
511.690
512.190
512.690
513.160
513.660
514.140
514.630
515.100
515.600
516.080
516.560
517.010
517.490
517.970
518.480
518.970
519.440
519.920
520.320
520.740
521.160
521.580
522.000
522.440
522.820
523.210
523.590
523.950
524.320
524.690
525.090
525.530
525.940
526.430
526.920
527.420
527.920
528.410
528.900
529.390
529.870
530.360
530.840
531.330
531.820
532.320
532.790
533.290
533.810
534.320
534.800
535.290
535.810
536.320
536.810
537.320
537.810
538.310
538.830
539.350
539.890
540.410
540.930
541.510
542.060
542.670
543.310
543.940
544.550
545.180
545.820
546.430
547.070
547.690
548.320
548.960
549.580
550.250
