0.471	1
0.685
0.899
1.124
1.349	1
1.589
1.829
2.064
2.299	1
2.513
2.728
2.948
3.168	1
3.399
3.629
3.855
4.080	1
4.300
4.520
4.749
4.979	1
5.209
5.440
5.675
5.909	1
6.135
6.360
6.575
6.789	1
7.009
7.229
7.427
7.625	1
7.850
8.070
8.290
8.510	1
8.730
8.940
9.150
9.370	1
9.590
9.800
10.010
10.225	1
10.440
10.655
10.870
11.090	1
11.310
11.525
11.740
11.955	1
12.170
12.385
12.600
12.815	1
13.030
13.240
13.450
13.660	1
13.870
14.080
14.290
14.510	1
14.730
14.950
15.170
15.380	1
15.590
15.810
16.030
16.240	1
16.450
16.660
16.870
17.080	1
17.290
17.500
17.710
17.910	1
18.110
18.325
18.540
18.750	1
18.960
19.175
19.390
19.595	1
19.800
20.015
20.230
20.435	1
20.640
20.855
21.070
21.280	1
21.490
21.705
21.920
22.135	1
22.350
22.565
22.780
22.980	1
23.180
23.390
23.600
23.815	1
24.030
24.245
24.460
24.675	1
24.890
25.110
25.330
25.545	1
25.760
25.975
26.190
26.405	1
26.620
26.830
27.040
27.255	1
27.470
27.685
27.900
28.120	1
28.340
28.550
28.760
28.975	1
29.190
29.410
29.630
29.845	1
30.060
30.275
30.490
30.700	1
30.910
31.120
31.330
31.535	1
31.740
31.965
32.190
32.400	1
32.610
32.830
33.050
33.260	1
33.470
33.685
33.900
34.105	1
34.310
34.530
34.750
34.955	1
35.160
35.370
35.580
35.795	1
36.010
36.225
36.440
36.655	1
36.870
37.090
37.310
37.525	1
37.740
37.950
38.160
38.375	1
38.590
38.800
39.010
39.230	1
39.450
39.660
39.870
40.085	1
40.300
40.510
40.720
40.935	1
41.150
41.350
41.550
41.775	1
42.000
42.210
42.420
42.630	1
42.840
43.055
43.270
43.480	1
43.690
43.905
44.120
44.330	1
44.540
44.755
44.970
45.185	1
45.400
45.615
45.830
46.045	1
46.260
46.470
46.680
46.900	1
47.120
47.335
47.550
47.760	1
47.970
48.170
48.370
48.595	1
48.820
49.025
49.230
49.455	1
49.680
49.885
50.090
50.300	1
50.510
50.725
50.940
51.145	1
51.350
51.565
51.780
51.995	1
52.210
52.420
52.630
52.845	1
53.060
53.275
53.490
53.700	1
53.910
54.120
54.330
54.540	1
54.750
54.965
55.180
55.395	1
55.610
55.820
56.030
56.245	1
56.460
56.680
56.900
57.105	1
57.310
57.525
57.740
57.955	1
58.170
58.380
58.590
58.800	1
59.010
59.230
59.450
59.665	1
59.880
60.095
60.310
60.520	1
60.730
60.950
61.170
61.380	1
61.590
61.810
62.030
62.240	1
62.450
62.655
62.860
63.070	1
63.280
63.490
63.700
63.915	1
64.130
64.340
64.550
64.760	1
64.970
65.175
65.380
65.590	1
65.800
66.005
66.210
66.420	1
66.630
66.835
67.040
67.250	1
67.460
67.665
67.870
68.080	1
68.290
68.490
68.690
68.900	1
69.110
69.320
69.530
69.740	1
69.950
70.155
70.360
70.565	1
70.770
70.970
71.170
71.380	1
71.590
71.795
72.000
72.205	1
72.410
72.615
72.820
73.030	1
73.240
73.440
73.640
73.850	1
74.060
74.260
74.460
74.670	1
74.880
75.085
75.290
75.490	1
75.690
75.895
76.100
76.310	1
76.520
76.725
76.930
77.145	1
77.360
77.555
77.750
77.955	1
78.160
78.370
78.580
78.785	1
78.990
79.195
79.400
79.605	1
79.810
80.015
80.220
80.425	1
80.630
80.835
81.040
81.240	1
81.440
81.645
81.850
82.055	1
82.260
82.470
82.680
82.885	1
83.090
83.290
83.490
83.690	1
83.890
84.095
84.300
84.505	1
84.710
84.915
85.120
85.325	1
85.530
85.740
85.950
86.155	1
86.360
86.565
86.770
86.970	1
87.170
87.380
87.590
87.790	1
87.990
88.195
88.400
88.600	1
88.800
89.010
89.220
89.435	1
89.650
89.850
90.050
90.260	1
90.470
90.670
90.870
91.075	1
91.280
91.485
91.690
91.895	1
92.100
92.305
92.510
92.715	1
92.920
93.125
93.330
93.535	1
93.740
93.940
94.140
94.340	1
94.540
94.750
94.960
95.160	1
95.360
95.570
95.780
95.975	1
96.170
96.375
96.580
96.785	1
96.990
97.190
97.390
97.595	1
97.800
98.005
98.210
98.415	1
98.620
98.825
99.030
99.235	1
99.440
99.640
99.840
100.040	1
100.240
100.440
100.640
100.845	1
101.050
101.250
101.450
101.660	1
101.870
102.070
102.270
102.475	1
102.680
102.885
103.090
103.300	1
103.510
103.705
103.900
104.110	1
104.320
104.520
104.720
104.920	1
105.120
105.330
105.540
105.745	1
105.950
106.155
106.360
106.565	1
106.770
106.975
107.180
107.385	1
107.590
107.790
107.990
108.200	1
108.410
108.610
108.810
109.020	1
109.230
109.435
109.640
109.845	1
110.050
110.245
110.440
110.645	1
110.850
111.050
111.250
111.455	1
111.660
111.865
112.070
112.280	1
112.490
112.690
112.890
113.105	1
113.320
113.515
113.710
113.920	1
114.130
114.335
114.540
114.745	1
114.950
115.155
115.360
115.570	1
115.780
115.990
116.200
116.400	1
116.600
116.815
117.030
117.240	1
117.450
117.665
117.880
118.090	1
118.300
118.500
118.700
118.910	1
119.120
119.335
119.550
119.765	1
119.980
120.175
120.370
120.580	1
120.790
121.000
121.210
121.415	1
121.620
121.825
122.030
122.240	1
122.450
122.655
122.860
123.065	1
123.270
123.475
123.680
123.890	1
124.100
124.305
124.510
124.725	1
124.940
125.150
125.360
125.570	1
125.780
125.980
126.180
126.395	1
126.610
126.815
127.020
127.225	1
127.430
127.635
127.840
128.055	1
128.270
128.480
128.690
128.900	1
129.110
129.315
129.520
129.725	1
129.930
130.140
130.350
130.560	1
130.770
130.975
131.180
131.385	1
131.590
131.800
132.010
132.225	1
132.440
132.645
132.850
133.055	1
133.260
133.470
133.680
133.885	1
134.090
134.300
134.510
134.720	1
134.930
135.140
135.350
135.560	1
135.770
135.980
136.190
136.400	1
136.610
136.815
137.020
137.235	1
137.450
137.650
137.850
138.060	1
138.270
138.485
138.700
138.910	1
139.120
139.330
139.540
139.750	1
139.960
140.175
140.390
140.605	1
140.820
141.030
141.240
141.465	1
