0.290
0.650
1.040
1.400
1.750
2.090
2.430
2.770
3.120
3.470
3.800
4.110
4.450
4.800
5.130
5.470
5.820
6.160
6.510
6.840
7.180
7.520
7.860
8.200
8.560
8.900
9.250
9.600
9.950
10.290
10.640
10.990
11.320
11.660
12.010
12.360
12.700
13.040
13.370
13.700
14.050
14.390
14.740
15.090
15.430
15.780
16.130
16.490
16.820
17.170
17.520
17.870
18.230
18.570
18.910
19.260
19.600
19.960
20.310
20.660
21.010
21.350
21.700
22.050
22.390
22.740
23.100
23.450
23.810
24.160
24.500
24.850
25.210
25.560
25.920
26.270
26.620
26.970
27.320
27.660
28.010
28.360
28.720
29.080
29.430
29.780
30.120
30.480
30.830
31.190
31.560
31.910
32.260
32.600
32.950
33.290
33.650
34.000
34.370
34.730
35.090
35.450
35.810
36.160
36.520
36.890
37.240
37.600
37.970
38.320
38.680
39.040
39.400
39.760
40.130
40.480
40.840
41.210
41.570
41.920
42.290
42.650
43.010
43.370
43.730
44.090
44.450
44.810
45.160
45.520
45.880
46.230
46.590
46.950
47.300
47.650
48.030
48.390
48.740
49.090
49.450
49.810
50.170
50.520
50.870
51.230
51.590
51.950
52.310
52.680
53.050
53.400
53.770
54.120
54.500
54.850
55.220
55.590
55.960
56.320
56.680
57.050
57.420
57.790
58.160
58.540
58.920
59.280
59.660
60.030
60.390
60.770
61.150
61.540
61.910
62.280
62.660
63.050
63.410
63.770
64.150
64.530
64.900
65.260
65.640
66.010
66.390
66.770
67.150
67.510
67.890
68.270
68.660
69.020
69.410
69.770
70.160
70.530
70.910
71.280
71.660
72.020
72.410
72.780
73.170
73.530
73.920
74.300
74.680
75.060
75.450
75.820
76.200
76.580
76.950
77.330
77.710
78.080
78.460
78.840
79.220
79.590
79.970
80.340
80.740
81.120
81.490
81.870
82.250
82.630
83.010
83.390
83.770
84.160
84.540
84.920
85.310
85.690
86.070
86.450
86.840
87.210
87.610
87.980
88.370
88.750
89.140
89.520
89.920
90.300
90.690
91.070
91.450
91.850
92.230
92.620
93.010
93.410
93.790
94.150
94.540
94.930
95.320
95.700
96.080
96.450
96.830
97.220
97.600
97.970
98.350
98.730
99.130
99.490
99.880
100.260
100.640
101.010
101.390
101.770
102.150
102.530
102.910
103.290
103.690
104.050
104.440
104.830
105.230
105.610
106.010
106.400
106.790
107.170
107.550
107.940
108.330
108.720
109.110
109.490
109.880
110.250
110.640
111.020
111.400
111.800
112.180
112.570
112.950
113.340
113.750
114.110
114.490
114.870
115.250
115.650
116.020
116.400
116.770
117.180
117.570
117.960
118.340
118.720
119.120
119.490
119.870
120.260
120.640
121.030
121.410
121.770
122.160
122.570
122.950
123.330
123.720
124.130
124.500
124.890
125.290
125.690
126.080
126.450
126.860
127.230
127.640
128.000
128.400
128.780
129.170
129.550
129.950
130.340
130.730
131.110
131.500
131.890
132.270
132.660
133.060
133.440
133.850
134.240
134.630
135.000
135.410
135.790
136.190
136.570
136.930
137.310
137.700
138.080
138.470
138.890
139.280
139.660
140.050
140.430
140.820
141.180
141.570
141.960
142.360
142.740
143.140
143.510
143.910
144.280
144.660
145.040
145.420
145.810
146.190
146.570
146.940
147.330
147.720
148.090
148.470
148.860
149.270
149.650
150.020
150.410
150.780
151.170
151.540
151.940
152.320
152.700
153.080
153.440
153.830
154.200
154.520
154.840
155.150
155.470
155.790
156.120
156.440
156.750
157.070
157.400
157.710
158.030
158.360
158.670
159.000
159.310
159.630
159.950
160.280
160.600
160.920
161.240
161.550
161.870
162.200
162.520
162.830
163.160
163.470
163.800
164.110
164.440
164.750
165.080
