0.080
0.420
0.760
1.120
1.470
1.820
2.160
2.510
2.870
3.220
3.590
3.960
4.300
4.670
5.020
5.350
5.700
6.070
6.430
6.780
7.170
7.520
7.890
8.260
8.650
9.010
9.360
9.740
10.100
10.470
10.840
11.200
11.570
11.940
12.300
12.670
13.030
13.390
13.760
14.130
14.500
14.860
15.230
15.610
15.990
16.340
16.710
17.080
17.470
17.840
18.200
18.570
18.930
19.320
19.690
20.080
20.450
20.810
21.180
21.540
21.910
22.280
22.660
23.020
23.410
23.780
24.130
24.510
24.890
25.260
25.630
26.000
26.350
26.720
27.110
27.500
27.870
28.230
28.610
28.970
29.350
29.710
30.090
30.460
30.830
31.200
31.570
31.950
32.330
32.710
33.100
33.490
33.870
34.240
34.620
34.990
35.370
35.740
36.120
36.490
36.850
37.220
37.590
37.980
38.360
38.720
39.090
39.460
39.830
40.210
40.590
40.960
41.320
41.710
42.080
42.460
42.840
43.210
43.590
43.970
44.350
44.740
45.120
45.490
45.860
46.250
46.630
47.010
47.390
47.770
48.140
48.530
48.900
49.290
49.670
50.050
50.430
50.820
51.200
51.570
51.960
52.330
52.700
53.090
53.480
53.870
54.250
54.650
55.020
55.420
55.800
56.190
56.570
56.960
57.340
57.730
58.110
58.490
58.870
59.260
59.640
60.030
60.430
60.800
61.190
61.580
61.980
62.370
62.760
63.150
63.540
63.940
64.330
64.720
65.110
65.500
65.870
66.260
66.660
67.060
67.440
67.830
68.250
68.650
69.050
69.450
69.840
70.240
70.640
71.040
71.430
71.820
72.210
72.600
73.000
73.400
73.810
74.210
74.610
75.000
75.400
75.820
76.220
76.610
77.010
77.410
77.820
78.230
78.620
79.030
79.420
79.810
80.200
80.600
80.990
81.390
81.770
82.160
82.580
82.970
83.370
83.770
84.170
84.560
84.970
85.360
85.750
86.140
86.540
86.920
87.320
87.710
88.110
88.480
88.890
89.280
89.690
90.090
90.480
90.880
91.290
91.690
92.090
92.480
92.880
93.270
93.670
94.060
94.460
94.850
95.240
95.640
96.050
96.460
96.880
97.300
97.690
98.090
98.500
98.900
99.280
99.680
100.080
100.460
100.860
101.250
101.650
102.040
102.470
102.860
103.260
103.670
104.070
104.470
104.870
105.260
105.670
106.070
106.460
106.870
107.280
107.670
108.070
108.460
108.870
109.290
109.690
110.100
110.480
110.890
111.280
111.690
112.100
112.500
112.910
113.330
113.750
114.150
114.540
114.940
115.340
115.730
116.130
116.540
116.930
117.330
117.710
118.110
118.510
118.900
119.300
119.700
120.090
120.490
120.890
121.290
121.700
122.110
122.510
122.900
123.310
123.710
124.110
124.520
124.930
125.330
125.740
126.140
126.540
126.950
127.350
127.740
128.150
128.550
128.960
129.350
129.740
130.150
130.560
130.950
131.370
131.770
132.180
132.580
132.990
133.400
133.800
134.210
134.610
135.010
135.420
135.820
136.210
136.600
137.020
137.420
137.810
138.230
138.630
139.030
139.430
139.830
140.240
140.630
141.030
141.420
141.820
142.240
142.640
143.040
143.420
143.830
144.200
144.600
145.020
145.440
145.840
146.260
146.650
147.040
147.450
147.850
148.240
148.650
149.080
149.490
149.900
150.310
150.720
151.150
151.580
151.980
152.400
152.810
153.220
153.630
154.060
154.470
154.900
155.330
155.750
156.170
156.570
156.990
157.410
157.830
158.240
158.660
159.070
159.490
159.910
160.350
160.750
161.160
161.580
161.980
162.400
162.810
163.220
163.630
164.040
164.450
164.860
165.280
165.690
166.100
166.510
166.920
167.350
167.780
168.200
168.600
169.030
169.440
169.880
170.290
170.700
171.140
171.560
171.970
172.380
172.800
173.210
173.640
174.060
174.470
174.890
175.320
175.740
176.170
176.580
177.000
177.420
177.830
178.250
178.670
179.080
179.500
179.930
180.350
180.770
181.190
181.600
182.010
182.440
182.860
183.270
183.700
184.110
184.540
184.960
185.380
185.800
186.220
186.650
187.070
187.490
187.910
188.320
188.730
189.160
189.550
189.950
190.360
190.740
191.150
191.590
192.000
192.440
192.870
193.290
193.710
194.150
194.580
195.010
195.450
195.860
196.310
196.740
197.150
197.590
198.030
198.440
198.890
199.330
199.770
200.280
200.780
201.260
201.760
202.230
202.790
203.430
204.030
204.710
205.330
206.040
206.710
207.410
208.050
208.750
209.400
210.060
210.680
211.320
211.970
212.600
213.240
213.880
214.550
