0.000
0.840
1.660
2.460
3.210
4.030
4.820
5.580
6.370
7.150
7.940
8.670
9.470
10.210
10.990
11.700
12.480
13.100
13.710
14.370
14.990
15.590
16.200
16.780
17.350
17.970
18.550
19.130
19.730
20.360
20.960
21.560
22.160
22.740
23.340
23.950
24.590
25.220
25.840
26.450
27.050
27.670
28.320
28.890
29.460
30.040
30.630
31.200
31.770
32.380
32.960
33.510
34.120
34.700
35.250
35.860
36.440
37.010
37.570
38.160
38.790
39.390
39.990
40.580
41.190
41.790
42.360
42.980
43.630
44.220
44.840
45.490
46.100
46.690
47.330
47.910
48.530
49.160
49.770
50.370
51.020
51.620
52.240
52.850
53.520
54.130
54.800
55.420
56.050
56.680
57.270
57.890
58.510
59.140
59.780
60.400
60.980
61.590
62.200
62.810
63.450
64.030
64.640
65.280
65.860
66.470
67.100
67.720
68.360
69.000
69.660
70.300
70.930
71.540
72.130
72.740
73.350
73.970
74.560
75.130
75.750
76.320
76.930
77.570
78.190
78.790
79.440
80.060
80.650
81.300
81.940
82.570
83.200
83.810
84.450
85.090
85.690
86.320
86.970
87.670
88.300
88.970
89.690
90.330
90.890
91.490
92.080
92.710
93.400
94.030
94.620
95.210
95.870
96.490
97.140
97.790
98.410
99.040
99.700
100.320
100.910
101.530
102.130
102.700
103.320
103.930
104.480
105.020
105.580
106.150
106.760
107.390
108.000
108.590
109.220
109.810
110.410
111.020
111.630
112.230
112.810
113.430
114.090
114.800
115.460
116.120
116.730
117.370
118.040
118.650
119.320
119.920
120.560
121.210
121.820
122.470
123.100
123.680
124.270
124.890
125.470
126.080
126.690
127.320
127.940
128.520
129.140
129.770
130.400
131.030
131.630
132.240
132.890
133.470
134.090
134.720
135.310
135.920
136.530
137.180
137.780
138.400
138.980
139.590
140.230
140.810
141.440
142.020
142.630
143.210
143.850
144.450
145.040
145.660
146.260
146.860
147.420
148.000
148.600
149.160
149.790
150.580
151.370
152.090
152.840
153.540
154.260
154.990
155.750
156.490
157.240
157.960
158.690
159.440
160.220
160.990
161.740
162.480
163.280
163.870
164.510
165.110
165.750
166.340
166.970
167.530
168.140
168.730
169.320
169.910
170.510
171.130
171.750
172.350
172.960
173.560
174.200
174.810
175.410
176.010
176.590
177.180
177.810
178.400
179.030
179.730
180.520
181.300
182.120
182.970
183.820
184.700
185.540
186.480
187.340
188.260
189.100
189.890
190.760
191.580
192.340
193.190
194.040
194.900
195.710
196.600
197.450
198.260
199.100
199.810
200.480
201.220
201.880
202.580
203.300
204.030
204.730
205.340
205.970
206.560
207.200
207.790
208.390
209.030
209.640
210.240
210.850
211.420
212.020
212.570
213.190
213.750
214.350
215.000
215.600
216.240
216.850
217.440
218.010
218.610
219.200
219.830
220.430
221.020
221.620
222.260
222.840
223.480
224.060
224.680
225.300
225.940
226.560
227.170
227.760
228.390
228.980
229.590
230.160
230.770
231.390
231.990
232.640
233.250
233.910
234.490
235.130
235.720
236.320
236.950
237.570
238.230
238.840
239.500
240.120
240.780
241.400
242.070
242.880
243.700
244.600
245.530
246.380
247.150
247.940
248.780
249.560
250.320
251.160
251.940
252.750
253.520
254.290
255.110
255.970
256.820
257.690
258.380
259.130
259.860
260.500
261.090
261.710
262.350
262.960
263.560
264.180
264.800
265.390
266.020
266.600
267.210
267.840
268.490
269.120
269.730
270.370
270.990
271.650
272.250
272.870
273.490
274.140
274.780
275.390
275.980
276.590
277.220
277.820
278.430
279.020
279.660
280.260
280.860
281.510
282.120
282.750
283.340
283.980
284.580
285.230
285.820
286.440
287.150
287.790
288.580
289.340
290.110
290.930
291.660
292.390
293.170
293.890
294.680
295.410
296.130
296.880
297.590
298.320
299.020
299.780
300.610
301.380
302.220
302.980
303.770
304.590
305.360
306.180
306.940
307.770
308.570
309.380
310.170
310.980
311.850
312.680
313.490
314.390
315.210
316.060
316.960
317.760
318.570
319.390
320.100
320.840
321.560
322.230
322.980
323.650
324.400
325.090
325.840
326.580
327.480
328.350
329.200
330.060
331.000
331.940
332.900
333.830
334.710
335.640
336.620
337.600
338.510
339.520
340.460
341.430
342.370
343.280
344.150
344.960
345.830
346.630
347.460
348.280
349.160
349.980
350.810
351.610
352.480
353.310
354.120
354.920
355.660
356.470
357.240
357.820
358.410
359.010
359.640
360.220
360.840
361.420
362.020
362.630
363.220
363.810
364.380
365.000
365.580
366.190
366.810
367.410
367.960
368.540
369.130
369.730
370.280
370.880
371.500
372.090
372.680
373.280
373.930
374.530
375.160
375.780
376.360
376.970
377.560
378.170
378.760
379.390
379.990
380.550
381.160
381.750
382.380
382.950
383.580
384.180
384.740
385.330
385.970
386.580
387.210
387.830
388.410
389.010
389.610
390.230
390.810
391.430
392.010
392.610
393.320
393.990
394.650
395.290
395.880
396.480
397.090
397.700
398.340
398.950
399.540
400.170
400.820
401.440
402.080
402.700
403.320
403.970
404.560
405.210
405.820
406.420
407.040
407.670
408.290
408.930
409.550
