0.240
0.700
1.190
1.710
2.180
2.670
3.160
3.630
4.100
4.600
5.080
5.550
6.020
6.520
6.990
7.480
7.950
8.420
8.910
9.390
9.860
10.340
10.820
11.300
11.790
12.260
12.740
13.210
13.690
14.180
14.660
15.140
15.620
16.110
16.600
17.080
17.540
18.030
18.510
18.990
19.470
19.940
20.420
20.880
21.370
21.840
22.320
22.800
23.280
23.760
24.250
24.710
25.210
25.680
26.150
26.630
27.030
27.430
27.820
28.280
28.750
29.230
29.700
30.170
30.630
31.110
31.580
32.050
32.520
32.990
33.460
33.930
34.410
34.870
35.330
35.800
36.270
36.740
37.210
37.680
38.150
38.600
39.070
39.540
40.020
40.480
40.940
41.410
41.870
42.340
42.820
43.280
43.740
44.210
44.680
45.150
45.610
46.070
46.530
46.990
47.460
47.920
48.370
48.810
49.280
49.730
50.200
50.670
51.130
51.590
52.060
52.520
52.980
53.440
53.910
54.380
54.840
55.310
55.780
56.240
56.710
57.180
57.640
58.100
58.560
59.030
59.500
59.960
60.410
60.880
61.340
61.810
62.290
62.760
63.210
63.680
64.150
64.610
65.070
65.540
66.010
66.480
66.940
67.400
67.870
68.330
68.810
69.260
69.720
70.160
70.620
71.080
71.540
72.010
72.460
72.920
73.380
73.850
74.300
74.770
75.220
75.680
76.120
76.580
77.050
77.510
77.960
78.430
78.870
79.340
79.800
80.260
80.720
81.180
81.640
82.100
82.560
83.030
83.500
83.960
84.430
84.900
85.350
85.810
86.270
86.740
87.210
87.660
88.120
88.570
89.030
89.490
89.960
90.430
90.890
91.350
91.820
92.280
92.740
93.190
93.650
94.110
94.580
95.030
95.490
95.940
96.400
96.850
97.310
97.760
98.220
98.670
99.140
99.590
100.050
100.500
100.880
101.230
101.670
102.130
102.580
103.030
103.490
103.950
104.410
104.860
105.310
105.780
106.240
106.690
107.150
107.620
108.070
108.510
108.960
109.430
109.870
110.340
110.780
111.250
111.720
112.170
112.630
113.080
113.530
113.990
114.440
114.910
115.370
115.800
116.260
116.710
117.160
117.620
118.070
118.520
118.980
119.450
119.880
120.340
120.800
121.270
121.720
122.170
122.620
123.090
123.530
124.000
124.450
124.900
125.370
125.820
126.270
126.730
127.180
127.670
128.130
128.580
129.050
129.510
129.950
130.410
130.870
131.310
131.770
132.210
132.650
133.110
133.560
134.020
134.470
134.910
135.370
135.810
136.270
136.720
137.180
137.640
138.090
138.540
138.990
139.450
139.900
140.370
140.810
141.280
141.740
142.190
142.640
143.100
143.560
144.010
144.470
144.920
145.360
145.820
146.280
146.730
147.200
147.650
148.100
148.570
149.020
149.480
149.940
150.400
150.850
151.320
151.770
152.200
152.670
153.130
153.590
154.050
154.500
154.960
155.430
155.900
156.350
156.820
157.270
157.740
158.190
158.660
159.120
159.570
160.030
160.490
160.940
161.410
161.860
162.300
162.760
163.210
163.660
164.120
164.570
165.030
165.490
165.950
166.390
166.860
167.300
167.770
168.230
168.700
169.160
169.610
170.070
170.530
170.980
171.430
171.890
172.350
172.800
173.250
173.720
174.170
174.630
175.090
175.530
175.990
176.440
176.900
177.340
177.790
178.250
178.700
179.160
179.610
180.060
180.520
180.960
181.440
181.890
182.340
182.780
183.230
183.690
184.150
184.600
185.050
185.500
185.940
186.400
186.850
187.310
187.770
188.220
188.680
189.140
189.590
190.050
190.490
190.950
191.410
191.850
192.300
192.740
193.190
193.650
194.090
194.550
195.000
195.450
195.910
196.360
196.810
197.270
197.720
198.180
198.630
199.100
199.540
199.990
200.440
200.900
201.350
201.810
202.270
202.720
203.170
203.620
204.070
204.530
204.980
205.430
205.890
206.340
206.800
207.260
207.710
208.170
208.610
209.060
209.510
209.970
210.420
210.870
211.310
211.770
212.230
212.670
213.120
213.570
214.010
214.460
214.940
215.390
215.840
216.290
216.750
217.200
217.640
218.100
218.560
219.010
219.470
219.910
220.360
220.810
221.260
221.720
222.160
222.610
223.060
223.520
223.970
224.420
224.880
225.300
225.740
226.220
226.670
227.110
227.550
227.990
228.440
228.910
229.360
229.810
230.250
230.690
231.140
231.580
232.030
232.480
232.940
233.380
233.840
234.280
234.730
235.190
235.630
236.060
236.480
236.930
237.340
237.790
238.240
238.670
239.110
239.560
240.020
240.480
240.950
241.410
241.870
242.310
242.780
243.220
243.670
244.120
244.580
245.010
245.440
245.890
246.330
246.790
247.260
247.710
248.170
248.630
249.090
249.550
250.010
250.460
250.920
251.350
251.790
252.230
252.660
253.070
253.490
253.940
254.400
254.850
255.280
255.750
256.200
256.650
257.100
257.560
257.990
258.460
258.910
259.390
259.840
260.300
260.760
261.240
261.700
262.180
262.640
263.080
263.550
264.000
264.480
264.950
265.420
265.880
266.340
266.810
267.270
267.720
268.190
268.640
269.110
269.560
270.020
270.480
270.950
271.410
271.880
272.340
272.810
273.250
273.720
274.190
274.640
275.090
275.570
276.040
276.510
276.960
277.420
277.890
278.360
278.820
279.300
279.740
280.200
280.680
281.120
281.600
282.060
282.500
282.960
