0.190
0.680
1.210
1.710
2.240
2.810
3.340
3.880
4.440
5.020
5.610
6.150
6.660
7.200
7.750
8.310
8.830
9.390
9.900
10.440
11.010
11.520
12.060
12.630
13.140
13.690
14.190
14.720
15.260
15.840
16.380
16.910
17.460
18.010
18.580
19.110
19.600
20.140
20.640
21.190
21.770
22.320
22.850
23.390
23.960
24.520
25.040
25.590
26.140
26.690
27.250
27.760
28.300
28.840
29.410
29.950
30.450
30.990
31.510
32.090
32.660
33.150
33.680
34.060
34.410
34.760
35.110
35.440
35.790
36.120
36.440
36.780
37.090
37.430
37.750
38.100
38.440
38.780
39.100
39.460
39.780
40.130
40.480
40.810
41.160
41.480
41.840
42.160
42.520
42.850
43.180
43.530
43.860
44.220
44.550
44.890
45.220
45.550
45.880
46.220
46.550
46.880
47.210
47.550
47.880
48.210
48.540
48.890
49.210
49.550
49.880
50.220
50.540
50.880
51.210
51.530
51.870
52.220
52.550
52.890
53.220
53.580
53.910
54.250
54.570
54.910
55.240
55.580
55.900
56.240
56.580
56.920
57.250
57.600
57.920
58.260
58.600
58.950
59.270
59.620
59.950
60.280
60.620
60.950
61.290
61.630
61.970
62.320
62.640
62.970
63.310
63.650
63.980
64.330
64.660
65.000
65.320
65.670
66.000
66.340
66.690
67.030
67.360
67.700
68.030
68.370
68.690
69.040
69.360
69.700
70.030
70.350
70.710
71.050
71.380
71.720
72.060
72.390
72.740
73.080
73.420
73.750
74.090
74.450
74.760
75.090
75.430
75.750
76.100
76.430
76.760
77.080
77.410
77.740
78.070
78.410
78.750
79.100
79.430
79.780
80.110
80.450
80.780
81.120
81.450
81.790
82.120
82.460
82.800
83.140
83.490
83.830
84.160
84.500
84.830
85.180
85.500
85.840
86.170
86.500
86.830
87.170
87.500
87.830
88.150
88.490
88.830
89.170
89.500
89.840
90.190
90.530
90.850
91.180
91.520
91.840
92.170
92.520
92.840
93.180
93.510
93.850
94.180
94.520
94.860
95.190
95.510
95.850
96.190
96.530
96.870
97.200
97.540
97.890
98.210
98.560
98.880
99.210
99.550
99.880
100.200
100.540
100.880
101.220
101.570
101.890
102.220
102.560
102.890
103.210
103.560
103.900
104.230
104.570
104.910
105.250
105.580
105.920
106.250
106.600
106.920
107.250
107.580
107.920
108.240
108.570
108.890
109.210
109.540
109.870
110.190
110.510
110.850
111.180
111.520
111.860
112.180
112.530
112.840
113.190
113.510
113.850
114.180
114.530
114.850
115.190
115.520
115.860
116.170
116.510
116.830
117.170
117.490
117.830
118.160
118.510
118.840
119.180
119.510
119.850
120.170
120.500
120.840
121.190
121.530
121.870
122.200
122.540
122.880
123.220
123.550
123.890
124.230
124.560
124.890
125.220
125.540
125.880
126.200
126.530
126.860
127.210
127.530
127.880
128.200
128.540
128.870
129.200
129.530
129.850
130.170
130.500
130.830
131.170
131.500
131.860
132.190
132.540
132.870
133.210
133.550
133.890
134.220
134.580
134.910
135.260
135.600
135.930
136.240
136.590
136.910
137.250
137.580
137.920
138.250
138.610
138.930
139.280
139.590
139.920
140.250
140.600
140.910
141.250
141.590
141.930
142.250
142.590
142.920
143.260
143.570
143.900
144.250
144.600
144.920
145.270
145.590
145.930
146.260
146.590
146.920
147.260
147.580
147.930
148.260
148.600
148.920
149.260
149.570
149.900
150.230
150.560
150.880
151.200
151.520
151.830
152.150
152.480
152.790
153.150
153.490
153.820
154.150
154.510
154.820
155.150
155.490
155.820
156.150
156.480
156.800
157.140
157.460
157.810
158.120
158.460
158.790
159.130
159.460
159.790
160.110
160.460
160.800
161.150
161.480
161.800
162.110
162.430
162.750
163.090
163.400
163.760
164.100
164.440
164.760
165.120
165.430
165.770
166.100
166.440
166.750
167.070
167.400
167.720
168.030
168.380
168.690
169.030
169.360
169.700
170.020
170.360
170.670
171.000
171.310
171.630
171.960
172.260
172.570
172.880
173.220
173.560
173.890
174.220
174.540
174.880
175.190
175.550
175.880
176.210
176.540
176.890
177.210
177.550
177.870
178.210
178.530
178.870
179.190
179.530
179.850
180.190
180.510
180.850
181.170
181.510
181.830
182.170
182.500
182.830
183.180
183.510
183.840
184.180
184.490
184.840
185.160
185.500
185.810
186.170
186.510
186.850
187.170
187.490
187.830
188.150
188.510
188.840
189.170
189.520
189.860
190.190
190.530
190.840
191.200
191.540
191.870
192.210
192.530
192.870
193.200
193.530
193.850
194.190
194.520
194.850
195.170
195.520
195.840
196.160
196.500
196.820
197.150
197.480
197.810
198.150
198.470
198.800
199.150
199.470
199.820
200.140
200.470
200.800
201.130
201.470
201.790
202.130
202.440
202.780
203.100
203.430
203.740
204.070
204.380
204.710
205.020
205.330
205.630
205.940
206.260
206.610
206.930
207.270
207.600
207.920
208.250
208.570
208.900
209.240
209.570
209.900
210.240
210.570
210.900
211.230
211.560
211.890
212.220
212.540
212.860
213.160
213.470
213.790
214.170
214.520
214.890
215.250
215.590
215.910
216.250
216.610
216.950
217.280
217.640
217.990
218.340
218.670
219.020
219.390
219.740
220.070
220.440
220.780
221.110
221.440
221.810
222.160
222.510
222.850
223.190
223.540
223.900
224.230
224.580
224.930
225.260
225.590
225.930
226.280
226.620
226.970
227.310
227.650
227.990
228.330
228.660
229.010
229.340
229.690
230.010
230.360
230.690
231.050
231.370
231.730
232.040
232.400
232.720
233.070
233.400
233.760
234.090
234.440
234.770
235.120
235.450
235.790
236.120
236.470
236.800
237.160
237.480
237.810
238.150
238.480
238.820
239.180
239.500
239.860
240.170
240.500
240.840
241.170
241.510
241.850
242.190
242.520
242.860
243.200
243.540
243.870
244.220
244.570
244.890
245.240
245.580
245.930
246.260
246.610
246.960
247.300
247.630
247.980
248.310
248.640
248.990
249.320
249.670
250.020
250.360
250.710
251.050
251.410
251.740
252.090
252.420
252.780
253.110
253.450
253.780
254.130
254.470
254.810
255.150
255.490
255.820
256.170
256.500
256.870
257.220
257.550
257.920
258.260
258.660
259.030
259.420
259.800
260.170
260.540
260.860
261.180
261.500
261.820
262.140
262.470
262.780
263.100
263.420
263.750
264.070
264.390
264.700
265.030
265.350
