0.390
0.970
1.560
2.150
2.720
3.280
3.840
4.410
4.990
5.580
6.160
6.730
7.320
7.880
8.440
9.030
9.580
10.150
10.710
11.310
11.870
12.430
13.010
13.570
14.160
14.690
15.260
15.830
16.420
16.990
17.520
18.100
18.670
19.240
19.800
20.370
20.960
21.520
22.070
22.650
23.240
23.820
24.390
24.950
25.550
26.110
26.690
27.260
27.820
28.420
28.970
29.550
30.130
30.720
31.280
31.860
32.420
33.010
33.570
34.160
34.750
35.350
35.900
36.440
37.020
37.600
38.170
38.770
39.340
39.900
40.460
41.050
41.630
42.180
42.750
43.340
43.920
44.500
45.080
45.660
46.240
46.840
47.420
47.990
48.560
49.130
49.710
50.290
50.870
51.450
52.040
52.590
53.160
53.720
54.300
54.850
55.430
55.990
56.570
57.120
57.700
58.280
58.850
59.420
60.000
60.560
61.130
61.680
62.260
62.830
63.410
63.960
64.520
65.070
65.630
66.200
66.770
67.330
67.900
68.480
69.040
69.600
70.180
70.730
71.300
71.860
72.430
73.000
73.570
74.140
74.690
75.260
75.820
76.380
76.940
77.490
78.050
78.630
79.200
79.750
80.340
80.890
81.450
82.000
82.570
83.140
83.700
84.260
84.830
85.390
85.970
86.520
87.090
87.690
88.230
88.780
89.340
89.880
90.420
90.970
91.540
92.100
92.650
93.220
93.770
94.330
94.890
95.470
96.000
96.560
97.140
97.700
98.260
98.830
99.380
99.940
100.520
101.090
101.660
102.210
102.760
103.320
103.870
104.440
105.000
105.570
106.130
106.670
107.210
107.790
108.350
108.880
109.450
110.020
110.600
111.170
111.720
112.290
112.840
113.410
113.970
114.540
115.080
115.660
116.200
116.770
117.330
117.900
118.470
119.030
119.580
120.130
120.690
121.240
121.800
122.340
122.910
123.430
123.990
124.540
125.090
125.640
126.180
126.720
127.270
127.840
128.400
128.930
129.490
130.060
130.600
131.160
131.730
132.290
132.860
133.400
133.950
134.520
135.100
135.660
136.230
136.800
137.330
137.890
138.430
138.980
139.560
140.110
140.680
141.230
141.800
142.370
142.910
143.490
144.040
144.580
145.120
145.710
146.280
146.840
147.380
147.950
148.510
149.040
149.630
150.170
150.730
151.300
151.840
152.410
152.980
153.530
154.100
154.660
155.210
155.750
156.320
156.880
157.430
157.990
158.560
159.110
159.650
160.220
160.740
161.320
161.860
162.400
162.930
163.500
164.050
164.600
165.150
165.740
166.280
166.830
167.420
167.980
168.530
169.070
169.640
170.220
170.760
171.310
171.880
172.440
172.990
173.530
174.080
174.660
175.190
175.760
176.300
176.840
177.390
177.940
178.490
179.010
179.580
180.110
180.660
181.220
181.770
182.340
182.880
183.460
184.010
184.570
185.130
185.670
186.240
186.810
187.370
187.920
188.500
189.050
189.600
190.130
190.690
191.250
191.810
192.340
192.880
193.430
193.990
194.540
195.070
195.630
196.140
196.700
197.240
197.780
198.320
198.890
199.440
199.980
200.510
201.080
201.640
202.190
202.760
203.310
203.870
204.440
204.980
205.530
206.070
206.630
207.180
207.730
208.270
208.820
209.380
209.930
210.500
211.050
211.620
212.150
212.730
213.260
213.840
214.370
214.940
215.500
216.030
216.590
217.130
217.690
218.250
218.790
219.340
219.860
220.420
220.950
221.510
222.080
222.650
223.200
223.730
224.280
224.820
225.390
225.940
226.490
227.020
227.580
228.160
228.690
229.260
229.820
230.350
230.930
231.450
232.020
232.570
233.120
233.650
234.240
234.800
235.340
235.880
236.450
237.000
237.540
238.120
238.680
239.230
239.790
240.340
240.870
241.430
241.980
242.500
243.060
243.600
244.140
244.700
245.260
245.800
246.340
246.910
247.470
248.020
248.580
249.150
249.720
250.260
250.810
251.390
251.960
252.500
253.060
253.630
254.190
254.750
255.300
255.860
256.410
256.970
257.540
258.100
258.640
259.200
259.750
260.290
260.860
261.400
261.960
262.520
263.050
263.610
264.160
264.720
265.280
265.850
266.410
266.970
267.510
268.080
268.650
269.180
269.740
270.290
270.850
271.380
271.940
272.500
273.060
273.600
274.160
274.720
275.270
275.830
276.400
276.960
277.510
278.040
278.610
279.160
279.720
280.280
280.840
281.410
281.950
282.480
283.040
283.600
284.170
284.710
285.270
285.830
286.380
286.950
287.480
288.040
288.580
289.140
289.680
290.250
290.770
291.310
291.860
292.400
292.950
293.490
294.030
294.570
295.120
295.620
296.180
296.750
297.290
297.840
298.390
298.920
299.480
300.040
300.560
301.110
301.660
302.180
302.730
303.290
303.810
304.350
304.930
305.500
306.080
306.640
307.200
307.770
308.310
308.880
309.410
309.990
310.520
311.070
311.640
312.190
312.730
313.260
313.810
314.370
314.940
315.480
316.020
316.580
317.110
317.670
318.220
318.790
319.320
319.840
320.420
320.960
321.510
322.060
322.620
323.180
323.710
324.280
324.820
325.380
325.930
326.480
327.040
327.600
328.180
328.710
329.270
329.830
330.370
330.930
331.490
332.050
332.630
333.180
333.720
334.290
334.850
335.410
335.990
336.530
337.090
337.610
338.180
338.710
339.290
339.860
340.440
341.000
341.570
342.120
342.680
343.240
343.800
344.350
344.890
345.450
346.020
346.590
347.140
347.680
348.210
348.790
349.370
349.920
350.510
351.050
351.590
352.130
352.700
353.260
353.840
354.400
354.940
355.530
356.230
356.900
357.560
358.230
358.910
359.570
360.260
360.890
361.550
362.230
362.880
363.500
364.150
364.780
365.440
366.050
366.690
367.330
368.000
368.610
369.280
