0.610
1.240
1.860
2.470
3.090
3.680
4.300
4.910
5.530
6.130
6.760
7.390
7.980
8.590
9.220
9.850
10.460
11.060
11.630
12.240
12.850
13.480
14.090
14.670
15.320
15.920
16.540
17.150
17.750
18.370
18.980
19.580
20.190
20.800
21.400
22.010
22.620
23.220
23.830
24.450
25.050
25.670
26.260
26.840
27.450
28.060
28.670
29.240
29.840
30.400
30.990
31.600
32.200
32.820
33.400
33.970
34.590
35.190
35.790
36.380
36.980
37.590
38.190
38.810
39.430
40.030
40.640
41.250
41.830
42.420
43.010
43.590
44.210
44.790
45.390
46.000
46.590
47.180
47.770
48.360
48.960
49.550
50.150
50.770
51.340
51.940
52.530
53.130
53.740
54.320
54.900
55.500
56.070
56.680
57.260
57.810
58.420
58.990
59.580
60.170
60.750
61.330
61.900
62.500
63.060
63.640
64.230
64.790
65.380
65.950
66.500
67.090
67.650
68.220
68.800
69.380
69.950
70.530
71.110
71.680
72.270
72.860
73.430
74.010
74.590
75.160
75.740
76.320
76.890
77.480
78.060
78.660
79.240
79.830
80.390
80.990
81.570
82.190
82.760
83.340
83.920
84.500
85.080
85.670
86.250
86.820
87.430
88.020
88.600
89.160
89.720
90.280
90.850
91.450
92.010
92.590
93.170
93.750
94.320
94.910
95.490
96.060
96.640
97.220
97.780
98.340
98.920
99.510
100.080
100.660
101.250
101.800
102.370
102.930
103.500
104.080
104.650
105.220
105.810
106.370
106.940
107.510
108.080
108.670
109.250
109.820
110.400
110.970
111.550
112.110
112.680
113.260
113.820
114.390
114.960
115.530
116.130
116.710
117.290
117.860
118.440
119.030
119.610
120.180
120.780
121.360
121.940
122.520
123.100
123.680
124.240
124.810
125.390
125.940
126.520
127.070
127.640
128.240
128.810
129.360
129.960
130.530
131.100
131.670
132.240
132.790
133.380
133.960
134.510
135.080
135.640
136.220
136.790
137.350
137.920
138.500
139.060
139.650
140.210
140.770
141.350
141.920
142.490
143.050
143.630
144.210
144.790
145.340
145.920
146.480
147.040
147.600
148.160
148.730
149.320
149.890
150.430
150.980
151.530
152.090
152.640
153.200
153.750
154.300
154.880
155.420
155.990
156.550
157.110
157.680
158.230
158.820
159.380
159.920
160.490
161.050
161.610
162.180
162.730
163.280
163.850
164.410
164.970
165.540
166.100
166.640
167.200
167.750
168.300
168.840
169.430
169.970
170.520
171.080
171.620
172.180
172.740
173.300
173.870
174.440
175.000
175.570
176.140
176.690
177.250
177.800
178.360
178.910
179.480
180.050
180.610
181.180
181.730
182.280
182.840
183.400
183.960
184.510
185.040
185.620
186.180
186.740
187.310
187.850
188.400
188.960
189.510
190.070
190.630
191.200
191.750
192.310
192.870
193.420
193.980
194.530
195.110
195.660
196.220
196.770
197.320
197.870
198.430
198.990
199.530
200.080
200.640
201.190
201.740
202.310
202.850
203.420
203.970
204.430
204.890
205.390
205.900
206.440
207.010
207.560
208.110
208.660
209.200
209.780
210.330
210.870
211.400
211.960
212.510
213.050
213.620
214.170
214.710
215.270
215.820
216.400
216.950
217.490
218.030
218.570
219.140
219.680
220.220
220.780
221.330
221.890
222.430
222.970
223.540
224.060
224.630
225.180
225.720
226.280
226.820
227.380
227.930
228.470
229.010
229.560
230.080
230.640
231.200
231.780
232.330
232.850
233.430
233.960
234.510
235.060
235.620
236.150
236.690
237.240
237.770
238.330
238.900
239.450
239.970
240.540
241.090
241.640
242.180
242.750
243.290
243.830
244.390
244.930
245.480
245.990
246.550
247.110
247.650
248.210
248.750
249.300
249.830
250.350
250.890
251.430
251.960
252.510
253.080
253.610
254.130
254.670
255.210
255.730
256.290
256.820
257.370
257.910
258.460
259.000
259.510
260.050
260.620
261.150
261.700
262.260
262.800
263.350
263.890
264.430
264.970
265.510
266.050
266.570
267.120
267.690
268.230
268.770
269.290
269.830
270.400
270.940
271.470
272.000
272.550
273.090
273.610
274.170
274.720
275.240
275.800
276.330
276.860
277.410
277.960
278.470
279.010
279.550
280.100
280.640
281.180
281.710
282.250
282.780
283.320
283.860
284.410
284.940
285.490
286.040
286.560
287.110
287.650
288.190
288.700
289.250
289.790
290.320
290.860
291.400
291.930
292.460
293.000
293.540
294.070
294.620
295.160
295.710
296.250
296.770
297.340
297.880
298.410
298.950
299.510
300.070
300.600
301.160
301.700
302.250
302.800
303.340
303.890
304.420
304.960
305.500
306.050
306.620
307.150
307.690
308.260
308.790
309.340
309.880
310.430
310.950
311.500
312.030
312.580
313.140
313.660
314.200
314.760
315.300
315.830
316.370
316.900
317.440
317.980
318.530
319.070
319.610
320.140
320.680
321.210
321.740
322.270
322.810
323.340
323.880
324.430
324.970
325.510
326.040
326.580
327.120
327.630
328.190
328.720
329.260
329.810
330.340
330.890
331.430
331.960
332.500
333.040
333.590
334.140
334.690
335.220
335.740
336.280
336.810
337.350
337.910
338.450
338.970
339.510
340.040
340.590
341.110
341.640
342.180
342.720
343.250
343.770
344.290
344.860
345.380
345.920
346.470
346.970
347.510
348.040
348.600
349.130
349.670
350.180
350.740
351.270
351.800
352.340
352.870
353.390
353.940
354.460
354.980
355.520
356.050
356.580
357.130
357.670
358.200
358.730
359.260
359.800
360.330
360.850
361.380
361.910
362.430
362.980
363.500
364.050
364.590
365.120
365.650
366.190
366.710
367.230
367.750
368.280
368.820
369.350
369.880
370.390
370.910
371.440
371.980
372.490
373.030
373.550
374.090
374.620
375.150
375.680
376.220
376.730
377.260
377.780
378.300
378.840
379.360
379.890
380.420
380.940
381.470
381.990
382.540
383.060
383.590
384.120
384.650
385.180
385.710
386.220
386.760
387.300
387.830
388.370
388.880
389.420
389.950
390.480
391.000
391.550
392.080
392.600
393.130
393.660
394.190
394.710
395.240
395.760
396.310
396.850
397.370
397.900
398.440
398.940
399.470
400.020
400.530
401.060
401.580
402.100
402.670
403.180
403.710
404.250
404.770
405.300
405.850
406.350
406.900
407.460
407.990
408.520
409.040
409.550
410.090
410.630
411.170
411.700
412.260
412.780
413.300
413.830
414.380
414.910
415.430
415.950
416.490
416.990
417.520
418.050
418.590
419.140
419.690
420.220
420.760
421.310
421.840
422.380
422.910
423.450
423.990
424.540
425.090
425.610
426.160
426.700
427.250
427.770
428.350
428.880
429.450
429.980
430.530
431.060
431.600
432.130
432.670
433.200
433.730
434.270
434.790
435.310
435.840
436.400
436.960
437.500
438.060
438.590
439.130
439.670
440.220
440.790
441.340
441.890
442.400
442.920
443.470
444.010
444.520
445.070
445.610
446.150
446.690
447.250
447.770
448.310
448.860
449.400
449.930
450.470
451.020
451.560
452.090
452.650
453.190
453.720
454.240
454.750
455.290
455.840
456.410
456.940
457.500
458.020
458.570
459.120
459.670
460.230
460.810
461.340
461.950
462.520
463.140
463.730
464.320
464.890
465.470
466.000
466.530
467.080
467.630
468.170
468.680
469.240
469.820
470.390
470.980
471.540
472.130
472.720
473.340
473.900
474.520
475.110
