0.430
0.910
1.380
1.830
2.290
2.740
3.190
3.640
4.090
4.570
5.020
5.510
5.960
6.430
6.890
7.330
7.800
8.250
8.730
9.170
9.630
10.090
10.550
11.010
11.460
11.910
12.380
12.830
13.270
13.710
14.170
14.610
15.060
15.500
15.960
16.390
16.860
17.300
17.760
18.200
18.640
19.090
19.550
20.000
20.440
20.890
21.340
21.810
22.270
22.730
23.190
23.630
24.100
24.530
24.990
25.440
25.860
26.310
26.760
27.220
27.660
28.120
28.570
29.020
29.460
29.900
30.350
30.790
31.240
31.700
32.140
32.590
33.050
33.510
33.960
34.410
34.840
35.280
35.730
36.180
36.640
37.100
37.570
38.010
38.460
38.920
39.380
39.820
40.260
40.720
41.190
41.650
42.110
42.560
43.030
43.470
43.900
44.330
44.800
45.240
45.690
46.140
46.610
47.060
47.520
47.980
48.450
48.890
49.330
49.800
50.230
50.690
51.130
51.590
52.060
52.520
52.980
53.440
53.900
54.340
54.780
55.220
55.660
56.120
56.570
57.040
57.500
57.960
58.450
58.900
59.360
59.800
60.250
60.690
61.160
61.610
62.060
62.510
62.990
63.440
63.880
64.320
64.750
65.200
65.650
66.110
66.580
67.040
67.490
67.940
68.390
68.840
69.270
69.710
70.160
70.600
71.040
71.500
71.950
72.410
72.880
73.330
73.790
74.240
74.700
75.170
75.630
76.090
76.540
77.000
77.460
77.920
78.370
78.830
79.280
79.710
80.160
80.630
81.070
81.530
81.990
82.470
82.950
83.440
83.910
84.400
84.860
85.310
85.780
86.210
86.680
87.110
87.560
88.030
88.510
88.980
89.440
89.900
90.360
90.810
91.260
91.720
92.170
92.620
93.060
93.520
93.980
94.430
94.880
95.360
95.810
96.270
96.700
97.140
97.590
98.030
98.500
98.950
99.410
99.870
100.330
100.800
101.270
101.720
102.180
102.620
103.060
103.530
103.990
104.440
104.920
105.380
105.830
106.280
106.720
107.180
107.640
108.080
108.540
108.990
109.460
109.910
110.380
110.830
111.280
111.730
112.190
112.630
113.090
113.540
113.980
114.420
114.880
115.320
115.780
116.210
116.660
117.120
117.580
118.020
118.480
118.940
119.390
119.840
120.300
120.750
121.200
121.630
122.080
122.520
122.970
123.420
123.880
124.310
124.780
125.230
125.670
126.140
126.600
127.050
127.500
127.950
128.410
128.860
129.300
129.740
130.200
130.660
131.100
131.550
132.010
132.440
132.900
133.340
133.790
134.240
134.670
135.120
135.560
135.990
136.450
136.870
137.330
137.770
138.200
138.650
139.100
139.530
139.980
140.430
140.890
141.330
141.800
142.240
142.680
143.120
143.560
144.010
144.460
144.880
145.340
145.780
146.220
146.650
147.110
147.560
147.990
148.440
148.880
149.340
149.790
150.240
150.690
151.140
151.560
152.010
152.450
152.900
153.360
153.810
154.250
154.700
155.140
155.570
156.000
156.440
156.900
157.330
157.770
158.210
158.660
159.080
159.530
159.970
160.410
160.860
161.300
161.750
162.200
162.640
163.100
163.560
164.010
164.450
164.900
165.340
165.790
166.210
166.660
167.110
167.550
167.960
168.390
168.840
169.270
169.690
170.120
170.570
171.040
171.480
171.920
172.380
172.840
173.270
173.710
174.150
174.610
175.040
175.510
175.940
176.390
176.820
177.270
177.700
178.150
178.580
179.030
179.500
179.940
180.370
180.820
181.240
181.680
182.120
182.560
183.010
183.450
183.890
184.350
184.810
185.260
185.700
186.150
186.570
187.010
187.430
187.870
188.320
188.760
189.200
189.630
190.070
190.520
190.970
191.410
191.840
192.280
192.730
193.170
193.590
194.030
194.470
194.930
195.360
195.810
196.250
196.680
197.110
197.530
197.960
198.410
198.860
199.310
199.760
200.200
200.650
201.090
201.560
202.010
202.430
202.850
203.300
203.730
204.160
204.620
205.040
205.480
205.900
206.340
206.790
207.230
207.660
208.110
208.540
208.960
209.380
209.820
210.270
210.720
211.160
211.590
212.020
212.440
212.860
213.270
213.690
214.130
214.550
214.970
215.380
215.840
216.290
216.740
217.190
217.650
218.070
218.490
218.940
219.360
219.800
220.240
220.690
221.120
221.570
222.030
222.460
222.920
223.360
223.800
224.220
224.660
225.120
225.580
226.030
226.470
226.920
227.370
227.790
228.220
228.650
229.070
229.520
229.960
230.410
230.860
231.290
231.740
232.190
232.630
233.060
233.510
233.930
234.380
234.810
235.260
235.700
236.140
236.580
237.010
237.490
237.940
238.390
238.860
239.310
239.770
240.230
240.690
241.120
241.580
242.060
242.510
242.970
243.430
243.870
244.330
244.770
245.210
245.670
246.110
246.580
247.030
247.480
247.930
248.400
248.850
249.300
249.770
250.230
250.690
251.140
251.580
252.040
252.500
252.920
253.370
253.810
254.270
254.710
255.180
255.630
256.070
256.510
256.970
257.430
257.850
258.290
258.730
259.190
259.630
260.060
260.510
260.960
261.400
261.870
262.310
262.760
263.200
263.670
264.100
264.570
265.000
265.450
265.870
266.310
266.750
267.190
267.620
268.060
268.470
268.910
269.360
269.790
270.230
270.650
271.090
271.530
271.970
272.400
272.840
273.290
273.710
274.140
274.590
275.020
275.430
275.870
276.310
276.730
277.170
277.610
278.070
278.530
278.950
279.390
279.820
280.230
280.680
281.100
281.520
281.940
282.370
282.790
283.220
283.630
284.060
284.460
284.900
285.340
285.770
286.190
286.620
287.020
287.440
287.880
288.270
288.700
289.110
289.510
289.920
290.350
290.800
291.240
291.670
292.120
292.600
293.050
293.500
293.960
294.440
294.890
295.350
295.810
296.280
296.710
297.120
297.570
298.000
298.430
298.850
299.270
299.720
300.140
300.590
301.050
301.510
301.930
302.380
302.820
303.230
303.640
304.060
304.510
304.940
305.390
305.840
306.270
306.720
307.150
307.570
308.000
308.440
308.880
309.330
309.780
310.230
310.680
311.160
311.620
312.080
312.520
312.980
313.420
313.870
314.330
314.750
315.210
315.660
316.120
316.550
317.030
317.480
317.940
318.400
318.850
319.290
319.760
320.230
320.690
321.140
321.620
322.080
322.550
323.020
323.470
323.940
324.400
324.850
325.300
325.760
326.210
326.690
327.120
327.580
328.040
328.490
328.930
329.370
329.810
330.270
330.700
331.150
331.620
332.070
332.510
332.970
333.410
333.870
334.300
334.770
335.210
335.670
336.100
336.540
336.990
337.440
337.920
338.390
338.840
339.310
339.750
340.210
340.670
341.110
341.550
342.000
342.460
342.930
343.390
343.850
344.280
344.720
345.160
345.620
346.080
346.540
346.990
347.440
347.910
348.370
348.810
349.270
349.730
350.180
350.620
351.070
351.550
352.000
352.440
352.900
353.360
353.810
354.250
354.700
355.150
355.590
356.050
356.490
356.930
357.380
357.850
358.300
358.750
359.190
359.670
360.120
360.550
361.000
361.460
361.910
362.370
362.820
363.270
363.740
364.190
364.660
365.100
365.540
365.990
366.460
366.890
367.340
367.810
368.280
368.740
369.190
369.630
370.090
370.540
370.970
371.410
371.860
372.300
372.760
373.230
373.690
374.150
374.600
375.040
375.500
375.920
376.360
376.820
377.250
377.700
378.160
378.630
379.100
379.550
380.010
380.470
380.910
381.360
381.820
382.270
382.740
383.180
383.660
384.110
384.560
385.030
385.480
385.910
386.370
386.840
387.300
387.790
388.290
388.780
389.240
389.710
390.200
390.660
391.110
391.570
392.050
392.500
392.950
393.410
393.870
394.350
394.800
395.250
395.720
396.160
396.610
397.060
397.530
397.980
398.440
398.900
399.370
399.850
400.310
400.750
401.220
401.660
402.120
402.550
403.010
403.450
403.900
404.350
404.840
405.300
405.770
406.220
406.690
407.140
407.610
408.050
408.510
408.950
409.410
409.870
410.320
410.760
411.210
411.650
412.100
412.530
412.990
413.440
413.880
414.330
414.800
415.250
415.700
416.140
416.590
417.040
417.490
417.940
418.390
418.830
419.290
419.730
420.180
420.630
421.090
421.540
421.990
422.430
422.880
423.320
423.770
424.230
424.680
425.110
425.560
426.040
426.500
426.950
427.420
427.880
428.320
428.790
429.260
429.700
430.180
430.640
431.080
431.540
432.020
432.460
432.920
433.380
433.850
434.310
434.780
435.220
435.700
436.140
436.620
437.090
437.540
