0.290
0.630
0.980
1.350
1.700
2.040
2.390
2.730
3.100
3.440
3.770
4.110
4.450
4.780
5.110
5.440
5.780
6.130
6.460
6.800
7.130
7.460
7.800
8.140
8.460
8.810
9.140
9.470
9.800
10.130
10.470
10.800
11.120
11.460
11.780
12.110
12.450
12.780
13.110
13.440
13.760
14.110
14.440
14.760
15.100
15.430
15.760
16.090
16.420
16.760
17.090
17.420
17.740
18.080
18.410
18.740
19.080
19.410
19.740
20.070
20.390
20.710
21.040
21.370
21.720
22.050
22.400
22.740
23.080
23.410
23.740
24.060
24.380
24.730
25.060
25.400
25.730
26.060
26.390
26.720
27.060
27.390
27.720
28.050
28.390
28.720
29.040
29.380
29.700
30.040
30.380
30.700
31.040
31.370
31.700
32.020
32.350
32.690
33.020
33.340
33.670
34.010
34.330
34.660
34.980
35.310
35.630
35.960
36.280
36.600
36.920
37.260
37.580
37.910
38.230
38.570
38.900
39.230
39.540
39.870
40.200
40.530
40.850
41.190
41.520
41.850
42.170
42.500
42.830
43.170
43.490
43.830
44.140
44.470
44.790
45.110
45.450
45.780
46.110
46.440
46.770
47.100
47.420
47.760
48.090
48.420
48.740
49.070
49.400
49.730
50.060
50.390
50.720
51.060
51.380
51.710
52.040
52.370
52.700
53.030
53.350
53.690
54.010
54.340
54.670
54.980
55.310
55.640
55.970
56.300
56.620
56.960
57.280
57.620
57.940
58.270
58.600
58.930
59.250
59.590
59.920
60.250
60.570
60.890
61.220
61.550
61.880
62.210
62.560
62.880
63.220
63.530
63.870
64.190
64.520
64.860
65.200
65.530
65.860
66.180
66.510
66.860
67.190
67.530
67.860
68.190
68.510
68.830
69.170
69.510
69.840
70.170
70.500
70.820
71.150
71.470
71.810
72.140
72.460
72.790
73.120
73.450
73.770
74.090
74.410
74.740
75.060
75.390
75.720
76.050
76.370
76.700
77.020
77.360
77.820
78.330
78.990
79.650
80.300
80.950
81.600
82.250
82.890
83.540
84.180
84.820
85.460
86.110
86.760
87.410
88.060
88.720
89.350
90.000
90.650
91.300
91.950
92.590
93.230
93.870
94.510
95.160
95.810
96.440
97.080
97.710
98.370
99.010
99.660
100.310
100.950
101.600
102.250
102.890
103.540
104.190
104.830
105.490
106.130
106.780
107.430
108.080
108.720
109.370
110.030
110.670
111.330
111.970
112.620
113.250
113.920
114.570
115.210
115.840
116.490
117.140
117.790
118.440
119.090
119.730
120.380
121.030
121.690
122.330
122.990
123.640
124.300
124.930
125.570
126.220
126.850
127.490
128.140
128.790
129.430
130.060
130.720
131.360
132.010
132.650
133.290
133.930
134.580
135.220
135.860
136.500
137.150
137.780
138.430
139.080
139.730
140.380
141.040
141.690
142.360
143.020
143.670
144.320
144.980
145.610
146.250
146.880
147.520
148.170
148.800
149.440
150.090
150.740
151.390
152.040
152.700
153.330
153.980
154.610
155.260
155.890
156.510
157.150
157.800
158.450
159.090
159.740
160.390
161.030
161.660
162.300
162.940
163.580
164.220
164.860
165.510
166.150
166.800
167.450
168.090
168.740
169.390
170.030
170.690
171.330
171.980
172.630
173.290
173.940
174.580
175.230
175.880
176.520
177.180
177.810
178.470
179.120
179.760
180.400
181.050
181.690
182.340
182.980
183.640
184.280
184.930
185.570
186.220
186.860
187.510
188.140
188.780
189.420
190.070
190.710
191.350
191.980
192.640
193.270
193.910
194.550
195.190
195.830
196.460
197.090
197.740
198.360
199.000
199.640
200.280
200.910
201.550
202.170
202.810
203.460
204.100
204.730
205.380
206.010
206.650
207.290
207.930
208.560
209.200
209.840
210.480
211.120
211.760
212.400
213.040
213.680
214.320
214.960
215.610
216.240
216.880
217.500
218.130
218.770
219.400
220.030
220.660
221.290
221.920
222.550
223.170
223.810
224.450
225.070
225.720
226.330
226.950
227.580
228.200
228.830
229.450
230.120
230.750
231.400
232.060
232.700
233.350
233.990
234.650
235.300
235.960
236.590
237.230
237.870
238.510
239.150
239.790
240.430
241.060
241.700
242.330
242.970
243.600
244.250
244.890
245.530
246.170
246.810
247.440
248.070
248.710
249.350
249.980
250.600
251.220
251.850
252.490
253.120
253.760
254.390
255.030
255.660
256.300
256.930
257.580
258.210
258.860
259.500
260.140
260.790
261.430
262.060
262.710
263.350
263.980
264.610
265.250
265.870
266.510
267.140
267.790
268.430
269.070
269.730
270.360
270.960
271.600
272.260
272.890
273.520
274.170
274.810
275.450
276.080
276.720
277.360
278.010
278.640
279.290
279.940
280.600
281.240
281.900
282.540
283.200
283.840
284.500
285.150
285.810
286.450
287.100
287.740
288.390
289.030
289.660
290.300
290.940
291.530
291.900
292.220
292.550
292.870
293.200
293.520
293.830
294.150
294.480
294.790
295.100
295.420
295.730
296.050
296.380
296.700
297.020
297.340
297.670
297.990
298.320
298.640
298.980
299.300
299.620
299.940
300.270
300.590
300.910
301.230
301.550
301.870
302.190
302.510
302.830
303.150
303.480
303.800
304.130
304.440
304.760
305.080
305.400
305.720
306.040
306.360
306.680
307.000
307.330
307.650
307.970
308.290
308.600
308.930
309.240
309.570
309.880
310.200
310.530
310.840
311.190
311.520
311.850
312.180
312.490
312.820
313.150
313.490
313.830
314.150
314.480
314.810
315.150
315.460
315.790
316.110
316.440
316.760
317.090
317.410
317.750
318.060
318.400
318.720
319.050
319.370
319.700
320.030
320.350
320.680
321.000
321.330
321.660
321.980
322.310
322.620
322.950
323.270
323.600
323.930
324.270
324.590
324.910
325.240
325.570
325.890
326.210
326.540
326.870
327.190
327.530
327.860
328.180
328.510
328.830
329.160
329.490
329.810
330.130
330.470
330.790
331.110
331.430
331.750
332.080
332.410
332.730
333.050
333.370
333.690
334.010
334.320
334.650
334.970
335.290
335.620
335.950
336.270
336.590
336.910
337.240
337.550
337.880
338.190
338.520
338.830
339.160
339.470
339.800
340.110
340.440
340.750
341.070
341.390
341.710
342.030
342.360
342.670
342.990
343.310
343.640
343.950
344.270
344.580
344.900
345.200
345.520
345.830
346.140
346.450
346.770
347.080
347.400
347.730
348.040
348.360
348.690
349.010
349.350
349.670
349.990
350.330
350.720
351.120
351.500
351.910
352.310
352.720
353.150
353.580
353.990
354.400
354.800
355.210
355.630
356.050
356.460
356.870
357.280
357.710
358.120
358.560
358.980
359.380
359.800
360.220
360.660
