0.430
0.930
1.500
2.090
2.660
3.260
3.910
4.510
5.090
5.710
6.290
6.870
7.450
8.050
8.630
9.220
9.800
10.410
10.970
11.550
12.130
12.710
13.290
13.880
14.440
15.030
15.620
16.200
16.780
17.370
17.960
18.530
19.110
19.680
20.270
20.850
21.430
22.040
22.630
23.210
23.810
24.390
24.960
25.550
26.110
26.680
27.240
27.810
28.380
28.960
29.530
30.120
30.710
31.300
31.870
32.460
33.030
33.640
34.220
34.790
35.370
35.950
36.550
37.120
37.700
38.270
38.860
39.460
40.040
40.650
41.200
41.780
42.350
42.940
43.500
44.080
44.660
45.230
45.790
46.390
46.960
47.520
48.090
48.660
49.220
49.800
50.360
50.930
51.480
52.050
52.620
53.200
53.770
54.330
54.900
55.460
56.030
56.600
57.150
57.710
58.270
58.850
59.430
59.990
60.570
61.150
61.710
62.290
62.850
63.410
63.960
64.520
65.080
65.650
66.230
66.810
67.390
67.960
68.540
69.110
69.690
70.260
70.830
71.400
71.980
72.550
73.110
73.700
74.260
74.840
75.410
75.980
76.540
77.110
77.690
78.260
78.820
79.390
79.970
80.550
81.120
81.700
82.270
82.850
83.440
84.010
84.590
85.160
85.730
86.300
86.880
87.460
88.050
88.630
89.210
89.790
90.370
90.940
91.510
92.100
92.670
93.240
93.820
94.390
94.970
95.530
96.140
96.710
97.290
97.870
98.440
99.020
99.600
100.170
100.710
101.290
101.870
102.450
103.040
103.600
104.190
104.750
105.320
105.900
106.470
107.050
107.620
108.190
108.770
109.340
109.900
110.460
111.040
111.600
112.170
112.740
113.310
113.880
114.450
115.020
115.590
116.170
116.740
117.310
117.880
118.460
119.020
119.600
120.160
120.740
121.300
121.870
122.440
123.010
123.570
124.140
124.700
125.270
125.830
126.400
126.970
127.510
128.070
128.630
129.190
129.750
130.290
130.860
131.430
131.980
132.540
133.110
133.660
134.230
134.800
135.360
135.920
136.470
137.020
137.590
138.150
138.710
139.270
139.830
140.390
140.950
141.500
142.080
142.640
143.220
143.780
144.350
144.900
145.470
146.030
146.590
147.150
147.740
148.290
148.870
149.430
149.990
150.550
151.120
151.700
152.280
152.840
153.400
153.970
154.530
155.080
155.630
156.180
156.720
157.270
157.790
158.320
158.840
159.400
159.940
160.470
161.080
161.650
162.220
162.790
163.350
163.910
164.440
164.930
165.460
165.970
166.500
167.040
167.550
168.110
168.680
169.290
169.860
170.440
171.010
171.600
172.170
172.750
173.330
173.910
174.490
175.060
175.640
176.220
176.790
177.360
177.940
178.510
179.100
179.680
180.240
180.810
181.390
181.980
182.560
183.120
183.680
184.280
184.860
185.430
186.040
186.630
187.230
187.780
188.380
188.980
189.550
190.120
190.680
191.230
191.830
192.430
193.080
