0.020
0.630
1.280
1.830
2.440
3.020
3.550
4.100
4.650
5.220
5.720
6.260
6.790
7.310
7.810
8.340
8.870
9.440
9.950
10.500
11.050
11.600
12.120
12.680
13.200
13.780
14.320
14.900
15.450
16.010
16.560
17.140
17.690
18.280
18.830
19.420
19.970
20.570
21.120
21.720
22.270
22.870
23.460
24.070
24.650
25.240
25.790
26.380
26.950
27.570
28.140
28.720
29.310
29.920
30.460
31.050
31.580
32.160
32.730
33.330
33.720
34.130
34.510
34.930
35.290
35.650
36.030
36.400
36.780
37.140
37.510
37.870
38.250
38.640
39.000
39.390
39.780
40.150
40.540
40.920
41.280
41.660
42.010
42.400
42.780
43.180
43.570
43.950
44.340
44.700
45.080
45.470
45.870
46.270
46.650
47.030
47.410
47.800
48.180
48.560
48.960
49.330
49.730
50.130
50.520
50.890
51.310
51.700
52.100
52.500
52.890
53.300
53.710
54.140
54.550
54.950
55.360
55.760
56.130
56.520
56.930
57.290
57.670
58.070
58.430
58.840
59.230
59.630
60.040
60.420
60.810
61.200
61.580
61.980
62.380
62.750
63.160
63.560
63.950
64.340
64.750
65.130
65.520
65.900
66.310
66.670
67.060
67.450
67.830
68.220
68.610
69.020
69.400
69.810
70.200
70.590
70.980
71.350
71.760
72.130
72.540
72.940
73.320
73.720
74.120
74.530
74.920
75.330
75.720
76.120
76.530
76.940
77.330
77.730
78.130
78.550
78.950
79.350
79.750
80.150
80.570
80.960
81.360
81.770
82.170
82.570
82.970
83.360
83.770
84.190
84.590
85.010
85.420
85.800
86.200
86.620
87.000
87.400
87.820
88.200
88.620
89.020
89.430
89.830
90.250
90.650
91.070
91.470
91.870
92.300
92.710
93.100
93.520
93.940
94.350
94.760
95.150
95.560
95.970
96.390
96.790
97.200
97.630
98.020
98.430
98.850
99.270
99.660
100.090
100.500
100.890
101.300
101.710
102.120
102.530
102.940
103.380
103.770
104.180
104.610
105.000
105.430
105.830
106.240
106.650
107.070
107.480
107.870
108.280
108.700
109.100
109.520
109.940
110.340
110.760
111.190
111.600
112.030
112.450
112.860
113.290
113.710
114.130
114.540
114.960
115.390
115.790
116.220
116.620
117.030
117.450
117.870
118.300
118.700
119.120
119.510
119.940
120.340
120.760
121.180
121.600
122.040
122.460
122.880
123.290
123.720
124.150
124.580
125.000
125.430
125.840
126.270
126.690
127.110
127.530
127.930
128.350
128.790
129.200
129.620
130.030
130.460
130.900
131.320
131.770
132.180
132.620
133.030
133.440
133.860
134.290
134.710
135.120
135.540
135.960
136.400
136.820
137.240
137.660
138.090
138.500
138.940
139.360
139.790
140.240
140.660
141.090
141.530
141.940
142.370
142.810
143.250
143.680
144.090
144.510
144.920
145.340
145.770
146.190
146.590
147.020
147.420
147.840
148.260
148.690
149.090
149.530
149.960
150.380
150.810
151.240
151.660
152.080
152.510
152.920
153.340
153.780
154.200
154.630
155.070
155.500
155.930
156.350
156.760
157.210
157.620
158.070
158.490
158.920
159.340
159.770
160.180
160.610
161.030
161.450
161.900
162.310
162.740
163.180
163.610
164.050
164.470
164.910
165.320
165.750
166.160
166.570
166.980
167.400
167.820
168.210
168.620
169.050
169.470
169.890
170.300
170.710
171.150
171.550
171.990
172.420
172.860
173.270
173.680
174.090
174.480
174.920
175.330
175.760
176.170
176.580
177.010
177.420
177.830
178.250
178.660
179.100
179.500
179.920
180.330
180.730
181.150
181.570
181.970
182.400
182.820
183.230
183.650
184.060
184.490
184.910
185.350
185.770
186.200
186.620
187.030
187.460
187.880
188.310
188.740
189.160
189.570
190.000
190.430
190.860
191.290
191.730
192.160
192.580
193.000
193.430
193.840
194.260
194.680
195.100
195.520
195.940
196.350
196.770
197.190
197.600
198.020
198.440
198.860
199.280
199.690
200.130
200.530
200.960
201.360
201.740
202.150
202.570
203.000
203.430
203.880
204.310
204.730
205.160
205.560
205.990
206.410
206.840
207.280
207.700
208.130
208.570
208.980
209.430
209.880
210.500
211.120
211.780
212.440
213.110
213.750
214.390
215.080
215.730
216.360
217.000
217.620
218.260
218.930
219.650
220.340
221.110
221.840
222.710
223.480
224.410
225.280
226.200
227.060
227.980
228.830
229.690
230.620
231.500
232.340
233.230
234.080
234.960
235.810
236.720
237.530
238.390
239.280
240.160
241.050
241.930
242.780
243.690
244.540
245.430
246.250
246.990
247.620
248.270
248.920
249.610
250.310
250.950
251.570
252.240
252.870
253.560
254.170
254.850
255.530
256.160
256.620
257.090
257.530
257.990
258.470
258.910
259.340
259.790
260.220
260.660
261.110
261.560
261.990
262.420
262.870
263.340
263.770
264.240
264.680
265.110
265.550
265.990
266.450
266.880
267.330
267.750
268.210
268.650
269.090
269.530
269.970
270.410
270.850
271.410
272.000
272.570
273.250
273.870
274.570
275.220
275.980
276.670
277.420
278.130
278.820
279.580
280.310
281.050
281.710
282.430
283.040
283.730
284.340
285.040
285.660
286.350
287.020
287.730
288.400
289.020
289.660
290.320
291.010
291.670
292.290
292.980
293.670
294.330
295.040
295.700
296.360
297.070
297.760
298.390
299.050
299.710
300.330
301.010
301.710
302.380
303.120
303.750
304.400
305.100
305.730
306.420
307.080
307.790
308.330
308.830
309.310
309.770
310.270
310.740
311.170
311.600
312.060
312.520
312.950
313.400
313.870
314.310
314.790
315.250
315.700
316.160
316.630
317.080
317.530
318.010
318.460
318.920
319.350
319.800
320.230
320.670
321.110
321.560
321.990
322.420
322.870
323.320
323.740
324.180
324.610
325.030
325.480
325.900
326.340
326.780
327.200
327.650
328.090
328.530
328.960
329.410
329.840
330.280
330.740
331.160
331.600
332.040
332.490
332.940
333.380
333.820
334.250
334.670
335.100
335.530
335.960
336.390
336.820
337.250
337.690
338.120
338.560
338.990
339.440
339.880
340.310
340.750
341.180
341.600
342.040
342.470
342.910
343.320
343.760
344.220
344.640
345.080
345.670
346.270
346.850
347.550
348.180
348.880
349.520
350.220
350.860
351.570
352.190
352.870
353.520
354.140
354.810
355.500
356.180
356.900
357.550
358.280
358.910
359.360
359.830
360.260
360.720
361.180
361.620
362.060
362.500
362.940
363.400
363.840
364.290
364.750
365.200
365.650
366.100
366.530
366.990
367.430
367.850
368.310
368.740
369.170
369.630
370.060
370.500
370.940
371.380
371.830
372.260
372.710
373.140
373.580
374.020
374.460
374.900
375.340
375.780
376.220
376.660
377.080
377.520
377.940
378.360
378.800
379.230
379.650
380.080
380.510
380.930
381.370
381.800
382.220
382.670
383.090
383.530
383.960
384.390
384.800
385.240
385.670
386.120
386.590
387.280
387.920
388.610
389.250
389.970
390.640
391.320
391.960
392.650
393.320
393.970
394.650
395.340
396.080
396.780
397.480
398.170
398.840
399.540
400.260
400.940
401.660
402.440
403.180
403.880
404.640
405.360
406.170
406.900
407.700
408.480
409.230
409.980
410.790
411.520
412.330
413.060
413.890
414.660
415.470
416.220
417.060
417.830
418.660
419.460
420.260
421.020
421.840
422.590
423.420
