0.370
1.370
2.310
3.290
4.310
5.360
6.390
7.480
8.540
9.520
10.530
11.590
12.590
13.660
14.680
15.650
16.630
17.620
18.640
19.680
20.660
21.730
22.720
23.820
24.860
25.860
26.880
27.940
28.930
29.950
30.960
32.010
32.990
34.080
35.110
36.160
37.260
38.270
39.380
40.410
41.400
42.440
43.510
44.600
45.670
46.760
47.810
48.770
49.800
50.840
51.880
52.930
53.930
55.030
56.090
57.160
58.220
59.210
60.260
61.320
62.320
63.370
64.400
65.430
66.440
67.460
68.500
69.550
70.580
71.610
72.600
73.620
74.620
75.640
76.660
77.660
78.640
79.700
80.710
81.710
82.700
83.710
84.690
85.710
86.760
87.740
88.790
89.790
90.820
91.810
92.840
93.830
94.830
95.860
96.890
97.930
98.910
99.940
100.970
101.970
103.030
104.150
105.200
106.200
107.290
108.290
109.350
110.420
111.430
112.420
113.480
114.540
115.560
116.570
117.600
118.660
119.700
120.770
121.760
122.790
123.830
124.920
125.930
126.940
127.940
128.950
129.970
131.000
132.030
132.980
134.050
135.100
136.210
137.210
138.230
139.300
140.370
141.410
142.440
143.480
144.510
145.530
146.600
147.630
148.630
149.720
150.750
151.800
152.830
153.870
154.930
155.980
157.010
158.020
159.060
160.050
161.160
162.220
163.350
164.340
165.350
166.430
167.500
168.560
169.600
170.620
171.710
172.750
173.830
174.820
175.890
176.940
177.970
179.050
180.110
181.110
182.100
183.150
184.200
185.240
186.270
187.290
188.350
189.380
190.430
191.450
192.540
193.530
194.520
195.490
196.540
197.550
198.580
199.620
200.640
201.710
202.710
203.730
204.790
205.790
206.870
207.900
208.930
209.980
211.050
212.080
213.110
214.130
215.180
216.200
217.240
218.250
219.260
220.270
221.290
222.310
223.340
224.360
225.400
226.420
227.420
228.490
229.510
230.520
231.510
232.610
233.640
234.680
235.770
236.780
237.820
238.860
239.850
240.880
241.910
243.040
244.080
245.050
246.090
247.120
248.160
249.170
250.190
251.230
252.250
253.280
254.280
255.350
256.340
257.360
258.380
259.460
260.530
261.520
262.560
263.610
264.550
265.560
266.570
267.570
268.630
269.650
270.700
271.720
272.750
273.780
274.770
275.770
276.810
277.860
278.860
279.860
280.910
281.900
282.930
283.920
284.970
285.960
287.020
288.030
289.090
290.110
291.150
292.170
293.170
294.230
295.270
296.280
297.320
298.380
299.350
300.370
301.400
302.430
303.460
304.490
305.490
306.550
307.530
308.590
309.620
310.630
311.660
312.660
313.700
314.760
315.750
316.750
317.800
318.810
319.820
320.840
321.860
322.880
323.880
324.960
326.000
326.990
328.030
329.080
330.070
331.070
332.130
333.110
334.190
335.250
336.280
337.360
338.360
339.410
340.460
341.480
342.510
343.550
344.580
345.570
346.620
347.650
348.690
349.710
350.760
351.790
352.790
353.870
354.840
355.880
356.930
357.960
358.940
359.960
361.070
362.200
363.210
364.280
365.270
366.370
367.430
368.470
369.520
370.560
371.630
372.660
373.760
374.820
375.800
376.840
377.830
378.880
379.870
380.940
381.970
383.040
384.070
385.170
386.180
387.250
388.210
389.120
390.040
391.000
391.930
392.990
394.100
395.160
396.260
397.310
398.400
399.530
400.640
401.690
402.700
403.790
404.800
405.850
406.930
407.950
408.970
409.930
410.850
411.850
412.800
413.730
414.720
415.680
416.600
417.560
418.570
