0.870
1.830
2.840
3.710
4.610
5.540
6.480
7.340
8.300
9.260
10.170
11.090
12.040
12.970
13.840
14.720
15.650
16.550
17.310
18.090
18.900
19.650
20.370
21.110
21.860
22.650
23.390
24.120
24.900
25.700
26.490
27.250
28.100
28.950
29.740
30.590
31.410
32.260
33.180
34.020
34.920
35.780
36.620
37.520
38.420
39.330
40.190
41.130
41.990
42.910
43.860
44.750
45.640
46.560
47.440
48.300
49.220
50.120
50.960
51.850
52.760
53.600
54.490
55.410
56.330
57.140
57.940
58.760
59.530
60.320
61.060
61.860
62.690
63.490
64.330
65.230
66.130
67.000
67.860
68.840
69.740
70.710
71.670
72.560
73.500
74.510
75.420
76.430
77.310
78.230
79.030
79.780
80.570
81.350
82.010
82.730
83.280
83.800
84.370
84.940
85.500
86.030
86.620
87.220
87.800
88.360
88.970
89.580
90.180
90.770
91.310
91.870
92.400
92.970
93.580
94.130
94.730
95.310
95.890
96.460
97.040
97.600
98.150
98.740
99.330
99.910
100.480
101.070
101.620
102.210
102.790
103.370
103.940
104.550
105.110
105.690
106.260
106.820
107.380
107.930
108.480
109.020
109.590
110.140
110.680
111.240
111.810
112.360
112.930
113.490
114.040
114.630
115.200
115.780
116.310
116.870
117.440
117.970
118.520
119.080
119.620
120.190
120.730
121.300
121.830
122.380
122.920
123.490
124.060
124.600
125.160
125.690
126.240
126.810
127.350
127.890
128.430
128.990
129.560
130.120
130.660
131.230
131.790
132.330
132.900
133.460
133.980
134.570
135.120
135.690
136.220
136.780
137.370
137.920
138.450
139.020
139.570
140.100
140.650
141.210
141.780
142.330
142.870
143.410
143.950
144.500
145.020
145.580
146.110
146.630
147.170
147.740
148.300
148.840
149.380
149.950
150.520
151.070
151.630
152.180
152.740
153.290
153.830
154.390
154.940
155.510
156.080
156.630
157.220
157.800
158.330
158.910
159.450
159.980
160.510
161.070
161.610
162.150
162.710
163.250
163.810
164.340
164.890
165.480
166.060
166.610
167.180
167.730
168.290
168.840
169.390
169.950
170.520
171.070
171.600
172.140
172.690
173.260
173.810
174.360
174.910
175.460
176.000
176.550
177.090
177.650
178.180
178.720
179.270
179.800
180.350
180.890
181.430
181.960
182.490
183.030
183.570
184.130
184.680
185.200
185.740
186.280
186.790
187.340
187.880
188.430
188.970
189.510
190.050
190.580
191.110
191.660
192.190
192.720
193.250
193.770
194.290
194.830
195.330
195.860
196.380
196.920
197.460
198.010
198.550
199.060
199.600
200.130
200.680
201.220
201.750
202.270
202.790
203.330
203.860
204.390
204.930
205.480
206.040
206.570
207.110
207.650
208.160
208.670
209.170
209.700
210.230
210.760
211.300
211.850
212.370
212.900
213.430
213.960
214.510
215.060
215.610
216.130
216.650
217.170
217.690
218.210
218.730
219.280
219.810
220.350
220.890
221.410
221.970
222.500
223.020
223.570
224.100
224.640
225.170
225.700
226.230
226.760
227.280
227.820
228.340
228.880
229.400
229.940
230.470
231.010
231.540
232.060
232.600
233.120
233.630
234.160
234.700
235.220
235.750
236.290
236.830
237.340
237.860
238.420
238.950
239.490
240.020
240.540
241.070
241.600
242.110
242.640
243.170
243.690
244.210
244.730
245.250
245.780
246.260
246.790
247.300
247.830
248.370
248.880
249.400
249.900
250.440
250.920
251.400
251.860
252.360
252.840
253.310
253.780
254.260
254.760
255.220
255.710
256.200
256.660
257.140
257.640
258.100
