0.270
0.870
1.430
2.030
2.570
3.100
3.650
4.220
4.820
5.400
5.980
6.570
7.170
7.760
8.270
8.810
9.350
9.970
10.560
11.140
11.720
12.330
12.890
13.480
14.090
14.680
15.250
15.850
16.420
16.980
17.570
18.160
18.700
19.270
19.830
20.370
20.950
21.510
22.080
22.670
23.210
23.790
24.340
24.890
25.440
25.980
26.510
27.040
27.640
28.200
28.750
29.340
29.930
30.560
31.180
31.760
32.390
32.900
33.400
33.930
34.460
34.950
35.480
36.020
36.510
37.050
37.600
38.090
38.610
39.160
39.670
40.190
40.730
41.250
41.760
42.280
42.810
43.310
43.860
44.370
44.890
45.420
45.950
46.460
46.990
47.480
48.020
48.570
49.110
49.660
50.200
50.730
51.240
51.780
52.320
52.810
53.360
53.850
54.380
54.920
55.480
55.980
56.530
57.050
57.570
58.140
58.680
59.220
59.740
60.280
60.780
61.330
61.890
62.410
62.950
63.510
64.010
64.560
65.100
65.620
66.170
66.700
67.220
67.770
68.330
68.840
69.400
69.950
70.470
71.030
71.610
72.170
72.720
73.230
73.720
74.230
74.770
75.270
75.720
76.120
76.520
76.930
77.330
77.700
78.070
78.430
78.780
79.140
79.510
79.860
80.220
80.600
80.970
81.340
81.730
82.100
82.480
82.860
83.250
83.620
84.000
84.370
84.770
85.150
85.540
85.910
86.300
86.690
87.100
87.530
87.920
88.340
88.760
89.170
89.550
89.970
90.340
90.750
91.120
91.510
91.870
92.280
92.660
93.050
93.430
93.840
94.210
94.630
95.010
95.420
95.790
96.200
96.580
96.980
97.350
97.750
98.150
98.540
98.920
99.320
99.690
100.100
100.510
100.910
101.290
101.680
102.070
102.460
102.840
103.250
103.630
104.040
104.440
104.840
105.230
105.640
106.030
106.430
106.840
107.250
107.650
108.050
108.480
108.880
109.280
109.660
110.060
110.480
110.880
111.270
111.670
112.080
112.480
112.880
113.280
113.680
114.070
114.460
114.890
115.300
115.690
116.120
116.530
116.930
117.310
117.710
118.130
118.530
118.930
119.310
119.720
120.110
120.510
120.910
121.320
121.720
122.130
122.550
122.950
123.340
123.730
124.150
124.540
124.930
125.340
125.760
126.170
126.570
126.970
127.380
127.790
128.200
128.610
129.010
129.390
129.770
130.140
130.520
130.890
131.280
131.650
132.060
132.450
132.840
133.210
133.620
134.010
134.400
134.790
135.180
135.560
135.950
136.340
136.740
137.140
137.530
137.920
138.320
138.720
139.110
139.500
139.890
140.260
140.670
141.060
141.430
141.820
142.210
142.600
143.000
143.380
143.780
144.170
144.580
144.960
145.380
145.780
146.160
146.570
147.000
147.410
147.820
148.230
148.640
149.030
149.460
149.860
150.270
150.680
151.090
151.480
151.870
152.280
152.710
153.110
153.520
153.920
154.340
154.730
155.110
155.470
155.870
156.240
156.610
157.000
157.410
157.780
158.190
158.580
158.950
159.340
159.750
160.140
160.510
160.880
161.260
161.650
162.030
162.400
162.790
163.180
163.550
163.930
164.310
164.690
165.080
165.460
165.840
166.190
166.590
166.950
167.330
167.710
168.100
168.480
168.870
169.210
169.550
169.870
170.230
170.560
170.950
171.340
171.700
172.090
172.480
172.850
173.240
173.610
173.980
174.360
174.730
175.110
175.500
175.870
176.250
176.630
177.010
177.380
177.770
178.150
178.530
178.880
179.260
179.650
180.020
180.400
180.790
181.160
181.550
181.920
182.290
182.690
183.050
183.430
183.810
184.180
184.550
184.930
185.300
185.670
186.060
186.420
186.810
187.200
187.580
187.940
188.330
188.690
189.060
189.450
189.830
190.200
190.590
190.970
191.350
191.740
192.140
192.540
192.930
193.300
193.690
194.080
194.470
194.860
195.260
195.650
196.030
196.410
196.790
197.160
197.550
197.920
198.300
198.710
199.120
199.520
199.920
200.300
200.690
201.080
201.470
201.850
202.240
202.620
202.980
203.360
203.760
204.130
204.530
204.910
205.300
205.680
206.050
206.430
206.830
207.190
207.580
207.950
208.340
208.710
209.100
209.480
209.860
210.240
210.630
211.010
211.390
211.780
212.160
212.550
212.940
213.320
213.730
214.110
214.500
214.880
215.290
215.670
216.060
216.440
216.850
217.240
217.620
217.990
218.390
218.760
219.160
219.550
219.920
220.320
220.690
221.070
221.460
221.840
222.220
222.590
222.970
223.350
223.750
224.130
224.500
224.870
225.260
225.620
226.000
226.370
226.750
227.130
227.520
227.890
228.270
228.650
229.040
229.420
229.790
230.160
230.560
230.940
231.320
231.700
232.070
232.450
232.830
233.200
233.600
233.980
234.340
234.730
235.100
235.500
235.920
236.360
236.780
237.190
237.550
237.920
238.290
238.670
239.040
239.420
239.780
240.160
240.540
240.900
241.300
241.690
242.080
242.470
242.870
243.260
243.630
244.020
244.430
244.810
245.210
245.620
246.000
246.380
246.760
247.160
247.520
247.910
248.280
248.660
249.040
249.440
249.820
250.200
250.570
250.960
251.320
251.710
252.100
252.490
252.870
253.260
253.650
254.040
254.440
254.830
255.230
255.620
256.010
256.390
256.790
257.170
257.560
257.920
258.310
258.660
259.050
259.420
259.780
260.160
260.530
260.890
261.290
261.650
262.040
262.410
262.800
263.190
263.570
263.930
264.310
264.690
265.040
265.410
265.800
266.150
266.530
266.900
267.260
267.650
268.020
268.370
268.760
269.130
269.490
269.870
270.240
270.600
270.980
271.350
271.700
272.080
272.460
272.810
273.200
273.570
273.920
274.310
274.660
275.050
275.400
275.780
276.150
276.490
276.850
277.210
277.580
277.950
278.310
278.670
279.050
279.410
279.790
280.150
280.540
280.930
281.310
281.690
282.080
282.470
282.870
283.240
283.640
284.020
284.430
284.800
285.170
285.560
285.920
286.280
286.660
287.040
287.400
287.770
288.130
288.510
288.890
289.260
289.630
290.000
290.350
290.740
291.100
291.480
291.850
292.240
292.610
292.990
293.370
293.770
294.150
294.510
294.890
295.260
295.610
295.990
296.360
296.720
297.110
297.470
297.850
298.230
298.600
298.980
299.350
299.720
300.080
300.450
300.820
301.200
301.570
301.940
302.310
302.660
303.030
303.420
303.770
304.120
304.470
304.810
305.150
305.500
305.850
306.200
306.550
306.910
307.250
307.590
307.920
308.280
308.630
308.990
309.330
309.690
310.030
310.370
310.720
311.060
311.410
311.770
312.130
312.480
312.840
313.200
313.550
313.890
314.240
314.610
314.960
315.320
315.680
316.040
316.400
316.760
317.120
317.470
317.830
318.180
318.540
318.900
319.260
319.630
319.990
320.330
320.690
321.050
321.410
321.770
322.140
322.510
322.900
323.260
323.630
324.010
324.360
324.730
325.100
325.460
325.820
326.170
326.520
326.880
327.230
327.590
327.930
328.300
328.650
329.020
329.360
329.710
330.060
330.400
330.750
331.110
331.470
331.820
332.170
332.520
332.860
333.210
333.560
333.920
334.310
334.650
335.020
335.380
335.740
336.100
336.460
336.830
337.190
337.530
337.880
338.240
338.590
338.940
339.290
339.650
340.000
340.350
340.700
341.050
341.390
341.760
342.110
342.460
342.820
343.170
343.530
343.880
344.250
344.610
344.970
345.340
345.700
346.050
346.410
346.760
347.110
347.470
347.820
348.200
348.580
348.940
349.320
349.690
350.050
350.410
350.780
351.150
351.510
351.870
352.210
352.550
352.900
353.230
353.580
353.910
354.250
354.600
354.960
355.310
355.670
356.040
356.390
356.740
357.070
357.430
357.750
358.100
358.460
358.800
359.150
359.520
359.870
360.220
360.550
360.910
361.270
361.640
362.000
362.360
362.700
363.060
363.440
363.790
364.140
364.520
364.880
365.220
365.610
365.970
366.330
366.700
367.060
367.400
367.760
368.120
368.470
368.820
369.150
369.510
369.870
370.220
370.570
370.920
371.250
371.590
371.920
372.270
372.630
372.980
373.350
373.780
374.180
374.600
375.010
375.430
375.840
376.270
376.650
377.060
377.440
377.850
378.210
378.580
378.950
379.310
379.670
380.030
380.410
380.770
381.130
381.470
381.830
382.210
382.560
382.940
383.300
383.680
384.080
384.460
384.810
385.160
385.500
385.840
386.190
386.570
386.920
387.260
387.610
387.970
388.310
388.670
389.020
389.360
389.720
390.060
390.420
390.770
391.130
391.480
391.830
392.200
392.560
392.910
393.250
393.620
393.960
394.310
394.640
394.970
395.310
395.670
396.020
396.370
396.720
397.090
397.440
397.810
398.150
398.510
398.860
399.230
399.580
399.960
400.310
400.680
401.030
401.400
401.730
402.090
402.440
402.800
403.140
403.490
403.800
404.140
404.480
404.800
405.150
405.470
405.840
406.190
406.520
406.880
407.220
407.570
407.940
408.310
408.650
409.000
409.330
409.660
410.010
410.340
410.680
411.030
411.370
411.700
412.030
412.370
412.690
413.030
413.400
413.830
414.250
414.690
415.110
415.560
416.050
416.520
417.030
417.550
418.050
418.570
419.080
419.590
420.090
420.600
421.150
421.710
422.250
422.780
423.360
423.910
424.420
424.940
425.460
425.990
426.500
427.020
427.530
428.050
428.560
429.090
429.630
430.150
430.680
431.180
431.700
432.200
432.630
433.000
433.390
433.780
434.180
434.560
434.960
435.360
435.730
436.140
436.510
436.920
437.280
437.650
438.010
438.390
438.770
439.120
439.490
439.890
440.250
440.650
441.000
441.390
441.750
442.140
442.500
442.900
443.260
443.650
444.020
444.420
444.790
445.180
445.550
445.940
446.300
446.690
447.060
447.460
447.820
448.210
448.580
448.970
449.340
449.720
450.070
450.470
450.830
451.230
451.600
451.980
452.330
452.720
453.070
453.470
453.850
454.230
454.610
454.990
455.350
455.740
456.110
456.510
456.880
457.250
457.650
458.050
458.420
458.830
459.220
459.610
459.990
460.390
460.760
461.160
461.550
461.930
462.340
462.720
463.100
463.470
463.860
464.230
464.610
464.990
465.370
465.740
466.090
466.460
466.820
467.170
467.550
467.920
468.300
468.700
469.100
469.490
469.870
470.270
470.660
471.050
471.430
471.830
472.200
472.600
472.980
473.370
473.780
474.160
474.540
474.920
475.300
475.680
476.050
476.430
476.820
477.200
477.590
477.970
478.330
478.700
479.060
479.450
479.820
480.180
480.560
480.930
481.280
481.650
482.030
482.400
482.790
483.160
483.520
483.910
484.280
484.640
485.020
485.380
485.740
486.110
486.480
486.850
487.230
487.610
487.960
488.350
488.720
489.090
489.470
489.860
490.220
490.600
490.980
491.350
491.720
492.100
492.490
492.900
493.270
493.650
494.020
494.410
494.790
495.170
495.540
495.940
496.310
496.690
497.060
497.450
497.850
498.220
498.610
499.020
499.390
499.780
500.150
500.520
500.910
501.310
501.710
502.100
502.470
502.850
503.240
503.620
503.990
504.370
504.830
505.320
505.810
506.270
506.800
507.310
507.820
508.330
508.810
509.280
509.800
510.310
510.830
511.340
511.860
512.390
512.880
513.400
513.900
514.410
514.940
515.440
515.990
516.530
517.030
517.580
518.090
518.610
519.150
519.670
520.210
520.730
521.260
521.780
522.330
523.070
523.830
524.590
525.360
526.110
526.870
527.600
528.350
529.100
529.860
530.600
531.330
532.120
532.870
533.640
534.400
535.170
535.950
536.740
537.560
538.320
539.120
539.890
540.680
541.450
542.250
543.030
543.850
544.620
545.430
546.260
547.040
547.830
548.660
549.440
550.280
551.070
551.860
552.620
553.430
554.190
555.000
555.780
556.600
557.380
558.170
558.970
559.780
560.560
561.380
562.150
563.000
563.840
564.700
565.370
566.080
566.710
567.370
568.000
568.630
569.330
570.020
570.740
571.380
572.050
572.680
573.330
573.990
574.680
575.410
576.100
576.780
577.510
578.200
578.930
579.690
580.530
581.420
582.250
