0.250
0.710
1.130
1.590
2.010
2.460
2.890
3.340
3.770
4.210
4.630
5.080
5.510
5.960
6.390
6.840
7.280
7.720
8.150
8.600
9.030
9.460
9.900
10.330
10.770
11.210
11.650
12.120
12.570
13.020
13.470
13.900
14.350
14.800
15.260
15.720
16.160
16.610
17.040
17.480
17.920
18.360
18.810
19.250
19.710
20.170
20.600
21.060
21.500
21.950
22.400
22.840
23.290
23.730
24.160
24.610
25.060
25.490
25.920
26.390
26.830
27.290
27.720
28.190
28.640
29.080
29.510
29.970
30.400
30.830
31.250
31.690
32.140
32.570
33.020
33.470
33.900
34.340
34.780
35.220
35.650
36.100
36.550
36.990
37.430
37.870
38.310
38.740
39.180
39.610
40.050
40.490
40.920
41.350
41.800
42.230
42.670
43.100
43.540
44.000
44.450
44.910
45.350
45.790
46.240
46.680
47.120
47.570
48.010
48.450
48.880
49.330
49.770
50.220
50.660
51.100
51.550
51.990
52.430
52.890
53.350
53.780
54.220
54.670
55.120
55.550
56.000
56.470
56.910
57.350
57.770
58.230
58.660
59.090
59.520
59.960
60.400
60.840
61.290
61.730
62.180
62.610
63.050
63.500
63.940
64.390
64.830
65.270
65.710
66.160
66.610
67.040
67.490
67.930
68.370
68.820
69.280
69.710
70.160
70.590
71.050
71.480
71.920
72.360
72.810
73.240
73.680
74.100
74.540
74.980
75.430
75.860
76.300
76.730
77.180
77.620
78.060
78.500
78.950
79.390
79.820
80.260
80.700
81.130
81.570
82.010
82.450
82.890
83.340
83.780
84.220
84.660
85.100
85.540
85.980
86.420
86.850
87.290
87.740
88.170
88.600
89.040
89.480
89.910
90.350
90.790
91.240
91.650
92.100
92.540
92.980
93.420
93.850
94.290
94.740
95.170
95.620
96.060
96.520
96.960
97.390
97.830
98.250
98.690
99.120
99.550
99.990
100.440
100.880
101.310
101.760
102.200
102.630
103.070
103.510
103.950
104.380
104.820
105.260
105.690
106.130
106.570
107.000
107.440
107.860
108.290
108.720
109.140
109.570
110.000
110.440
110.870
111.300
111.740
112.180
112.620
113.050
113.480
113.900
114.340
114.780
115.210
115.660
116.080
116.510
116.950
117.370
117.810
118.250
118.690
119.120
119.570
120.010
120.450
120.890
121.330
121.760
122.210
122.650
123.080
123.530
123.960
124.420
124.850
125.300
125.740
126.180
126.620
127.070
127.510
127.940
128.380
128.840
129.280
129.720
130.170
130.620
131.060
131.510
131.950
132.400
132.850
133.300
133.740
134.190
134.630
135.070
135.520
135.970
136.420
136.860
137.300
137.750
138.190
138.630
139.070
139.510
139.960
140.400
140.830
141.290
141.740
142.180
142.620
143.070
143.510
143.950
144.390
144.830
145.270
145.720
146.150
146.600
147.030
147.470
147.900
148.340
148.780
149.230
149.660
150.120
150.570
151.020
151.440
151.880
152.330
152.770
153.210
153.650
154.090
154.520
154.970
155.410
155.850
156.290
156.740
157.180
157.630
158.080
158.530
158.970
159.410
159.850
160.290
160.720
161.160
161.610
162.040
162.490
162.920
163.370
163.800
164.250
164.700
165.140
165.590
166.030
166.470
166.910
167.360
167.810
168.260
168.700
169.140
169.580
170.020
170.470
170.900
171.350
171.780
172.220
172.650
173.100
173.530
173.970
174.420
174.860
175.300
175.740
176.170
176.620
177.050
177.500
177.910
178.340
178.790
179.210
179.640
180.080
180.510
180.930
181.370
181.790
182.220
182.650
183.080
183.510
183.940
184.390
184.820
185.260
185.690
186.130
186.560
186.990
187.420
187.860
188.300
188.730
189.160
189.600
190.030
190.470
190.910
191.340
191.780
192.220
192.670
193.090
193.530
193.980
194.420
194.850
195.300
195.730
196.170
196.610
197.040
197.470
197.910
198.350
198.790
199.230
199.670
200.110
200.550
200.990
201.420
201.870
202.310
202.750
203.190
203.640
204.070
204.520
204.960
205.410
205.850
206.290
206.730
207.180
207.620
208.070
208.520
208.960
209.400
209.850
210.290
210.730
211.170
211.630
212.080
212.530
212.960
213.410
213.850
214.290
214.720
215.160
215.610
216.050
216.490
216.930
217.380
217.810
218.260
218.720
219.150
219.590
220.030
220.480
220.920
221.370
221.810
222.260
222.700
223.140
223.580
224.020
224.470
224.910
225.340
225.780
226.210
226.650
227.090
227.540
227.980
228.430
228.860
229.300
229.730
230.170
230.600
231.050
231.490
231.930
232.370
232.820
233.260
233.690
234.140
234.590
235.040
235.490
235.930
236.380
236.820
237.270
237.720
238.170
238.600
239.060
239.490
239.940
240.370
240.820
241.250
241.690
242.140
242.590
243.030
243.480
243.920
244.360
244.810
245.250
245.690
246.130
246.560
247.000
247.460
247.900
248.340
248.790
249.240
249.690
250.130
250.570
251.010
251.450
251.900
252.330
252.770
253.220
253.650
254.110
254.560
255.010
255.440
255.900
256.340
256.790
257.230
257.670
258.120
258.570
259.020
259.470
259.900
260.350
260.790
261.240
261.680
262.120
262.560
263.010
263.450
263.900
264.340
264.790
265.240
265.690
266.130
266.570
267.010
267.470
267.920
268.350
268.780
269.210
269.660
270.110
270.560
271.010
271.460
271.910
272.360
272.810
273.250
273.700
274.140
274.610
275.050
275.490
275.940
276.380
276.830
277.280
277.730
278.190
278.630
279.080
279.520
279.960
280.410
280.860
281.290
281.730
282.190
282.640
283.090
283.540
283.980
284.440
284.890
285.340
285.790
286.240
286.680
287.130
287.570
288.030
288.470
288.910
289.350
289.800
290.250
290.690
291.150
291.600
292.040
292.480
292.940
293.370
293.820
294.260
294.700
295.140
295.570
296.010
296.450
296.890
297.330
297.760
298.210
298.660
299.110
299.570
300.020
300.480
300.910
301.350
301.800
302.250
302.700
303.150
303.590
304.040
304.490
304.930
305.370
305.830
306.280
306.720
307.170
307.620
308.050
308.490
308.940
309.390
309.840
310.290
310.740
311.190
311.630
312.070
312.520
312.970
313.420
313.860
314.310
314.760
315.210
315.670
316.100
316.550
317.000
317.440
317.890
318.330
318.790
319.230
319.690
320.140
320.590
321.040
321.490
321.930
322.380
322.830
323.280
323.730
324.180
324.630
325.080
325.530
325.960
326.390
326.850
327.310
327.760
328.220
328.670
329.130
329.570
330.030
330.480
330.940
331.390
331.840
332.290
332.740
333.190
333.660
334.110
334.570
335.030
335.490
335.930
336.380
336.830
337.270
337.710
338.160
338.600
339.040
339.480
339.920
340.350
340.790
341.240
341.690
342.120
342.570
343.010
343.450
343.890
344.320
344.770
345.210
345.630
346.070
346.510
346.970
347.410
347.840
348.280
348.720
349.130
349.570
350.010
350.430
350.880
351.330
351.750
352.180
352.620
353.070
353.500
353.930
354.390
354.820
355.260
355.670
356.120
356.560
357.010
357.460
357.900
358.340
358.790
359.240
359.670
360.090
360.520
360.960
361.400
361.830
362.260
362.670
363.120
363.570
363.990
364.430
364.870
365.320
365.770
366.210
366.660
367.120
367.580
368.020
368.460
368.910
369.350
369.800
370.250
370.690
371.150
371.600
372.040
372.480
372.920
373.370
373.800
374.230
374.690
375.130
375.570
376.020
376.460
376.890
377.330
377.760
378.200
378.640
379.070
379.510
379.950
380.390
380.820
381.260
381.690
382.130
382.540
382.970
383.430
383.850
384.290
384.700
385.150
385.570
386.000
386.420
386.870
387.290
387.720
388.150
388.590
389.020
389.440
389.860
390.300
390.720
391.160
391.580
392.030
392.450
392.870
393.280
393.710
394.140
394.570
395.010
395.460
395.890
396.310
396.730
397.170
397.610
398.020
398.480
398.910
399.340
399.760
400.190
400.630
401.060
401.490
401.920
402.360
402.800
403.220
403.660
404.110
404.550
404.980
405.420
405.880
406.320
406.750
407.200
407.640
408.060
408.530
408.970
409.400
409.860
410.300
410.720
411.170
411.600
412.060
412.480
412.950
413.400
413.850
414.300
414.740
415.210
415.710
416.190
416.680
417.160
417.650
418.110
418.610
419.090
419.570
420.030
420.530
420.990
