0.370
1.420
2.510
3.660
4.690
5.840
6.890
8.010
9.110
10.130
11.120
12.060
12.970
13.930
14.920
15.850
16.750
17.720
18.720
19.720
20.680
21.610
22.600
23.530
24.450
25.400
26.400
27.350
28.280
29.230
30.170
31.100
32.080
33.060
34.030
35.020
36.000
36.980
37.930
38.920
39.900
40.870
41.880
42.810
43.840
44.840
45.800
46.830
47.790
48.840
49.850
50.930
51.890
52.920
53.980
54.980
56.010
57.010
58.030
59.080
60.070
61.170
62.200
63.200
64.190
65.220
66.220
67.260
68.310
69.330
70.340
71.410
72.440
73.480
74.470
75.550
76.560
77.590
78.600
79.590
80.610
81.640
82.690
83.740
84.790
85.840
86.850
87.880
88.890
89.940
91.040
92.060
93.100
94.130
95.210
96.260
97.320
98.360
99.430
100.460
101.530
102.580
103.630
104.690
105.720
106.790
107.850
108.930
109.920
110.980
112.050
113.070
114.120
115.220
116.290
117.320
118.370
119.440
120.520
121.600
122.680
123.670
124.770
125.790
126.820
127.880
128.920
129.960
131.010
132.090
133.120
134.210
135.250
136.320
137.350
138.320
139.380
140.420
141.480
142.520
143.550
144.590
145.610
146.630
147.600
148.650
149.680
150.720
151.730
152.770
153.840
154.850
155.850
156.890
157.950
158.980
160.000
161.030
162.030
163.100
164.110
165.250
166.310
167.400
168.490
169.510
170.560
171.630
172.720
173.780
174.840
175.910
177.020
178.090
179.140
180.220
181.280
182.340
183.410
184.490
185.550
186.570
187.660
188.660
189.740
190.770
191.880
192.990
194.020
195.040
196.090
197.150
198.190
199.230
200.280
201.290
202.270
203.250
204.280
205.320
206.340
207.360
208.370
209.380
210.410
211.410
212.460
213.490
214.530
215.550
216.590
217.590
218.630
219.640
220.680
221.690
222.720
223.760
224.790
225.810
226.850
227.900
228.920
229.970
231.020
232.100
233.200
234.340
235.430
236.510
237.600
238.680
239.750
240.840
241.970
243.000
244.090
245.210
246.280
247.330
248.460
249.510
250.600
251.670
252.740
253.830
254.900
255.990
257.030
258.100
259.140
260.220
261.270
262.320
263.390
264.500
265.590
266.720
267.750
268.900
269.970
271.040
272.070
273.180
274.280
275.320
276.410
277.530
278.510
279.490
280.510
281.590
282.610
283.620
284.670
285.770
286.800
287.860
288.890
289.980
