0.450
1.460
2.380
3.370
4.330
5.260
6.190
7.110
8.110
9.040
10.110
11.160
12.210
13.290
14.230
15.190
16.160
17.100
18.130
19.130
20.110
21.050
22.030
23.040
24.050
24.990
25.980
26.960
27.970
29.080
30.070
31.030
31.900
32.760
33.580
34.490
35.340
36.150
37.050
37.890
38.690
39.460
40.230
40.990
41.760
42.420
43.120
43.920
44.690
45.520
46.300
47.020
47.720
48.430
49.200
49.920
50.670
51.430
52.150
52.860
53.640
54.400
55.220
56.010
56.790
57.520
58.190
58.890
59.600
60.230
60.870
61.530
62.130
62.730
63.340
63.970
64.540
65.170
65.760
66.370
66.910
67.480
68.070
68.640
69.190
69.760
70.350
70.930
71.450
72.000
72.580
73.120
73.690
74.230
74.800
75.400
76.040
76.630
77.270
77.900
78.590
79.220
79.840
80.420
81.010
81.500
81.980
82.490
83.010
83.490
83.960
84.450
84.960
85.460
85.940
86.440
86.930
87.430
87.910
88.430
88.910
89.410
89.930
90.410
90.930
91.410
91.910
92.400
92.920
93.390
93.890
94.380
94.860
95.360
95.880
96.360
96.880
97.360
97.850
98.340
98.810
99.310
99.840
100.340
100.830
101.330
101.840
102.320
102.830
103.320
103.800
104.270
104.770
105.240
105.720
106.230
106.710
107.210
107.700
108.180
108.680
109.160
109.660
110.160
110.660
111.150
111.650
112.150
112.640
113.130
113.630
114.130
114.640
115.110
115.610
116.110
116.590
117.090
117.590
118.060
118.580
119.070
119.600
120.090
120.570
121.100
121.590
122.080
122.560
123.080
123.570
124.040
124.530
125.040
125.520
126.000
126.490
126.980
127.480
127.970
128.460
128.930
129.430
129.910
130.400
130.880
131.370
131.880
132.340
132.850
133.340
133.840
134.330
134.820
135.310
135.830
136.320
136.810
137.300
137.780
138.270
138.760
139.250
139.740
140.240
140.730
141.230
141.720
142.220
142.710
143.200
143.700
144.180
144.670
145.160
145.650
146.150
146.630
147.130
147.590
148.090
148.580
149.070
149.550
150.040
150.530
151.030
151.520
152.000
152.500
152.980
153.470
153.960
154.470
154.940
155.430
155.910
156.410
156.890
157.380
157.890
158.380
158.860
159.370
159.840
160.330
160.810
161.280
161.770
162.240
162.740
163.220
163.700
164.190
164.700
165.190
165.670
166.160
166.660
167.150
167.630
168.110
168.610
169.100
169.610
170.070
170.570
171.030
171.520
172.020
172.510
173.000
173.480
173.960
174.470
174.930
175.420
175.910
176.390
176.880
177.370
177.870
178.350
178.820
179.300
179.790
180.270
180.760
181.250
181.740
182.250
182.740
183.210
183.700
184.190
184.680
185.160
185.650
186.170
186.650
187.140
187.630
188.130
188.610
189.080
189.580
190.040
190.540
191.030
191.510
192.030
192.500
192.990
193.460
193.970
194.460
194.920
195.430
195.910
196.410
196.910
197.400
197.890
198.370
198.850
199.330
199.830
200.310
200.830
201.310
201.780
202.270
202.760
203.240
203.740
204.230
204.720
205.200
205.690
206.180
206.650
207.150
207.630
208.140
208.630
209.130
209.600
210.090
210.570
211.060
211.540
212.030
212.500
213.020
213.490
214.000
214.490
214.970
215.440
215.940
216.430
216.920
217.410
217.920
218.410
218.900
219.380
219.860
220.370
220.850
221.320
221.810
222.310
222.800
223.290
223.820
224.290
224.780
225.280
225.770
226.250
226.740
227.230
227.730
228.220
228.740
229.210
229.710
230.200
230.670
231.170
231.660
232.130
232.610
233.120
233.590
234.080
234.560
235.030
235.520
235.990
236.480
236.960
237.440
237.920
238.390
238.890
239.380
239.870
240.360
240.850
241.340
241.810
242.320
242.810
243.300
243.780
244.260
244.750
245.250
245.730
246.200
246.690
247.180
247.670
248.140
248.610
249.100
249.580
250.060
250.540
251.030
251.500
251.990
252.450
252.950
253.410
253.910
254.400
254.900
255.380
255.850
256.330
256.820
257.300
257.790
258.270
258.760
259.240
259.740
260.230
260.720
261.200
261.690
262.150
262.590
263.050
263.520
264.000
264.480
264.970
265.450
265.920
266.390
266.890
267.370
267.840
268.320
268.800
269.310
269.790
270.280
270.750
271.260
271.800
272.280
272.760
273.250
273.720
274.210
274.690
275.180
275.640
276.140
276.610
277.090
277.570
278.050
278.540
279.030
279.520
280.000
280.490
280.970
281.460
281.940
282.430
282.920
283.410
283.880
284.370
284.850
285.340
285.820
286.280
286.780
287.270
287.770
288.250
288.720
289.240
289.720
290.180
290.670
291.150
291.620
292.110
292.580
293.060
293.570
294.050
294.540
295.020
295.520
296.000
296.490
296.970
297.450
297.910
298.400
298.870
299.360
299.850
300.320
300.810
301.280
301.770
302.250
302.740
303.230
303.720
304.180
304.670
305.160
305.650
306.120
306.600
307.110
307.580
308.060
308.560
309.040
309.510
310.000
310.460
310.950
311.440
311.910
312.390
312.870
313.360
313.810
314.290
314.760
315.250
315.720
316.190
316.670
317.160
317.650
318.140
318.630
319.100
319.600
320.090
320.580
321.050
321.550
322.060
322.540
323.010
323.500
324.000
324.480
324.990
325.450
325.940
326.420
326.900
327.400
327.890
328.370
328.850
329.300
329.780
330.270
330.750
331.220
331.710
332.180
332.670
333.150
333.630
334.120
334.600
335.080
335.560
336.040
336.530
337.020
337.490
337.970
338.440
338.930
339.420
339.890
340.380
340.850
341.320
341.810
342.300
342.790
343.270
343.760
344.240
344.740
345.220
345.720
346.210
346.700
347.180
347.650
348.130
348.610
349.110
349.600
350.100
350.570
351.070
351.550
352.010
352.510
353.000
353.500
353.980
354.470
354.970
355.480
355.970
356.440
356.960
357.430
357.910
358.400
358.880
359.380
359.860
360.340
360.830
361.350
361.820
362.330
362.820
363.300
363.800
364.280
364.760
365.240
365.730
366.220
366.710
367.190
367.680
368.170
368.640
369.130
369.610
370.100
370.600
371.100
371.580
372.060
372.520
373.000
373.470
373.950
374.430
374.900
375.370
375.870
376.330
376.810
377.300
377.770
378.250
378.740
379.230
379.690
380.200
380.670
381.170
381.650
382.130
382.610
383.100
383.590
384.060
384.550
385.040
385.620
386.210
386.830
387.420
388.140
388.850
389.570
390.260
390.990
391.750
392.470
393.230
393.980
394.730
395.450
396.190
396.930
397.660
398.380
399.150
399.860
400.560
401.290
401.970
402.670
403.380
404.130
404.820
405.530
406.200
406.850
407.530
408.220
408.900
409.540
410.280
410.990
411.740
412.460
413.190
413.910
414.610
415.360
416.070
416.770
417.540
418.230
419.000
419.710
420.430
421.240
422.090
422.930
423.790
424.540
425.310
426.070
426.820
427.580
428.340
429.100
429.910
430.660
431.450
432.190
432.970
433.760
434.490
435.290
436.060
436.810
437.590
438.400
439.180
439.990
440.700
441.410
442.190
442.900
443.710
444.490
445.340
446.120
446.950
447.730
448.570
449.360
450.130
450.910
451.700
452.480
453.250
454.020
454.760
455.540
456.330
457.120
457.890
458.720
459.510
460.280
461.000
461.780
462.510
463.260
464.030
464.830
465.600
466.400
467.160
467.920
468.740
469.500
470.320
471.070
471.850
472.650
473.440
474.200
475.000
475.770
476.530
477.350
478.160
478.930
479.840
480.710
481.570
482.480
483.330
484.220
485.150
486.070
487.050
487.950
488.890
489.850
490.790
491.690
492.590
493.550
494.440
495.300
496.170
497.080
