0.390
1.010
1.630
2.250
2.880
3.490
4.110
4.740
5.360
5.990
6.610
7.240
7.840
8.450
9.100
9.690
10.340
10.950
11.570
12.190
12.810
13.420
14.040
14.650
15.240
15.850
16.440
17.000
17.570
18.130
18.720
19.270
19.830
20.440
21.010
21.580
22.150
22.700
23.300
23.850
24.440
24.970
25.540
26.100
26.670
27.200
27.740
28.310
28.870
29.410
29.960
30.520
31.120
31.670
32.260
32.780
33.340
33.900
34.430
35.000
35.550
36.070
36.620
37.140
37.680
38.270
38.850
39.410
39.950
40.500
41.040
41.570
42.090
42.660
43.220
43.760
44.310
44.840
45.400
45.940
46.460
47.010
47.590
48.140
48.650
49.220
49.760
50.290
50.810
51.370
51.930
52.480
53.020
53.560
54.100
54.630
55.180
55.770
56.330
56.870
57.400
57.890
58.410
58.950
59.460
60.000
60.530
61.060
61.620
62.140
62.700
63.220
63.760
64.330
64.860
65.410
65.940
66.470
66.990
67.510
68.050
68.570
69.120
69.650
70.160
70.700
71.230
71.740
72.250
72.790
73.360
73.900
74.400
74.950
75.490
76.010
76.540
77.100
77.640
78.190
78.700
79.210
79.750
80.270
80.800
81.360
81.890
82.430
82.960
83.460
83.990
84.520
85.030
85.590
86.100
86.620
87.160
87.700
88.200
88.710
89.220
89.680
90.140
90.620
91.090
91.610
92.110
92.640
93.180
93.690
94.230
94.710
95.240
95.740
96.270
96.770
97.320
97.810
98.350
98.840
99.350
99.890
100.400
100.890
101.440
101.980
102.500
103.060
103.600
104.150
104.660
105.210
105.730
106.290
106.820
107.350
107.850
108.390
108.900
109.410
109.950
110.500
111.040
111.560
112.060
112.570
113.070
113.570
114.080
114.640
115.170
115.690
116.200
116.740
117.250
117.760
118.280
118.840
119.360
119.860
120.400
120.920
121.430
121.940
122.500
123.020
123.560
124.060
124.600
125.130
125.650
126.150
126.640
127.160
127.660
128.200
128.710
129.210
129.720
130.240
130.730
131.250
131.790
132.290
132.800
133.300
133.810
134.310
134.840
135.360
135.850
136.360
136.870
137.380
137.880
138.380
138.880
139.390
139.880
140.420
140.920
141.420
141.940
142.440
142.940
143.440
143.940
144.440
144.950
145.430
145.930
146.440
146.920
147.420
147.950
148.430
148.930
149.440
149.920
150.400
150.900
151.400
151.900
152.380
152.880
153.360
153.860
154.330
154.830
155.330
155.860
156.370
156.870
157.360
157.890
158.390
158.880
159.380
159.900
160.420
160.900
161.410
161.900
162.430
162.940
163.430
163.940
164.440
164.960
165.430
165.940
166.450
166.940
167.460
167.940
168.460
168.940
169.460
169.940
170.430
170.930
171.430
171.960
172.450
172.950
173.420
173.920
174.390
174.860
175.360
175.880
176.390
176.880
177.380
177.850
178.340
178.830
179.360
179.880
180.360
180.870
181.350
181.850
182.320
182.820
183.320
183.830
184.320
184.790
185.300
185.800
186.290
186.780
187.320
187.840
188.340
188.820
189.320
189.810
190.290
190.780
191.270
191.780
192.260
192.750
193.250
193.730
194.210
194.680
195.150
195.620
196.100
196.580
197.050
197.500
197.970
198.440
198.920
199.400
199.860
200.340
200.810
201.260
201.750
202.210
202.710
203.210
203.700
204.180
204.660
205.160
205.640
206.150
206.640
207.110
207.600
208.090
208.580
209.080
209.540
210.020
210.520
210.990
211.480
211.970
212.450
212.910
213.380
213.830
214.300
214.800
215.270
215.760
216.210
216.680
217.140
217.600
218.110
218.610
219.080
219.590
220.100
220.590
221.080
221.550
222.060
222.530
223.020
223.510
224.020
224.510
225.000
225.480
225.990
226.490
226.960
227.440
227.950
228.440
228.920
229.390
229.880
230.390
230.850
231.350
231.810
232.270
232.760
233.220
233.730
234.210
234.700
235.150
235.630
236.100
236.580
237.040
237.520
238.000
238.490
238.960
239.420
239.890
240.360
240.820
241.300
241.760
242.220
242.680
243.150
243.610
244.060
244.520
244.980
245.430
245.910
246.360
246.790
247.270
247.720
248.170
248.680
249.180
249.670
250.160
250.650
251.150
251.620
252.090
252.580
253.080
253.560
254.040
254.550
255.020
255.510
255.980
256.450
256.930
257.440
257.940
258.420
258.880
259.390
259.860
260.360
260.860
261.320
261.820
262.290
262.740
263.230
263.700
264.220
264.710
265.180
265.650
266.110
266.590
267.060
267.520
268.010
268.470
268.920
269.380
269.850
270.300
270.770
271.220
271.680
272.160
272.620
273.090
273.530
273.990
274.440
274.900
275.360
275.820
276.280
276.720
277.190
277.650
278.100
278.560
279.070
279.560
280.030
280.520
280.980
281.490
281.960
282.440
282.920
283.370
283.850
284.320
284.810
285.290
285.770
286.240
286.740
287.220
287.710
288.190
288.670
289.130
289.620
290.090
290.550
291.010
291.470
291.930
292.360
292.800
293.260
293.700
294.190
294.660
295.110
295.580
296.040
296.490
296.940
297.400
297.860
298.310
298.780
299.230
299.690
300.160
300.610
301.040
301.510
301.940
302.410
302.860
303.330
303.780
304.240
304.670
305.140
305.590
306.030
306.480
306.920
307.460
307.990
308.530
309.000
309.490
309.960
310.430
310.890
311.380
311.840
312.330
312.800
313.280
313.750
314.220
314.690
315.160
315.620
316.120
316.580
317.080
317.560
318.020
318.480
318.970
319.440
319.910
320.390
320.870
321.320
321.800
322.260
322.710
323.180
323.620
324.090
324.540
325.000
325.480
325.940
326.380
326.820
327.240
327.690
328.120
328.540
328.960
329.410
329.860
330.370
330.860
331.350
331.820
332.270
332.730
333.180
333.630
334.070
334.540
334.970
335.440
335.910
336.400
336.870
337.370
337.860
338.330
338.830
339.290
339.780
340.230
340.730
341.200
341.670
342.160
342.640
343.110
343.610
344.080
344.540
345.000
345.490
345.950
346.440
346.920
347.400
347.870
348.360
348.830
349.330
349.790
350.250
350.730
351.190
351.650
352.100
352.570
353.040
353.490
353.950
354.380
354.820
355.260
355.700
356.150
356.610
357.080
357.540
357.970
358.420
358.840
359.280
359.740
360.200
360.650
361.110
361.610
362.090
362.550
363.040
363.510
363.980
364.450
364.890
365.350
365.790
366.220
366.660
367.120
367.610
368.090
368.550
369.040
369.500
369.960
370.410
370.880
371.350
371.810
372.250
372.710
373.150
373.580
374.030
374.480
374.960
375.420
375.870
376.310
376.760
377.220
377.640
378.090
378.540
378.980
379.420
379.860
380.280
380.760
381.220
381.710
382.180
382.660
383.130
383.580
384.060
384.530
385.000
385.440
385.930
386.380
386.860
387.320
387.780
388.240
388.710
389.170
389.630
390.110
390.560
391.030
391.490
391.930
392.370
392.840
393.270
393.700
394.110
394.550
394.970
395.450
395.920
396.380
396.850
397.320
397.800
398.270
398.740
399.200
399.670
400.130
400.610
401.090
401.550
402.030
402.480
402.950
403.420
403.900
404.390
404.870
405.360
405.830
406.300
406.770
407.240
407.730
408.220
408.690
409.160
409.640
410.100
410.570
411.050
411.510
412.000
412.480
412.960
413.440
413.900
414.370
414.860
415.330
415.820
416.290
416.780
417.230
417.680
418.120
418.600
419.050
419.520
420.010
420.510
420.980
421.490
421.950
422.420
422.860
423.330
423.810
424.260
424.730
425.220
425.680
426.140
426.630
427.100
427.570
428.040
428.480
428.940
429.380
429.830
430.290
430.720
431.190
431.660
432.140
432.610
433.090
433.540
434.010
434.500
434.960
435.420
435.910
436.380
436.830
437.320
437.770
438.250
438.730
439.170
439.640
440.090
440.550
441.000
441.430
441.880
442.410
442.920
443.430
443.930
444.460
444.930
445.430
445.950
446.430
446.960
447.480
447.990
448.470
448.990
449.520
450.000
450.510
451.070
451.590
452.100
452.660
453.210
453.770
454.320
454.840
455.400
455.940
456.460
457.070
457.640
458.250
458.850
459.490
460.100
460.680
461.300
461.890
462.470
463.110
463.870
464.640
465.410
466.160
466.910
467.690
468.470
469.240
469.970
470.790
471.560
472.380
473.190
473.970
474.820
475.640
476.450
477.210
478.030
478.880
479.750
480.650
481.480
482.380
483.300
484.170
485.070
485.990
486.900
487.780
488.750
489.650
490.570
491.500
492.500
493.420
494.380
495.340
496.380
497.320
498.320
499.210
500.170
501.110
502.070
503.050
503.990
504.960
505.930
506.840
507.810
508.820
509.800
510.720
511.670
512.610
513.560
514.500
515.510
516.450
517.390
518.310
519.320
520.340
521.340
522.300
523.240
524.250
525.190
526.170
527.180
528.180
529.130
530.190
531.200
532.190
533.170
534.130
535.170
536.140
537.140
538.120
539.080
540.110
541.130
542.100
543.080
544.050
545.050
546.030
547.080
548.090
549.040
550.060
551.080
552.050
553.080
554.090
555.080
556.060
557.080
558.080
559.110
560.120
561.130
562.060
562.620
563.150
563.640
564.150
564.630
565.140
565.630
566.150
566.670
567.190
567.690
568.200
568.700
569.220
569.740
570.250
570.760
571.280
571.810
572.300
572.810
573.300
573.820
574.310
574.810
575.330
575.820
576.330
576.840
577.360
577.880
578.390
578.910
579.420
579.900
580.420
580.930
581.460
581.960
582.460
582.990
583.480
583.990
584.500
585.020
585.510
586.020
586.520
587.020
587.540
588.010
588.520
589.040
589.550
590.070
590.570
591.090
591.600
592.100
592.620
593.100
593.610
594.090
594.610
595.140
595.650
596.140
596.660
597.160
597.670
598.190
598.690
599.210
599.730
600.240
600.740
601.240
601.750
602.280
602.790
603.280
603.790
604.320
604.820
605.300
605.810
606.310
606.800
607.330
607.830
608.340
608.830
609.340
609.860
610.380
610.890
611.380
611.900
612.410
612.920
613.390
613.910
614.400
614.920
615.400
615.910
616.440
616.940
617.490
618.030
618.540
619.050
619.560
620.090
620.610
621.120
621.630
622.140
622.640
623.140
623.680
624.170
624.690
625.170
625.690
626.190
626.700
627.190
627.690
628.200
628.710
629.200
629.700
630.210
630.700
631.190
631.670
632.180
632.660
633.170
633.670
634.160
634.630
635.150
635.630
636.150
636.640
637.130
637.630
638.150
638.650
639.140
639.650
640.150
640.640
641.130
641.650
642.170
642.680
643.180
643.680
644.180
644.680
645.190
645.700
646.170
646.690
647.190
647.670
648.180
648.680
649.170
649.710
650.210
650.720
651.210
651.730
652.240
652.740
653.250
653.780
654.290
654.770
655.270
655.780
656.280
656.790
657.280
657.800
658.320
658.840
659.330
659.850
660.350
660.870
661.360
661.890
662.380
662.900
663.390
663.900
664.400
664.900
665.390
665.900
666.430
666.930
667.450
667.970
668.470
669.010
669.490
670.020
670.550
671.050
671.570
672.100
672.620
673.120
673.640
674.170
674.710
675.220
675.740
676.290
676.820
677.340
677.890
678.380
678.910
679.450
679.940
680.490
681.000
681.500
682.080
682.620
683.210
683.790
684.400
685.000
685.610
686.240
686.840
687.410
688.010
688.540
689.120
689.660
690.240
690.740
691.210
691.740
692.220
692.710
693.210
693.740
694.260
694.740
695.250
695.800
696.290
696.830
697.360
697.850
698.390
698.890
699.450
699.960
700.530
701.070
701.670
702.210
702.790
703.350
703.940
704.560
705.120
705.740
706.300
706.900
707.490
708.090
708.680
709.280
709.850
710.470
711.050
711.660
712.250
712.850
713.450
714.060
714.660
715.270
715.820
716.410
716.960
717.560
718.130
718.680
719.240
719.810
720.360
720.940
721.490
722.070
722.600
723.190
723.740
724.330
724.870
725.470
726.000
726.590
727.130
727.680
728.270
728.820
729.360
729.940
730.480
731.030
731.560
732.140
732.690
733.210
733.770
734.340
734.890
735.410
736.000
736.560
737.110
737.630
738.220
738.810
739.400
739.950
740.470
741.050
741.590
742.130
742.680
743.190
743.750
744.280
744.810
745.370
745.870
746.430
746.950
747.460
748.020
748.600
749.170
749.700
750.260
750.820
751.340
751.920
752.440
752.990
753.540
754.100
754.640
755.150
755.710
756.260
756.810
757.350
757.930
758.490
759.020
759.580
760.090
760.570
761.080
761.560
762.070
762.560
763.090
763.570
764.130
764.680
765.290
765.880
766.450
766.990
767.570
768.110
768.680
769.260
769.800
770.380
770.930
771.500
772.030
772.620
773.170
773.740
774.270
774.850
775.400
775.930
776.510
777.050
777.610
778.140
778.710
779.260
779.840
780.370
780.940
781.520
782.080
782.620
783.120
783.670
784.190
784.730
785.320
785.920
786.500
787.050
787.620
788.210
788.750
789.310
789.840
790.370
790.940
791.490
792.050
792.600
793.170
793.690
794.210
794.700
795.210
795.740
796.190
796.670
797.150
797.610
798.070
798.560
799.020
799.480
799.960
800.450
800.970
801.460
802.000
802.530
803.080
803.630
804.220
804.750
805.330
805.890
806.460
807.060
807.640
808.160
808.670
809.210
809.730
810.340
811.000
811.680
812.400
813.100
813.740
814.440
815.050
815.690
816.320
816.950
817.520
818.050
818.620
819.130
819.670
820.230
820.770
821.320
821.840
822.390
822.910
823.450
824.030
824.570
825.150
825.720
826.250
826.830
827.380
827.940
828.480
829.010
829.550
830.050
830.580
831.130
831.660
832.190
832.690
833.190
833.690
834.260
834.820
835.360
835.870
836.420
836.950
837.520
838.050
838.550
839.100
839.610
840.170
840.700
841.220
841.710
842.270
842.770
843.340
843.890
844.410
844.940
845.480
846.020
846.530
847.070
847.610
848.170
848.690
849.200
849.710
850.260
850.760
851.300
851.830
852.390
852.920
853.500
854.010
854.580
855.090
855.640
856.200
856.730
857.280
857.800
858.320
858.870
859.390
859.940
860.500
861.050
861.600
862.160
862.680
863.250
863.790
864.360
864.880
865.420
866.000
866.530
867.120
867.680
868.220
868.780
869.360
869.910
870.520
871.150
871.760
872.380
872.960
873.690
874.400
875.080
875.840
876.540
877.350
878.140
878.880
879.670
880.460
881.270
882.060
882.860
883.700
884.480
885.270
886.060
886.880
887.660
888.480
889.310
890.120
890.900
891.700
892.500
893.300
894.050
894.850
895.640
896.450
897.250
898.020
898.820
899.600
900.380
901.190
902.010
902.810
903.580
904.370
905.170
905.960
906.690
907.480
908.270
909.030
909.830
910.630
911.460
912.230
912.990
913.810
914.540
915.320
916.120
916.870
917.640
918.430
919.160
919.940
920.720
921.470
922.270
923.030
923.800
924.560
925.310
926.080
926.850
927.610
928.360
929.150
929.910
930.620
931.400
932.140
932.860
933.550
934.260
935.000
935.730
936.480
937.310
938.100
938.900
939.620
940.400
941.130
941.900
942.640
943.440
944.200
944.970
945.790
946.550
947.380
948.150
948.890
949.690
950.470
951.280
952.060
952.860
953.600
954.360
955.140
955.890
956.650
957.450
958.230
958.980
959.720
960.480
961.250
962.030
962.790
963.560
964.320
965.100
965.850
966.610
967.360
968.110
968.880
969.610
970.340
971.130
971.900
972.660
973.370
974.140
974.870
975.630
976.320
976.780
977.200
977.560
977.950
978.310
978.690
979.050
979.420
979.800
980.180
980.560
980.930
981.310
981.700
982.070
982.460
982.820
983.220
983.570
983.940
984.310
984.680
985.060
985.440
985.810
986.180
986.540
986.910
987.290
987.660
988.040
988.410
988.800
989.190
989.560
989.930
990.330
990.710
991.080
991.430
991.800
992.170
992.560
992.950
993.320
993.690
994.070
994.430
994.820
995.200
995.580
995.960
996.340
996.730
997.100
997.470
997.850
998.250
998.620
999.000
999.360
999.730
1000.100
1000.460
1000.830
1001.200
1001.590
1001.960
1002.320
1002.700
1003.050
1003.420
1003.780
1004.140
1004.530
1004.880
1005.250
1005.630
1006.000
1006.370
1006.740
1007.120
1007.470
1007.830
1008.190
1008.560
1008.920
1009.290
1009.650
1010.020
1010.400
1010.750
1011.140
1011.500
1011.870
1012.220
1012.580
1012.970
1013.340
1013.690
1014.070
1014.450
1014.810
1015.170
1015.540
1015.910
1016.280
1016.660
1017.030
1017.400
1017.750
1018.110
1018.490
1018.860
1019.230
1019.580
1019.950
1020.340
1020.690
1021.050
1021.410
1021.780
1022.140
1022.500
1022.880
1023.250
1023.620
1023.970
1024.340
1024.700
1025.070
1025.440
1025.800
1026.190
1026.550
1026.920
1027.270
1027.640
1028.000
1028.370
1028.740
1029.120
1029.490
1029.860
1030.230
1030.600
1030.970
1031.340
1031.720
1032.090
1032.450
1032.810
1033.200
1033.550
1033.920
1034.260
1034.650
1035.020
1035.380
1035.750
1036.110
1036.480
1036.860
1037.220
1037.580
1037.950
1038.320
1038.660
1039.020
1039.410
1039.760
1040.150
1040.500
1040.860
1041.220
1041.590
1041.950
1042.320
1042.680
1043.040
1043.400
1043.760
1044.130
1044.490
1044.850
1045.190
1045.550
1045.910
1046.290
1046.660
1047.040
1047.390
1047.750
1048.110
1048.470
1048.820
1049.190
1049.540
1049.900
1050.270
1050.620
1050.990
1051.340
1051.720
1052.080
1052.420
1052.780
1053.130
1053.490
1053.850
1054.190
1054.540
1054.890
1055.250
1055.600
1055.950
1056.310
1056.680
1057.030
1057.390
1057.770
1058.120
1058.490
1058.830
1059.170
1059.540
1059.870
1060.230
1060.590
1060.940
1061.300
1061.670
1062.030
1062.390
1062.750
1063.120
1063.480
1063.840
1064.180
1064.550
1064.940
1065.300
1065.640
1066.020
1066.360
1066.740
1067.080
1067.440
1067.780
1068.140
1068.480
1068.850
1069.190
1069.570
1069.910
1070.290
1070.630
1071.000
1071.360
1071.730
1072.070
1072.450
1072.810
1073.170
1073.520
1073.860
1074.220
1074.570
1074.900
1075.250
1075.600
1075.960
1076.300
1076.690
1077.040
1077.430
1077.790
1078.160
1078.560
1078.970
1079.370
1079.780
1080.220
1080.620
1081.060
1081.410
1081.790
1082.170
1082.510
1082.870
1083.250
1083.590
1083.970
1084.330
1084.690
1085.040
1085.410
1085.770
1086.110
1086.490
1086.850
1087.200
1087.560
1087.910
1088.270
1088.640
1089.010
1089.370
1089.720
1090.080
1090.450
1090.810
1091.170
1091.520
1091.900
1092.260
1092.640
1093.000
1093.360
1093.700
1094.080
1094.440
1094.800
1095.150
1095.510
1095.860
1096.240
1096.580
1096.950
1097.320
1097.690
1098.060
1098.420
1098.790
1099.160
1099.550
1099.920
1100.290
1100.660
1101.030
1101.390
1101.730
1102.110
1102.470
1102.840
1103.210
1103.570
1103.940
1104.300
1104.680
1105.020
1105.390
1105.760
1106.100
1106.470
1106.820
1107.200
1107.550
1107.910
1108.270
1108.640
1109.010
1109.400
1109.760
1110.140
1110.510
1110.860
1111.250
1111.600
1111.970
1112.360
1112.710
1113.070
1113.430
1113.800
1114.180
1114.550
1114.910
1115.260
1115.620
1116.000
1116.390
1116.750
1117.130
1117.520
1117.880
1118.260
1118.620
1118.970
1119.340
1119.690
1120.060
1120.390
1120.740
1121.100
1121.460
1121.800
1122.160
1122.510
1122.840
1123.200
1123.580
1123.920
1124.260
1124.630
1124.970
1125.330
1125.680
1126.030
1126.360
1126.710
1127.050
1127.370
1127.710
1128.050
1128.410
1128.760
1129.120
1129.460
1129.840
1130.200
1130.560
1130.920
1131.260
1131.630
1132.000
1132.390
1132.760
1133.110
1133.490
1133.830
1134.160
1134.520
1134.850
1135.170
1135.480
1135.800
1136.130
1136.480
1136.840
1137.180
1137.530
1137.870
1138.220
1138.600
1138.960
1139.310
1139.680
1140.040
1140.390
1140.740
1141.120
1141.500
1141.900
1142.280
1142.640
1142.980
1143.350
1143.710
1144.070
1144.440
1144.800
1145.150
1145.480
1145.840
1146.200
1146.550
1146.890
1147.230
1147.580
1147.940
1148.280
1148.650
1148.980
1149.330
1149.700
1150.070
1150.420
1150.750
1151.110
1151.450
1151.830
1152.190
1152.540
1152.900
1153.240
1153.590
1153.960
1154.310
1154.670
1155.040
1155.380
1155.760
1156.100
1156.460
1156.830
1157.200
1157.560
1157.920
1158.270
1158.630
1159.000
1159.360
1159.700
1160.060
1160.420
1160.780
1161.140
1161.520
1161.880
1162.240
1162.590
1162.940
1163.280
1163.630
1163.980
1164.330
1164.670
1165.030
1165.370
1165.740
1166.090
1166.430
1166.800
1167.170
1167.530
1167.870
1168.220
1168.570
1168.910
1169.250
1169.590
1169.930
1170.300
1170.650
1170.980
1171.330
1171.660
1172.000
1172.360
1172.720
1173.070
1173.400
1173.750
1174.100
1174.440
1174.780
1175.130
1175.470
1175.820
1176.170
1176.510
1176.830
1177.170
1177.510
1177.860
1178.210
1178.540
1178.890
1179.230
1179.590
1179.930
1180.270
1180.620
1180.980
1181.330
1181.670
1182.030
1182.380
1182.720
1183.060
1183.410
1183.760
1184.110
1184.450
1184.780
1185.140
1185.500
1185.850
1186.190
1186.540
1186.900
1187.250
1187.580
1187.940
1188.270
1188.610
1188.960
1189.300
1189.670
1190.010
1190.340
1190.690
1191.030
1191.360
1191.720
1192.080
1192.420
1192.760
1193.110
1193.450
1193.790
1194.110
1194.470
1194.830
1195.160
1195.600
1196.170
1196.850
1197.490
1198.200
1198.860
1199.560
1200.320
1201.030
1201.750
1202.460
1203.180
1203.880
1204.600
1205.380
1206.090
1206.870
1207.600
1208.360
1209.130
1209.870
1210.570
1211.320
1212.080
1212.810
1213.490
1214.200
1214.880
1215.560
1216.250
1216.890
1217.560
1218.260
1218.950
1219.630
1220.320
1221.000
1221.680
1222.380
1223.010
1223.680
1224.380
1225.050
1225.820
1226.560
1227.290
1228.040
1228.840
1229.580
1230.390
1231.120
1231.890
1232.660
1233.450
1234.200
1234.950
1235.710
1236.440
1237.150
1237.870
1238.630
1239.360
1240.040
1240.760
1241.490
1242.180
1242.910
1243.610
1244.370
1245.090
1245.820
1246.600
1247.350
1248.060
1248.820
1249.510
1250.220
1250.910
1251.600
1252.360
1253.070
1253.740
1254.360
1255.050
1255.740
1256.440
1257.110
1257.810
1258.490
1259.180
1259.950
1260.670
1261.390
1262.060
1262.760
1263.520
1264.250
1264.960
1265.680
1266.390
1267.070
1267.750
1268.440
1269.130
1269.760
1270.450
1271.110
1271.790
1272.450
1273.140
1273.790
1274.470
1275.120
1275.810
1276.560
1277.250
1277.950
1278.610
1279.260
1279.660
1280.020
1280.350
1280.700
1281.040
1281.380
1281.710
1282.040
1282.380
1282.720
1283.050
1283.390
1283.730
1284.080
1284.430
1284.770
1285.100
1285.450
1285.770
1286.120
1286.450
1286.800
1287.130
1287.460
1287.800
1288.140
1288.480
1288.830
1289.160
1289.510
1289.830
1290.170
1290.520
1290.850
1291.190
1291.540
1291.870
1292.200
1292.540
1292.870
1293.220
1293.570
1293.920
1294.250
1294.590
1294.930
1295.280
1295.610
1295.950
1296.290
1296.640
1297.000
1297.330
1297.680
1298.020
1298.360
1298.710
1299.060
1299.390
1299.750
1300.090
1300.420
1300.760
1301.100
1301.430
1301.770
1302.110
1302.440
1302.780
1303.120
1303.440
1303.770
1304.120
1304.450
1304.780
1305.130
1305.470
1305.800
1306.120
1306.430
1306.750
1307.090
1307.400
1307.730
1308.070
1308.400
1308.730
1309.080
1309.410
1309.740
1310.080
1310.420
1310.740
1311.070
1311.410
1311.740
1312.100
1312.440
1312.770
1313.110
1313.440
1313.790
1314.110
1314.440
1314.780
1315.120
1315.440
1315.780
1316.100
1316.430
1316.750
1317.090
1317.420
1317.760
1318.090
1318.420
1318.750
1319.080
1319.410
1319.770
1320.100
1320.440
1320.760
1321.100
1321.430
1321.760
1322.080
1322.400
1322.720
1323.030
1323.360
1323.680
1323.990
1324.310
1324.660
1324.970
1325.310
1325.640
1325.960
1326.300
1326.630
1326.950
1327.270
1327.600
1327.930
1328.260
1328.600
1328.940
1329.270
1329.600
1329.930
1330.270
1330.610
1330.950
1331.290
1331.640
1331.960
1332.300
1332.630
1332.950
1333.280
1333.610
1333.940
1334.270
1334.600
1334.940
1335.270
1335.600
1335.910
1336.240
1336.580
1336.910
1337.220
1337.550
1337.850
1338.170
1338.470
1338.790
1339.110
1339.440
1339.760
1340.090
1340.410
1340.730
1341.060
1341.400
1341.730
1342.060
1342.390
1342.710
1343.030
1343.360
1343.700
1344.030
1344.350
1344.690
1345.020
1345.340
1345.650
1345.970
1346.310
1346.650
1346.970
1347.310
1347.630
1347.960
1348.290
1348.600
1348.940
1349.270
1349.600
1349.930
1350.250
1350.590
1350.890
1351.200
1351.520
1351.830
1352.150
1352.480
1352.800
1353.140
1353.470
1353.800
1354.130
1354.450
1354.780
1355.110
1355.440
1355.780
1356.110
1356.440
1356.780
1357.100
1357.440
1357.770
1358.100
1358.420
1358.750
1359.070
1359.420
1359.750
1360.060
1360.400
1360.710
1361.040
1361.350
1361.680
1361.990
1362.320
1362.630
1362.960
1363.280
1363.590
1363.920
1364.230
1364.530
1364.850
1365.190
1365.530
1365.840
1366.170
1366.490
1366.810
1367.140
1367.470
1367.800
1368.140
1368.450
1368.790
1369.110
1369.420
1369.740
1370.060
1370.380
1370.700
1371.030
1371.340
1371.640
1371.950
1372.270
1372.600
1372.910
1373.240
1373.550
1373.880
1374.200
1374.510
1374.830
1375.160
1375.470
1375.800
1376.110
1376.440
1376.750
1377.070
1377.380
1377.690
1378.010
1378.320
1378.630
1378.940
1379.250
1379.560
1379.890
1380.210
1380.530
1380.850
1381.160
1381.480
1381.780
1382.100
1382.420
1382.750
1383.060
1383.390
1383.700
1384.030
1384.340
1384.660
1384.980
1385.290
1385.610
1385.920
1386.220
1386.530
1386.820
1387.120
1387.430
1387.720
1388.040
1388.340
1388.650
1388.950
1389.240
1389.540
1389.890
1390.210
1390.530
1390.850
1391.150
1391.470
1391.770
1392.080
1392.410
1392.720
1393.040
1393.370
1393.670
1393.990
1394.300
1394.600
1394.890
1395.190
1395.500
1395.800
1396.120
1396.430
1396.730
1397.040
1397.350
1397.670
1397.960
1398.260
1398.560
1398.840
1399.140
1399.440
1399.750
1400.040
1400.340
1400.640
1400.950
1401.250
1401.560
1401.860
1402.170
1402.480
1402.800
1403.120
1403.450
1403.770
1404.090
1404.400
1404.720
1405.050
1405.360
1405.680
1405.980
1406.290
1406.610
1406.920
1407.240
1407.550
1407.880
1408.200
1408.520
1408.830
1409.150
1409.470
1409.770
1410.080
1410.390
1410.710
1411.010
1411.330
1411.640
1411.950
1412.260
1412.560
1412.860
1413.160
1413.460
1413.760
1414.070
1414.360
1414.640
1414.930
1415.240
1415.530
1415.830
1416.140
1416.440
1416.730
1417.040
1417.340
1417.650
1417.950
1418.280
1418.610
1418.960
1419.290
1419.610
1419.940
1420.260
1420.590
1420.910
1421.230
1421.540
1421.870
1422.190
1422.500
1422.830
1423.150
1423.470
1423.780
1424.100
1424.420
1424.760
1425.090
1425.400
1425.720
1426.030
1426.350
1426.660
1426.970
1427.290
1427.610
1427.930
1428.250
1428.570
1428.890
1429.210
1429.520
1429.820
1430.140
1430.440
1430.750
1431.060
1431.380
1431.680
1431.990
1432.300
1432.610
1432.930
1433.230
1433.550
1433.860
1434.190
1434.580
1434.990
1435.400
1435.790
1436.180
1436.580
1437.000
1437.380
1437.790
1438.180
1438.590
1438.990
1439.420
1439.870
1440.320
1440.780
1441.230
1441.680
1442.180
1442.670
1443.210
1443.810
1444.430
1445.070
1445.700
1446.370
1447.030
1447.670
1448.350
1449.010
1449.710
1450.400
1451.080
1451.740
1452.410
1453.060
1453.700
1454.310
1454.930
1455.560
1456.200
1456.860
1457.490
1458.100
1458.750
1459.380
1460.010
1460.620
1461.260
1461.880
1462.520
1463.150
1463.810
1464.560
1465.270
1465.930
1466.600
1467.290
1467.930
1468.590
1469.220
1469.860
1470.540
1471.130
1471.760
1472.370
1473.020
1473.630
1474.280
1474.890
1475.510
1476.130
1476.760
1477.350
1477.980
1478.600
1479.200
1479.790
1480.410
1481.030
1481.710
1482.370
1483.080
1483.740
1484.300
1484.880
1485.450
1486.040
1486.640
1487.190
1487.770
1488.360
1488.950
1489.540
1490.100
1490.630
1491.190
1491.760
1492.340
1492.870
1493.450
1494.010
1494.530
1495.060
1495.590
1496.130
1496.660
1497.190
1497.690
1498.220
1498.790
1499.330
1499.900
1500.490
1501.040
1501.580
1502.110
1502.640
1503.190
1503.730
1504.260
1504.790
1505.320
1505.850
1506.380
1506.910
1507.440
1507.960
1508.510
1509.080
1509.630
1510.170
1510.690
1511.260
1511.780
1512.350
1512.880
1513.430
1513.990
1514.580
1515.120
1515.710
1516.270
1516.940
1517.570
1518.150
1518.750
1519.320
1519.890
1520.430
1520.990
1521.560
1522.170
1522.750
1523.330
1523.910
1524.490
1525.050
1525.630
1526.250
1526.830
1527.440
1528.040
1528.640
1529.240
1529.880
1530.460
1531.120
1531.770
1532.460
1533.120
1533.910
1534.750
1535.560
1536.440
1537.260
1538.170
1539.030
1539.920
1540.840
1541.740
1542.700
1543.480
1544.340
1545.190
1545.990
1546.850
1547.670
1548.490
1549.350
1550.150
1551.020
1551.850
1552.690
1553.540
1554.370
1555.160
1555.990
1556.860
1557.770
1558.650
1559.510
1560.280
1561.070
1561.800
1562.440
1563.070
1563.670
1564.290
1564.920
1565.530
1566.170
1566.780
1567.420
1568.040
1568.650
1569.320
1569.970
1570.610
1571.270
1571.940
1572.580
1573.170
1573.760
1574.320
1574.900
1575.490
1576.120
1576.720
1577.330
1577.910
1578.540
1579.180
1579.780
1580.390
1581.070
1581.750
1582.460
1583.120
1583.690
1584.270
1584.850
1585.460
1586.100
1586.760
1587.440
1588.130
1588.760
1589.360
1590.000
1590.660
1591.270
1591.940
1592.580
1593.200
1593.770
1594.380
1594.950
1595.510
1596.120
1596.740
1597.330
1597.940
1598.570
1599.170
1599.740
1600.370
1600.990
1601.600
1602.240
1602.840
1603.450
1604.090
1604.700
1605.280
1605.900
1606.510
1607.100
1607.670
1608.250
1608.850
1609.480
1610.080
1610.700
1611.290
1611.880
1612.480
1613.100
1613.680
1614.300
1614.890
1615.470
1616.000
1616.580
1617.100
1617.660
1618.260
1618.820
1619.370
1619.990
1620.700
1621.400
1622.080
1622.760
1623.440
1624.130
1624.800
1625.430
1626.070
1626.740
1627.280
1627.880
1628.450
1629.000
1629.560
1630.140
1630.700
1631.300
1631.860
1632.440
1632.980
1633.610
1634.210
1634.780
1635.410
1635.990
1636.530
1637.130
1637.670
1638.250
1638.870
1639.470
1640.050
1640.610
1641.220
1641.760
1642.290
1642.850
1643.450
1644.210
1644.980
1645.720
1646.520
1647.280
1648.030
1648.800
1649.550
1650.360
1651.110
1651.920
1652.730
1653.470
1654.250
1655.060
1655.850
1656.590
1657.390
1658.250
1659.080
1659.900
1660.620
1661.400
1662.170
1662.900
1663.710
1664.510
1665.300
1666.070
1666.870
1667.640
1668.450
1669.220
1669.790
1670.370
1670.940
1671.520
1672.100
1672.690
1673.280
1673.880
1674.470
1675.030
1675.630
1676.190
1676.790
1677.370
1677.940
1678.520
1679.090
1679.670
1680.260
1680.840
1681.420
1682.000
1682.570
1683.140
1683.720
1684.300
1684.910
1685.480
1686.060
1686.650
1687.260
1687.830
1688.410
1689.000
1689.540
1690.110
1690.690
1691.270
1691.840
1692.430
1693.020
1693.580
1694.180
1694.750
1695.330
1695.890
1696.470
1697.010
1697.590
1698.190
1698.780
1699.340
1699.920
1700.460
1701.040
1701.620
1702.200
1702.760
1703.370
1703.970
1704.540
1705.110
1705.660
1706.260
1706.810
1707.370
1707.950
1708.530
1709.100
1709.680
1710.240
1710.810
1711.400
1711.950
1712.550
1713.130
1713.720
1714.280
1714.820
1715.380
1715.970
1716.540
1717.130
1717.710
1718.260
1718.810
1719.390
1719.980
1720.540
1721.100
1721.690
1722.260
1722.820
1723.380
1723.940
1724.530
1725.090
1725.650
1726.230
1726.790
1727.370
1727.940
1728.520
1729.120
1729.670
1730.250
1730.820
1731.350
1731.950
1732.500
1733.090
1733.660
1734.210
1734.760
1735.330
1735.880
1736.480
1737.050
1737.600
1738.160
1738.730
1739.300
1739.850
1740.410
1740.970
1741.550
1742.080
1742.660
1743.210
1743.750
1744.300
1744.880
1745.450
1746.010
1746.590
1747.140
1747.710
1748.270
1748.860
1749.420
1749.970
1750.540
1751.100
1751.680
1752.230
1752.800
1753.330
1753.920
1754.480
1755.000
1755.570
1756.120
1756.670
1757.230
1757.790
1758.320
1758.900
1759.450
1760.020
1760.570
1761.100
1761.680
1762.210
1762.760
1763.330
1763.880
1764.410
1764.980
1765.540
1766.090
1766.640
1767.220
1767.810
1768.410
1768.970
1769.570
1770.120
1770.670
1771.210
1771.750
1772.310
1772.850
1773.420
1773.960
1774.540
1775.070
1775.660
1776.170
1776.710
1777.280
1777.820
1778.350
1778.870
1779.420
1779.960
1780.540
1781.090
1781.630
1782.160
1782.750
1783.310
1783.850
1784.400
1784.930
1785.520
1786.050
1786.640
1787.170
1787.760
1788.290
1788.800
1789.330
1789.900
1790.450
1790.990
1791.550
1792.110
1792.640
1793.210
1793.740
1794.280
1794.830
1795.330
1795.880
1796.410
1796.950
1797.470
1798.020
1798.570
1799.120
1799.650
1800.210
1800.740
1801.280
1801.850
1802.380
1802.980
1803.550
1804.100
1804.680
1805.250
1805.810
1806.340
1806.900
1807.470
1808.030
1808.590
1809.160
1809.720
1810.270
1810.850
1811.380
1811.950
1812.500
1813.050
1813.580
1814.140
1814.680
1815.260
1815.810
1816.410
1817.000
1817.580
1818.130
1818.690
1819.270
1819.850
1820.400
1820.980
1821.580
1822.110
1822.680
1823.200
1823.760
1824.270
1824.790
1825.360
1825.940
1826.470
1827.070
1827.640
1828.210
1828.750
1829.320
1829.920
1830.460
1831.050
1831.620
1832.170
1832.740
1833.300
1833.840
1834.400
1834.950
1835.510
1836.030
1836.650
1837.230
1837.830
1838.440
1839.170
1839.940
1840.660
1841.400
1842.180
1842.920
1843.650
1844.430
1845.130
1845.820
1846.540
1847.260
1847.950
1848.600
1849.240
1849.940
1850.640
1851.320
1852.040
1852.620
1853.230
1853.850
1854.460
1855.080
1855.700
1856.320
1856.940
1857.570
1858.220
1858.820
1859.480
1860.080
1860.740
1861.300
1861.920
1862.480
1863.070
1863.550
1864.030
1864.500
1864.990
1865.450
1865.950
1866.410
1866.910
1867.370
1867.850
1868.350
1868.810
1869.290
1869.780
1870.270
1870.730
1871.230
1871.710
1872.190
1872.660
1873.100
1873.530
1873.970
1874.400
1874.860
1875.290
1875.730
1876.150
1876.590
1877.000
1877.400
1877.780
1878.180
1878.590
1879.000
1879.390
1879.830
1880.270
1880.730
1881.170
1881.590
1882.050
1882.490
1882.890
1883.320
1883.730
1884.160
1884.590
1884.990
1885.400
1885.810
1886.220
1886.640
1887.040
1887.440
1887.850
1888.270
1888.690
1889.130
1889.540
1889.950
1890.370
1890.770
1891.190
1891.600
1892.010
1892.440
1892.850
1893.270
1893.660
1894.070
1894.490
1894.920
1895.320
1895.760
1896.150
1896.570
1896.990
1897.390
1897.800
1898.220
1898.600
1899.020
1899.420
1899.810
1900.230
1900.640
1901.050
1901.440
1901.860
1902.270
1902.690
1903.100
1903.490
1903.920
1904.350
1904.760
1905.190
1905.600
1905.980
1906.360
1906.750
1907.150
1907.540
1907.980
1908.380
1908.820
1909.240
1909.650
1910.070
1910.490
1910.920
1911.330
1911.710
1912.090
1912.500
1912.880
1913.280
1913.660
1914.060
1914.470
1914.910
1915.340
1915.760
1916.200
1916.610
1917.030
1917.460
1917.880
1918.290
1918.700
1919.120
1919.530
1919.940
1920.350
1920.750
1921.160
1921.580
1922.020
1922.430
1922.840
1923.260
1923.660
1924.090
1924.500
1924.910
1925.300
1925.720
1926.140
1926.560
1926.980
1927.390
1927.810
1928.240
1928.670
1929.090
1929.500
1929.920
1930.340
1930.760
1931.180
1931.590
1932.020
1932.430
1932.840
1933.250
1933.660
1934.090
1934.510
1934.930
1935.370
1935.780
1936.200
1936.620
1937.040
1937.460
1937.870
1938.300
1938.710
1939.120
1939.530
1939.940
1940.350
1940.750
1941.150
1941.560
1941.980
1942.400
1942.810
1943.210
1943.620
1944.030
1944.430
1944.860
1945.250
1945.670
1946.080
1946.500
1946.910
1947.320
1947.730
1948.170
1948.590
1949.000
1949.420
1949.820
1950.240
1950.650
1951.050
1951.480
1951.890
1952.280
1952.690
1953.100
1953.520
1953.920
1954.330
1954.750
1955.160
1955.560
1955.970
1956.400
1956.810
1957.220
1957.610
1958.030
1958.450
1958.850
1959.260
1959.680
1960.090
1960.500
1960.900
1961.300
1961.720
1962.120
1962.550
1962.950
1963.360
1963.780
1964.180
1964.600
1965.010
1965.420
1965.830
1966.240
1966.640
1967.030
1967.420
1967.840
1968.250
1968.680
1969.080
1969.500
1969.910
1970.310
1970.720
1971.140
1971.540
1971.960
1972.380
1972.790
1973.200
1973.580
1973.980
1974.390
1974.810
1975.210
1975.630
1976.020
1976.420
1976.820
1977.230
1977.630
1978.040
1978.450
1978.850
1979.280
1979.680
1980.100
1980.510
1980.920
1981.350
1981.770
1982.200
1982.640
1983.050
1983.470
1983.880
1984.300
1984.720
1985.120
1985.540
1985.960
1986.380
1986.790
1987.200
1987.620
1988.040
1988.440
1988.850
1989.270
1989.680
1990.070
1990.480
1990.890
1991.320
1991.720
1992.130
1992.530
1992.910
1993.310
1993.710
1994.120
1994.530
1994.930
1995.340
1995.730
1996.160
1996.550
1996.960
1997.370
1997.790
1998.200
1998.610
1999.000
1999.420
1999.810
2000.200
2000.620
2001.040
2001.440
2001.860
2002.270
2002.680
2003.070
2003.480
2003.890
2004.290
2004.690
2005.110
2005.510
2005.910
2006.300
2006.710
2007.120
2007.540
2007.950
2008.360
2008.760
2009.170
2009.550
2009.950
2010.360
2010.770
2011.170
2011.570
2011.960
2012.360
2012.750
2013.150
2013.570
2013.970
2014.380
2014.780
2015.170
2015.570
2015.960
2016.370
2016.790
2017.200
2017.600
2017.980
2018.380
2018.790
2019.200
2019.590
2020.020
2020.420
2020.830
2021.230
2021.640
2022.040
2022.430
2022.840
2023.240
2023.650
2024.050
2024.450
2024.840
2025.240
2025.620
2026.020
2026.430
2026.830
2027.230
2027.620
2028.030
2028.430
2028.820
2029.230
2029.630
2030.050
2030.450
2030.850
2031.280
2031.690
2032.090
2032.490
2032.910
2033.350
2033.770
2034.190
2034.600
2035.000
2035.430
2035.820
2036.240
2036.650
2037.040
2037.420
2037.820
2038.220
2038.600
2039.010
2039.440
2039.860
2040.280
2040.700
2041.110
2041.510
2041.940
2042.330
2042.720
2043.090
2043.490
2043.870
2044.290
2044.710
2045.100
2045.530
2045.940
2046.340
2046.760
2047.170
2047.570
2047.980
2048.400
2048.800
2049.200
2049.620
2050.030
2050.440
2050.830
2051.240
2051.620
2052.030
2052.440
2052.860
2053.260
2053.680
2054.090
2054.490
2054.900
2055.300
2055.700
2056.080
2056.480
2056.870
2057.270
2057.660
2058.050
2058.460
2058.870
2059.290
2059.700
2060.090
2060.520
2060.940
2061.360
2061.760
2062.150
2062.540
2062.940
2063.320
2063.720
2064.090
2064.480
2064.880
2065.310
2065.730
2066.150
2066.570
2066.970
2067.390
2067.800
2068.190
2068.610
2069.040
2069.470
2069.880
2070.310
2070.700
2071.090
2071.500
2071.940
2072.350
2072.760
2073.170
2073.570
2073.980
2074.390
2074.780
2075.190
2075.590
2076.000
2076.400
2076.800
2077.210
2077.630
2078.020
2078.440
2078.840
2079.250
2079.660
2080.080
2080.490
2080.910
2081.300
2081.720
2082.140
2082.530
2082.960
2083.360
2083.760
2084.150
2084.560
2084.970
2085.380
2085.780
2086.180
2086.590
2087.000
2087.420
2087.820
2088.230
2088.600
2089.000
2089.380
2089.770
2090.140
2090.540
2090.940
2091.350
2091.750
2092.150
2092.550
2092.940
2093.340
2093.790
2094.210
2094.670
2095.130
2095.610
2096.060
2096.530
2096.980
2097.430
2097.890
2098.350
2098.810
2099.270
2099.740
2100.190
2100.650
2101.110
2101.580
2102.050
2102.520
2103.010
2103.460
2103.930
2104.420
2104.890
2105.360
2105.810
2106.280
2106.760
2107.220
2107.710
2108.250
2108.810
2109.320
2109.860
2110.390
2110.940
2111.460
2112.020
2112.560
2113.070
2113.630
2114.170
2114.700
2115.250
2115.780
2116.300
2116.830
2117.370
2117.920
2118.450
2118.990
2119.510
2120.060
2120.580
2121.120
2121.650
2122.180
2122.720
2123.270
2123.810
2124.380
2124.920
2125.450
2126.000
2126.530
2127.060
2127.590
2128.140
2128.660
2129.180
2129.710
2130.240
2130.760
2131.290
2131.840
2132.350
2132.900
2133.420
2133.940
2134.480
2135.000
2135.520
2136.040
2136.570
2137.100
2137.620
2138.130
2138.670
2139.190
2139.710
2140.230
2140.760
2141.290
2141.820
2142.360
2142.880
2143.400
2143.930
2144.460
2144.980
2145.500
2146.030
2146.550
2147.070
2147.610
2148.160
2148.650
2149.130
2149.690
2150.210
2150.740
2151.280
2151.790
2152.320
2152.840
2153.380
2153.920
2154.450
2154.960
2155.480
2155.990
2156.530
2157.050
2157.550
2158.080
2158.610
2159.140
2159.670
2160.200
2160.740
2161.250
2161.790
2162.320
2162.850
2163.360
2163.880
2164.400
2164.930
2165.430
2165.940
2166.480
2167.030
2167.550
2168.080
2168.600
2169.130
2169.660
2170.180
2170.690
2171.220
2171.740
2172.270
2172.810
2173.340
2173.860
2174.380
2174.930
2175.450
2175.980
2176.500
2177.010
2177.530
2178.050
2178.590
2179.110
2179.650
2180.160
2180.680
2181.220
2181.750
2182.290
2182.810
2183.340
2183.870
2184.380
2184.900
2185.410
2185.950
2186.470
2186.980
2187.530
2188.070
2188.580
2189.120
2189.640
2190.160
2190.690
2191.200
2191.760
2192.270
2192.790
2193.320
2193.860
2194.370
2194.890
2195.420
2195.950
2196.470
2197.010
2197.520
2198.050
2198.560
2199.070
2199.580
2200.120
2200.660
2201.180
2201.690
2202.220
2202.720
2203.240
2203.760
2204.290
2204.830
2205.350
2205.870
2206.380
2206.900
2207.430
2207.930
2208.470
2208.980
2209.490
2210.020
2210.530
2211.050
2211.550
2212.070
2212.620
2213.150
2213.670
2214.190
2214.690
2215.210
2215.710
2216.220
2216.740
2217.280
2217.780
2218.300
2218.820
2219.320
2219.850
2220.350
2220.880
2221.390
2221.900
2222.420
2222.930
2223.440
2223.920
2224.420
2224.960
2225.450
2225.990
2226.500
2227.020
2227.540
2228.060
2228.580
2229.110
2229.640
2230.160
2230.680
2231.210
2231.730
2232.240
2232.740
2233.280
2233.800
2234.310
2234.830
2235.340
2235.850
2236.380
2236.900
2237.430
2237.940
2238.440
2238.960
2239.470
2239.960
2240.440
2240.970
2241.520
2242.040
2242.560
2243.060
2243.600
2244.120
2244.650
2245.150
2245.690
2246.200
2246.720
2247.230
2247.740
2248.240
2248.720
2249.220
2249.750
2250.270
2250.790
2251.320
2251.830
2252.360
2252.880
2253.380
2253.920
2254.420
2254.940
2255.450
2255.960
2256.480
2256.990
2257.500
2258.010
2258.540
2259.050
2259.560
2260.050
2260.570
2261.080
2261.580
2262.090
2262.610
2263.120
2263.640
2264.130
2264.630
2265.140
2265.640
2266.150
2266.670
2267.180
2267.680
2268.190
2268.680
2269.190
2269.710
2270.200
2270.710
2271.220
2271.720
2272.220
2272.710
2273.200
2273.700
2274.230
2274.760
2275.240
2275.740
2276.260
2276.760
2277.240
2277.740
2278.270
2278.760
2279.270
2279.760
2280.270
2280.770
2281.270
2281.740
2282.270
2282.770
2283.280
2283.790
2284.280
2284.800
2285.280
2285.800
2286.330
2286.830
2287.340
2287.840
2288.360
2288.850
2289.350
2289.850
2290.370
2290.890
2291.380
2291.910
2292.430
2292.930
2293.440
2293.950
2294.470
2295.020
2295.530
2296.020
2296.540
2297.050
2297.540
2298.050
2298.580
2299.110
2299.620
2300.140
2300.650
2301.170
2301.680
2302.190
2302.720
2303.230
2303.740
2304.250
2304.770
2305.310
2305.810
2306.320
2306.830
2307.350
2307.850
2308.390
2308.890
2309.410
2309.920
2310.430
2310.950
2311.470
2311.980
2312.490
2313.030
2313.550
2314.060
2314.570
2315.080
2315.590
2316.130
2316.650
2317.160
2317.670
2318.200
2318.710
2319.210
2319.730
2320.240
2320.750
2321.260
2321.760
2322.270
2322.780
2323.320
2323.820
2324.350
2324.900
2325.410
2325.940
2326.450
2326.970
2327.490
2327.990
2328.500
2329.030
2329.550
2330.070
2330.560
2331.060
2331.590
2332.110
2332.620
2333.150
2333.670
2334.200
2334.700
2335.210
2335.750
2336.250
2336.780
2337.290
2337.820
2338.340
2338.810
2339.290
2339.730
2340.210
2340.660
2341.160
2341.700
2342.220
2342.730
2343.230
2343.740
2344.260
2344.780
2345.300
2345.810
2346.320
2346.850
2347.360
2347.860
2348.380
2348.900
2349.390
2349.890
2350.410
2350.920
2351.430
2351.950
2352.590
2353.220
2353.870
2354.640
2355.480
2356.320
2357.130
2357.970
2358.820
2359.620
2360.540
2361.370
2362.270
2363.180
2364.020
2364.910
2365.800
2366.690
2367.540
2368.400
2369.310
2370.230
2371.050
2371.960
2372.820
2373.710
2374.520
2375.390
2376.260
2377.160
2377.980
2378.880
2379.770
2380.640
2381.490
2382.340
2383.220
2384.100
2384.970
2385.820
2386.690
2387.540
2388.380
2389.220
2390.090
2390.920
2391.750
2392.600
2393.470
2394.300
2395.130
2395.980
2396.840
2397.700
2398.510
2399.340
2400.220
2401.030
2401.850
2402.660
2403.500
2404.340
2405.160
2405.990
2406.850
2407.680
2408.510
2409.350
2410.210
2411.050
2411.900
2412.730
2413.580
2414.420
2415.240
2416.080
2416.930
2417.770
2418.590
2419.410
2420.250
2421.100
2421.940
2422.790
2423.640
2424.440
2425.310
2426.120
2426.950
2427.790
2428.600
2429.430
2430.260
2431.100
2431.940
2432.780
2433.590
2434.390
2435.210
2436.040
2436.880
2437.710
2438.540
2439.360
2440.200
2441.050
2441.860
2442.690
2443.510
2444.330
2445.150
2445.990
2446.820
2447.660
2448.490
2449.320
2450.180
2451.020
2451.870
2452.720
2453.580
2454.390
2455.230
2456.050
2456.910
2457.720
2458.540
2459.400
2460.240
2461.060
2461.860
2462.670
2463.540
2464.370
2465.190
2466.040
2466.880
2467.720
2468.550
2469.380
2470.240
2471.100
2471.920
2472.760
2473.610
2474.440
2475.270
2476.100
2476.930
2477.750
2478.550
2479.380
2480.220
2481.050
2481.880
2482.680
2483.510
2484.320
2485.140
2485.980
2486.790
2487.630
2488.450
2489.270
2490.120
2490.920
2491.740
2492.550
2493.380
2494.190
2495.010
2495.850
2496.680
2497.470
2498.300
2499.130
2499.940
2500.740
2501.570
2502.380
2503.210
2504.040
2504.860
2505.680
2506.490
2507.320
2508.150
2508.950
2509.770
2510.590
2511.390
2512.170
2513.010
2513.830
2514.650
2515.450
2516.300
2517.130
2517.930
2518.740
2519.570
2520.390
2521.200
2522.010
2522.810
2523.610
2524.430
2525.250
2526.070
2526.890
2527.700
2528.510
2529.340
2530.140
2530.950
2531.760
2532.590
2533.420
2534.230
2535.040
2535.840
2536.650
2537.480
2538.300
2539.130
2539.940
2540.730
2541.530
2542.350
2543.170
2543.940
2544.770
2545.580
2546.400
2547.190
2548.010
2548.840
2549.660
2550.460
2551.250
2552.050
2552.840
2553.680
2554.510
2555.330
2556.120
2556.950
2557.780
2558.590
2559.410
2560.220
2561.010
2561.850
2562.660
2563.480
2564.300
2565.130
2565.910
2566.700
2567.500
2568.330
2569.150
2569.960
2570.780
2571.590
2572.420
2573.240
2574.040
2574.850
2575.650
2576.450
2577.230
2578.060
2578.840
2579.680
2580.490
2581.320
2582.140
2582.940
2583.770
2584.590
2585.400
2586.200
2587.000
2587.790
2588.640
2589.450
2590.240
2591.070
2591.890
2592.710
2593.520
2594.350
2595.150
2595.960
2596.790
2597.610
2598.410
2599.190
2600.020
2600.840
2601.640
2602.430
2603.230
2604.080
2604.890
2605.680
2606.500
2607.340
2608.180
2608.980
2609.810
2610.650
2611.490
2612.270
2613.090
2613.940
2614.760
2615.560
2616.380
2617.220
2618.040
2618.850
2619.650
2620.470
2621.290
2622.090
2622.900
2623.720
2624.540
2625.370
2626.190
2627.000
2627.830
2628.650
2629.470
2630.290
2631.090
2631.910
2632.720
2633.550
2634.370
2635.180
2635.980
2636.810
2637.630
2638.440
2639.270
2640.080
2640.880
2641.690
2642.500
2643.320
2644.140
2644.960
2645.760
2646.570
2647.370
2648.190
2649.000
2649.820
2650.570
2651.380
2652.210
2653.040
2653.850
2654.660
2655.480
2656.330
2657.160
2657.960
2658.800
2659.620
2660.430
2661.250
2662.070
2662.900
2663.710
2664.520
2665.340
2666.170
2666.960
2667.780
2668.600
2669.440
2670.240
2671.040
2671.840
2672.670
2673.430
2674.230
2675.080
2675.920
2676.700
2677.520
2678.330
2679.150
2679.960
2680.770
2681.590
2682.410
2683.200
2684.000
2684.830
2685.640
2686.470
2687.250
2688.050
2688.880
2689.710
2690.500
2691.300
2692.120
2692.940
2693.750
2694.550
2695.390
2696.210
2697.000
2697.830
2698.650
2699.470
2700.280
2701.100
2701.920
2702.730
2703.540
2704.390
2705.200
2706.010
2706.830
2707.660
2708.470
2709.270
2710.070
2710.880
2711.680
2712.490
2713.300
2714.100
2714.920
2715.730
2716.530
2717.340
2718.140
2718.940
2719.730
2720.530
2721.340
2722.130
2722.950
2723.740
2724.550
2725.350
2726.160
2726.990
2727.800
2728.610
2729.420
2730.220
2731.040
2731.850
2732.670
2733.470
2734.300
2735.100
2735.910
2736.750
2737.550
2738.360
2739.180
2740.070
2740.980
2741.830
2742.750
2743.610
2744.560
2745.480
2746.370
2747.320
2748.320
2749.270
2750.190
2751.200
2752.140
2753.070
2754.080
2755.040
2755.960
2756.870
2757.730
2758.590
2759.510
2760.370
2761.210
2762.120
2762.990
2763.850
2764.700
2765.580
2766.460
2767.380
2768.240
2769.100
2770.030
2770.880
2771.790
2772.680
2773.560
2774.390
2775.290
2776.140
2777.010
2777.880
2778.760
2779.640
2780.420
2781.270
2782.100
2782.890
2783.720
2784.350
2784.980
2785.640
2786.270
2786.970
2787.670
2788.330
2789.060
2789.780
2790.590
2791.360
2792.080
2792.850
2793.490
2794.190
2794.840
2795.470
2796.130
2796.830
2797.510
2798.150
2798.760
2799.400
2800.010
2800.630
2801.180
2801.750
2802.290
2802.850
2803.410
2803.980
2804.590
2805.280
2805.950
2806.580
2807.420
2808.190
2809.080
2809.910
2810.790
2811.710
2812.550
2813.360
2814.230
2815.010
2815.860
2816.670
2817.390
2818.130
2818.880
2819.650
2820.380
2821.130
2821.830
2822.570
2823.290
2824.140
2824.950
2825.750
2826.580
2827.410
2828.260
2829.130
2829.960
2830.800
2831.630
2832.570
2833.440
2834.380
2835.280
2836.200
2837.170
2838.090
2838.980
2839.840
2840.680
2841.580
2842.460
2843.390
2844.330
2845.280
2846.290
2847.260
2848.200
2849.160
2850.090
2851.100
2852.060
2853.010
2853.830
2854.730
2855.570
2856.420
2857.270
2858.080
2858.930
2859.580
2860.210
2860.840
2861.480
2862.080
2862.710
2863.350
2864.000
2864.630
2865.220
2865.850
2866.440
2867.090
2867.890
2868.660
2869.450
2870.290
2871.120
2871.920
2872.720
2873.550
2874.340
2875.150
2875.740
2876.360
2876.990
2877.570
2878.180
2878.830
2879.430
2880.040
2880.650
2881.240
2881.850
2882.460
2883.030
2883.660
2884.260
2884.880
2885.480
2886.090
2886.690
2887.270
2887.890
2888.510
2889.100
2889.760
2890.490
2891.250
2892.110
2892.950
2893.780
2894.620
2895.380
2896.220
2897.070
2897.900
2898.740
2899.560
2900.300
2901.020
2901.770
2902.550
2903.320
2904.110
2904.930
2905.800
2906.640
2907.490
2908.310
2909.200
2909.970
2910.780
2911.560
2912.350
2913.170
2913.970
2914.730
2915.510
2916.320
2917.100
2918.060
2919.050
2919.950
2920.870
2921.670
2922.540
2923.370
2924.180
2925.010
2925.810
2926.630
2927.420
2928.180
2929.000
2929.770
2930.550
2931.310
2932.090
2932.880
2933.680
2934.470
2935.230
2936.030
2936.640
2937.200
2937.790
2938.390
2939.010
2939.580
2940.180
2940.800
2941.400
2941.960
2942.550
2943.150
2943.750
2944.370
2944.970
2945.550
2946.180
2946.790
2947.380
2948.020
2948.600
2949.240
2949.860
2950.470
2951.080
2951.690
2952.340
2952.930
2953.510
2954.120
2954.700
2955.300
2955.870
2956.480
2957.060
2957.660
2958.200
2958.770
2959.350
2959.940
2960.500
2961.060
2961.640
2962.230
2962.780
2963.360
2963.950
2964.500
2965.060
2965.660
2966.200
2966.800
2967.360
2967.930
2968.510
2969.060
2969.640
2970.230
2970.800
2971.370
2971.930
2972.480
2973.040
2973.600
2974.150
2974.700
2975.260
2975.830
2976.370
2976.940
2977.510
2978.080
2978.640
2979.200
2979.770
2980.380
2980.960
2981.510
2982.080
2982.610
2983.180
2983.740
2984.310
2984.880
2985.420
2985.970
2986.550
2987.140
2987.690
2988.250
2988.820
2989.360
2989.910
2990.470
2991.030
2991.570
2992.140
2992.690
2993.240
2993.780
2994.330
2994.870
2995.470
2996.040
2996.570
2997.130
2997.690
2998.230
2998.790
2999.310
2999.890
3000.420
3000.970
3001.530
3002.070
3002.620
3003.180
3003.730
3004.270
3004.830
3005.350
3005.860
3006.400
3006.940
3007.480
3008.040
3008.590
3009.120
3009.650
3010.200
3010.750
3011.310
3011.860
3012.400
3012.960
3013.520
3014.050
3014.610
3015.190
3015.740
3016.280
3016.810
3017.350
3017.890
3018.430
3018.960
3019.490
3020.060
3020.600
3021.160
3021.700
3022.220
3022.750
3023.310
3023.840
3024.380
3024.940
3025.470
3026.000
3026.540
3027.050
3027.610
3028.140
3028.690
3029.220
3029.800
3030.340
3030.860
3031.420
3031.940
3032.480
3033.010
3033.560
3034.130
3034.660
3035.230
3035.750
3036.320
3036.850
3037.430
3037.950
3038.470
3039.020
3039.550
3040.060
3040.580
3041.140
3041.650
3042.170
3042.690
3043.220
3043.720
3044.250
3044.790
3045.340
3045.860
3046.410
3046.950
3047.490
3048.010
3048.540
3049.070
3049.590
3050.130
3050.660
3051.200
3051.710
3052.210
3052.740
3053.270
3053.790
3054.310
3054.860
3055.390
3055.910
3056.410
3056.930
3057.460
3058.010
3058.540
3059.100
3059.620
3060.110
3060.640
3061.160
3061.670
3062.200
3062.750
3063.270
3063.820
3064.340
3064.860
3065.410
3065.930
3066.450
3066.980
3067.500
3068.040
3068.580
3069.150
3069.690
3070.210
3070.740
3071.280
3071.840
3072.390
3072.900
3073.440
3073.980
3074.550
3075.060
3075.630
3076.140
3076.690
3077.220
3077.780
3078.350
3078.970
3079.560
3080.150
3080.730
3081.270
3081.790
3082.360
3082.840
3083.380
3083.870
3084.380
3084.920
3085.450
3085.960
3086.440
3086.980
3087.460
3088.010
3088.510
3089.030
3089.580
3090.150
3090.710
3091.300
3091.880
3092.470
3093.050
3093.620
3094.170
3094.690
3095.250
3095.790
3096.360
3096.900
3097.440
3098.010
3098.540
3099.080
3099.610
3100.170
3100.680
3101.250
3101.810
3102.360
3102.900
3103.430
3104.000
3104.550
3105.080
3105.630
3106.200
3106.750
3107.340
3107.890
3108.430
3108.950
3109.490
3110.050
3110.570
3111.150
3111.770
3112.360
3112.920
3113.520
3114.130
3114.720
3115.300
3115.870
3116.490
3117.080
3117.650
3118.240
3118.810
3119.410
3119.980
3120.550
3121.150
3121.750
3122.350
3122.940
3123.530
3124.120
3124.680
3125.390
3126.130
3126.850
3127.550
3128.230
3128.960
3129.620
3130.330
3131.040
3131.810
3132.580
3133.330
3134.130
3134.860
3135.660
3136.490
3137.300
3138.050
3138.800
3139.540
3140.340
3141.100
3141.820
3142.610
3143.380
3144.130
3144.940
3145.710
3146.450
3147.210
3147.980
3148.790
3149.560
3150.290
3151.120
3151.900
3152.820
3153.750
3154.630
3155.560
3156.440
3157.350
3158.240
3159.150
3160.050
3160.960
3161.810
3162.710
3163.620
3164.530
3165.420
3166.310
3167.220
3168.070
3168.980
3169.890
3170.780
3171.600
3172.490
3173.370
3174.210
3175.060
3175.950
3176.800
3177.660
3178.530
3179.380
3180.240
3181.130
3181.970
3182.880
3183.750
3184.610
3185.470
3186.320
3187.210
3188.080
3188.920
3189.800
3190.680
3191.540
3192.420
3193.290
3194.160
3194.990
3195.880
3196.720
3197.590
3198.450
3199.330
3200.210
3201.100
3201.960
3202.800
3203.700
3204.580
3205.450
3206.300
3207.180
3208.070
3208.920
3209.800
3210.670
3211.530
3212.420
3213.300
3214.180
3215.060
3215.930
3216.780
3217.660
3218.540
3219.400
3220.290
3221.120
3222.030
3222.880
3223.760
3224.610
3225.510
3226.370
3227.210
3228.090
3228.990
3229.820
3230.720
3231.590
3232.430
3233.300
3234.210
3235.060
3235.930
3236.800
3237.670
3238.520
3239.400
3240.240
3241.120
3242.010
3242.890
3243.750
3244.590
3245.440
3246.330
3247.180
3248.030
3248.920
3249.770
3250.640
3251.510
3252.360
3253.210
3254.070
3254.930
3255.790
3256.660
3257.530
3258.340
3259.180
3260.040
3260.860
3261.740
3262.580
3263.390
3264.260
3265.120
3265.960
3266.830
3267.670
3268.530
3269.370
3270.220
3271.060
3271.910
3272.730
3273.590
3274.430
3275.230
3276.080
3276.940
3277.770
3278.650
3279.500
3280.330
3281.170
3282.020
3282.870
3283.720
3284.580
3285.470
3286.320
3287.210
3288.060
3288.920
3289.790
3290.650
3291.510
3292.360
3293.200
3294.020
3294.880
3295.730
3296.610
3297.420
3298.260
3299.130
3299.970
3300.810
3301.660
3302.500
3303.360
3304.190
3305.020
3305.860
3306.700
3307.550
3308.400
3309.240
3310.100
3310.930
3311.760
3312.620
3313.460
3314.310
3315.170
3315.970
3316.820
3317.680
3318.540
3319.390
3320.240
3321.110
3321.940
3322.790
3323.680
3324.530
3325.360
3326.210
3327.070
3327.940
3328.780
3329.600
3330.470
3331.330
3332.170
3333.030
3333.820
3334.690
3335.490
3336.350
3337.200
3338.020
3338.870
3339.740
3340.560
3341.430
3342.250
3343.120
3343.950
3344.810
3345.660
3346.500
3347.310
3348.160
3349.020
3349.870
3350.720
3351.560
3352.410
3353.270
3354.140
3354.960
3355.820
3356.670
3357.520
3358.410
3359.260
3360.090
3360.940
3361.780
3362.650
3363.500
3364.360
3365.220
3366.070
3366.930
3367.770
3368.650
3369.460
3370.360
3371.190
3372.040
3372.930
3373.810
3374.620
3375.500
3376.340
3377.210
3378.040
3378.900
3379.760
3380.620
3381.470
3382.340
3383.180
3384.060
3384.920
3385.770
3386.630
3387.510
3388.350
3389.200
3390.050
3390.930
3391.780
3392.630
3393.480
3394.380
3395.230
3396.090
3396.960
3397.840
3398.690
3399.560
3400.400
3401.270
3402.120
3402.990
3403.860
3404.780
3405.690
3406.630
3407.460
3408.320
3409.180
3409.980
3410.740
3411.530
3412.360
3413.150
3413.930
3414.700
3415.480
3416.290
3417.100
3417.900
3418.670
3419.470
3420.150
3420.790
3421.420
3422.080
3422.700
3423.310
3423.940
3424.460
3425.030
3425.570
3426.090
3426.630
3427.130
3427.660
3428.200
3428.730
3429.250
3429.780
3430.280
3430.800
3431.360
3431.880
3432.400
3432.930
3433.480
3434.000
3434.530
3435.060
3435.560
3436.090
3436.620
3437.130
3437.650
3438.170
3438.660
3439.180
3439.700
3440.230
3440.750
3441.240
3441.780
3442.270
3442.790
3443.320
3443.830
3444.350
3444.840
3445.320
3445.850
3446.350
3446.820
3447.330
3447.860
3448.360
3448.880
3449.380
3449.900
3450.390
3450.920
3451.410
3451.930
3452.420
3452.920
3453.400
3453.950
3454.460
3454.990
3455.490
3456.010
3456.520
3457.020
3457.530
3458.030
3458.560
3459.060
3459.560
3460.030
3460.540
3461.060
3461.600
3462.110
3462.600
3463.110
3463.610
3464.100
3464.610
3465.080
3465.590
3466.090
3466.570
3467.070
3467.540
3468.020
3468.510
3469.010
3469.530
3470.030
3470.490
3470.990
3471.510
3472.010
3472.500
3472.990
3473.490
3474.010
3474.510
3475.000
3475.510
3476.000
3476.480
3476.990
3477.510
3478.000
3478.480
3479.000
3479.490
3480.000
3480.490
3480.990
3481.460
3481.960
3482.470
3482.970
3483.460
3483.950
3484.450
3484.920
3485.410
3485.910
3486.390
3486.890
3487.360
3487.830
3488.320
3488.800
3489.300
3489.780
3490.260
3490.750
3491.230
3491.690
3492.190
3492.680
3493.150
3493.660
3494.160
3494.650
3495.130
3495.600
3496.070
3496.550
3497.030
3497.520
3498.010
3498.490
3498.980
3499.480
3499.970
3500.460
3500.920
3501.400
3501.880
3502.360
3502.860
3503.340
3503.820
3504.280
3504.760
3505.260
3505.730
3506.200
3506.690
3507.200
3507.700
3508.170
3508.640
3509.130
3509.600
3510.100
3510.570
3511.050
3511.510
3512.000
3512.470
3512.920
3513.430
3513.920
3514.420
3514.900
3515.390
3515.880
3516.360
3516.860
3517.320
3517.820
3518.290
3518.750
3519.230
3519.690
3520.160
3520.650
3521.130
3521.610
3522.120
3522.600
3523.080
3523.570
3524.040
3524.520
3525.000
3525.480
3525.960
3526.420
3526.910
3527.390
3527.860
3528.360
3528.850
3529.340
3529.830
3530.300
3530.770
3531.260
3531.740
3532.230
3532.710
3533.190
3533.670
3534.140
3534.610
3535.110
3535.580
3536.060
3536.530
3537.020
3537.490
3537.950
3538.430
3538.890
3539.350
3539.830
3540.300
3540.780
3541.260
3541.730
3542.200
3542.690
3543.180
3543.670
3544.160
3544.650
3545.120
3545.620
3546.100
3546.590
3547.080
3547.560
3548.050
3548.530
3549.020
3549.520
3550.000
3550.480
3550.970
3551.490
3552.000
3552.510
3553.010
3553.500
3553.960
3554.440
3554.930
3555.440
3555.960
3556.520
3557.030
3557.570
3558.060
3558.570
3559.070
3559.600
3560.120
3560.630
3561.120
3561.630
3562.130
3562.600
3563.100
3563.630
3564.110
3564.620
3565.130
3565.620
3566.110
3566.600
3567.110
3567.630
3568.100
3568.610
3569.140
3569.660
3570.150
3570.640
3571.130
3571.640
3572.110
3572.600
3573.120
3573.600
3574.110
3574.610
3575.130
3575.670
3576.180
3576.670
3577.210
3577.720
3578.230
3578.720
3579.220
3579.750
3580.240
3580.770
3581.290
3581.820
3582.320
3582.810
3583.320
3583.860
3584.370
3584.850
3585.380
3585.940
3586.470
3587.020
3587.670
3588.300
3588.970
3589.610
3590.250
3590.890
3591.500
3592.160
3592.810
3593.450
3594.060
3594.730
3595.370
3596.000
3596.620
3597.210
3597.850
3598.430
3599.030
3599.620
3600.240
3600.790
3601.400
3601.950
3602.540
3603.110
3603.730
3604.310
3604.920
3605.550
3606.160
3606.740
3607.380
3607.950
3608.540
3609.100
3609.690
3610.300
3610.890
3611.460
3612.060
3612.650
3613.230
3613.830
3614.410
3615.000
3615.580
3616.150
3616.740
3617.340
3617.920
3618.500
3619.080
3619.660
3620.260
3620.840
3621.430
3622.020
3622.620
3623.210
3623.790
3624.380
3624.970
3625.560
3626.140
3626.730
3627.310
3627.900
3628.470
3629.060
3629.640
3630.220
3630.790
3631.370
3631.950
3632.520
3633.100
3633.690
3634.280
3634.850
3635.410
3636.030
3636.610
3637.150
3637.740
3638.310
3638.890
3639.470
3640.040
3640.630
3641.210
3641.790
3642.370
3642.960
3643.540
3644.110
3644.670
3645.250
3645.820
3646.390
3646.960
3647.540
3648.110
3648.680
3649.240
3649.790
3650.370
3650.920
3651.480
3652.060
3652.630
3653.180
3653.760
3654.350
3654.920
3655.490
3656.080
3656.660
3657.240
3657.800
3658.360
3658.950
3659.490
3660.080
3660.640
3661.220
3661.790
3662.340
3662.910
3663.490
3664.060
3664.630
3665.190
3665.770
3666.330
3666.900
3667.480
3668.060
3668.630
3669.190
3669.770
3670.320
3670.900
3671.440
3672.010
3672.610
3673.190
3673.740
3674.320
3674.870
3675.460
3676.010
3676.580
3677.160
3677.720
3678.270
3678.850
3679.410
3679.970
3680.530
3681.100
3681.670
3682.240
3682.790
3683.360
3683.940
3684.490
3685.050
3685.620
3686.190
3686.740
3687.300
3687.860
3688.460
3689.030
3689.590
3690.160
3690.740
3691.320
3691.870
3692.460
3693.020
3693.580
3694.160
3694.730
3695.280
3695.830
3696.370
3696.930
3697.520
3698.080
3698.620
3699.180
3699.760
3700.310
3700.880
3701.440
3702.000
3702.540
3703.110
3703.680
3704.230
3704.810
3705.350
3705.890
3706.460
3706.980
3707.560
3708.110
3708.690
3709.240
3709.780
3710.340
3710.910
3711.470
3712.020
3712.540
3713.100
3713.670
3714.210
3714.710
3715.280
3715.840
3716.400
3716.950
3717.480
3718.050
3718.590
3719.150
3719.700
3720.250
3720.780
3721.330
3721.880
3722.430
3722.950
3723.510
3724.080
3724.620
3725.160
3725.710
3726.280
3726.830
3727.350
3727.880
3728.440
3728.990
3729.530
3730.070
3730.630
3731.170
3731.710
3732.260
3732.810
3733.350
3733.900
3734.450
3734.980
3735.530
3736.100
3736.620
3737.170
3737.700
3738.260
3738.800
3739.310
3739.880
3740.420
3740.920
3741.490
3742.010
3742.550
3743.090
3743.670
3744.210
3744.750
3745.280
3745.840
3746.400
3746.930
3747.470
3748.030
3748.550
3749.110
3749.650
3750.170
3750.720
3751.250
3751.800
3752.350
3752.870
3753.430
3753.960
3754.520
3755.050
3755.580
3756.120
3756.670
3757.210
3757.750
3758.300
3758.850
3759.400
3759.920
3760.460
3761.010
3761.550
3762.080
3762.610
3763.160
3763.680
3764.230
3764.730
3765.270
3765.800
3766.340
3766.870
3767.390
3767.930
3768.460
3769.000
3769.530
3770.090
3770.620
3771.130
3771.670
3772.210
3772.740
3773.290
3773.800
3774.340
3774.880
3775.390
3775.920
3776.430
3776.980
3777.490
3778.060
3778.590
3779.130
3779.640
3780.190
3780.720
3781.240
3781.800
3782.310
3782.830
3783.360
3783.870
3784.410
3784.920
3785.460
3785.970
3786.530
3787.070
3787.600
3788.140
3788.680
3789.200
3789.740
3790.260
3790.810
3791.350
3791.860
3792.400
3792.920
3793.420
3793.950
3794.510
3795.090
3795.650
3796.190
3796.730
3797.300
3797.830
3798.360
3798.890
3799.420
3800.000
3800.540
3801.080
3801.620
3802.180
3802.720
3803.240
3803.800
3804.340
3804.880
3805.410
3805.970
3806.520
3807.040
3807.560
3808.100
3808.640
3809.200
3809.730
3810.310
3810.850
3811.380
3811.950
3812.490
3813.050
3813.610
3814.170
3814.710
3815.290
3815.820
3816.370
3816.930
3817.500
3818.040
3818.590
3819.130
3819.710
3820.240
3820.800
3821.340
3821.910
3822.430
3822.970
3823.520
3824.070
3824.610
3825.160
3825.730
3826.280
3826.850
3827.400
3827.970
3828.520
3829.040
3829.600
3830.150
3830.700
3831.230
3831.800
3832.360
3832.900
3833.460
3834.010
3834.610
3835.180
3835.770
3836.380
3836.970
3837.570
3838.230
3838.870
3839.500
3840.260
3841.030
3841.790
3842.580
3843.330
3844.060
3844.860
3845.590
3846.380
3847.100
3847.860
3848.620
3849.390
3850.170
3850.960
3851.760
3852.560
3853.400
3854.170
3854.980
3855.800
3856.600
3857.460
3858.310
3859.150
3859.980
3860.840
3861.700
3862.480
3863.260
3864.060
3864.890
3865.800
3866.660
3867.490
3868.370
3869.240
3870.090
3870.890
3871.800
3872.610
3873.500
3874.360
3875.120
3875.910
3876.740
3877.500
3878.320
3879.070
3879.890
3880.680
3881.480
3882.240
3883.050
3883.840
3884.680
3885.510
3886.290
3887.080
3887.880
3888.650
3889.410
3890.220
3890.990
3891.740
3892.530
3893.310
3894.080
3894.810
3895.600
3896.350
3897.180
3897.930
3898.750
3899.550
3900.300
3901.080
3901.900
3902.610
3903.300
3904.040
3904.780
3905.510
3906.290
3907.050
3907.870
3908.600
3909.400
3910.140
3910.950
3911.710
3912.470
3913.260
3914.050
3914.830
3915.580
3916.360
3917.180
3917.980
3918.810
3919.600
3920.410
3921.230
3922.030
3922.810
3923.630
3924.490
3925.300
3926.100
3926.940
3927.800
3928.630
3929.610
3930.720
3931.780
3932.820
3933.860
3934.930
3936.070
3937.070
3938.180
3939.200
3940.270
3941.380
3942.400
3943.530
3944.570
3945.630
3946.720
3947.740
3948.570
3949.370
3950.200
3950.990
3951.770
3952.570
3953.420
3954.280
3955.050
3955.890
3956.640
3957.440
3958.240
3959.090
3959.880
3960.740
3961.500
3962.360
3963.130
3963.940
3964.750
3965.590
3966.390
3967.180
3967.990
3968.790
3969.620
3970.410
3971.220
3972.090
3972.920
3973.820
3974.620
3975.510
3976.340
3977.180
3978.000
3978.800
3979.630
3980.510
3981.320
3982.150
3983.010
3983.850
3984.870
3985.990
3987.020
3988.090
3989.160
3990.270
3991.390
3992.380
3993.380
3994.420
3995.480
3996.530
3997.590
3998.660
3999.660
4000.760
4001.840
4002.950
4004.010
4005.150
4006.230
4007.020
4007.770
4008.570
4009.430
4010.230
4011.070
4011.860
4012.760
4013.590
4014.480
4015.280
4016.090
4016.920
4017.790
4018.590
4019.440
4019.950
4020.510
4021.050
4021.570
4022.120
4022.680
4023.190
4023.740
4024.300
4024.800
4025.350
4025.840
4026.380
4026.890
4027.370
4027.910
4028.430
4028.970
4029.510
4030.050
4030.580
4031.130
4031.710
4032.220
4032.780
4033.330
4033.850
4034.360
4034.900
4035.490
4036.040
4036.640
4037.190
4037.750
4038.300
4038.840
4039.340
4039.870
4040.430
4040.960
4041.480
4042.010
4042.540
4043.100
4043.610
4044.160
4044.710
4045.230
4045.800
4046.310
4046.850
4047.420
4047.940
4048.500
4049.030
4049.520
4050.000
4050.500
4051.060
4051.590
4052.120
4052.690
4053.230
4053.730
4054.260
4054.810
4055.320
4055.830
4056.330
4056.820
4057.360
4057.840
4058.360
4058.880
4059.390
4059.900
4060.480
4061.000
4061.590
4062.150
4062.680
4063.250
4063.810
4064.460
4065.070
4065.870
4066.620
4067.430
4068.170
4068.960
4069.730
4070.470
4071.280
4072.030
4072.810
4073.620
4074.370
4075.120
4075.890
4076.610
4077.410
4078.180
4078.960
4079.760
4080.520
4081.310
4082.070
4082.870
4083.660
4084.510
4085.390
4086.330
4087.270
4088.250
4089.170
4090.190
4091.120
4092.080
4093.020
4094.000
4094.980
4095.860
4096.800
4097.790
4098.830
4099.850
4100.950
4102.000
4103.050
4104.050
4105.070
4106.030
4107.040
4108.140
4109.240
4110.360
4111.420
4112.420
4113.390
4114.360
4115.310
4116.200
4117.050
4117.800
4118.570
4119.330
4120.090
4120.860
4121.660
4122.390
4123.170
4123.980
4124.720
4125.580
4126.410
4127.200
4128.010
4128.850
4129.640
4130.340
4131.040
4131.760
4132.480
4133.180
4133.860
4134.570
4135.360
4136.140
4136.980
4137.780
4138.540
4139.380
4140.140
4140.960
4141.760
4142.560
4143.450
4144.310
4145.220
4146.240
4147.190
4148.080
4148.970
4149.980
4150.930
4151.850
4152.850
4153.770
4154.750
4155.720
4156.640
4157.540
4158.360
4159.270
4160.110
4160.970
4161.860
4162.790
4163.550
4164.380
4165.180
4165.970
4166.780
4167.560
4168.320
4169.050
4169.730
4170.410
4171.080
4171.710
4172.330
4173.000
4173.630
4174.230
4174.860
4175.440
4176.080
4176.660
4177.280
4177.850
4178.480
4179.080
4179.740
4180.390
4180.920
4181.510
4182.040
4182.610
4183.190
4183.710
4184.280
4184.840
4185.370
4185.920
4186.430
4186.990
4187.540
4188.080
4188.620
4189.130
4189.650
4190.170
4190.670
4191.140
4191.650
4192.170
4192.650
4193.190
4193.710
4194.220
4194.740
4195.250
4195.790
4196.320
4196.820
4197.320
4197.860
4198.440
4199.000
4199.530
4200.110
4200.670
4201.190
4201.740
4202.240
4202.800
4203.320
4203.840
4204.340
4204.860
4205.410
4205.930
4206.420
4206.950
4207.490
4207.980
4208.530
4209.060
4209.600
4210.130
4210.880
4211.630
4212.430
4213.240
4214.010
4214.800
4215.590
4216.350
4217.100
4217.900
4218.710
4219.450
4220.200
4221.000
4221.750
4222.510
4223.280
4224.040
4224.770
4225.540
4226.290
4227.040
4227.850
4228.610
4229.360
4230.160
4230.900
4231.680
4232.480
4233.260
4234.110
4234.910
4235.770
4236.570
4237.400
4238.210
4239.020
4239.840
4240.680
4241.470
4242.280
4243.140
4243.960
4244.780
4245.650
4246.440
4247.260
4248.050
4248.820
4249.630
4250.420
4251.260
4252.070
4252.840
4253.680
4254.460
4255.270
4256.110
4256.920
4257.770
4258.560
4259.350
4260.160
4260.950
4261.700
4262.440
4263.180
4263.950
4264.770
4265.570
4266.440
4267.220
4268.040
4268.830
4269.660
4270.440
4271.230
4272.050
4272.830
4273.650
4274.430
4275.250
4276.090
4276.910
4277.710
4278.520
4279.380
4280.170
4280.980
4281.790
4282.700
4283.580
4284.390
4285.190
4286.160
4287.030
4287.980
4288.920
4289.780
4290.680
4291.660
4292.560
4293.540
4294.490
4295.420
4296.350
4297.350
4298.420
4299.410
4300.520
4301.520
4302.620
4303.660
4304.690
4305.690
4306.770
4307.740
4308.650
4309.640
4310.570
4311.530
4312.590
4313.590
4314.610
4315.580
4316.650
4317.640
4318.710
4319.640
4320.520
4321.440
4322.380
4323.230
4323.970
4324.770
4325.520
4326.300
4327.040
4327.710
4328.350
4328.960
4329.600
4330.270
4330.880
4331.520
4332.190
4332.830
4333.470
4334.080
4334.740
4335.320
4335.950
4336.540
4337.090
4337.620
4338.120
4338.620
4339.140
4339.660
4340.160
4340.660
4341.170
4341.690
4342.210
4342.690
4343.190
4343.720
4344.200
4344.710
4345.230
4345.750
4346.260
4346.750
4347.230
4347.750
4348.280
4348.790
4349.300
4349.780
4350.300
4350.810
4351.330
4351.850
4352.340
4352.840
4353.380
4353.880
4354.390
4354.880
4355.380
4355.880
4356.360
4356.860
4357.390
4357.890
4358.390
4358.890
4359.430
4359.920
4360.430
4360.930
4361.430
4361.920
4362.450
4362.940
4363.420
4363.940
4364.450
4364.940
4365.460
4365.970
4366.460
4366.960
4367.470
4367.980
4368.470
4368.960
4369.480
4369.970
4370.470
4371.000
4371.520
4372.010
4372.500
4372.990
4373.510
4374.010
4374.520
4375.030
4375.520
4376.040
4376.520
4377.040
4377.540
4378.040
4378.540
4379.030
4379.520
4380.040
4380.530
4381.040
4381.530
4382.020
4382.510
4383.000
4383.500
4384.020
4384.520
4385.010
4385.510
4386.010
4386.480
4386.980
4387.480
4387.960
4388.450
4388.940
4389.450
4389.930
4390.440
4390.930
4391.440
4391.940
4392.440
4392.900
4393.400
4393.890
4394.380
4394.860
4395.360
4395.830
4396.320
4396.820
4397.290
4397.780
4398.280
4398.780
4399.300
4399.810
4400.310
4400.810
4401.310
4401.820
4402.290
4402.800
4403.310
4403.800
4404.290
4404.810
4405.310
4405.810
4406.310
4406.820
4407.320
4407.800
4408.320
4408.810
4409.290
4409.800
4410.290
4410.800
4411.290
4411.810
4412.290
4412.800
4413.280
4413.790
4414.260
4414.740
4415.250
4415.770
4416.260
4416.760
4417.260
4417.780
4418.280
4418.760
4419.260
4419.780
4420.270
4420.760
4421.270
4421.760
4422.280
4422.780
4423.270
4423.760
4424.270
4424.780
4425.260
4425.780
4426.250
4426.760
4427.250
4427.740
4428.240
4428.740
4429.250
4429.740
4430.230
4430.730
4431.220
4431.730
4432.210
4432.710
4433.190
4433.710
4434.200
4434.700
4435.200
4435.710
4436.190
4436.670
4437.170
4437.670
4438.160
4438.650
4439.150
4439.660
4440.130
4440.620
4441.120
4441.590
4442.110
4442.610
4443.110
4443.610
4444.100
4444.610
4445.100
4445.580
4446.090
4446.570
4447.060
4447.550
4448.030
4448.510
4449.010
4449.490
4449.970
4450.460
4450.940
4451.420
4451.890
4452.370
4452.860
4453.330
4453.790
4454.270
4454.750
4455.240
4455.710
4456.200
4456.670
4457.140
4457.620
4458.100
4458.580
4459.040
4459.510
4459.980
4460.430
4460.900
4461.360
4461.820
4462.310
4462.820
4463.310
4463.790
4464.270
4464.770
4465.230
4465.730
4466.200
4466.680
4467.150
4467.670
4468.160
4468.640
4469.130
4469.600
4470.120
4470.580
4471.080
4471.560
4472.030
4472.520
4473.010
4473.500
4473.990
4474.490
4474.970
4475.450
4475.930
4476.440
4476.900
4477.390
4477.860
4478.370
4478.850
4479.330
4479.830
4480.300
4480.780
4481.270
4481.760
4482.240
4482.710
4483.220
4483.710
4484.210
4484.680
4485.150
4485.630
4486.120
4486.610
4487.080
4487.550
4488.060
4488.550
4489.030
4489.510
4489.980
4490.460
4490.930
4491.440
4491.940
4492.430
4492.900
4493.380
4493.870
4494.350
4494.820
4495.310
4495.800
4496.270
4496.740
4497.220
4497.720
4498.190
4498.640
4499.130
4499.610
4500.080
4500.580
4501.050
4501.540
4502.000
4502.490
4502.960
4503.420
4503.900
4504.400
4504.870
4505.380
4505.860
4506.340
4506.820
4507.320
4507.780
4508.250
4508.710
4509.220
4509.690
4510.200
4510.670
4511.150
4511.640
4512.110
4512.590
4513.070
4513.550
4514.020
4514.500
4514.960
4515.450
4515.920
4516.380
4516.850
4517.330
4517.780
4518.260
4518.730
4519.210
4519.660
4520.130
4520.620
4521.080
4521.560
4522.010
4522.490
4522.960
4523.440
4523.950
4524.450
4524.940
4525.420
4525.900
4526.390
4526.890
4527.370
4527.850
4528.320
4528.790
4529.270
4529.780
4530.260
4530.740
4531.220
4531.710
4532.170
4532.650
4533.130
4533.610
4534.090
4534.560
4535.030
4535.500
4535.980
4536.440
4536.940
4537.400
4537.880
4538.380
4538.840
4539.330
4539.820
4540.290
4540.780
4541.250
4541.740
4542.210
4542.680
4543.150
4543.620
4544.100
4544.580
4545.070
4545.540
4546.010
4546.490
4546.970
4547.550
4548.110
4548.750
4549.360
4549.980
4550.740
4551.440
4552.210
4552.900
4553.640
4554.350
4555.140
4555.860
4556.660
4557.480
4558.230
4559.050
4559.850
4560.630
4561.420
4562.180
4562.970
4563.760
4564.550
4565.340
4566.140
4566.960
4567.750
4568.540
4569.290
4570.090
4570.820
4571.520
4572.200
4572.920
4573.600
4574.300
4575.060
4575.820
4576.550
4577.310
4578.020
4578.810
4579.520
4580.290
4581.040
4581.790
4582.560
4583.290
4583.920
4584.570
4585.200
4585.850
4586.460
4587.110
4587.770
4588.380
4589.050
4589.690
4590.310
4590.990
4591.660
4592.300
4592.900
4593.560
4594.170
4594.800
4595.390
4596.020
4596.650
4597.280
4597.820
4598.420
4598.960
4599.560
4600.130
4600.700
4601.270
4601.810
4602.410
4602.990
4603.580
4604.150
4604.710
4605.290
4605.840
4606.420
4606.990
4607.610
4608.220
4608.860
4609.470
4610.080
4610.690
4611.340
4611.990
4612.690
4613.360
4614.020
4614.680
4615.420
4616.100
4616.850
4617.520
4618.270
4618.940
4619.650
4620.400
4621.090
4621.760
4622.500
4623.160
4623.900
4624.630
4625.430
4626.190
4626.980
4627.850
4628.670
4629.620
4630.620
4631.590
4632.500
4633.470
4634.320
4635.280
4636.290
4637.240
4638.210
4639.100
4640.050
4640.930
4641.880
4642.810
4643.780
4644.650
4645.480
4646.350
4647.160
4648.010
4649.000
4649.950
4650.920
4651.900
4652.840
4653.820
4654.720
4655.670
4656.640
4657.630
4658.570
4659.560
4660.470
4661.430
4662.550
4663.630
4664.670
4665.720
4666.860
4667.940
4668.990
4670.100
4671.220
4672.310
4673.370
4674.440
4675.560
4676.640
4677.740
4678.670
4679.680
4680.630
4681.610
4682.640
4683.530
4684.450
4685.410
4686.320
4687.200
4688.130
4689.000
4689.930
4690.860
4691.720
4692.670
4693.530
4694.450
4695.330
4696.200
4697.150
4698.110
4699.110
4700.090
4700.980
4701.810
4702.730
4703.580
4704.480
4705.350
4706.290
4707.050
4707.900
4708.720
4709.510
4710.290
4711.130
4711.910
4712.710
4713.550
4714.330
4715.120
4715.900
4716.650
4717.450
4718.200
4719.010
4719.800
4720.540
4721.240
4721.950
4722.660
4723.490
4724.300
4725.100
4725.910
4726.780
4727.580
4728.490
4729.350
4730.260
4731.150
4732.020
4732.940
4733.750
4734.560
4735.410
4736.210
4737.050
4737.880
4738.690
4739.510
4740.320
4741.100
4741.870
4742.600
4743.380
4744.140
4744.980
4745.780
4746.530
4747.360
4748.130
4748.940
4749.710
4750.500
4751.290
4752.080
4752.980
4753.920
4754.890
4755.790
4756.710
4757.630
4758.610
4759.530
4760.430
4761.490
4762.500
4763.570
4764.610
4765.540
4766.510
4767.410
4768.390
4769.310
4770.300
