0.430
1.230
1.960
2.730
3.540
4.300
5.080
5.820
6.590
7.390
8.190
8.960
9.790
10.440
11.160
11.860
12.540
13.200
13.930
14.580
15.270
15.990
16.660
17.390
18.090
18.750
19.480
20.280
21.040
21.920
22.860
23.890
24.880
25.870
26.890
27.940
28.920
30.040
31.150
32.140
33.090
34.090
35.160
36.280
37.340
38.260
39.260
40.190
41.130
42.090
43.070
44.100
45.100
46.160
47.240
48.310
49.280
50.340
51.320
52.310
53.220
54.150
54.940
55.770
56.650
57.620
58.560
59.550
60.640
61.680
62.670
63.610
64.420
65.290
66.030
66.740
67.470
68.160
68.860
69.600
70.320
71.020
71.770
72.510
73.200
73.940
74.680
75.390
76.160
76.860
77.600
78.330
79.100
79.850
80.600
81.400
82.250
83.060
83.830
84.620
85.400
86.160
86.940
87.750
88.530
89.290
90.110
90.910
91.670
92.450
93.270
94.060
94.840
95.590
96.390
97.220
98.030
98.810
99.660
100.430
101.190
101.980
102.770
103.570
104.420
105.230
106.120
106.900
107.760
108.530
109.340
110.140
110.890
111.700
112.520
113.290
114.110
114.900
115.780
116.590
117.350
118.150
118.920
119.750
120.600
121.400
122.270
123.160
123.980
124.800
125.600
126.420
127.320
128.120
128.940
129.710
130.510
131.310
132.110
132.930
133.710
134.510
135.310
136.100
136.920
137.760
138.530
139.370
140.190
141.060
141.910
142.730
143.600
144.390
145.230
146.050
146.860
147.750
148.560
149.380
150.210
151.040
151.820
152.640
153.510
154.360
155.150
156.000
156.830
157.640
158.510
159.340
160.170
161.030
161.900
162.820
163.800
164.650
165.560
166.420
167.320
168.260
169.130
170.040
170.990
171.900
172.780
173.700
174.610
175.550
176.370
177.220
178.020
178.780
179.540
180.260
181.040
181.750
182.530
183.290
184.110
184.940
185.660
186.330
187.060
187.790
188.630
189.350
190.130
190.870
191.590
192.330
193.090
193.850
194.590
