0.300
0.710
1.140
1.590
2.010
2.450
2.860
3.290
3.740
4.140
4.580
4.990
5.400
5.800
6.220
6.620
7.030
7.430
7.840
8.260
8.690
9.110
9.530
9.950
10.360
10.800
11.200
11.590
12.010
12.410
12.810
13.220
13.630
14.040
14.470
14.880
15.300
15.710
16.130
16.540
16.960
17.390
17.800
18.220
18.640
19.050
19.480
19.890
20.310
20.730
21.150
21.590
21.990
22.420
22.860
23.290
23.710
24.130
24.550
24.980
25.390
25.800
26.230
26.650
27.080
27.500
27.920
28.360
28.770
29.200
29.630
30.050
30.480
30.910
31.320
31.740
32.170
32.600
33.010
33.440
33.860
34.300
34.710
35.130
35.550
35.970
36.390
36.810
37.240
37.660
38.070
38.470
38.890
39.320
39.740
40.150
40.580
41.010
41.430
41.850
42.270
42.690
43.100
43.510
43.940
44.370
44.780
45.200
45.610
46.040
46.460
46.870
47.300
47.720
48.140
48.560
48.990
49.420
49.840
50.280
50.690
51.110
51.540
51.970
52.380
52.790
53.200
53.600
54.020
54.440
54.860
55.290
55.720
56.150
56.580
56.990
57.420
57.850
58.280
58.700
59.120
59.560
59.980
60.400
60.820
61.260
61.670
62.090
62.520
62.950
63.370
63.810
64.220
64.640
65.060
65.480
65.910
66.330
66.750
67.170
67.590
68.010
68.440
68.860
69.280
69.710
70.140
70.560
70.980
71.420
71.830
72.260
72.690
73.110
73.530
73.950
74.390
74.810
75.240
75.670
76.090
76.500
76.940
77.350
77.780
78.200
78.620
79.030
79.450
79.850
80.270
80.670
81.100
81.510
81.920
82.340
82.760
83.180
83.600
84.020
84.450
84.880
85.300
85.720
86.140
86.570
86.990
87.410
87.840
88.270
88.690
89.110
89.540
89.960
90.370
90.790
91.220
91.640
92.060
92.490
92.910
93.340
93.760
94.190
94.620
95.040
95.470
95.910
96.330
96.780
97.200
97.630
98.070
98.500
98.930
99.370
99.800
100.230
100.660
101.090
101.520
101.950
102.380
102.810
103.250
103.680
104.100
104.540
104.960
105.400
105.810
106.240
106.660
107.080
107.510
107.930
108.350
108.780
109.210
109.640
110.070
110.510
110.940
111.370
111.790
112.220
112.650
113.090
113.500
113.930
114.360
114.810
115.210
115.640
116.060
116.490
116.930
117.350
117.780
118.210
118.630
119.070
119.490
119.930
120.350
120.790
121.210
121.640
122.070
122.510
122.930
123.370
123.790
124.210
124.650
125.080
125.500
125.930
126.360
126.780
127.220
127.660
128.100
128.530
128.950
129.380
129.810
130.240
130.670
131.110
131.520
131.970
132.380
132.810
133.240
133.670
134.090
134.510
134.940
135.360
135.770
136.200
136.620
137.060
137.490
137.920
138.340
138.770
139.200
139.630
140.060
140.500
140.920
141.350
141.760
142.190
142.610
143.040
143.470
143.900
144.340
144.770
145.200
145.620
146.050
146.490
146.900
147.340
147.750
148.190
148.600
149.020
149.440
149.870
150.310
150.730
151.170
151.600
152.030
152.450
152.880
153.330
153.740
154.180
154.600
155.020
155.450
155.880
156.310
156.740
157.170
157.590
158.010
158.440
158.870
159.300
159.740
160.170
160.590
161.030
161.460
161.880
162.310
162.740
163.150
163.590
164.010
164.440
164.860
165.300
165.740
166.170
166.610
167.030
167.460
167.900
168.330
168.760
169.170
169.600
170.020
170.450
170.880
171.300
171.720
172.160
172.570
173.010
173.430
173.850
174.270
174.710
175.130
175.550
175.980
176.400
176.830
177.260
177.670
178.090
178.510
178.950
179.370
179.800
180.230
180.670
181.080
181.510
181.940
182.360
182.790
183.220
183.640
184.070
184.480
184.920
185.340
185.780
186.200
186.620
187.060
187.490
187.910
188.340
188.770
189.190
189.610
190.030
190.460
190.880
191.280
191.720
192.140
192.580
193.010
193.440
193.860
194.300
194.720
195.150
195.590
196.020
196.440
196.880
197.310
197.750
198.180
198.610
199.030
199.470
199.900
200.330
200.760
201.200
201.620
202.050
202.480
202.910
203.350
203.780
204.200
204.640
205.060
205.500
205.920
206.360
206.810
207.230
207.660
208.100
208.530
208.970
209.390
209.820
210.260
210.690
211.130
211.550
211.980
212.420
212.840
213.270
213.700
214.130
214.560
214.990
215.420
215.840
216.260
216.690
217.120
217.540
217.970
218.390
218.810
219.250
219.670
220.090
220.520
220.950
221.390
221.810
222.250
222.690
223.100
223.550
223.970
224.400
224.830
225.260
225.690
226.120
226.550
226.980
227.410
227.840
228.260
228.680
229.100
229.540
229.960
230.390
230.810
231.230
231.650
232.080
232.510
232.930
233.360
233.790
234.220
234.640
235.050
235.480
235.910
236.340
236.780
237.210
237.640
238.070
238.500
238.920
239.370
239.800
240.240
240.660
241.100
241.530
241.940
242.360
242.790
243.210
243.650
244.070
244.490
244.910
245.340
245.760
246.200
246.630
247.060
247.490
247.920
248.360
248.770
249.200
249.640
250.080
250.500
250.920
251.360
251.790
252.220
252.650
253.080
253.510
253.950
254.370
254.810
255.240
255.670
256.100
256.530
256.960
257.400
257.830
258.280
258.720
259.150
259.580
260.010
260.450
260.880
261.320
261.760
262.210
262.630
263.050
263.490
263.940
264.380
264.810
265.240
265.670
266.100
266.530
266.960
267.410
267.840
268.270
268.710
269.140
269.560
269.980
270.400
270.810
271.230
271.650
272.090
272.510
272.910
273.350
273.770
274.180
274.590
274.990
275.410
275.830
276.240
276.660
277.090
277.490
277.930
278.350
278.800
279.250
279.700
280.140
280.580
281.050
281.480
281.930
282.400
282.830
283.310
283.760
284.240
284.740
285.210
285.730
286.210
286.670
287.150
287.650
288.110
