0.040
0.820
1.570
2.430
3.330
4.200
4.990
5.790
6.650
7.390
8.060
8.770
9.480
10.200
10.900
11.660
12.380
13.080
13.790
14.530
15.240
15.970
16.690
17.440
18.180
18.890
19.630
20.350
21.110
21.860
22.530
23.250
24.000
24.840
25.690
26.590
27.450
28.430
29.310
30.290
31.220
32.210
33.140
34.110
35.010
35.910
36.840
37.760
38.620
39.560
40.430
41.320
42.190
43.010
43.870
44.770
45.580
46.370
47.100
47.850
48.650
49.370
50.130
50.830
51.600
52.360
53.120
53.870
54.560
55.300
56.080
56.870
57.620
58.440
59.190
59.970
60.700
61.420
62.170
62.920
63.670
64.410
65.100
65.850
66.580
67.310
68.040
68.770
69.510
70.410
71.280
72.090
72.860
73.640
74.410
75.190
75.930
76.680
77.450
78.220
79.030
79.830
80.590
81.400
82.210
82.990
83.790
84.760
85.650
86.600
87.510
88.420
89.300
90.150
90.970
91.840
92.780
93.660
94.570
95.520
96.430
97.320
98.300
99.230
100.140
101.040
101.940
102.810
103.720
104.560
105.420
106.260
107.080
107.660
108.190
108.750
109.300
109.860
110.390
110.930
111.480
112.000
112.560
113.080
113.630
114.170
114.700
115.250
115.770
116.320
116.860
117.380
117.930
118.450
119.010
119.550
120.070
120.610
121.160
121.720
122.260
122.820
123.340
123.890
124.460
125.000
125.550
126.090
126.670
127.200
127.730
128.270
128.820
129.380
129.930
130.500
131.050
131.610
132.150
132.720
133.280
133.850
134.430
134.980
135.540
136.100
136.600
137.060
137.560
138.120
138.680
139.260
139.830
140.400
140.960
141.550
142.090
142.670
143.240
143.820
144.370
144.900
145.460
146.010
146.550
147.090
147.660
148.210
148.770
149.330
149.870
150.420
150.980
151.520
152.080
152.650
153.200
153.750
154.310
154.890
155.430
155.990
156.550
157.120
157.660
158.210
158.790
159.340
159.900
160.470
161.010
161.590
162.150
162.700
163.280
163.820
164.390
164.950
165.500
166.040
166.600
167.180
167.750
168.290
168.890
169.440
170.010
170.580
171.130
171.700
172.240
172.820
173.380
173.950
174.520
175.060
175.630
176.180
176.740
177.320
177.880
178.450
179.020
179.590
180.150
180.690
181.260
181.840
182.390
182.950
183.510
184.070
184.640
185.190
185.720
186.280
186.850
187.410
187.960
188.520
189.070
189.610
190.170
190.740
191.280
191.850
192.400
192.950
193.500
194.060
194.610
195.160
195.720
196.280
196.850
197.420
197.950
198.510
199.070
199.620
200.180
200.730
201.290
201.850
202.410
202.950
203.520
204.070
204.620
205.190
205.740
206.290
206.860
207.420
207.990
208.560
209.120
209.680
210.250
210.790
211.360
211.920
212.470
213.020
213.580
214.140
214.720
215.270
215.830
216.400
216.920
217.480
218.030
218.590
219.150
219.690
220.250
220.800
221.350
221.900
222.440
223.010
223.560
224.120
224.670
225.230
225.790
226.330
226.880
227.420
227.960
228.510
229.070
229.650
230.200
230.750
231.320
231.880
232.430
232.970
233.520
234.060
234.630
235.200
235.740
236.310
236.880
237.440
237.990
238.540
239.110
239.650
240.220
240.780
241.360
241.920
242.460
243.010
243.570
244.120
244.680
245.240
245.800
246.360
246.930
247.480
248.060
248.610
249.180
249.730
250.290
250.830
251.410
251.980
252.540
253.110
253.680
254.250
254.810
255.370
255.930
256.500
257.060
257.630
258.180
258.740
259.310
259.880
260.440
260.980
261.540
262.080
262.640
263.200
263.760
264.300
264.860
265.420
265.960
266.500
267.070
267.640
268.180
268.740
269.280
269.840
270.410
270.950
271.520
272.060
272.600
273.170
273.740
274.300
274.860
275.410
275.960
276.530
277.080
277.620
278.170
278.720
279.280
279.840
280.380
280.950
281.510
282.050
282.600
283.170
283.710
284.260
284.820
285.360
285.920
286.480
287.030
287.570
288.130
288.690
289.240
289.820
290.380
290.930
291.500
292.050
292.600
293.160
293.730
294.290
294.850
295.400
295.950
296.510
297.070
297.630
298.190
298.750
299.320
299.880
300.440
301.020
301.590
302.160
302.720
303.270
303.850
304.420
304.990
305.550
306.110
306.700
307.280
307.850
308.410
308.990
309.570
310.140
310.700
311.260
311.820
312.390
312.960
313.500
314.060
314.620
315.190
315.740
316.320
316.870
317.460
318.030
318.600
319.150
319.700
320.240
320.790
321.350
321.920
322.460
323.010
323.560
324.110
324.680
325.220
325.780
326.350
326.910
327.470
328.020
328.590
329.160
329.700
330.250
330.790
331.370
331.920
332.450
333.000
333.570
334.110
334.650
335.220
335.750
336.300
336.860
337.410
337.970
338.520
339.060
339.630
340.180
340.730
341.280
341.820
342.380
342.930
343.500
344.040
344.600
345.160
345.700
346.270
346.820
347.380
347.950
348.520
349.080
349.630
350.180
350.740
351.280
351.820
352.380
352.910
353.470
354.010
354.570
355.110
355.660
356.210
356.780
357.330
357.880
358.420
358.980
359.510
360.050
360.620
361.170
361.710
362.260
362.820
363.370
363.910
364.450
365.000
365.560
366.100
366.650
367.200
367.760
368.310
368.880
369.430
369.990
370.550
371.100
371.670
372.220
372.780
373.330
373.860
374.420
374.980
375.540
376.100
376.660
377.230
377.780
378.340
378.900
379.460
380.010
380.570
381.140
381.690
382.260
382.830
383.400
383.950
384.530
385.090
385.670
386.230
386.790
387.360
387.910
388.480
389.040
389.590
390.160
390.710
391.270
391.840
392.400
392.960
393.520
394.090
394.620
395.190
395.750
396.320
396.890
397.440
398.010
398.580
399.130
399.700
400.270
400.830
401.390
401.950
402.530
403.080
403.640
404.200
404.750
405.310
405.890
406.450
407.030
407.590
408.140
408.730
409.300
409.840
410.410
410.970
411.530
412.090
412.630
413.190
413.750
414.310
414.850
415.430
415.980
416.560
417.110
417.660
418.210
418.770
419.320
419.890
420.450
420.980
421.540
422.110
422.650
423.210
423.750
424.320
424.920
425.550
426.140
426.770
427.320
427.860
428.410
428.950
429.490
430.040
430.580
431.130
431.650
432.210
432.780
433.340
433.880
434.420
434.990
435.550
436.090
436.640
437.180
437.750
438.290
438.830
439.380
439.900
440.450
440.990
441.540
442.090
442.660
443.200
443.750
444.300
444.850
445.400
445.940
446.500
447.070
447.610
448.160
448.710
449.270
449.830
450.380
450.940
451.490
452.040
452.590
453.150
453.720
454.290
454.840
455.390
455.960
456.520
457.050
457.620
458.180
458.740
459.280
459.820
460.400
460.950
461.500
462.030
462.590
463.150
463.700
464.290
464.850
465.400
465.960
466.570
467.150
467.780
468.480
469.150
469.820
470.480
471.100
471.760
472.520
473.300
474.070
474.780
475.570
476.300
477.030
477.750
478.540
479.300
480.080
480.860
481.600
482.390
483.160
