0.860
1.830
2.820
3.740
4.690
5.700
6.770
7.850
8.920
9.990
11.020
12.120
13.150
14.240
15.300
16.330
17.420
18.400
19.440
20.470
21.580
22.640
23.690
24.820
25.920
26.960
28.060
29.030
30.000
31.020
31.860
32.750
33.710
34.790
35.830
36.900
37.980
39.050
40.130
41.210
42.320
43.450
44.540
45.630
46.640
47.690
48.720
49.770
50.870
51.890
52.990
54.030
55.120
56.210
57.220
58.310
59.340
60.400
61.510
62.540
63.600
64.690
65.750
66.810
67.890
68.910
69.940
70.990
72.140
73.190
74.320
75.300
76.300
77.350
78.400
79.400
80.500
81.500
82.530
83.510
84.550
85.530
86.500
87.520
88.520
89.530
90.550
91.560
92.620
93.690
94.680
95.690
96.720
97.700
98.760
99.800
100.810
101.870
102.900
103.860
104.860
105.850
106.830
107.780
108.740
109.780
110.740
111.740
112.730
113.870
114.900
115.960
116.890
117.880
118.810
119.750
120.680
121.550
122.530
123.520
124.510
125.550
126.580
127.620
128.680
129.770
130.800
131.820
132.890
133.930
135.060
136.010
136.950
137.980
139.040
140.060
141.090
142.160
143.230
144.220
145.210
146.250
147.290
148.310
149.320
150.330
151.290
152.250
153.260
154.190
155.150
156.100
157.140
158.210
159.270
160.310
161.370
162.330
163.360
164.350
165.390
166.390
167.460
168.470
169.470
170.530
171.590
172.610
173.670
174.640
175.640
176.660
177.700
178.710
179.710
180.770
181.790
182.790
183.880
184.840
185.870
186.880
187.870
188.890
189.940
190.970
192.010
193.040
194.050
195.050
196.010
197.050
198.070
199.090
200.130
201.090
202.070
203.120
204.100
205.140
206.180
207.170
208.180
209.210
210.220
211.200
212.160
213.140
214.090
215.090
216.000
216.950
217.870
218.820
219.810
220.800
221.790
222.830
223.820
224.830
225.870
226.930
227.890
228.870
229.850
230.900
231.880
232.830
233.790
234.820
235.770
236.760
237.750
238.740
239.740
240.750
241.750
242.720
243.690
244.640
245.620
246.530
247.500
248.420
249.320
250.290
251.320
252.270
253.290
254.330
255.340
256.290
257.250
258.260
259.240
260.280
261.310
262.230
263.250
264.170
265.150
266.110
267.080
268.080
269.110
270.110
271.090
272.090
273.090
274.110
275.080
276.060
277.080
278.060
279.060
280.060
281.070
282.060
283.050
284.130
285.240
286.240
287.310
288.350
289.420
290.550
291.600
292.700
293.710
294.690
295.740
296.840
297.870
298.950
299.940
300.910
301.920
302.880
303.820
304.800
305.910
306.960
308.090
309.080
310.130
311.100
312.170
313.280
314.310
315.360
316.470
317.540
318.590
319.660
320.740
321.810
322.870
323.870
324.950
325.990
327.130
328.170
329.320
330.410
331.460
332.590
333.670
334.720
335.810
