0.940
2.010
2.940
3.850
4.830
5.770
6.670
7.610
8.660
9.630
10.640
11.600
12.610
13.400
14.260
14.990
15.770
16.530
17.340
18.080
18.870
19.620
20.430
21.220
21.960
22.760
23.490
24.270
25.030
25.860
26.620
27.400
28.290
29.140
30.050
30.940
31.780
32.710
33.590
34.470
35.320
36.200
37.080
37.960
38.860
39.710
40.630
41.500
42.490
43.430
44.430
45.230
46.110
46.930
47.690
48.440
49.190
50.000
50.820
51.580
52.420
53.190
54.060
54.880
55.740
56.630
57.500
58.260
59.030
59.840
60.570
61.320
62.050
62.820
63.620
64.430
65.270
66.140
66.960
67.780
68.590
69.420
70.330
71.160
72.010
72.910
73.740
74.590
75.500
76.320
77.230
78.070
78.940
79.780
80.590
81.480
82.320
83.180
84.000
84.880
85.700
86.540
87.440
88.260
89.060
89.890
90.740
91.590
92.440
93.290
94.110
95.000
95.840
96.650
97.450
98.350
99.170
100.010
100.900
101.740
102.620
103.470
104.290
105.170
105.970
106.780
107.670
108.540
109.410
110.260
111.090
111.910
112.800
113.680
114.500
115.380
116.220
117.030
117.940
118.780
119.640
120.490
121.350
122.170
123.070
123.900
124.720
125.550
126.400
127.240
128.150
128.990
129.860
130.760
131.560
132.430
133.260
134.090
134.890
135.750
136.620
137.490
138.410
139.280
140.150
141.020
141.800
142.510
143.210
143.990
144.780
145.680
146.520
147.390
148.290
149.130
149.990
150.860
151.720
152.530
153.390
154.190
155.070
155.980
156.830
157.690
158.590
159.420
160.330
161.160
162.000
162.890
163.730
164.590
165.430
166.300
167.140
168.030
168.880
169.690
170.550
171.440
172.310
173.190
174.030
174.900
175.780
176.600
177.470
178.360
179.180
180.060
180.860
181.730
182.580
183.460
184.250
185.140
185.950
186.800
187.650
188.470
189.320
190.170
190.930
191.750
192.580
193.440
194.310
195.180
196.010
196.810
197.660
198.520
199.320
200.180
201.020
201.780
202.620
203.480
204.410
205.310
206.290
207.170
208.130
209.070
210.030
210.930
211.840
212.800
213.710
214.620
215.540
216.490
217.400
218.340
219.440
220.440
221.480
222.560
223.600
224.630
225.620
226.720
227.700
228.800
229.800
230.820
231.930
232.890
233.860
234.810
235.730
236.730
237.680
238.640
239.620
240.530
241.490
242.490
