0.400
1.230
2.090
2.980
3.870
4.760
5.740
6.670
7.650
8.680
9.630
10.650
11.560
12.520
13.380
14.260
15.170
16.050
16.910
17.690
18.540
19.430
20.380
21.320
22.260
23.220
24.150
25.150
25.990
26.840
27.720
28.620
29.550
30.450
31.390
32.210
33.090
33.950
34.680
35.430
36.240
37.140
38.000
38.900
39.840
40.800
41.730
42.640
43.610
44.520
45.450
46.280
47.120
47.980
48.810
49.630
50.410
51.210
52.020
52.830
53.710
54.540
55.400
56.290
57.210
58.020
58.830
59.610
60.450
61.250
62.030
62.820
63.580
64.270
65.040
65.670
66.370
67.010
67.700
68.340
69.040
69.660
70.350
71.040
71.740
72.490
73.200
73.930
74.670
75.440
76.130
76.870
77.560
78.310
79.010
79.740
80.480
81.210
81.930
82.660
83.330
84.040
84.730
85.370
86.050
86.700
87.270
87.830
88.400
88.960
89.540
90.120
90.690
91.260
91.850
92.460
93.050
93.630
94.230
94.790
95.290
95.830
96.350
96.810
97.290
97.730
98.200
98.620
99.080
99.500
99.940
100.400
100.810
101.220
101.640
102.040
102.450
102.850
103.230
103.630
104.080
104.500
104.940
105.360
105.800
106.220
106.660
107.060
107.480
107.900
108.320
108.760
109.170
109.550
109.950
110.370
110.770
111.160
111.570
111.960
112.330
112.740
113.110
113.520
113.940
114.360
114.770
115.210
115.610
116.050
116.470
116.870
117.290
117.730
118.150
118.550
118.970
119.400
119.800
120.210
120.610
121.040
121.440
121.860
122.250
122.680
123.090
123.500
123.890
124.360
124.790
125.270
125.710
126.290
126.830
127.390
127.940
128.500
129.070
129.640
130.210
130.790
131.380
131.950
132.520
133.100
133.700
134.240
134.810
135.360
135.910
136.490
137.100
137.660
138.190
138.740
139.220
139.690
140.210
140.670
141.200
141.740
142.230
142.760
143.300
143.800
144.290
144.820
145.280
145.760
146.260
146.740
147.210
147.700
148.150
148.620
149.090
149.580
150.030
150.500
150.990
151.450
151.920
152.380
152.820
153.300
153.750
154.260
154.730
155.210
155.750
156.270
156.770
157.330
157.840
158.420
158.970
159.550
160.150
160.720
161.320
161.920
162.520
163.080
163.690
164.330
164.940
165.530
166.140
166.770
167.380
167.960
168.580
169.180
169.800
170.410
171.010
171.650
172.250
172.850
173.440
174.040
174.660
175.240
175.840
176.430
177.000
177.610
178.180
178.700
179.240
179.750
180.260
180.720
181.170
181.630
182.100
182.580
183.040
183.530
184.000
184.450
184.930
185.410
185.870
186.330
186.780
187.240
187.720
188.180
188.620
189.080
189.540
190.020
190.470
190.920
191.400
191.850
192.300
192.790
193.240
193.730
194.200
194.670
195.120
195.610
196.080
196.530
196.980
197.410
197.860
198.310
198.780
199.230
199.700
200.140
200.600
201.070
201.520
201.960
202.400
202.860
203.330
203.780
204.250
204.720
205.170
205.700
206.280
206.840
207.430
208.000
208.630
209.280
209.910
210.590
211.240
211.910
212.580
213.190
213.860
214.500
215.230
215.970
216.680
217.440
218.240
218.940
219.660
220.380
221.090
221.800
222.570
223.310
223.950
224.620
225.340
226.000
226.710
227.400
228.090
228.760
229.440
230.090
230.780
231.410
232.060
232.690
233.370
234.000
234.660
235.460
236.210
236.970
237.710
238.510
239.340
240.110
240.960
241.740
242.520
243.320
244.140
244.950
245.710
246.460
247.240
248.010
248.770
249.530
250.250
251.030
251.770
252.570
253.310
254.060
254.850
255.570
256.350
257.090
257.860
258.640
259.440
260.260
261.060
261.880
262.640
263.490
264.330
265.110
