0.210
0.570
0.930
1.280
1.650
1.990
2.360
2.710
3.090
3.450
3.810
4.160
4.520
4.870
5.230
5.570
5.920
6.270
6.630
6.960
7.310
7.660
8.000
8.350
8.710
9.060
9.420
9.770
10.120
10.470
10.820
11.180
11.520
11.880
12.230
12.580
12.940
13.290
13.640
13.990
14.350
14.700
15.040
15.400
15.750
16.110
16.460
16.820
17.170
17.530
17.890
18.240
18.590
18.940
19.280
19.640
19.990
20.350
20.710
21.050
21.410
21.760
22.110
22.460
22.810
23.160
23.520
23.860
24.210
24.570
24.930
25.280
25.630
25.980
26.350
26.690
27.060
27.410
27.770
28.130
28.490
28.840
29.200
29.560
29.910
30.270
30.630
30.980
31.340
31.700
32.060
32.410
32.770
33.120
33.470
33.840
34.200
34.550
34.910
35.260
35.620
35.990
36.350
36.710
37.060
37.410
37.770
38.140
38.490
38.850
39.200
39.570
39.920
40.280
40.660
41.000
41.360
41.730
42.090
42.450
42.800
43.160
43.530
43.880
44.250
44.600
44.960
45.320
45.670
46.020
46.360
46.710
47.060
47.430
47.780
48.140
48.500
48.860
49.240
49.600
49.950
50.300
50.660
51.020
51.390
51.750
52.110
52.480
52.830
53.190
53.560
53.920
54.270
54.630
54.990
55.330
55.700
56.060
56.420
56.770
57.120
57.480
57.830
58.190
58.540
58.890
59.250
59.600
59.960
60.310
60.660
61.020
61.370
61.720
62.080
62.430
62.790
63.150
63.520
63.880
64.230
64.590
64.960
65.320
65.670
66.020
66.370
66.740
67.100
67.460
67.810
68.170
68.530
68.880
69.230
69.580
69.940
70.310
70.670
71.030
71.390
71.760
72.090
72.440
72.800
73.160
73.520
73.890
74.240
74.610
74.970
75.330
75.690
76.040
76.400
76.750
77.100
77.450
77.800
78.170
78.530
78.880
79.240
79.590
79.950
80.280
80.610
80.970
81.320
81.670
82.030
82.390
82.740
83.100
83.460
83.820
84.180
84.540
84.900
85.270
85.620
85.990
86.350
86.710
87.060
87.420
87.780
88.130
88.490
88.850
89.220
89.580
89.940
90.300
90.660
91.020
91.380
91.730
92.100
92.450
92.820
93.180
93.550
93.910
94.270
94.620
94.980
95.350
95.710
96.070
96.440
96.790
97.150
97.490
97.850
98.200
98.560
98.920
99.270
99.630
99.990
100.320
100.680
101.050
101.410
101.770
102.120
102.490
102.840
103.200
103.550
103.890
104.250
104.610
104.960
105.320
105.670
106.020
106.370
106.730
107.090
107.450
107.820
108.180
108.550
108.920
109.280
109.650
110.020
110.380
110.740
111.100
111.460
111.820
112.170
112.530
112.890
113.250
113.610
113.980
114.340
114.690
115.050
115.410
115.760
116.130
116.490
116.850
117.190
117.540
117.880
118.250
118.630
118.990
119.360
119.710
120.080
120.430
120.800
121.160
121.520
121.890
122.250
122.600
122.950
123.310
123.670
124.030
124.390
124.760
125.110
125.470
125.830
126.200
126.560
126.920
127.290
127.640
128.000
128.360
128.720
129.070
129.440
129.790
130.160
130.520
130.880
131.240
131.600
131.960
132.320
132.670
133.030
133.390
133.740
134.100
134.460
134.810
135.160
135.520
135.880
136.240
136.600
136.950
137.310
137.660
138.030
138.370
138.740
139.080
139.450
139.800
140.170
140.520
140.880
141.250
141.620
141.990
142.340
142.700
143.060
143.410
143.770
144.130
144.490
144.840
145.210
145.570
145.940
146.290
146.640
147.000
147.360
147.730
148.090
148.450
148.810
149.170
149.530
149.890
150.260
150.620
150.980
151.340
151.690
152.040
152.400
152.760
153.120
153.480
153.840
154.200
154.560
154.920
155.280
155.640
156.010
156.370
156.730
157.080
157.440
157.790
158.150
158.520
158.880
159.240
159.600
159.960
160.310
160.660
161.020
161.390
161.750
162.100
162.460
162.810
163.160
163.520
163.860
164.230
164.590
164.950
165.320
165.680
166.030
166.370
166.730
167.090
167.450
167.800
168.160
168.520
168.870
169.220
169.580
169.930
170.290
170.650
171.010
171.370
171.730
172.080
172.450
172.820
173.180
173.540
173.900
174.260
174.610
174.980
175.330
175.690
176.060
176.420
176.790
177.150
177.510
177.870
178.220
178.570
178.940
179.300
179.660
180.020
180.380
180.730
181.100
181.450
181.820
182.180
182.540
182.910
183.270
183.630
183.990
184.360
184.730
185.090
185.450
185.800
186.140
186.480
186.830
187.190
187.560
187.920
188.280
188.640
188.990
189.350
189.710
190.070
190.440
190.800
191.160
191.510
191.880
192.230
192.600
192.960
193.330
193.690
194.060
194.420
194.780
195.150
195.520
195.880
196.250
196.610
196.980
197.340
197.700
198.050
198.410
198.790
199.150
199.520
199.880
200.250
200.610
200.970
201.330
201.700
202.060
202.420
202.790
203.160
203.520
203.880
204.240
204.600
204.970
205.320
205.690
206.050
206.420
206.780
207.140
207.510
207.870
208.230
208.590
208.940
209.300
209.630
209.980
210.360
210.710
211.060
211.440
211.800
212.150
212.490
212.840
213.200
213.570
213.930
214.300
214.660
215.010
215.380
215.720
216.090
216.450
216.810
217.170
217.530
217.890
218.240
218.580
218.940
219.300
219.670
220.020
220.380
220.730
221.070
221.430
221.790
222.160
222.520
222.870
223.240
223.600
223.970
224.330
224.700
225.070
225.420
225.790
226.150
226.520
226.870
227.230
227.600
227.950
228.310
228.670
229.030
229.390
229.740
230.100
230.460
230.820
231.180
231.540
231.900
232.250
232.610
232.970
233.340
233.710
234.070
234.430
234.790
235.140
235.500
235.870
236.230
236.590
236.950
237.320
237.680
238.040
238.400
238.760
239.120
239.490
239.850
240.200
240.570
240.930
241.290
241.650
242.020
242.380
242.730
243.090
243.450
243.810
244.170
244.540
244.900
245.260
245.620
245.970
246.350
246.710
247.070
247.440
247.800
248.160
248.520
248.880
249.240
249.600
249.960
250.310
250.660
251.010
251.370
251.730
252.090
252.450
252.800
253.150
253.510
253.860
254.200
254.550
254.910
255.260
255.610
255.960
256.340
256.700
257.050
257.410
257.770
258.120
258.480
258.840
259.190
259.550
259.890
260.240
260.580
260.920
261.250
261.620
261.990
262.350
262.700
263.060
263.410
263.760
264.120
264.460
264.830
265.200
265.540
265.880
266.210
266.570
266.900
267.280
267.640
268.000
268.350
268.710
269.080
269.420
269.780
270.150
270.490
270.850
271.210
271.550
271.900
272.260
272.600
272.940
273.300
273.690
274.050
274.420
274.780
275.200
275.630
276.080
276.520
276.960
277.400
277.820
278.280
278.700
279.160
279.600
280.020
280.470
280.920
281.360
281.780
282.230
282.660
283.100
283.550
284.020
284.480
284.940
285.380
285.840
286.310
286.780
287.240
287.680
288.160
288.600
289.060
289.520
290.000
290.440
290.900
291.390
291.850
292.310
292.780
293.250
293.720
294.190
294.660
295.150
295.620
296.070
