0.050
0.400
0.760
1.110
1.490
1.840
2.210
2.560
2.920
3.300
3.660
4.030
4.410
4.800
5.150
5.520
5.880
6.230
6.600
6.950
7.310
7.670
8.030
8.390
8.760
9.130
9.490
9.860
10.220
10.580
10.930
11.290
11.640
12.000
12.360
12.720
13.080
13.450
13.810
14.180
14.550
14.920
15.280
15.650
16.020
16.390
16.760
17.120
17.480
17.860
18.210
18.570
18.930
19.300
19.660
20.030
20.390
20.760
21.130
21.500
21.860
22.240
22.600
22.970
23.340
23.720
24.060
24.450
24.810
25.170
25.540
25.910
26.270
26.640
26.990
27.360
27.720
28.070
28.440
28.810
29.170
29.540
29.900
30.260
30.620
30.980
31.330
31.680
32.040
32.400
32.770
33.140
33.500
33.870
34.240
34.600
34.970
35.330
35.690
36.050
36.420
36.780
37.150
37.520
37.880
38.250
38.620
38.980
39.350
39.710
40.090
40.470
40.840
41.220
41.590
41.940
42.330
42.700
43.100
43.450
43.830
44.200
44.570
44.940
45.310
45.680
46.070
46.430
46.810
47.180
47.560
47.920
48.280
48.680
49.050
49.420
49.830
50.200
50.590
50.970
51.340
51.720
52.100
52.480
52.860
53.240
53.630
54.010
54.400
54.770
55.150
55.540
55.910
56.280
56.660
57.050
57.430
57.820
58.200
58.570
58.950
59.340
59.730
60.100
60.510
60.880
61.270
61.640
62.030
62.420
62.790
63.140
63.510
63.880
64.250
64.640
65.010
65.360
65.730
66.100
66.490
66.890
67.280
67.670
68.060
68.430
68.810
69.190
69.560
69.950
70.330
70.720
71.110
71.500
71.880
72.270
72.660
73.040
73.420
73.820
74.180
74.580
74.970
75.360
75.740
76.140
76.520
76.910
77.290
77.680
78.080
78.460
78.870
79.230
79.610
80.000
80.390
80.770
81.150
81.550
81.930
82.300
82.670
83.050
83.440
83.820
84.210
84.580
84.950
85.330
85.720
86.120
86.500
86.880
87.260
87.640
88.030
88.410
88.790
89.180
89.560
89.950
90.340
90.730
91.110
91.490
91.880
92.250
92.630
93.020
93.400
93.780
94.170
94.540
94.940
95.330
95.730
96.100
96.490
96.860
97.260
97.640
98.020
98.400
98.780
99.180
99.550
99.960
100.320
100.700
101.080
101.470
101.850
102.230
102.620
102.990
103.390
103.790
104.160
104.570
104.950
105.350
105.740
106.120
106.500
106.860
107.250
107.620
108.010
108.400
108.800
109.180
109.580
109.970
110.360
110.760
111.140
111.510
111.900
112.290
112.670
113.060
113.450
113.850
114.240
114.620
114.990
115.390
115.770
116.160
116.540
116.940
117.320
117.720
118.110
118.500
118.880
119.250
119.620
120.010
120.400
120.780
121.180
121.550
121.950
122.340
122.720
123.110
123.510
123.890
124.280
124.690
125.090
125.490
125.870
126.250
126.620
127.010
127.390
127.780
128.180
128.560
128.940
129.340
129.720
130.110
130.500
130.870
131.260
131.650
132.040
132.450
132.830
133.220
133.610
134.000
134.400
134.790
135.160
135.560
135.950
136.340
136.720
137.100
137.480
137.850
138.270
138.660
139.060
139.460
139.850
140.220
140.610
141.010
141.390
141.790
142.190
142.570
142.950
143.350
143.730
144.120
144.520
144.900
145.290
145.700
146.090
146.480
146.870
147.290
147.660
148.070
148.450
148.810
149.200
149.570
149.950
150.360
150.750
151.120
151.510
151.890
152.280
152.650
153.060
153.450
153.840
154.250
154.640
155.030
155.450
155.840
156.250
156.620
157.020
157.410
157.800
158.190
158.590
158.980
159.370
159.770
160.170
160.580
160.980
161.370
161.760
162.160
162.560
162.950
163.320
163.730
164.140
164.540
164.920
165.330
165.720
166.110
166.490
166.890
167.280
167.670
168.060
168.460
168.850
169.240
169.650
170.050
170.450
170.850
171.250
171.650
172.060
172.450
172.860
173.260
173.660
174.050
174.430
174.830
175.220
175.610
176.010
176.410
176.810
177.200
177.590
177.990
178.400
178.790
179.190
179.600
180.000
180.400
180.800
181.200
181.600
182.010
182.400
182.800
183.190
183.590
183.990
184.390
184.800
185.190
185.590
185.990
186.370
186.780
187.180
187.570
187.950
188.350
188.740
189.130
189.520
189.920
190.320
190.710
191.090
191.480
191.890
192.260
192.650
193.060
193.440
193.830
194.210
194.590
194.980
195.380
195.770
196.170
196.550
196.940
197.330
197.730
198.130
198.530
198.930
199.320
199.710
200.090
200.480
200.870
201.250
201.650
202.040
202.430
202.820
203.220
203.600
204.000
204.380
204.770
205.170
205.560
205.940
206.330
206.730
207.130
207.540
207.940
208.330
208.720
209.120
209.510
209.900
210.300
210.690
211.090
211.490
211.870
212.270
212.660
213.050
213.460
213.840
214.240
214.620
215.020
215.410
215.800
216.190
216.580
216.980
217.380
217.770
218.160
218.560
218.950
219.350
219.740
220.140
220.520
220.910
221.310
221.710
222.110
222.500
222.880
223.270
223.670
224.060
224.460
224.850
225.240
225.630
226.010
226.410
226.800
227.190
227.590
227.980
228.380
228.770
229.170
229.560
229.960
230.370
230.760
231.150
231.550
231.940
232.340
232.730
233.130
233.520
233.920
234.300
234.690
235.070
235.470
235.880
236.270
236.670
237.050
237.450
237.840
238.240
238.640
239.050
239.450
239.850
240.240
240.650
241.050
241.450
241.850
242.260
242.660
243.060
243.470
243.870
244.260
244.660
245.050
245.450
245.850
246.260
246.660
247.070
247.470
247.880
248.280
248.680
249.080
249.480
249.870
250.270
250.680
251.070
251.490
251.890
252.280
252.680
253.080
253.480
253.870
254.270
254.670
255.070
255.470
255.870
256.280
256.680
257.070
257.470
257.860
258.250
258.650
259.060
259.460
259.870
260.270
260.680
261.070
261.470
261.870
262.270
262.670
263.060
263.450
263.850
264.250
264.650
265.040
265.440
265.830
266.230
266.640
267.050
267.450
267.860
268.260
268.670
269.070
269.480
269.880
270.270
270.690
271.080
271.480
271.890
272.290
272.670
273.090
273.480
273.880
274.280
274.690
275.100
275.500
275.910
276.300
276.710
277.120
277.520
277.920
278.330
278.740
279.140
279.550
279.970
280.370
280.770
281.160
281.560
281.970
282.370
282.760
283.170
283.560
283.970
284.370
284.770
285.170
285.590
285.980
286.400
286.800
287.200
287.590
288.000
288.400
288.810
289.210
289.610
290.020
290.430
290.830
291.240
291.650
292.050
292.450
292.860
293.270
293.680
294.080
294.480
294.890
295.290
295.690
296.100
296.510
296.910
297.300
297.710
298.110
298.520
298.930
299.320
299.730
300.130
300.540
300.940
301.340
301.740
302.140
302.530
302.940
303.350
303.750
304.170
304.560
304.960
305.360
305.770
306.170
306.560
306.950
307.340
307.750
308.150
308.550
308.950
309.350
309.750
310.150
310.560
310.960
311.360
311.750
312.150
312.540
312.950
313.360
313.750
314.160
314.570
314.960
315.370
315.770
316.170
316.580
316.990
317.390
317.790
318.200
318.600
319.010
319.420
319.820
320.220
320.620
321.030
321.440
321.860
322.270
322.700
323.120
323.540
323.950
324.370
324.780
325.190
325.580
326.010
326.410
326.810
327.240
327.630
328.050
328.460
328.860
329.280
329.690
330.100
330.480
330.890
331.290
331.700
332.120
332.520
332.950
333.350
333.760
334.190
334.610
335.000
335.420
335.830
336.230
336.650
337.070
337.490
337.910
338.320
338.740
339.160
339.580
340.010
340.430
340.850
341.250
341.670
342.080
342.500
342.920
343.330
343.740
344.170
344.580
345.000
345.390
345.800
346.220
346.630
347.050
347.460
347.870
348.270
348.670
349.090
349.500
349.900
350.310
350.720
351.130
351.540
351.940
352.360
352.780
353.190
353.600
354.010
354.420
354.830
355.230
355.640
356.050
356.460
356.870
357.280
357.690
358.100
358.500
358.910
359.320
359.740
360.150
360.560
360.970
361.380
361.780
362.200
362.620
363.030
363.440
363.850
364.270
364.680
365.090
365.500
365.920
366.330
366.740
367.150
367.560
367.960
368.370
368.790
369.190
369.610
370.020
370.430
370.830
371.250
371.670
372.090
372.490
372.900
373.310
373.720
374.120
374.530
374.940
375.350
375.770
376.180
376.590
377.000
377.420
377.830
378.230
378.650
379.050
379.460
379.870
380.280
380.690
381.100
381.500
381.930
382.330
382.740
383.150
383.560
383.960
384.370
384.780
385.180
385.580
385.990
386.390
386.800
387.210
387.610
388.020
388.420
388.830
389.220
389.620
390.010
390.410
390.810
391.210
391.630
392.030
392.430
392.830
393.230
393.630
394.040
394.440
394.840
395.250
395.650
396.050
396.440
396.840
397.230
397.640
398.050
398.450
398.850
399.250
399.640
400.040
400.440
400.830
401.250
401.650
402.050
402.450
402.860
403.260
403.670
404.070
404.470
404.860
405.260
405.660
406.060
406.460
406.850
407.250
407.660
408.070
408.480
408.890
409.290
409.690
410.090
410.490
410.900
411.310
411.710
412.120
412.520
412.920
413.330
413.730
414.140
414.550
414.960
415.340
415.740
416.150
416.550
416.950
417.360
417.770
418.180
418.580
418.980
419.380
419.780
420.170
420.590
420.980
421.390
421.790
422.190
422.600
423.000
423.410
423.810
424.210
424.620
425.020
425.420
425.830
426.220
426.620
427.020
427.420
427.830
428.240
428.640
429.050
429.460
429.860
430.280
430.680
431.100
431.500
431.920
432.330
432.750
433.160
433.590
434.000
434.410
434.830
435.230
435.650
436.070
436.480
436.880
437.290
437.700
438.110
438.540
438.940
439.350
439.770
440.180
440.600
441.010
441.400
441.840
442.250
442.660
443.080
443.490
443.900
444.300
444.730
445.120
445.520
445.930
446.330
446.740
447.150
447.550
447.970
448.380
448.820
449.220
449.660
450.080
450.500
450.900
451.280
451.680
452.080
452.480
452.890
453.310
453.720
454.120
454.540
454.950
455.390
455.810
456.210
456.630
457.060
457.460
457.880
458.300
458.700
459.120
459.530
459.940
460.350
460.750
461.160
461.570
461.980
462.380
462.800
463.200
463.620
464.040
464.450
464.850
465.260
465.660
466.070
466.480
466.900
467.310
467.720
468.130
468.540
468.950
469.360
469.760
470.160
470.560
470.970
471.370
471.760
472.160
472.550
472.950
473.350
473.760
474.160
474.560
474.970
475.370
475.770
476.170
476.560
476.960
477.380
477.770
478.180
478.570
478.970
479.370
479.770
480.180
480.590
481.000
481.400
481.800
482.220
482.630
483.030
483.440
483.850
484.240
484.660
485.080
485.470
485.880
486.290
486.680
487.090
487.500
487.910
488.310
488.710
489.130
489.540
489.940
490.340
490.740
491.150
491.550
491.950
492.350
492.750
493.140
493.540
493.940
494.340
494.740
495.140
495.520
495.920
496.320
496.720
497.120
497.530
497.930
498.340
498.730
499.140
499.530
499.940
500.340
500.740
501.140
501.540
501.960
502.360
502.760
503.170
503.570
503.980
504.400
504.800
505.200
505.630
506.040
506.440
506.830
507.220
507.610
508.010
508.400
508.790
509.200
509.600
509.990
510.380
510.770
511.160
511.550
511.950
512.330
512.730
513.130
513.510
513.920
514.310
514.700
515.090
515.490
515.880
516.260
516.660
517.040
517.430
517.820
518.220
518.620
519.010
519.400
519.780
520.180
520.560
520.950
521.340
521.730
522.120
522.510
522.900
523.300
523.680
524.070
524.470
524.840
525.230
525.620
526.020
526.410
526.810
527.210
527.600
528.000
528.390
528.780
529.180
529.580
529.970
530.370
530.780
531.170
531.550
531.940
532.340
532.740
533.130
533.540
533.950
534.330
534.730
535.160
535.550
535.960
536.390
536.760
537.170
537.560
537.950
538.330
538.710
539.090
539.490
539.870
540.230
540.630
541.000
541.390
541.760
542.090
542.400
542.720
543.040
543.370
543.680
544.010
544.320
544.640
544.970
545.280
545.610
545.920
546.240
546.570
546.890
547.200
547.520
547.850
548.170
548.480
548.800
549.130
549.440
549.760
550.090
550.410
550.720
551.040
551.370
551.690
552.000
552.330
552.650
552.960
553.280
553.610
553.930
554.250
