0.530
1.050
1.600
2.130
2.680
3.220
3.790
4.350
4.930
5.460
5.890
6.340
6.800
7.260
7.710
8.150
8.600
9.050
9.490
9.930
10.380
10.830
11.280
11.720
12.180
12.610
13.070
13.510
13.970
14.420
14.860
15.280
15.720
16.180
16.620
17.040
17.480
17.930
18.400
18.860
19.320
19.760
20.220
20.680
21.140
21.610
22.060
22.530
23.000
23.460
23.900
24.370
24.840
25.300
25.760
26.210
26.650
27.100
27.550
28.010
28.460
28.920
29.370
29.820
30.250
30.720
31.180
31.640
32.130
32.590
33.050
33.490
33.930
34.410
34.860
35.310
35.770
36.230
36.710
37.180
37.640
38.100
38.550
39.020
39.460
39.940
40.390
40.860
41.310
41.780
42.230
42.680
43.140
43.580
44.030
44.500
44.950
45.420
45.880
46.320
46.800
47.260
47.710
48.160
48.620
49.100
49.560
50.010
50.470
50.940
51.400
51.850
52.320
52.770
53.220
53.690
54.150
54.610
55.060
55.500
55.950
56.390
56.840
57.310
57.750
58.210
58.680
59.130
59.590
60.040
60.480
60.950
61.380
61.840
62.300
62.730
63.210
63.670
64.110
64.570
65.030
65.510
65.970
66.420
66.900
67.370
67.830
68.300
68.770
69.220
69.700
70.160
70.600
71.080
71.510
71.960
72.420
72.870
73.330
73.780
74.210
74.670
75.150
75.630
76.100
76.550
77.040
77.470
77.930
78.380
78.820
79.270
79.750
80.210
80.660
81.120
81.590
82.040
82.500
82.970
83.420
83.890
84.360
84.820
85.280
85.750
86.210
86.670
87.130
87.600
88.050
88.500
88.940
89.400
89.870
90.340
90.800
91.250
91.730
92.200
92.660
93.120
93.600
94.070
94.540
95.020
95.490
95.970
96.440
96.910
97.380
97.860
98.340
98.820
99.310
99.780
100.240
100.730
101.180
101.660
102.120
102.590
103.070
103.530
104.020
104.490
104.950
105.400
105.870
106.330
106.800
107.260
107.720
108.170
108.630
109.060
109.520
109.970
110.460
110.920
111.380
111.840
112.310
112.770
113.250
113.730
114.180
114.630
115.100
115.560
116.010
116.460
116.910
117.370
117.850
118.290
118.750
119.220
119.690
120.140
120.590
121.070
121.530
121.990
122.440
122.890
123.350
123.820
124.270
124.740
125.200
125.670
126.130
126.600
127.050
127.530
127.990
128.440
128.900
129.360
129.820
130.270
130.740
131.200
131.650
132.110
132.570
133.010
133.470
133.910
134.360
134.810
135.250
135.710
136.180
136.620
137.080
137.520
137.970
138.430
138.900
139.380
139.830
140.300
140.750
141.230
141.700
142.170
142.640
143.090
143.540
144.010
144.480
144.940
145.420
145.870
146.310
146.770
147.220
147.680
148.120
148.590
149.060
149.540
150.000
150.450
150.910
151.360
151.830
152.290
152.760
153.220
153.700
154.180
154.670
155.130
155.610
156.070
156.570
157.030
157.530
158.000
158.490
158.960
159.430
159.900
160.360
160.840
161.320
161.790
162.240
162.720
163.210
163.690
164.180
164.640
165.110
165.560
166.040
166.500
166.950
167.430
167.900
168.360
168.820
169.300
169.770
170.230
170.720
171.190
171.640
172.100
172.570
173.020
173.470
173.960
174.440
174.900
175.380
175.850
176.320
176.790
177.260
177.720
178.170
178.630
179.090
179.560
180.040
180.510
180.980
181.440
181.910
182.370
182.850
183.320
183.780
184.270
184.740
185.220
185.690
186.170
186.650
187.100
187.590
188.040
188.510
188.970
189.440
189.900
190.350
190.820
191.300
191.750
192.240
192.710
193.170
193.650
194.100
194.560
195.040
195.500
195.960
196.430
196.910
197.360
197.830
198.300
198.780
199.250
199.740
200.200
200.700
201.180
201.660
202.120
202.610
203.080
203.550
204.020
204.500
204.970
205.430
205.890
206.380
206.830
207.330
207.800
208.270
208.730
209.210
209.680
210.150
210.610
211.050
211.510
211.990
212.440
212.910
213.360
213.810
214.270
