0.630
1.340
2.060
2.760
3.420
4.140
4.860
5.530
6.200
6.920
7.600
8.270
8.980
9.670
10.350
11.030
11.720
12.440
13.100
13.780
14.400
15.030
15.700
16.330
17.020
17.780
18.510
19.280
20.010
20.800
21.520
22.300
23.050
23.760
24.540
25.390
26.200
27.150
28.090
29.000
29.960
30.840
31.750
32.630
33.470
34.320
35.140
35.940
36.800
37.610
38.390
39.230
40.010
40.840
41.650
42.510
43.430
44.330
45.260
46.310
47.240
48.280
49.210
50.190
51.220
52.150
53.030
53.980
54.960
55.780
56.680
57.510
58.370
59.260
60.070
60.990
61.860
62.750
63.590
64.510
65.390
66.350
67.230
68.170
69.100
69.970
70.890
71.800
72.760
73.800
74.740
75.680
76.610
77.530
78.370
79.300
80.110
80.970
81.910
82.870
83.800
84.680
85.690
86.600
87.600
88.550
89.490
90.410
91.390
92.310
93.180
94.110
95.060
95.990
96.880
97.780
98.720
99.690
100.620
101.580
102.530
103.520
104.470
105.480
106.390
107.430
108.510
109.500
110.490
111.470
112.440
113.420
114.390
115.370
116.320
117.280
118.300
119.280
120.240
121.230
122.170
123.090
123.990
124.790
125.590
126.210
126.680
127.150
127.630
128.120
128.590
129.050
129.510
130.010
130.490
130.950
131.450
131.910
132.400
132.890
133.360
133.840
134.320
134.800
135.280
135.780
136.280
136.760
137.240
137.720
138.200
138.680
139.150
139.620
140.100
140.570
141.040
141.490
141.980
142.430
142.900
143.380
143.870
144.360
144.830
145.330
145.830
146.290
146.780
147.270
147.740
148.210
148.690
149.190
149.650
150.120
150.580
151.070
151.550
152.050
152.550
153.090
153.570
154.090
154.590
155.060
155.550
156.010
156.480
156.940
157.410
157.880
158.370
158.810
159.280
159.750
160.200
160.670
161.130
161.570
162.030
162.510
162.960
163.420
163.880
164.350
164.790
165.260
165.730
166.190
166.650
167.090
167.530
167.950
168.400
168.880
169.340
169.820
170.280
170.760
171.210
171.680
172.150
172.650
173.110
173.610
174.080
174.560
175.030
175.520
176.000
176.490
176.950
177.410
177.900
178.370
178.840
179.350
179.850
180.390
180.900
181.390
181.850
182.350
182.830
183.300
183.770
184.240
184.690
185.160
185.640
186.110
186.590
187.060
187.530
187.980
188.470
188.940
189.410
189.880
190.330
190.800
191.270
191.740
192.230
192.700
193.160
193.600
194.060
194.520
194.980
195.460
195.900
196.370
196.830
197.280
197.760
198.220
198.680
199.130
199.580
200.050
200.520
200.960
201.420
201.900
202.340
202.800
203.270
203.720
204.200
204.650
205.100
205.570
206.010
206.470
206.910
207.370
207.820
208.260
208.730
209.160
209.630
210.070
210.510
210.960
211.410
211.860
212.320
212.770
213.220
213.660
214.120
214.580
215.030
215.490
215.950
216.420
216.880
217.340
217.790
218.270
218.730
219.170
219.630
220.060
220.510
220.980
221.440
221.910
222.370
222.810
223.290
223.720
224.170
224.610
225.040
225.500
225.940
226.390
226.850
227.280
227.750
228.190
228.630
229.080
229.560
230.020
230.470
230.940
231.390
231.840
232.290
232.740
233.180
233.630
234.060
234.490
234.940
235.390
235.830
236.270
236.700
237.130
237.590
238.070
238.520
238.990
239.440
239.890
240.340
240.780
241.220
241.650
242.100
242.530
243.000
243.430
243.910
244.350
244.830
245.270
245.730
246.190
246.650
247.130
247.590
248.060
248.520
249.000
249.450
249.930
250.400
250.870
251.320
251.780
252.260
252.720
253.210
253.690
254.160
254.630
255.110
255.610
256.080
256.550
257.020
257.480
257.940
258.410
258.890
259.350
259.840
260.300
260.770
261.230
261.700
262.180
262.680
263.150
263.640
264.100
264.600
265.080
265.560
266.040
266.500
266.980
267.460
267.940
268.430
268.900
269.390
269.880
270.370
270.850
271.370
271.860
272.340
272.810
273.270
273.730
274.210
274.670
275.160
275.630
276.080
276.550
277.020
277.470
277.950
278.410
278.850
279.310
279.790
280.250
280.680
281.130
281.580
282.020
282.450
282.860
283.290
283.770
284.240
284.700
285.200
285.690
286.190
286.660
287.160
287.630
288.120
288.630
289.100
289.610
290.070
290.550
291.030
291.550
292.080
292.580
293.100
293.560
294.060
294.540
295.020
295.480
295.980
296.440
296.940
297.420
297.890
298.360
298.850
299.340
299.800
300.310
300.840
301.330
301.830
302.310
302.770
303.250
303.750
304.230
304.690
305.190
305.650
306.130
306.610
307.110
307.570
308.070
308.530
309.030
309.490
309.970
310.470
310.950
