0.740
1.690
2.630
3.540
4.450
5.390
6.320
7.240
8.160
9.090
10.030
10.960
11.890
12.800
13.760
14.710
15.670
16.660
17.580
18.540
19.450
20.400
21.340
22.270
23.220
24.150
25.100
26.060
27.030
27.930
28.900
29.840
30.740
31.680
32.640
33.570
34.520
35.430
36.380
37.320
38.280
39.210
40.200
41.150
42.060
43.050
43.980
44.900
45.890
46.810
47.770
48.700
49.650
50.550
51.520
52.440
53.380
54.340
55.300
56.250
57.210
58.120
59.080
60.000
60.960
61.910
62.860
63.790
64.770
65.670
66.630
67.610
68.550
69.470
70.440
71.380
72.370
73.280
74.220
75.170
76.110
77.080
78.050
78.950
79.900
80.860
81.790
82.720
83.690
84.650
85.570
86.530
87.470
88.400
89.380
90.280
91.270
92.190
93.140
94.100
95.020
95.980
96.920
97.850
98.800
99.770
100.700
101.650
102.580
103.560
104.510
105.460
106.420
107.360
108.320
109.260
110.200
111.140
112.120
113.050
113.980
114.920
115.890
116.810
117.760
118.700
119.660
120.600
121.560
122.490
123.470
124.390
125.360
126.290
127.220
128.160
129.140
130.070
131.060
132.000
132.960
133.870
134.860
135.780
136.770
137.700
138.690
139.600
140.560
141.500
142.460
143.410
144.370
145.320
146.290
147.230
148.220
149.140
150.130
151.050
152.030
152.970
153.960
154.900
155.870
156.830
157.810
158.720
159.720
160.660
161.610
162.560
163.500
164.400
165.380
166.310
167.300
168.210
169.180
170.110
171.080
172.000
172.970
173.890
174.870
175.800
176.760
177.680
178.630
179.570
180.570
181.500
182.460
183.390
184.350
185.280
186.220
187.170
188.110
189.010
189.960
190.860
191.830
192.770
193.750
194.670
195.640
196.590
197.580
198.550
199.490
200.420
201.430
202.390
203.300
204.270
205.270
206.200
207.140
208.140
209.060
