0.220
0.650
1.090
1.510
1.940
2.390
2.830
3.260
3.710
4.130
4.570
5.020
5.450
5.910
6.330
6.780
7.230
7.690
8.120
8.590
9.040
9.480
9.920
10.350
10.800
11.250
11.680
12.120
12.550
12.990
13.410
13.870
14.310
14.750
15.180
15.610
16.060
16.490
16.910
17.340
17.760
18.200
18.640
19.080
19.510
19.930
20.360
20.780
21.220
21.640
22.060
22.480
22.920
23.350
23.770
24.190
24.640
25.060
25.500
25.930
26.350
26.780
27.210
27.630
28.070
28.500
28.930
29.360
29.800
30.230
30.640
31.080
31.520
31.940
32.380
32.830
33.260
33.690
34.130
34.570
35.030
35.460
35.910
36.330
36.770
37.200
37.640
38.070
38.510
38.920
39.350
39.800
40.250
40.680
41.100
41.540
41.980
42.420
42.850
43.280
43.720
44.150
44.580
45.020
45.460
45.900
46.340
46.770
47.200
47.630
48.070
48.520
48.950
49.380
49.810
50.230
50.670
51.090
51.530
51.960
52.410
52.830
53.260
53.680
54.100
54.530
54.960
55.400
55.820
56.240
56.660
57.090
57.510
57.930
58.350
58.760
59.180
59.600
60.030
60.450
60.880
61.310
61.750
62.170
62.590
63.040
63.470
63.910
64.330
64.780
65.210
65.640
66.070
66.490
66.920
67.360
67.790
68.210
68.640
69.070
69.520
69.940
70.370
70.810
71.240
71.660
72.090
72.520
72.940
73.370
73.790
74.220
74.640
75.070
75.500
75.930
76.340
76.760
77.190
77.610
78.030
78.460
78.890
79.320
79.760
80.180
80.620
81.040
81.470
81.900
82.330
82.760
83.200
83.630
84.060
84.480
84.910
85.340
85.760
86.180
86.620
87.050
87.470
87.880
88.300
88.720
89.130
89.560
89.990
90.420
90.860
91.300
91.730
92.140
92.580
93.000
93.450
93.870
94.300
94.730
95.170
95.610
96.050
96.470
96.910
97.340
97.770
98.200
98.630
99.050
99.480
99.900
100.330
100.770
101.190
101.630
102.060
102.490
102.910
103.350
103.780
104.200
104.640
105.070
105.510
105.940
106.380
106.810
107.240
107.660
108.090
108.520
108.950
109.370
109.800
110.250
110.670
111.070
111.510
111.920
112.340
112.770
113.190
113.600
114.030
114.460
114.870
115.320
115.740
116.160
116.560
117.000
117.430
117.870
118.300
118.730
119.140
119.570
119.990
120.420
120.850
121.260
121.690
122.120
122.540
122.970
123.390
123.820
124.240
124.670
125.090
125.510
125.940
126.370
126.790
127.200
127.620
128.060
128.490
128.910
129.330
129.760
130.180
130.600
131.020
131.430
131.870
132.280
132.700
133.100
133.520
133.930
134.340
134.770
135.180
135.600
136.020
136.430
136.860
137.270
137.690
138.100
138.500
138.920
139.330
139.740
140.160
140.580
141.010
141.410
141.830
142.270
142.680
143.110
143.530
143.950
144.380
144.780
145.210
145.630
146.050
146.470
146.870
147.280
147.710
148.120
148.550
148.970
149.390
149.800
150.220
150.640
151.060
151.490
151.910
152.330
152.750
153.150
153.570
153.970
154.380
154.810
155.240
155.660
156.070
156.500
156.910
157.310
157.720
158.140
158.550
158.970
159.400
159.810
160.220
160.630
161.040
161.460
161.890
162.300
162.710
163.130
163.560
163.990
164.410
164.810
165.230
165.640
166.050
166.470
166.890
167.310
167.720
168.140
168.570
168.970
169.380
169.800
170.190
170.600
171.030
171.450
171.880
172.300
172.720
173.140
173.570
173.980
174.400
174.820
175.250
175.690
176.110
176.520
176.950
177.370
177.790
178.220
178.640
179.050
179.470
179.890
180.310
180.710
181.130
181.560
182.000
182.410
182.850
183.280
183.710
184.120
184.560
184.970
185.380
185.800
186.240
186.660
187.080
187.500
187.910
188.320
188.750
189.180
189.620
190.040
190.460
190.870
191.300
191.730
192.160
192.590
193.020
193.440
193.870
194.290
194.710
195.140
195.560
195.990
196.410
196.840
197.260
197.690
198.110
198.520
198.930
199.350
199.770
200.200
200.640
201.070
201.490
201.920
202.360
202.770
203.180
203.620
204.040
204.460
204.890
205.310
205.740
206.150
206.570
206.980
207.400
207.820
208.250
208.660
209.080
209.490
209.910
210.320
210.730
211.140
211.580
211.990
212.420
212.830
213.240
213.660
214.080
214.510
214.910
215.320
215.720
216.150
216.560
217.000
217.400
217.830
218.250
218.680
219.090
219.520
219.930
220.350
220.760
221.180
221.600
222.010
222.430
222.860
223.290
223.700
224.110
224.520
224.940
225.350
225.770
226.190
226.620
227.040
227.460
227.880
228.310
228.730
229.150
229.570
229.980
230.400
230.820
231.230
231.660
232.070
232.500
232.910
233.340
233.770
234.190
234.610
235.020
235.440
235.860
236.270
236.690
237.110
237.530
237.950
238.370
238.780
239.210
239.630
240.050
240.470
240.890
241.300
241.730
242.140
242.550
242.970
243.390
243.810
244.240
244.650
245.060
245.470
245.880
246.290
246.700
247.110
247.530
247.930
248.350
248.770
249.180
249.590
249.970
250.390
250.790
251.200
251.600
252.020
252.430
252.840
253.240
253.650
254.060
254.490
254.890
255.310
255.720
256.140
256.560
256.980
257.390
257.820
258.240
258.650
259.080
259.500
259.910
260.330
260.760
261.160
261.560
261.980
262.400
262.810
263.240
263.650
264.070
264.480
264.900
265.310
265.730
266.140
266.560
266.970
267.390
267.800
268.220
268.630
269.050
269.460
269.880
270.300
270.720
271.130
271.550
271.960
272.370
272.800
273.210
273.620
274.020
274.420
274.850
275.260
275.690
276.100
276.510
276.980
277.470
277.930
278.360
278.780
279.180
279.580
280.000
280.400
280.810
281.230
281.650
282.050
282.460
282.880
283.280
283.700
284.090
284.510
284.920
285.340
285.740
286.150
286.550
286.970
287.380
287.800
288.200
288.600
289.010
289.420
289.850
290.260
290.670
291.080
291.490
291.900
292.300
292.720
293.130
293.540
293.950
294.370
294.790
295.190
295.600
296.020
296.420
296.830
297.260
297.680
298.080
298.520
298.920
299.320
299.750
300.160
300.560
300.990
301.400
301.830
302.240
302.640
303.050
303.450
303.870
304.290
304.690
305.090
305.490
305.900
306.310
306.720
307.150
307.570
308.000
308.420
308.810
309.220
309.610
310.030
310.440
310.850
311.260
311.660
312.080
312.510
312.930
313.350
313.750
314.140
314.550
314.960
315.360
315.780
316.180
316.600
317.010
317.410
317.820
318.230
318.630
319.040
319.460
319.870
320.280
320.680
321.080
321.500
321.900
322.320
322.720
323.130
323.540
323.940
324.360
324.750
325.170
325.550
325.970
326.370
326.760
327.150
327.570
327.970
328.370
328.750
329.170
329.560
329.980
330.380
330.810
331.210
331.620
332.020
332.440
332.860
333.270
333.670
334.090
334.490
334.880
335.300
335.680
336.090
336.490
336.900
337.300
337.700
338.090
338.510
338.930
339.320
339.720
340.110
340.510
340.920
341.330
341.710
342.130
342.530
342.950
343.350
343.760
344.170
344.590
344.990
345.390
345.820
346.220
346.630
347.040
347.450
347.850
348.260
348.680
349.080
349.480
349.860
350.270
350.690
351.100
351.500
351.910
352.310
352.730
353.130
353.500
353.910
354.300
354.700
355.100
355.510
355.910
356.330
356.730
357.150
357.550
357.960
358.360
358.750
359.150
359.560
359.980
360.390
360.790
361.190
361.600
362.020
362.420
362.850
363.250
363.660
364.060
364.460
364.860
365.270
365.650
366.070
366.470
366.880
367.290
367.700
368.100
368.500
368.890
369.310
369.710
370.110
370.530
370.950
371.350
371.760
372.160
372.570
372.980
373.400
373.810
374.220
374.630
375.050
375.460
375.860
376.270
376.680
377.080
377.490
377.880
378.300
378.710
379.120
379.540
379.950
380.360
380.770
381.160
381.590
382.000
382.380
382.800
383.200
383.620
384.030
384.450
384.870
385.280
385.690
386.090
386.490
386.910
387.330
387.760
388.170
388.570
388.980
389.390
389.820
390.220
390.640
391.040
391.440
391.850
392.280
392.690
393.090
393.500
393.910
394.300
394.700
395.120
395.530
395.930
396.340
396.750
397.160
397.590
398.010
398.430
398.820
399.230
399.630
400.040
400.440
400.840
401.250
401.660
402.080
402.470
402.870
403.280
403.680
404.090
404.500
404.920
405.320
405.730
406.150
406.540
406.950
407.330
407.730
408.140
408.550
408.970
409.370
409.770
410.200
410.610
411.020
411.440
411.850
412.260
412.690
413.080
413.500
413.900
414.320
414.730
415.130
415.560
415.970
416.380
416.770
417.180
417.600
418.010
418.420
418.820
419.250
419.650
420.060
420.450
420.840
421.260
421.640
422.040
422.450
422.870
423.290
423.690
424.110
424.520
424.920
425.340
425.740
426.140
426.560
426.980
427.380
427.790
428.170
428.590
429.000
429.410
429.830
430.240
430.650
431.050
431.470
431.870
432.290
432.670
433.070
433.480
433.910
434.300
434.720
435.140
435.550
435.950
436.360
436.770
437.190
437.590
438.020
438.430
438.850
439.250
439.660
440.070
440.460
440.860
441.280
441.700
442.100
442.520
442.960
443.370
443.790
444.200
444.610
445.030
445.440
445.850
446.260
446.670
447.060
447.470
447.880
448.280
448.690
449.110
449.520
449.920
450.330
450.750
451.160
451.560
451.970
452.370
452.780
453.170
453.590
454.010
454.420
454.830
455.230
455.650
456.050
456.460
456.860
457.250
457.660
458.040
458.440
458.850
459.260
459.640
460.050
460.470
460.890
461.300
461.710
462.130
462.540
462.960
463.370
463.770
464.190
464.610
465.030
465.450
465.850
466.260
466.660
467.070
467.470
467.880
468.280
468.690
469.100
469.520
469.930
470.340
470.760
471.150
471.570
471.980
472.380
472.780
473.170
473.590
473.990
474.410
474.820
475.240
475.640
476.040
476.450
476.850
477.260
477.660
478.060
478.460
478.860
479.250
479.650
480.050
480.470
480.870
481.280
481.690
482.110
482.510
482.910
483.310
483.720
484.120
484.540
484.930
485.350
485.760
486.160
486.590
487.000
487.410
487.820
488.220
488.630
489.020
489.430
489.820
490.250
490.640
491.060
491.480
491.890
492.270
492.680
493.080
493.490
493.890
494.310
494.710
495.110
495.520
495.910
496.330
496.730
497.140
497.550
497.980
498.370
498.800
499.200
499.600
500.010
500.410
500.820
501.220
501.620
502.040
502.460
502.860
503.270
503.670
504.070
504.480
504.880
505.280
505.690
506.090
506.500
506.900
507.310
507.710
508.110
508.530
508.920
509.340
509.750
510.150
510.560
510.960
511.350
511.740
512.150
512.550
512.940
513.360
513.770
514.180
514.590
515.000
515.410
515.810
516.220
516.630
517.030
517.440
517.850
518.260
518.670
519.070
519.470
519.890
520.280
520.680
521.090
521.490
521.910
522.310
522.740
523.130
523.540
523.950
524.370
524.790
525.200
525.610
526.020
526.420
526.850
527.250
527.670
528.050
528.460
528.870
529.270
529.680
530.080
530.480
530.900
531.300
531.720
532.130
532.550
532.940
533.380
533.790
534.200
534.590
535.000
535.390
535.820
536.220
536.620
537.040
537.420
537.840
538.220
538.640
539.050
539.460
539.880
540.300
540.710
541.130
541.560
541.990
542.410
542.830
543.240
543.670
544.100
544.510
544.940
545.360
545.760
546.180
546.600
547.010
547.410
547.830
548.240
548.650
549.070
549.480
549.900
550.320
550.730
551.140
551.560
551.980
552.390
552.790
553.200
553.600
554.010
554.420
554.840
555.250
555.670
556.080
556.490
556.890
557.300
557.700
558.140
558.540
558.980
559.380
559.800
560.210
560.620
561.030
561.450
561.860
562.290
562.700
563.110
563.530
563.930
564.330
564.730
565.140
565.550
565.970
566.380
566.780
567.190
567.610
568.010
568.420
568.830
569.240
569.640
570.060
570.460
570.860
571.290
571.690
572.110
572.510
572.920
573.330
573.740
574.160
574.550
574.960
575.380
575.780
576.210
576.610
577.020
577.440
577.850
578.250
578.660
579.080
579.490
579.890
580.310
580.710
581.120
581.530
581.940
582.340
582.760
583.180
583.590
583.990
584.400
584.800
585.210
585.610
586.020
586.430
586.850
587.250
587.660
588.070
588.480
588.870
589.280
589.680
590.080
590.490
590.900
591.310
591.750
592.160
592.560
592.960
593.360
593.760
594.170
594.580
594.990
595.380
595.800
596.220
596.630
597.040
597.430
597.840
598.270
598.680
599.090
599.520
599.940
600.340
600.770
601.170
601.560
601.970
602.380
602.780
603.180
603.580
603.970
604.370
604.790
605.190
605.590
606.020
606.410
606.830
607.240
607.640
608.040
608.450
608.860
609.290
609.700
610.120
610.530
610.920
611.340
611.730
612.130
612.550
612.950
613.350
613.750
614.150
614.560
614.960
615.370
615.780
616.190
616.590
616.990
617.370
617.770
618.170
618.580
619.000
619.420
619.830
620.250
620.650
621.070
621.470
621.880
622.290
622.710
623.110
623.530
623.960
624.370
624.790
625.190
625.580
625.970
626.390
626.800
627.200
627.600
628.030
628.430
628.830
629.220
629.640
630.060
630.460
630.870
631.270
631.680
632.070
632.470
632.890
633.300
633.710
634.120
634.510
634.920
635.330
635.740
636.140
636.550
636.940
637.350
637.750
638.140
638.550
638.950
639.370
639.770
640.170
640.580
640.980
641.380
641.800
642.200
642.620
643.040
643.460
643.890
644.310
644.710
645.130
645.540
645.930
646.350
646.770
647.180
647.600
648.020
648.430
648.850
649.260
649.680
650.120
650.540
650.960
651.380
651.780
652.210
652.640
653.040
653.470
653.880
654.290
654.720
655.140
655.560
656.000
656.410
656.830
657.270
657.680
658.090
658.510
658.930
659.350
659.780
660.210
660.620
661.050
661.470
661.870
662.310
662.730
663.140
663.560
663.980
664.400
664.830
665.250
665.670
666.070
666.500
666.930
667.370
667.800
668.210
668.700
669.220
669.730
670.230
670.710
671.230
671.790
672.320
672.830
673.330
673.870
674.440
674.990
675.570
676.110
676.670
