0.330
0.710
1.090
1.490
1.860
2.210
2.580
2.960
3.360
3.730
4.110
4.510
4.880
5.270
5.710
6.160
6.600
6.980
7.370
7.760
8.160
8.550
8.940
9.320
9.700
10.110
10.490
10.880
11.270
11.650
12.040
12.420
12.790
13.170
13.560
13.950
14.350
14.740
15.140
15.520
15.900
16.310
16.680
17.060
17.450
17.840
18.230
18.620
19.020
19.400
19.780
20.170
20.570
20.950
21.350
21.730
22.120
22.500
22.880
23.250
23.600
23.970
24.360
24.720
25.120
25.500
25.880
26.280
26.670
27.070
27.460
27.850
28.230
28.610
28.980
29.370
29.760
30.160
30.600
31.020
31.440
31.830
32.230
32.620
33.000
33.390
33.790
34.160
34.550
34.950
35.340
35.730
36.120
36.500
36.900
37.260
37.650
38.040
38.430
38.830
39.220
39.610
40.010
40.390
40.780
41.180
41.580
41.980
42.370
42.770
43.170
43.550
43.950
44.340
44.730
45.130
45.510
45.880
46.240
46.600
46.990
47.370
47.750
48.130
48.540
48.930
49.320
49.700
50.110
50.500
50.890
51.290
51.670
52.070
52.470
52.850
53.250
53.650
54.040
54.440
54.830
55.230
55.620
56.000
56.420
56.870
57.300
57.730
58.110
58.520
58.920
59.300
59.700
60.100
60.500
60.890
61.300
61.690
62.110
62.500
62.910
63.300
63.690
64.080
64.480
64.860
65.270
65.660
66.060
66.460
66.860
67.250
67.650
68.040
68.450
68.850
69.260
69.670
70.070
70.480
70.880
71.280
71.680
72.080
72.480
72.870
73.270
73.660
74.060
74.470
74.870
75.260
75.670
76.060
76.450
76.870
77.250
77.650
78.060
78.460
78.880
79.300
79.700
80.110
80.510
80.930
81.320
81.720
82.120
82.530
82.940
83.340
83.750
84.130
84.550
84.940
85.350
85.740
86.140
86.540
86.940
87.330
87.740
88.120
88.520
88.910
89.320
89.710
90.130
90.520
90.930
91.320
91.720
92.130
92.520
92.920
93.330
93.710
94.130
94.530
94.920
95.320
95.720
96.130
96.530
96.930
97.330
97.710
98.120
98.520
98.930
99.300
99.690
100.070
100.430
100.810
101.230
101.620
102.020
102.430
102.830
103.240
103.650
104.050
104.460
104.860
105.260
105.660
106.060
106.460
106.860
107.360
107.840
108.250
108.650
109.060
109.470
109.850
110.280
110.670
111.100
111.500
111.920
112.310
112.720
113.120
113.520
113.930
114.330
114.730
115.130
115.520
115.940
116.340
116.760
117.170
117.580
117.990
118.380
118.780
119.180
119.600
120.000
120.420
120.830
121.230
121.640
122.050
122.460
122.870
123.280
123.670
124.090
124.500
124.910
125.310
125.730
126.130
126.560
126.960
127.370
127.780
128.190
128.610
129.010
129.410
129.820
130.220
130.630
131.030
131.440
131.850
132.260
132.690
133.090
133.510
133.940
134.350
134.750
135.170
135.570
136.000
136.410
136.810
137.220
137.640
138.050
138.460
138.870
139.270
139.690
140.120
140.530
140.940
141.350
141.760
142.160
142.570
142.990
143.390
143.800
144.210
144.620
145.020
145.420
145.830
146.250
146.670
147.090
147.500
147.910
148.320
148.740
149.150
149.580
149.990
150.420
150.830
151.270
151.660
152.080
152.490
152.910
153.310
153.730
154.150
154.570
154.970
155.390
155.790
156.220
156.610
157.040
157.460
157.880
158.290
158.710
159.140
159.560
159.990
160.420
160.840
161.260
161.680
162.110
162.530
162.940
163.360
163.770
164.190
164.620
165.020
165.450
165.860
166.280
166.700
167.130
167.560
167.980
168.400
168.830
169.250
169.670
170.090
170.500
170.920
171.340
171.760
172.190
172.610
173.020
173.450
173.870
174.280
174.710
175.120
175.550
175.950
176.370
176.790
177.210
177.650
178.070
178.490
178.920
179.340
179.760
180.190
180.620
181.030
181.450
181.870
182.300
182.720
183.140
183.570
184.000
184.440
184.870
185.300
185.730
186.160
186.590
187.000
187.430
187.840
188.280
188.690
189.120
189.530
189.960
190.380
190.790
191.210
191.630
192.040
192.460
192.880
193.300
193.710
194.120
194.550
194.960
195.380
195.810
196.210
196.640
197.050
197.470
197.890
198.310
198.740
199.150
199.580
200.010
200.430
200.850
201.260
201.670
202.100
202.520
202.930
203.360
203.770
204.180
204.600
205.010
205.430
205.830
206.230
206.630
207.010
207.450
207.870
208.270
208.710
209.120
209.550
209.970
210.400
210.840
211.250
211.680
212.100
212.520
212.950
213.370
213.800
214.240
214.660
215.090
215.510
215.960
216.460
216.940
217.420
217.880
218.350
218.820
219.300
219.760
220.210
220.660
221.120
221.610
222.080
222.540
223.010
223.470
223.940
224.430
224.880
225.350
