0.680
1.490
2.270
3.030
3.830
4.650
5.360
6.100
6.830
7.510
8.230
9.020
9.820
10.560
11.360
12.160
12.990
13.770
14.600
15.380
16.140
17.030
17.900
18.730
19.600
20.440
21.320
22.130
22.990
23.860
24.670
25.520
26.480
27.470
28.540
29.490
30.540
31.520
32.470
33.430
34.420
35.430
36.550
37.590
38.740
39.760
40.900
41.950
43.050
44.080
45.050
46.020
46.920
47.800
48.630
49.470
50.390
51.250
52.060
52.890
53.740
54.580
55.430
56.290
57.190
58.000
58.860
59.720
60.540
61.470
62.340
63.220
64.040
64.930
65.790
66.710
67.570
68.430
69.400
70.310
71.270
72.180
73.060
73.900
74.790
75.670
76.580
77.490
78.350
79.200
80.160
81.040
82.000
82.930
83.820
84.700
85.600
86.440
87.300
88.260
89.160
90.020
90.940
91.830
92.730
93.580
94.490
95.350
96.230
97.090
97.940
98.890
99.870
100.750
101.670
102.610
103.510
104.360
105.210
106.080
106.950
107.830
108.730
109.600
110.400
111.280
112.150
113.010
113.900
114.780
115.620
116.510
117.380
118.240
119.130
120.040
120.940
121.810
122.680
123.530
124.370
125.200
126.060
126.890
127.750
128.580
129.440
130.330
131.160
132.000
132.820
133.670
134.570
135.390
136.280
137.130
138.040
138.960
139.840
140.660
141.550
142.400
143.220
144.090
144.920
145.740
146.580
147.410
148.260
149.120
149.970
150.830
151.700
152.550
153.370
154.230
155.100
155.940
156.820
157.670
158.580
159.430
160.290
161.160
162.010
162.830
163.690
164.540
165.370
166.190
167.060
167.940
168.800
169.670
170.490
171.390
172.290
173.140
174.020
174.860
175.700
176.560
177.480
178.370
179.230
180.160
180.990
181.890
182.750
183.620
184.550
185.400
186.300
187.210
188.050
188.870
189.750
190.590
191.470
192.370
193.320
194.260
195.180
196.100
197.050
197.990
198.950
199.870
200.770
201.720
202.610
203.550
204.490
205.440
206.370
207.330
208.270
209.180
210.120
211.100
212.030
212.920
213.780
214.760
215.670
216.600
217.640
218.580
219.610
220.570
221.510
222.510
223.480
224.510
225.500
226.560
227.410
228.280
229.150
229.910
230.710
231.450
232.250
233.040
233.780
234.580
235.330
236.090
236.800
237.550
238.320
239.090
