0.470
0.950
1.450
1.960
2.470
2.950
3.440
3.920
4.420
4.910
5.400
5.890
6.380
6.870
7.360
7.860
8.360
8.860
9.350
9.840
10.350
10.830
11.320
11.810
12.310
12.800
13.290
13.770
14.260
14.760
15.260
15.750
16.250
16.750
17.250
17.750
18.240
18.740
19.250
19.730
20.230
20.740
21.240
21.750
22.240
22.720
23.230
23.720
24.220
24.720
25.230
25.750
26.250
26.800
27.300
27.840
28.330
28.850
29.340
29.870
30.340
30.820
31.320
31.820
32.320
32.830
33.320
33.820
34.320
34.830
35.330
35.810
36.310
36.830
37.310
37.810
38.300
38.800
39.300
39.800
40.300
40.810
41.330
41.820
42.300
42.830
43.310
43.790
44.300
44.790
45.300
45.790
46.290
46.810
47.320
47.810
48.330
48.820
49.300
49.830
50.310
50.810
51.310
51.830
52.340
52.850
53.350
53.870
54.370
54.870
55.380
55.880
56.380
56.880
57.370
57.880
58.370
58.870
59.380
59.870
60.370
60.860
61.370
61.870
62.360
62.860
63.350
63.860
64.400
64.900
65.420
65.910
66.420
66.910
67.420
67.920
68.420
68.910
69.400
69.900
70.400
70.900
71.410
71.890
72.400
72.900
73.420
73.910
74.410
74.920
75.420
75.930
76.440
76.940
77.440
77.950
78.450
78.980
79.480
79.990
80.500
80.990
81.510
82.010
82.510
83.020
83.510
84.020
84.510
85.030
85.530
86.010
86.500
87.010
87.530
88.040
88.550
89.060
89.560
90.080
90.560
91.070
91.570
92.070
92.570
93.090
93.590
94.120
94.610
95.110
95.610
96.090
96.600
97.100
97.600
98.090
98.580
99.070
99.560
100.050
100.530
101.040
101.520
102.000
102.460
102.940
103.420
103.910
104.400
104.880
105.340
105.830
