0.430
1.420
2.380
3.360
4.290
5.260
6.240
7.270
8.240
9.200
10.100
11.040
12.000
12.880
13.810
14.740
15.680
16.430
17.180
17.940
18.640
19.300
20.030
20.700
21.450
22.180
22.940
23.700
24.400
25.180
25.920
26.630
27.370
28.160
28.930
29.670
30.400
31.090
31.790
32.550
33.230
33.990
34.670
35.400
36.160
36.880
37.660
38.490
39.210
39.970
40.770
41.490
42.290
43.040
43.760
44.470
45.140
45.830
46.540
47.320
48.020
48.800
49.500
50.270
51.000
51.670
52.390
53.120
53.810
54.480
55.160
55.890
56.670
57.460
58.220
58.950
59.690
60.450
61.210
61.980
62.790
63.560
64.300
65.070
65.870
66.580
67.350
68.060
68.820
69.560
70.240
70.970
71.710
72.480
73.190
73.970
74.680
75.420
76.200
76.940
77.650
78.360
79.110
79.880
80.590
81.300
82.030
82.780
83.490
84.260
84.930
85.670
86.350
87.090
87.800
88.470
89.140
89.840
90.570
91.350
92.110
92.830
93.610
94.350
95.150
95.820
96.540
97.210
97.940
98.690
99.450
100.260
101.000
101.740
102.510
103.240
103.960
104.720
105.510
106.270
107.020
107.750
108.560
109.360
110.140
110.940
111.760
112.570
113.380
114.060
114.760
115.520
116.290
117.050
117.760
118.580
119.370
120.130
120.940
121.730
122.560
123.320
124.080
124.890
125.640
126.330
127.080
127.810
128.520
129.280
130.080
130.800
131.570
132.340
133.140
133.930
134.840
135.740
136.810
137.880
139.030
140.080
141.190
142.260
143.390
144.440
145.530
146.260
147.060
147.800
148.560
149.300
150.090
150.860
151.640
152.410
153.200
154.000
154.780
155.620
156.340
157.110
157.890
158.630
159.400
160.180
160.870
161.620
162.310
163.100
163.900
164.690
165.370
166.110
166.830
167.650
168.490
169.230
170.010
170.810
171.570
172.350
173.160
173.950
174.690
175.510
176.280
177.070
177.820
178.620
179.370
180.190
180.940
181.720
182.530
183.300
184.050
184.830
185.620
186.390
187.180
