0.210
0.600
0.970
1.350
1.750
2.130
2.510
2.880
3.270
3.670
4.040
4.450
4.810
5.190
5.570
5.960
6.340
6.720
7.100
7.510
7.890
8.310
8.730
9.180
9.610
10.030
10.460
10.900
11.310
11.740
12.170
12.600
13.030
13.450
13.890
14.320
14.750
15.180
15.600
16.040
16.470
16.910
17.350
17.770
18.220
18.640
19.080
19.520
19.950
20.380
20.810
21.240
21.670
22.120
22.570
23.010
23.440
23.870
24.320
24.770
25.200
25.640
26.080
26.520
26.960
27.390
27.840
28.280
28.730
29.160
29.590
30.050
30.490
30.920
31.370
31.820
32.260
32.700
33.140
33.590
34.030
34.460
34.890
35.340
35.770
36.210
36.670
37.120
37.570
38.020
38.470
38.920
39.380
39.820
40.250
40.680
41.140
41.580
42.040
42.480
42.930
43.370
43.810
44.260
44.830
45.360
45.810
46.240
46.700
47.130
47.600
48.040
48.490
48.930
49.390
49.820
50.260
50.720
51.170
51.620
52.080
52.520
52.970
53.420
53.860
54.310
54.760
55.220
55.660
56.110
56.560
57.010
57.460
57.910
58.360
58.800
59.250
59.700
60.150
60.600
61.060
61.520
61.970
62.420
62.880
63.330
63.790
64.240
64.700
65.150
65.600
66.060
66.510
66.960
67.420
67.880
68.330
68.790
69.240
69.680
70.140
70.600
71.050
71.510
71.940
72.410
72.860
73.300
73.770
74.210
74.670
75.120
75.560
76.030
76.480
76.920
77.370
77.830
78.270
78.730
79.190
79.640
80.090
80.550
81.000
81.450
81.910
82.370
82.820
83.270
83.720
84.180
84.640
85.090
85.550
86.020
86.470
86.920
87.370
87.840
88.290
88.750
89.220
89.660
90.130
90.590
91.060
91.500
91.950
92.420
92.880
93.330
93.800
94.250
94.720
95.180
95.630
96.090
96.550
97.030
97.480
97.930
98.400
98.860
99.300
99.760
100.210
100.660
101.130
101.600
102.050
102.500
102.960
103.420
103.880
104.330
104.790
105.270
105.730
106.200
106.680
107.130
107.590
108.060
108.510
108.970
109.450
109.910
110.380
110.850
111.310
111.780
112.240
112.710
113.180
113.650
114.120
114.590
115.050
115.520
115.980
116.460
116.920
117.390
117.860
118.330
118.820
119.300
119.760
120.240
120.690
121.170
121.620
122.090
122.570
123.040
123.530
123.980
124.460
124.940
125.400
125.880
126.340
126.800
127.280
127.750
128.220
128.700
129.150
129.620
130.100
130.540
131.020
131.490
131.950
132.420
132.880
133.340
133.830
134.290
134.760
135.240
135.690
136.150
136.620
137.080
137.550
138.020
138.500
138.970
139.430
139.900
140.380
140.850
141.320
141.800
142.250
142.720
143.220
143.690
144.140
144.620
145.100
145.550
146.030
146.530
146.990
147.450
147.930
148.390
148.870
149.350
149.810
150.290
150.750
151.220
151.700
152.160
152.630
153.100
153.560
154.040
154.490
154.960
155.410
155.880
156.340
156.810
157.270
157.730
158.200
158.660
159.130
159.600
160.070
160.560
161.030
161.500
161.960
162.430
162.890
163.390
163.870
164.330
164.810
165.280
165.750
166.210
166.690
167.170
167.640
168.110
168.580
169.050
169.520
170.000
170.470
170.940
171.410
171.870
172.340
172.810
173.270
173.740
174.190
174.650
175.140
175.600
176.070
176.550
177.030
177.500
177.980
178.440
178.910
179.390
179.860
180.330
180.810
181.290
181.770
182.240
182.710
183.180
183.680
184.160
184.630
185.120
185.600
186.070
186.550
187.030
187.500
187.980
188.450
188.930
189.400
189.880
190.350
190.840
191.320
191.800
192.290
192.770
193.250
193.730
194.210
194.690
195.170
195.660
196.140
196.630
197.130
197.620
198.100
198.570
199.070
199.550
200.040
200.530
201.010
201.500
201.980
202.470
202.960
203.450
203.940
204.410
204.910
205.410
205.900
206.390
206.870
207.350
207.820
208.310
208.790
209.290
209.770
210.260
210.750
211.250
211.740
212.230
212.720
213.210
213.690
214.190
214.680
215.160
215.650
216.140
216.630
217.120
217.610
218.080
218.560
219.050
219.540
220.020
220.510
221.010
221.490
221.970
222.470
222.960
223.440
223.940
224.430
224.920
225.410
225.900
226.390
226.880
227.370
227.850
228.340
228.830
229.310
229.800
230.290
230.780
231.260
231.750
232.240
232.730
233.220
233.700
234.190
234.680
235.160
235.650
236.150
236.630
237.120
237.610
238.100
238.580
239.080
239.580
240.070
240.560
241.050
241.540
242.030
242.500
243.010
243.480
243.990
244.460
244.940
245.440
245.930
246.430
246.930
247.440
247.930
248.440
248.930
249.410
249.900
250.390
250.860
251.360
251.830
252.340
252.820
253.320
253.810
254.310
254.790
255.290
255.770
256.270
256.760
257.250
257.740
258.230
258.710
259.210
259.680
260.180
260.690
261.170
261.660
262.160
262.640
263.130
263.620
264.120
264.590
265.080
265.580
266.070
266.560
267.050
267.540
268.030
268.520
269.010
269.500
269.990
270.490
270.970
271.460
271.960
272.450
272.940
273.430
273.920
274.420
274.910
275.400
275.910
276.390
276.890
277.370
277.850
278.350
278.840
279.330
279.810
280.300
280.780
281.280
281.770
282.260
282.750
283.250
283.720
284.240
284.740
285.240
285.750
286.240
286.740
287.240
287.740
288.220
288.720
289.220
289.690
290.190
290.660
291.150
291.640
292.130
292.620
293.110
293.600
294.100
294.600
295.090
295.580
296.080
296.570
297.070
297.570
298.040
298.530
299.040
299.520
300.010
300.510
301.000
301.490
301.990
302.480
302.980
303.450
303.950
304.440
304.910
305.420
305.920
306.400
306.890
307.380
307.890
308.380
308.880
309.370
309.870
310.380
310.870
311.370
311.860
312.370
312.870
313.360
313.850
314.350
314.850
315.350
315.830
316.340
316.830
317.320
317.830
318.320
318.830
319.340
319.850
320.360
320.860
321.370
321.880
322.390
322.900
323.400
323.910
324.430
324.930
325.430
325.930
326.440
326.960
327.470
327.970
328.610
329.220
329.740
330.250
330.760
331.280
331.780
332.290
332.800
333.310
333.830
334.340
334.860
335.370
335.880
336.410
336.910
337.410
337.920
338.440
338.960
339.460
339.970
340.470
340.980
341.500
342.010
342.530
343.040
343.540
344.050
344.570
345.090
345.610
346.120
346.620
347.130
347.630
348.140
348.650
349.170
349.680
350.200
350.730
351.240
351.740
352.260
352.770
353.280
353.790
354.310
354.830
355.330
355.850
356.380
356.880
357.410
357.920
358.430
358.960
359.470
359.980
360.500
361.010
361.510
362.010
362.530
363.040
363.540
364.050
364.560
365.080
365.600
366.130
366.650
367.150
367.670
368.180
368.690
369.190
369.720
370.230
370.740
371.270
371.790
372.320
372.830
373.330
373.850
374.380
374.900
375.440
375.940
376.460
376.970
377.490
377.990
378.530
379.030
379.550
380.060
380.550
381.070
381.590
382.110
382.610
383.120
383.650
384.180
384.690
385.210
385.740
386.260
386.760
387.280
387.800
388.320
388.840
389.350
389.870
390.400
390.920
391.420
391.970
392.470
392.980
393.520
394.030
394.550
395.050
395.570
396.090
396.610
397.130
397.640
398.170
398.690
399.200
399.720
400.240
400.760
401.280
401.810
402.320
402.830
403.340
403.850
404.370
404.900
405.400
405.900
406.420
406.940
407.450
407.940
408.450
408.980
409.550
410.070
410.680
411.240
411.810
412.420
412.990
413.580
414.160
414.730
415.360
