0.300
1.120
1.970
2.820
3.600
4.480
5.270
6.190
7.060
8.000
8.890
9.770
10.690
11.540
12.390
13.350
14.220
15.170
16.060
16.980
17.840
18.750
19.640
20.520
21.440
22.360
23.260
24.170
25.100
25.980
26.870
27.770
28.650
29.600
30.540
31.420
32.370
33.280
34.210
35.100
36.020
36.960
37.920
38.820
39.690
40.610
41.580
42.490
43.430
44.340
45.250
46.160
47.100
48.020
48.990
49.890
50.830
51.780
52.700
53.650
54.550
55.510
56.410
57.360
58.270
59.250
60.160
61.100
62.030
62.950
63.890
64.810
65.770
66.650
67.600
68.490
69.400
70.300
71.200
72.070
72.990
73.910
74.820
75.720
76.670
77.590
78.450
79.360
80.240
81.130
82.010
82.840
83.760
84.720
85.630
86.530
87.450
88.380
89.300
90.250
91.190
92.110
93.060
93.970
94.910
95.820
96.730
97.650
98.530
99.450
100.390
101.300
102.260
103.210
104.170
105.100
106.050
106.930
107.870
108.790
109.680
110.650
111.540
112.450
113.360
114.290
115.210
116.110
117.070
117.920
118.810
119.690
120.620
121.530
122.460
123.320
124.220
125.110
125.990
126.910
127.750
128.660
129.630
130.490
131.380
132.300
133.150
134.080
134.990
135.920
136.800
137.690
138.580
139.480
140.370
141.290
142.210
143.100
143.960
144.910
145.840
146.730
147.620
148.520
149.450
150.340
151.230
152.180
153.090
154.010
154.920
155.830
156.760
157.670
158.600
159.490
160.440
161.370
162.260
163.190
164.120
165.060
165.950
166.920
167.830
168.760
169.710
170.600
171.480
172.440
173.340
174.210
175.140
176.020
176.970
177.870
178.780
179.670
180.560
181.470
182.330
183.240
184.220
185.120
186.030
186.940
187.870
188.750
189.650
190.560
191.430
192.370
193.270
194.190
195.120
196.020
196.920
197.810
198.730
199.610
200.520
201.440
202.320
203.300
204.260
205.210
206.190
207.120
208.120
209.100
210.100
211.080
212.040
212.980
213.990
214.940
215.910
216.880
217.930
218.850
219.890
220.850
221.830
222.810
223.850
224.770
225.740
226.750
227.760
228.810
229.800
230.790
231.730
232.670
233.620
234.610
235.630
236.600
237.590
238.600
239.610
240.560
241.540
242.570
243.640
244.600
245.660
246.630
247.640
248.640
249.670
250.680
251.720
252.840
253.800
254.830
255.780
256.790
257.800
258.840
259.840
260.860
261.870
262.930
263.930
264.930
265.910
266.890
267.930
269.010
270.010
270.980
272.040
273.020
274.030
275.060
276.060
277.120
278.100
279.070
280.040
281.090
282.090
283.030
284.050
285.090
286.050
287.050
288.050
289.030
290.000
291.040
292.090
293.150
294.100
295.030
295.790
296.610
297.400
298.140
298.950
299.490
300.070
300.620
301.120
301.640
302.170
302.760
303.380
304.070
304.700
305.330
305.980
306.630
307.370
308.050
308.760
309.430
310.160
310.890
311.600
312.370
313.090
313.790
314.530
315.330
316.070
316.870
317.610
318.470
319.310
320.080
320.900
321.710
322.470
323.270
