0.360
1.090
1.780
2.490
3.230
3.940
4.560
5.210
5.790
6.330
6.890
7.410
7.920
8.410
8.930
9.450
9.980
10.520
11.090
11.630
12.170
12.710
13.230
13.730
14.250
14.790
15.270
15.780
16.310
16.820
17.320
17.850
18.340
18.870
19.400
19.890
20.430
20.960
21.450
21.980
22.520
23.020
23.550
24.080
24.570
25.090
25.660
26.310
26.930
27.590
28.210
28.830
29.460
30.110
30.730
31.380
32.010
32.640
33.250
33.870
34.510
35.160
35.780
36.430
37.060
37.700
38.350
38.960
39.610
40.240
40.890
41.540
42.190
42.850
43.470
44.150
44.800
45.470
46.130
46.760
47.380
48.020
48.670
49.290
49.930
50.570
51.210
51.860
52.530
53.210
53.820
54.460
55.110
55.760
56.380
57.040
57.710
58.350
59.000
59.630
60.280
60.920
61.590
62.210
62.860
63.500
64.170
64.790
65.440
66.090
66.760
67.420
68.050
68.700
69.330
69.980
70.670
71.280
71.930
72.550
73.180
73.800
74.450
75.080
75.730
76.400
77.070
77.700
78.370
79.040
79.660
80.320
80.970
81.630
82.260
82.910
83.590
84.230
84.870
85.520
86.160
86.790
87.300
87.790
88.320
88.680
89.070
89.380
89.730
90.060
90.380
90.700
91.050
91.370
91.700
92.020
92.350
92.680
92.990
93.320
93.640
93.950
94.270
94.600
94.910
95.240
95.560
95.880
96.190
96.510
96.830
97.150
97.470
97.790
98.110
98.440
98.760
99.080
99.400
99.750
100.060
100.380
100.710
101.030
101.350
101.670
102.000
102.330
102.660
102.980
103.300
103.620
103.950
104.260
104.610
104.920
105.240
105.560
105.880
106.210
106.530
106.850
107.170
107.490
107.810
108.130
108.440
108.760
109.100
109.430
109.750
110.070
110.390
110.720
111.040
111.360
111.680
112.000
112.310
112.640
112.950
113.280
113.590
113.910
114.230
114.550
114.870
115.190
115.520
115.840
116.150
116.490
116.800
117.150
117.480
117.790
118.130
118.460
118.800
119.120
119.440
119.750
120.070
120.390
120.730
121.070
121.400
121.720
122.070
122.400
122.740
123.070
123.380
123.730
124.040
124.390
124.700
125.040
125.380
125.710
126.030
126.350
126.680
127.000
127.320
127.630
127.950
128.270
128.600
128.930
129.240
129.590
129.900
130.240
130.580
130.900
131.220
131.530
131.850
132.180
132.500
132.820
133.140
133.460
133.770
134.110
134.430
134.750
135.090
135.410
135.750
136.080
136.420
136.750
137.080
137.410
137.730
138.050
138.380
138.710
139.040
139.380
139.700
140.040
140.370
140.690
141.020
141.370
141.680
142.000
142.320
142.640
142.960
143.290
143.610
143.930
144.240
144.570
144.890
145.210
145.530
145.850
146.160
146.480
146.810
147.140
147.490
147.800
148.130
148.460
148.800
149.140
149.450
149.800
150.120
150.440
150.750
151.070
151.400
151.710
152.030
152.360
152.690
153.030
153.370
153.680
154.010
154.340
154.690
155.020
155.350
155.670
156.010
156.320
156.660
156.980
157.330
157.640
158.000
158.340
158.670
159.000
159.310
159.640
159.980
160.300
160.620
160.950
161.280
161.610
161.930
162.260
162.590
162.900
163.220
163.540
163.870
164.190
164.530
164.860
165.190
165.520
165.850
166.170
166.490
166.820
167.140
167.460
167.770
168.090
168.410
168.750
169.090
169.420
169.750
170.070
170.390
170.720
171.050
171.390
171.720
172.060
172.390
172.700
173.050
173.370
173.700
174.030
174.360
174.680
175.000
175.330
175.660
176.000
176.320
176.670
176.980
177.330
177.660
177.980
178.300
178.610
178.930
179.270
179.610
179.920
180.250
180.560
180.890
181.210
181.530
181.860
182.180
182.500
182.850
183.160
183.490
183.810
184.130
184.460
184.780
185.110
185.430
185.760
186.100
186.440
186.770
187.100
187.420
187.750
188.080
188.400
188.750
189.060
189.390
189.710
190.030
190.370
190.700
191.020
191.340
191.660
191.980
192.300
192.630
192.950
193.270
193.590
193.930
194.250
194.580
194.920
195.250
195.600
195.940
196.260
196.600
196.930
197.270
197.600
197.930
198.260
198.570
198.910
199.240
199.570
199.910
200.240
200.570
200.890
201.210
201.560
201.880
202.200
202.540
202.880
203.200
203.520
203.850
204.170
204.500
204.820
205.130
205.450
205.780
206.090
206.420
206.730
207.060
207.380
207.730
208.060
208.370
208.720
209.040
209.370
209.690
210.030
210.340
210.690
211.020
211.330
211.660
211.990
212.320
212.660
212.990
213.310
213.650
213.980
214.310
214.620
214.940
215.270
215.590
215.930
216.260
216.580
216.910
217.240
217.560
217.900
218.230
218.550
218.870
219.190
219.510
219.830
220.170
220.480
220.810
221.160
221.480
221.820
222.150
222.470
222.800
223.130
223.450
223.780
224.110
224.440
224.770
225.100
225.450
225.760
226.090
226.450
226.790
227.110
227.430
227.780
228.090
228.410
228.740
229.050
229.390
229.710
230.060
230.380
230.720
231.050
231.370
231.700
232.040
232.350
232.680
233.010
233.340
233.680
234.020
234.350
234.670
235.010
235.340
235.650
236.000
236.320
236.650
236.970
237.310
237.630
237.960
238.310
238.620
238.960
239.290
239.630
239.970
240.300
240.650
240.980
241.320
241.640
241.980
242.290
242.620
242.960
243.280
243.610
243.940
244.260
244.580
244.910
245.220
245.540
245.860
246.190
246.530
246.850
247.190
247.520
247.840
248.160
248.500
248.840
249.150
249.480
249.810
250.140
250.470
250.820
251.130
251.470
251.780
252.110
252.430
252.760
253.090
253.430
253.760
254.090
254.410
254.730
255.060
255.370
255.690
256.010
256.340
256.650
256.980
257.290
257.620
257.940
258.260
258.580
258.900
259.230
259.550
259.870
260.180
260.500
260.820
261.150
261.480
261.790
262.120
262.460
262.800
263.120
263.440
263.760
264.070
264.390
264.720
265.040
265.380
265.700
266.030
266.350
266.690
267.020
267.340
267.660
267.980
268.300
268.610
268.930
269.280
269.600
269.920
270.250
270.600
270.920
271.260
271.580
271.910
272.250
272.560
272.880
273.200
273.520
273.860
274.190
274.530
274.860
275.190
275.510
275.830
276.150
276.480
276.790
277.120
277.440
277.760
278.080
278.390
278.710
279.030
279.360
279.670
280.000
280.310
280.640
280.950
281.300
281.630
281.940
282.290
282.600
282.930
283.250
283.570
283.890
284.210
284.530
284.860
285.170
285.500
285.820
286.130
286.470
286.790
287.110
287.440
287.750
288.070
288.400
288.730
289.050
289.380
289.720
290.040
290.380
290.700
291.020
291.350
291.680
292.020
292.340
292.690
293.000
293.330
293.670
293.990
294.300
294.620
294.940
295.260
295.590
295.930
296.250
296.570
296.900
297.230
297.540
297.850
298.170
298.480
298.800
299.130
299.470
299.780
300.100
300.430
300.740
301.060
301.380
301.710
302.020
302.350
302.670
302.990
303.300
303.640
303.950
304.300
304.630
304.950
305.260
305.580
305.910
306.230
306.540
306.880
307.200
307.530
307.850
308.160
308.480
308.800
309.120
309.450
309.770
310.090
310.400
310.720
311.040
311.360
311.680
312.000
312.320
312.650
312.970
313.280
313.610
313.930
314.240
314.550
314.860
315.180
315.500
315.820
316.140
316.470
316.790
317.110
317.440
317.760
318.090
318.420
318.760
319.070
319.390
319.710
320.030
320.350
320.680
320.990
321.310
321.630
321.950
322.280
322.600
322.920
323.240
323.560
323.880
324.220
324.540
324.880
325.220
325.550
325.880
326.210
326.530
326.860
327.200
327.520
327.830
328.160
328.490
328.820
329.150
329.480
329.810
330.140
330.470
330.790
331.120
331.430
331.750
332.070
332.400
332.720
333.040
333.370
333.710
334.030
334.350
334.680
335.010
335.340
335.680
335.990
336.310
336.630
336.950
337.280
337.590
337.910
338.240
338.550
338.900
339.220
339.560
339.880
340.200
340.520
340.850
341.160
341.490
341.820
342.130
342.470
342.780
343.110
343.430
343.750
344.080
344.410
344.730
345.050
345.400
345.710
346.050
346.370
346.700
347.020
347.340
347.660
347.980
348.300
348.630
348.950
349.260
349.590
349.910
350.230
350.560
350.890
351.230
351.550
351.870
352.200
352.510
352.840
353.160
353.470
353.790
354.110
354.440
354.750
355.070
355.400
355.720
356.040
356.360
356.680
356.990
357.300
357.620
357.950
358.260
358.580
358.900
359.220
359.540
359.890
360.210
360.540
360.880
361.190
361.530
361.870
362.200
362.530
362.860
363.220
363.540
363.870
364.200
364.520
364.840
365.170
365.480
365.810
366.140
366.460
366.780
367.120
367.450
367.770
368.090
368.420
368.750
369.080
369.390
369.730
370.060
370.390
370.710
371.040
371.380
371.700
372.030
372.350
372.660
372.990
373.320
373.640
373.980
374.320
374.650
374.970
375.290
375.620
375.950
376.270
376.600
376.920
377.230
377.550
377.870
378.190
378.530
378.880
379.230
379.550
379.870
380.200
380.510
380.840
381.150
381.470
381.790
382.120
382.440
382.760
383.080
383.400
383.710
384.060
384.400
384.750
385.060
385.390
385.740
386.070
386.390
386.720
387.080
387.400
387.760
388.100
388.440
388.770
389.080
389.410
389.720
390.020
390.330
390.640
390.970
391.290
391.610
391.920
392.240
392.560
392.890
393.210
393.530
393.850
394.160
394.480
394.800
395.120
395.440
395.780
396.110
396.430
396.760
397.110
397.440
397.770
398.100
398.420
398.770
399.120
399.460
399.780
400.100
400.440
400.770
401.100
401.450
401.790
402.120
402.460
402.790
403.140
403.490
403.820
404.140
404.490
404.810
405.130
405.480
405.800
406.120
406.440
406.770
407.090
407.410
407.730
408.030
408.340
408.670
408.990
409.300
409.610
409.920
410.220
410.540
410.860
411.190
411.510
411.830
412.140
412.470
412.780
413.100
413.500
413.940
414.380
414.820
415.260
415.710
416.150
416.570
417.010
417.470
417.900
418.310
418.750
419.180
419.620
420.050
420.480
420.910
421.370
421.790
422.210
422.610
423.040
423.450
423.890
424.300
424.700
425.110
425.530
425.950
426.340
426.710
427.090
427.470
427.850
428.270
428.690
429.080
429.500
429.960
430.390
430.830
431.270
431.710
432.160
432.590
433.000
433.430
433.880
434.290
434.730
435.170
435.570
435.990
436.430
436.740
437.070
437.380
437.700
438.020
438.350
438.660
438.980
439.300
439.620
439.940
440.270
440.580
440.910
441.230
441.550
441.860
442.170
442.480
442.790
443.110
443.420
443.720
444.040
444.350
444.650
444.970
445.270
445.580
445.890
446.180
446.490
446.790
447.090
447.400
447.710
448.020
448.320
448.630
448.970
449.280
449.630
449.960
450.280
450.600
450.910
451.230
451.560
451.870
452.210
452.560
452.890
453.230
453.570
453.920
454.270
454.610
454.950
455.280
455.600
455.930
456.250
456.590
456.920
457.250
457.590
457.900
458.250
458.600
458.910
459.240
459.570
459.910
460.240
460.580
460.910
461.220
461.560
461.890
462.230
462.550
462.880
463.230
463.550
463.900
464.250
464.580
464.930
465.270
465.610
465.950
466.270
466.610
466.950
467.290
467.640
467.980
468.320
468.660
469.000
469.330
469.670
470.010
470.370
470.710
471.050
471.380
471.730
472.050
472.410
472.770
473.110
473.470
473.810
474.150
474.500
474.840
475.180
475.520
475.840
476.170
476.490
476.810
477.120
477.440
477.760
478.090
478.430
478.770
479.090
479.430
479.750
480.080
480.400
480.750
481.060
481.410
481.740
482.050
482.400
482.730
483.040
483.390
483.710
484.030
484.360
484.700
485.040
485.370
485.700
486.030
486.340
486.690
487.010
487.350
487.690
488.030
488.370
488.690
489.030
489.360
489.700
490.040
490.360
490.700
491.020
491.360
491.690
492.000
492.350
492.670
493.000
493.330
493.670
493.980
494.330
494.640
494.990
495.300
495.650
495.980
496.310
496.640
496.970
497.290
497.610
497.970
498.310
498.630
498.980
499.290
499.620
499.930
500.250
500.550
500.860
501.180
501.480
501.790
502.120
502.430
502.760
503.080
503.400
503.730
504.070
504.430
504.750
505.100
505.430
505.790
506.130
506.450
506.780
507.100
507.420
507.740
508.060
508.400
508.730
509.060
509.400
509.710
510.040
510.370
510.720
511.030
511.370
511.700
512.040
512.360
512.690
513.030
513.350
513.690
514.020
514.340
514.680
515.010
515.350
515.670
516.010
516.370
516.690
517.030
517.360
517.680
518.020
518.340
518.660
519.000
519.340
519.670
519.990
520.320
520.650
520.980
521.310
521.630
521.950
522.300
522.620
522.950
523.280
523.620
523.940
524.270
524.600
524.940
525.270
525.600
525.930
526.250
526.570
526.910
527.250
527.580
527.900
528.230
528.560
528.890
529.230
529.560
529.890
530.210
530.530
530.850
531.160
531.490
531.810
532.130
532.450
532.770
533.080
533.400
533.720
534.040
534.360
534.680
535.010
535.330
535.650
535.960
