0.500
1.630
2.630
3.700
4.670
5.710
6.810
7.820
8.840
9.840
10.740
11.710
12.680
13.660
14.620
15.580
16.500
17.470
18.440
19.420
20.390
21.350
22.350
23.350
24.300
25.280
26.260
27.230
28.210
29.150
30.110
31.040
32.030
32.960
33.900
34.880
35.810
36.790
37.750
38.770
39.760
40.710
41.720
42.670
43.680
44.680
45.640
46.620
47.530
48.540
49.510
50.500
51.480
52.460
53.450
54.450
55.420
56.330
57.310
58.290
59.210
60.240
61.170
62.140
63.130
64.100
65.010
65.960
67.000
67.980
68.930
69.920
70.970
71.940
72.970
73.900
74.940
75.920
76.920
77.960
78.970
79.930
80.950
81.940
82.930
83.970
84.940
85.940
86.980
87.990
89.010
89.990
91.020
91.990
92.990
93.970
94.990
96.020
97.020
98.030
99.060
100.070
101.090
102.090
103.140
104.180
105.170
106.180
107.210
108.250
109.220
110.280
111.280
112.320
113.340
114.330
115.350
116.380
117.380
118.370
119.360
120.320
121.340
122.350
123.340
124.330
125.310
126.290
127.320
128.300
129.300
130.270
131.310
132.320
133.350
134.350
135.420
136.410
137.430
138.440
139.420
140.460
141.450
142.500
143.460
144.450
145.450
146.370
147.360
148.380
149.390
150.380
151.370
152.360
153.400
154.390
155.330
156.280
157.270
158.290
159.230
160.200
161.120
162.080
163.080
164.100
165.070
166.050
167.070
168.080
169.020
170.030
171.030
171.970
172.960
173.910
174.920
175.900
176.830
177.810
178.800
179.790
180.790
181.740
182.750
183.740
184.670
185.710
186.690
187.630
188.580
189.600
190.560
191.480
192.410
193.440
194.390
195.360
196.370
197.330
198.370
199.410
200.370
201.420
202.330
203.280
204.250
205.240
206.260
207.190
208.150
209.070
210.100
211.100
212.080
213.090
214.110
215.080
216.050
217.090
218.050
219.010
220.050
221.090
222.050
223.030
224.090
225.030
226.040
227.060
228.060
229.030
230.080
231.130
232.100
233.110
234.090
235.030
235.980
236.970
237.960
238.870
239.870
240.820
241.780
242.760
243.700
244.660
245.620
246.660
247.590
248.620
249.570
250.510
251.500
252.480
253.410
254.370
255.350
256.300
257.250
258.260
259.300
260.230
261.190
262.170
263.090
264.040
265.000
265.990
266.930
267.920
268.870
269.830
270.830
271.820
272.820
273.770
274.780
275.730
276.770
277.750
278.670
279.680
280.640
281.640
282.580
283.520
284.540
285.580
286.560
287.560
288.530
289.510
290.500
291.480
292.600
293.610
294.650
295.630
296.640
297.630
298.630
299.620
300.600
301.590
302.510
303.480
304.460
305.430
306.460
307.450
308.520
309.480
310.490
311.510
312.520
313.480
314.520
315.470
316.500
317.520
318.660
319.720
320.710
321.650
322.540
323.430
324.260
325.210
326.090
327.040
328.000
328.930
329.810
330.740
331.750
332.690
333.670
334.580
335.540
336.500
337.510
