0.230
0.720
1.220
1.720
2.210
2.720
3.230
3.730
4.220
4.730
5.230
5.700
6.210
6.700
7.190
7.690
8.180
8.670
9.140
9.630
10.110
10.610
11.120
11.620
12.110
12.620
13.100
13.590
14.080
14.560
15.030
15.520
16.000
16.510
17.010
17.500
17.990
18.490
18.990
19.490
20.000
20.480
20.970
21.440
21.930
22.420
22.880
23.360
23.850
24.340
24.820
25.270
25.740
26.230
26.680
27.170
27.630
28.110
28.620
29.090
29.590
30.080
30.530
31.000
31.470
31.960
32.450
32.930
33.420
33.910
34.400
34.870
35.360
35.840
36.310
36.780
37.270
37.740
38.210
38.690
39.170
39.670
40.150
40.630
41.120
41.590
42.070
42.560
43.030
43.520
44.000
44.480
44.960
45.460
45.930
46.420
46.900
47.380
47.870
48.340
48.840
49.310
49.780
50.280
50.740
51.240
51.720
52.180
52.660
53.130
53.580
54.070
54.540
54.990
55.460
55.930
56.420
56.880
57.330
57.800
58.280
58.750
59.220
59.670
60.150
60.620
61.100
61.560
62.060
62.560
63.030
63.530
63.990
64.450
64.930
65.390
65.840
66.270
66.720
67.180
67.650
68.130
68.580
69.050
69.570
70.060
70.530
71.010
71.500
72.000
72.440
72.910
73.370
73.840
74.280
74.760
75.210
75.710
76.200
76.670
77.150
77.620
78.100
78.560
79.030
79.490
79.960
80.430
80.890
81.360
81.840
82.290
82.760
83.250
83.700
84.170
84.650
85.120
85.600
86.070
86.520
86.990
87.460
87.940
88.410
88.860
89.330
89.790
90.230
90.690
91.170
91.610
92.080
92.570
93.050
93.540
94.010
94.500
94.980
95.450
95.920
96.400
96.860
97.350
97.820
98.280
98.780
99.260
99.730
100.200
100.690
101.180
101.670
102.130
102.660
103.220
103.720
104.190
104.680
105.200
105.680
106.170
106.630
107.120
107.600
108.080
108.540
109.010
109.470
109.960
110.430
110.910
111.380
111.870
112.350
112.800
113.290
113.750
114.210
114.650
115.120
115.610
116.080
116.530
117.010
117.540
118.060
118.570
119.060
119.570
120.050
120.520
120.970
121.440
121.920
122.410
122.890
123.380
123.840
124.320
124.820
125.330
125.790
126.300
126.790
127.290
127.760
128.240
128.740
129.210
129.700
130.150
130.600
131.070
131.540
132.000
132.490
132.950
133.410
133.900
134.370
134.820
135.300
135.760
136.250
136.710
137.180
137.650
138.150
138.620
139.100
139.580
140.060
140.510
140.980
141.460
141.930
142.420
142.890
143.370
143.860
144.320
144.800
145.290
145.770
146.240
146.720
147.180
147.650
148.120
148.610
149.060
149.540
150.020
150.480
150.940
151.420
151.910
152.380
152.850
153.330
153.830
154.300
154.800
155.300
155.760
156.250
156.720
157.210
157.700
158.180
158.660
159.140
159.620
160.090
160.560
161.040
161.530
162.010
162.490
162.970
163.440
163.920
164.400
164.880
165.370
165.860
166.310
166.780
167.260
167.720
168.200
168.700
169.180
169.670
170.130
170.600
171.070
171.550
172.030
172.510
173.000
173.480
173.960
174.420
174.920
175.390
175.850
176.320
176.810
177.280
177.750
178.200
178.690
179.160
179.610
180.090
180.590
181.050
181.540
182.020
182.480
182.940
183.440
183.910
184.410
184.880
185.370
185.850
186.330
186.830
187.300
187.790
188.240
188.710
189.200
189.690
190.160
190.640
191.100
191.590
192.050
192.520
192.980
193.460
193.930
194.420
194.880
195.360
195.810
196.300
196.760
197.220
197.710
198.200
198.670
199.140
199.600
200.070
200.530
201.010
201.510
201.990
202.440
202.930
203.400
203.860
204.330
204.810
205.270
205.760
206.230
206.720
207.180
207.660
208.150
208.630
209.120
209.600
210.070
210.550
211.010
211.440
211.900
212.340
212.840
213.300
213.790
214.260
214.740
215.290
215.820
216.360
216.860
217.400
217.930
