0.060
0.510
0.980
1.420
1.900
2.340
2.820
3.290
3.750
4.220
4.710
5.160
5.650
6.120
6.570
7.040
7.530
7.990
8.450
8.940
9.410
9.880
10.330
10.810
11.270
11.750
12.180
12.650
13.100
13.550
13.980
14.450
14.880
15.330
15.800
16.270
16.750
17.230
17.700
18.170
18.620
19.100
19.580
20.060
20.540
21.050
21.550
22.020
22.500
22.970
23.410
23.880
24.350
24.810
25.270
25.730
26.180
26.650
27.120
27.590
28.060
28.550
29.030
29.500
29.970
30.370
30.810
31.230
31.630
32.060
32.500
32.950
33.430
33.880
34.340
34.790
35.250
35.740
36.210
36.670
37.110
37.580
38.050
38.490
38.950
39.410
39.880
40.350
40.790
41.280
41.740
42.190
42.650
43.120
43.570
44.030
44.480
44.970
45.440
45.890
46.370
46.830
47.290
47.760
48.220
48.690
49.140
49.600
50.070
50.520
50.980
51.440
51.910
52.370
52.810
53.290
53.750
54.190
54.650
55.140
55.610
56.070
56.550
57.020
57.480
57.950
58.420
58.890
59.360
59.820
60.290
60.740
61.190
61.680
62.130
62.600
63.060
63.520
63.980
64.430
64.890
65.350
65.820
66.290
66.740
67.200
67.660
68.120
68.590
69.050
69.520
69.980
70.450
70.910
71.380
71.820
72.310
72.780
73.230
73.700
74.190
74.640
75.100
75.560
76.030
76.470
76.930
77.400
77.870
78.310
78.800
79.260
79.730
80.210
80.650
81.110
81.590
82.040
82.510
82.950
83.410
83.870
84.350
84.790
85.280
85.740
86.200
86.660
87.120
87.590
88.040
88.490
88.950
89.410
89.880
90.340
90.790
91.270
91.730
92.190
92.630
93.110
93.570
94.030
94.490
94.940
95.390
95.850
96.330
96.800
97.260
97.730
98.200
98.670
99.130
99.590
100.030
100.500
100.950
101.430
101.880
102.340
102.810
103.300
103.760
104.230
104.690
105.160
105.600
106.080
106.540
107.000
107.460
107.920
108.380
108.840
109.280
109.740
110.210
110.680
111.120
111.600
112.080
112.550
113.000
113.460
113.920
114.370
114.830
115.300
115.770
116.250
116.710
117.200
117.660
118.120
118.580
119.050
119.510
119.960
120.410
120.890
121.330
121.800
122.270
122.720
123.200
123.660
124.130
124.580
125.040
125.500
125.960
126.410
126.880
127.350
127.810
128.250
128.740
129.210
129.680
130.130
130.600
131.060
131.540
131.990
132.440
132.920
133.360
133.840
134.310
134.770
135.230
135.710
136.160
136.630
137.100
137.560
138.020
138.460
138.920
139.400
139.860
140.310
140.740
141.190
141.640
142.120
142.570
143.020
143.480
143.950
144.410
144.870
145.340
145.800
146.240
146.720
147.160
147.630
148.060
148.460
148.890
149.300
149.740
150.140
150.560
151.020
151.460
151.930
152.380
152.840
153.300
153.750
154.220
154.690
155.150
155.600
156.060
156.510
156.950
157.410
157.900
158.370
158.840
159.290
159.770
160.220
160.700
161.140
161.600
162.030
162.500
162.960
163.420
163.870
164.330
164.780
165.240
165.710
166.160
166.640
167.080
167.560
168.010
168.460
168.930
169.400
169.850
170.330
170.800
171.260
171.720
172.190
172.640
173.120
173.580
174.020
174.480
174.950
175.410
175.870
176.340
176.800
177.260
177.700
178.180
178.630
179.070
179.510
179.930
180.370
180.840
181.290
181.730
182.180
182.650
183.100
183.570
184.040
184.500
184.940
185.420
185.870
186.300
186.770
187.200
187.670
188.100
188.550
189.020
189.470
189.900
190.370
190.850
191.330
191.770
192.230
192.700
193.170
193.630
194.070
194.530
195.010
195.470
195.930
196.380
196.850
197.310
197.800
198.240
198.680
199.100
199.540
199.980
200.440
200.910
201.360
201.820
202.280
202.750
203.220
203.700
204.150
204.630
205.080
205.530
206.000
206.460
206.930
207.380
207.850
208.310
208.790
209.250
209.690
210.150
210.610
211.070
211.550
212.000
212.470
212.900
213.360
213.820
214.270
214.700
215.150
215.620
216.110
216.580
217.050
217.520
217.980
218.460
218.900
219.360
219.820
220.300
220.750
221.220
221.670
222.120
222.590
223.040
223.500
223.960
224.430
224.900
225.360
225.800
226.280
226.720
227.190
227.660
228.100
228.560
229.040
229.490
229.950
230.420
230.870
231.330
231.810
232.270
232.760
233.190
233.630
234.060
234.500
234.940
235.370
235.780
236.210
236.660
237.120
237.580
238.030
238.480
238.910
239.370
239.810
240.280
240.710
241.210
241.700
242.190
242.720
243.210
243.690
244.220
244.700
245.170
245.630
246.110
246.580
247.050
247.530
247.990
248.470
248.930
249.410
249.880
250.330
250.790
251.260
251.710
252.190
252.650
253.110
253.580
254.050
254.510
254.970
255.440
255.920
256.380
256.850
257.320
257.790
258.260
258.720
259.170
259.630
260.090
260.550
261.040
261.500
261.970
262.430
262.900
263.350
263.830
264.290
264.760
265.210
265.690
266.150
266.590
267.070
267.530
268.000
268.450
268.940
269.410
269.880
270.340
270.810
271.280
271.740
272.230
272.680
273.140
273.620
274.090
274.540
275.020
275.500
275.950
276.420
276.880
277.330
277.810
278.270
278.730
279.190
279.670
280.140
280.610
281.070
281.550
282.030
282.500
282.960
283.430
283.900
284.380
284.850
285.310
285.770
286.230
286.680
287.170
287.620
288.110
288.580
289.040
289.520
290.000
290.500
290.960
291.440
291.900
292.360
292.850
293.320
293.770
294.260
294.750
295.230
295.690
296.180
296.660
297.130
297.610
298.080
298.540
299.020
299.490
299.950
300.440
300.910
301.370
301.850
302.320
302.780
303.240
303.720
304.190
304.640
305.120
305.580
306.040
306.500
306.980
307.440
307.920
308.390
308.840
309.310
309.780
310.260
310.720
311.200
311.670
312.130
312.620
313.090
313.560
314.030
314.500
314.950
315.420
315.910
316.360
316.840
317.310
317.790
318.250
318.730
319.200
319.660
320.150
320.630
321.100
321.600
322.070
322.540
323.030
323.500
323.970
324.450
324.920
325.390
325.850
326.330
326.810
327.270
327.740
328.220
328.690
329.160
329.620
330.100
330.570
331.040
331.510
331.970
332.430
332.880
333.340
333.790
334.260
334.730
335.190
335.660
336.140
336.600
337.080
337.540
337.960
338.420
338.840
339.280
339.750
340.220
340.670
341.120
341.610
342.080
342.560
343.060
343.540
344.010
344.470
344.940
345.410
345.870
346.340
346.800
347.240
347.660
348.110
348.580
349.020
349.480
349.910
350.390
350.870
351.330
351.810
352.280
352.750
353.230
353.730
354.210
354.670
355.140
355.610
356.090
356.570
357.040
357.540
358.000
358.460
358.910
359.360
359.840
360.290
360.760
361.200
361.670
362.130
362.590
363.050
363.520
363.980
364.460
364.900
365.380
365.820
366.290
366.740
367.210
367.660
368.130
368.590
369.050
369.500
369.960
370.420
370.880
371.350
371.820
372.270
372.740
373.180
373.660
374.110
374.580
375.020
375.480
375.930
376.380
376.830
377.290
377.740
378.180
378.640
379.080
379.560
380.020
380.580
381.120
381.640
382.190
382.730
383.330
383.880
384.480
385.040
385.640
386.210
386.830
387.460
388.070
388.650
389.290
389.890
390.490
391.130
391.740
392.420
393.110
393.750
394.430
395.110
395.760
396.430
397.110
397.920
398.730
399.530
400.280
401.120
401.910
402.730
403.630
404.560
405.470
406.390
407.300
408.210
409.130
410.040
410.960
412.010
413.030
414.080
415.100
416.010
416.920
417.820
418.750
419.640
420.560
421.440
422.350
423.240
424.140
425.030
425.930
426.830
427.740
428.570
429.350
430.170
430.940
431.640
432.320
433.020
433.800
434.530
435.290
436.000
436.720
437.360
438.020
438.660
439.340
440.050
440.760
441.430
442.110
442.880
443.610
444.340
445.120
445.840
446.610
447.400
448.210
448.980
449.800
450.720
451.640
452.560
453.560
454.610
455.610
456.520
457.430
458.320
459.250
460.140
461.080
461.990
462.910
463.820
464.740
465.610
466.430
467.310
468.190
469.000
469.890
470.800
471.690
472.630
473.540
474.460
475.430
476.350
477.270
478.200
479.170
480.080
480.890
481.750
482.580
483.430
484.250
485.040
485.860
486.720
487.520
488.380
489.090
489.810
490.510
491.200
491.900
492.580
493.290
494.010
494.760
495.470
496.180
496.870
497.580
498.320
499.100
499.890
500.630
501.410
502.170
502.980
