0.150
0.590
1.050
1.510
1.950
2.410
2.890
3.350
3.800
4.250
4.730
5.190
5.650
6.110
6.580
7.060
7.500
7.980
8.430
8.890
9.340
9.780
10.230
10.680
11.140
11.580
12.040
12.480
12.940
13.390
13.850
14.290
14.740
15.190
15.630
16.100
16.550
16.990
17.440
17.880
18.330
18.780
19.250
19.680
20.120
20.580
21.010
21.450
21.890
22.340
22.790
23.230
23.680
24.110
24.560
25.000
25.450
25.890
26.350
26.790
27.240
27.710
28.140
28.570
29.020
29.450
29.910
30.340
30.790
31.230
31.680
32.130
32.570
33.020
33.470
33.910
34.360
34.790
35.250
35.680
36.130
36.590
37.020
37.460
37.900
38.350
38.790
39.230
39.680
40.120
40.560
41.000
41.450
41.890
42.360
42.800
43.250
43.690
44.140
44.570
45.020
45.450
45.900
46.340
46.790
47.230
47.690
48.120
48.570
49.010
49.450
49.880
50.330
50.780
51.230
51.690
52.120
52.550
53.000
53.440
53.880
54.320
54.770
55.210
55.660
56.110
56.550
56.980
57.420
57.870
58.310
58.750
59.200
59.630
60.090
60.510
60.960
61.390
61.850
62.280
62.720
63.140
63.580
64.020
64.460
64.890
65.340
65.770
66.220
66.660
67.110
67.550
68.000
68.440
68.890
69.330
69.780
70.230
70.680
71.140
71.590
72.040
72.500
72.950
73.400
73.840
74.300
74.750
75.200
75.660
76.110
76.540
77.000
77.440
77.900
78.330
78.780
79.210
79.660
80.110
80.560
81.000
81.470
81.910
82.360
82.800
83.270
83.700
84.160
84.600
85.050
85.490
85.940
86.390
86.850
87.290
87.740
88.180
88.640
89.080
89.540
89.980
90.430
90.870
91.310
91.740
92.200
92.640
93.090
93.540
93.990
94.430
94.880
95.330
95.790
96.240
96.690
97.130
97.590
98.030
98.480
98.920
99.370
99.820
100.280
100.730
101.180
101.630
102.070
102.520
102.970
103.400
103.860
104.300
104.760
105.190
105.650
106.090
106.540
106.980
107.440
107.890
108.330
108.780
109.220
109.660
110.120
110.560
111.010
111.450
111.910
112.350
112.820
113.250
113.690
114.130
114.580
115.000
115.450
115.880
116.340
116.760
117.210
117.640
118.090
118.520
118.970
119.400
119.850
120.290
120.710
121.150
121.600
122.040
122.480
122.910
123.340
123.780
124.230
124.670
125.120
125.560
126.020
126.480
126.910
127.380
127.830
128.280
128.740
129.170
129.630
130.090
130.530
130.990
131.440
131.890
132.350
132.790
133.250
133.700
134.140
134.600
135.050
135.510
135.960
136.410
136.860
137.310
137.740
138.190
138.640
139.110
139.570
140.030
140.470
140.930
141.410
141.870
142.310
