0.080
0.640
1.190
1.700
2.260
2.770
3.280
3.800
4.350
4.870
5.460
6.060
6.610
7.280
7.890
8.550
9.200
9.820
10.470
11.120
11.680
12.250
12.860
13.460
14.020
14.640
15.230
15.800
16.410
16.950
17.530
18.080
18.650
19.210
19.750
20.300
20.840
21.390
21.960
22.480
23.030
23.580
24.140
24.670
25.220
25.770
26.340
26.870
27.420
27.980
28.540
29.080
29.630
30.200
30.760
31.310
31.850
32.430
32.990
33.540
34.100
34.660
35.220
35.760
36.310
36.860
37.410
37.930
38.470
39.030
39.600
40.140
40.690
41.240
41.810
42.360
42.910
43.470
44.040
44.590
45.150
45.700
46.260
46.800
47.300
47.870
48.440
48.980
49.540
50.090
50.670
51.220
51.770
52.330
52.910
53.450
54.010
54.560
55.110
55.670
56.200
56.760
57.340
57.860
58.430
58.980
59.520
60.100
60.660
61.220
61.780
62.330
62.880
63.450
64.000
64.550
65.100
65.660
66.230
66.770
67.330
67.880
68.450
68.980
69.540
70.090
70.660
71.190
71.750
72.300
72.860
73.390
73.920
74.480
75.040
75.580
76.130
76.680
77.250
77.800
78.350
78.910
79.480
80.010
80.570
81.120
81.670
82.240
82.780
83.350
83.920
84.470
85.020
85.580
86.150
86.690
87.240
87.800
88.380
88.920
89.480
90.030
90.590
91.120
91.640
92.200
92.780
93.330
93.880
94.440
95.020
95.570
96.130
96.700
97.270
97.810
98.370
98.930
99.490
100.040
100.600
101.160
101.720
102.260
102.830
103.380
103.950
104.510
105.050
105.600
106.180
106.710
107.270
107.820
108.390
108.940
109.490
110.040
110.610
111.160
111.720
112.270
112.840
113.380
113.950
114.500
115.070
115.630
116.180
116.730
117.290
117.840
118.400
118.960
119.520
120.060
120.600
121.160
121.740
122.300
122.840
123.380
123.960
124.500
125.050
125.590
126.150
126.690
127.230
127.770
128.350
128.880
129.450
130.010
130.570
131.120
131.680
132.230
132.790
133.340
133.910
134.460
135.020
135.580
136.130
136.700
137.270
137.800
138.370
138.920
139.480
140.010
140.550
141.120
141.690
142.230
142.790
143.340
143.890
144.410
144.940
145.510
146.080
146.620
147.180
147.730
148.290
148.830
149.380
149.940
150.500
151.040
151.600
152.140
152.700
153.240
153.790
154.360
154.910
155.440
155.990
156.550
157.100
157.690
158.240
158.790
159.360
159.900
160.440
160.990
161.520
162.070
162.590
163.150
163.700
164.260
164.810
165.370
165.920
166.470
167.020
167.580
168.120
168.670
169.210
169.760
170.290
170.850
171.410
171.970
172.530
173.090
173.640
174.200
174.760
175.300
175.840
176.400
176.940
177.510
178.070
178.620
179.150
179.720
180.260
180.830
181.380
181.920
182.470
183.020
183.580
184.120
184.670
185.210
185.770
186.310
186.860
187.420
187.970
188.520
189.060
189.610
190.150
190.690
191.220
191.800
192.360
192.910
193.460
194.020
194.580
195.130
195.690
196.240
196.770
197.350
197.880
198.430
198.990
199.530
200.090
200.640
201.200
201.740
202.280
202.840
203.400
203.960
204.510
205.070
205.660
206.210
206.760
207.320
207.890
208.430
208.990
209.540
210.100
210.650
211.190
211.760
212.330
212.880
213.420
213.970
214.520
215.060
215.600
216.160
216.730
217.270
217.820
218.370
218.900
219.460
220.000
220.560
221.100
221.640
222.200
222.760
223.320
223.850
224.380
224.940
225.480
226.040
226.570
227.130
227.680
228.230
228.790
229.340
229.920
230.450
231.000
231.560
232.090
232.650
233.190
233.760
234.310
234.860
235.420
235.960
236.520
237.070
237.610
238.180
238.750
239.290
239.840
240.400
240.940
241.490
242.030
242.600
243.150
243.700
244.250
244.800
245.360
245.910
246.450
247.000
247.570
248.100
248.640
249.210
249.740
250.310
250.840
251.410
251.970
252.510
253.050
253.610
254.170
254.700
255.240
255.800
256.340
256.890
257.410
257.970
258.520
259.060
259.590
260.140
260.660
261.210
261.720
262.270
262.820
263.390
263.930
264.480
265.030
265.590
266.140
266.690
267.230
267.770
268.300
268.860
269.440
269.980
270.520
271.080
271.640
272.190
272.730
273.290
273.820
274.380
274.920
275.470
276.010
276.570
277.100
277.680
278.210
278.770
279.310
279.880
280.410
280.950
281.470
282.030
282.570
283.130
283.670
284.240
284.760
285.320
285.830
286.380
286.930
287.480
287.990
288.540
289.080
289.610
290.150
290.680
291.220
291.760
292.280
292.830
293.360
293.880
294.400
294.950
295.480
295.990
296.540
297.100
297.610
298.160
298.720
299.280
299.820
300.370
300.910
301.460
301.980
302.530
303.070
303.620
304.170
304.720
305.270
305.830
306.370
306.930
307.460
308.010
308.540
309.090
309.640
310.190
310.720
311.240
311.780
312.330
312.870
313.410
313.950
314.500
315.050
315.580
316.110
316.650
317.210
317.750
318.300
318.830
319.350
319.900
320.430
320.970
321.510
322.050
322.570
323.110
323.680
324.190
324.710
325.270
325.800
326.320
326.840
327.380
327.920
328.430
328.960
329.480
330.040
330.570
331.100
331.660
332.190
332.750
333.290
333.860
334.400
334.930
335.460
335.990
336.540
337.070
337.600
338.180
338.710
339.230
339.760
340.310
340.830
341.370
341.900
342.470
342.980
343.510
344.050
344.560
345.120
345.650
346.170
346.730
347.270
347.810
348.340
348.890
349.420
349.960
350.490
351.050
351.600
352.120
352.650
353.180
353.730
354.240
354.740
355.280
355.810
356.340
356.860
357.400
357.940
358.460
358.980
359.520
360.050
360.600
361.110
361.660
362.160
362.700
363.220
363.750
364.290
364.840
365.360
365.880
366.420
367.000
367.530
368.070
368.620
369.160
369.680
370.220
370.770
371.310
371.820
372.370
372.900
373.450
373.990
374.520
375.050
375.610
376.140
376.680
377.230
377.760
378.290
378.830
379.390
379.930
380.470
380.990
381.560
382.100
382.620
383.180
383.700
384.240
384.750
385.300
385.850
386.380
386.920
387.470
388.000
388.550
389.080
389.650
390.190
390.710
391.250
391.800
392.340
392.870
393.410
393.960
394.490
395.000
395.500
396.020
396.580
397.100
397.610
398.140
398.700
399.220
399.740
400.330
400.910
401.470
402.040
402.570
403.140
403.670
404.210
404.750
405.320
405.880
406.450
407.010
407.550
408.100
408.670
409.220
409.780
410.330
410.890
411.450
411.990
412.520
413.090
413.630
414.200
414.720
415.290
415.840
416.410
416.930
417.490
418.040
418.600
419.150
419.700
420.260
420.790
421.340
421.900
422.460
422.980
423.540
424.090
424.660
425.200
425.740
426.290
426.850
427.380
427.940
428.490
429.050
429.600
430.140
430.690
431.230
431.790
432.330
432.880
433.440
433.980
434.520
435.060
435.610
436.160
436.700
437.250
437.810
438.340
438.890
439.440
439.990
440.530
441.080
441.610
442.160
442.730
443.250
443.800
444.330
444.900
445.450
445.990
446.530
447.080
447.650
448.180
448.700
449.260
449.800
450.320
450.860
451.420
451.950
452.480
453.030
453.570
454.090
454.630
455.190
455.700
456.230
456.780
457.310
457.850
458.380
458.920
459.450
460.000
460.540
461.070
461.620
462.160
462.690
463.230
463.760
464.310
464.860
465.390
465.940
466.470
467.000
467.540
468.070
468.630
469.180
469.710
470.250
470.790
471.340
471.880
472.420
472.960
473.500
474.030
474.580
475.100
475.650
476.170
476.720
477.260
477.800
478.310
478.870
479.410
479.940
480.460
481.020
481.580
482.120
482.650
483.200
483.750
484.290
484.800
485.340
485.900
486.440
486.970
487.500
488.050
488.570
489.110
489.640
490.180
490.730
491.230
491.780
492.320
492.850
493.360
493.920
494.480
494.990
495.510
496.060
496.600
497.120
497.650
498.190
498.700
499.230
499.780
500.300
500.830
501.340
501.870
502.440
502.960
503.480
504.010
504.560
505.080
505.610
506.140
506.670
507.230
507.760
508.280
508.820
509.380
509.900
510.420
510.970
511.510
512.040
512.570
513.140
513.670
514.200
514.730
515.280
515.790
516.330
516.870
517.380
517.920
518.460
518.960
519.470
520.020
520.560
521.080
521.600
522.160
522.690
523.220
523.750
524.290
524.830
525.350
525.860
526.420
526.950
527.450
528.000
528.540
529.060
529.570
530.130
530.630
531.160
531.660
532.180
532.690
533.260
533.790
534.330
534.850
535.390
535.910
536.450
536.980
537.500
538.040
538.550
539.100
539.620
540.150
540.690
541.190
541.730
542.260
542.790
543.300
543.850
544.380
544.940
545.510
546.080
546.600
547.150
547.750
