0.360
1.320
2.240
3.150
4.030
4.980
5.910
6.800
7.670
8.600
9.520
10.450
11.440
12.370
13.390
14.330
15.350
16.240
17.220
18.160
19.160
20.120
21.060
22.050
23.030
23.960
24.840
25.720
26.600
27.470
28.020
28.590
29.180
29.730
30.310
30.890
31.440
32.020
32.570
33.170
33.710
34.300
34.860
35.450
36.000
36.560
37.130
37.690
38.250
38.840
39.410
39.970
40.540
41.130
41.670
42.260
42.850
43.420
43.970
44.560
45.130
45.680
46.280
46.830
47.390
47.950
48.510
49.070
49.620
50.180
50.760
51.310
51.840
52.390
52.940
53.510
54.090
54.660
55.230
55.790
56.360
56.930
57.490
58.080
58.620
59.190
59.780
60.360
60.900
61.470
62.020
62.560
63.100
63.680
64.230
64.800
65.630
66.460
67.290
68.150
68.990
69.840
70.710
71.570
72.430
73.290
74.230
75.120
75.970
76.820
77.660
78.450
79.280
80.090
80.920
81.720
82.530
83.340
84.130
84.930
85.730
86.530
87.340
88.130
88.930
89.750
90.560
91.380
92.210
93.010
93.810
94.630
95.440
96.240
97.000
97.810
98.590
99.380
100.160
100.950
101.750
102.560
103.370
104.170
104.990
105.760
106.560
107.360
108.160
108.980
109.780
110.590
111.400
112.220
113.010
113.800
114.630
115.510
116.420
117.360
118.250
119.170
120.060
120.990
121.960
122.840
123.700
124.570
125.420
126.240
127.020
127.810
128.630
129.440
130.240
131.070
131.890
132.790
133.630
134.540
135.470
136.340
137.200
138.080
138.920
139.740
140.540
141.340
142.130
142.940
143.750
144.560
145.370
146.200
147.010
147.810
148.600
149.400
150.210
151.000
151.820
152.640
153.470
154.290
155.120
155.960
156.810
157.690
158.600
159.500
160.400
161.210
162.070
162.980
163.820
164.710
165.610
166.540
167.430
168.430
169.540
170.640
171.570
172.500
173.470
174.420
175.360
176.190
177.080
177.980
178.800
179.670
180.510
181.300
182.080
182.850
183.660
184.450
185.270
186.030
186.830
187.670
