0.110
0.430
0.750
1.080
1.400
1.710
2.030
2.340
2.650
2.970
3.280
3.590
3.910
4.220
4.530
4.850
5.160
5.470
5.780
6.110
6.410
6.720
7.040
7.350
7.660
7.980
8.290
8.610
8.930
9.230
9.540
9.870
10.180
10.480
10.790
11.100
11.420
11.730
12.040
12.340
12.660
12.970
13.280
13.590
13.900
14.210
14.520
14.820
15.140
15.440
15.750
16.070
16.380
16.680
16.990
17.300
17.600
17.900
18.210
18.520
18.840
19.150
19.460
19.760
20.070
20.380
20.700
21.000
21.320
21.620
21.940
22.250
22.550
22.860
23.170
23.480
23.790
24.090
24.390
24.690
25.000
25.300
25.610
25.920
26.230
26.530
26.840
27.150
27.460
27.760
28.060
28.360
28.660
28.960
29.270
29.570
29.870
30.170
30.480
30.780
31.090
31.390
31.690
32.000
32.300
32.600
32.900
33.200
33.510
33.820
34.130
34.440
34.750
35.050
35.350
35.660
35.960
36.260
36.570
36.880
37.190
37.480
37.780
38.080
38.390
38.700
39.000
39.300
39.600
39.900
40.210
40.510
40.810
41.120
41.430
41.730
42.030
42.330
42.630
42.940
43.240
43.550
43.860
44.160
44.460
44.760
45.060
45.370
45.670
45.970
46.260
46.570
46.860
47.170
47.470
47.770
48.070
48.360
48.660
48.960
49.260
49.560
49.850
50.150
50.460
50.760
51.050
51.360
51.650
51.940
52.240
52.530
52.830
53.130
53.420
53.730
54.020
54.320
54.620
54.930
55.240
55.540
55.840
56.140
56.430
56.730
57.030
57.330
57.630
57.930
58.240
58.540
58.840
59.140
59.440
59.740
60.040
60.340
60.640
60.940
61.230
61.530
61.820
62.110
62.410
62.700
62.990
63.280
63.570
63.880
64.180
64.480
64.780
65.070
65.380
65.680
65.980
66.280
66.580
66.880
67.170
67.480
67.780
68.070
68.380
68.670
68.970
69.270
69.570
69.870
70.160
70.450
70.730
71.040
71.340
71.630
71.930
72.240
72.540
72.830
73.130
73.430
73.730
74.030
74.340
74.620
74.920
75.210
75.490
75.780
76.080
76.360
76.660
76.960
77.260
77.560
77.860
78.150
78.460
78.750
79.060
79.360
79.660
79.960
80.260
80.550
80.850
81.140
81.430
81.730
82.030
82.320
82.630
82.920
83.220
83.520
83.830
84.130
84.420
84.720
85.000
85.300
85.600
85.900
86.200
86.490
86.790
87.080
87.370
87.660
87.950
88.240
88.540
88.830
89.130
89.430
89.730
90.020
90.310
90.610
90.900
91.180
91.480
91.770
92.070
92.360
92.670
92.970
93.260
93.570
93.860
94.170
94.460
94.750
95.040
95.350
95.650
95.950
96.250
96.550
96.850
97.140
97.450
97.750
98.050
98.350
98.640
98.940
99.240
99.540
99.840
100.150
100.440
100.750
101.050
101.350
101.650
101.950
102.240
102.540
102.840
103.150
103.440
103.730
104.020
104.320
104.620
104.920
105.210
105.510
105.800
106.080
106.390
106.690
106.990
107.300
107.610
107.910
108.210
108.500
108.810
109.100
109.410
109.700
109.990
110.280
110.590
110.880
111.180
111.460
111.760
112.050
112.330
112.630
112.940
113.240
113.530
113.840
114.120
114.420
114.720
115.020
115.320
115.610
115.910
116.220
116.520
116.820
117.130
117.430
117.730
118.030
118.320
118.620
118.930
119.230
119.530
119.830
120.130
120.430
120.730
121.030
121.330
121.640
121.950
122.250
122.550
122.850
123.150
123.450
123.750
124.050
124.360
124.660
124.960
125.260
125.550
125.840
126.130
126.420
126.720
127.020
127.320
127.620
127.910
128.210
128.510
128.820
129.110
129.390
129.680
129.980
130.280
130.580
130.870
131.170
131.460
131.750
132.050
132.340
132.630
132.930
133.220
133.520
133.830
134.130
134.430
134.720
135.020
135.320
135.630
135.930
136.230
136.530
136.850
137.140
137.440
137.750
138.050
138.370
138.660
138.970
139.270
139.570
139.870
140.180
140.480
140.790
141.090
141.400
141.690
141.990
142.290
142.600
142.890
143.200
143.490
143.800
144.100
144.390
144.690
144.990
145.290
145.600
145.900
146.200
146.500
146.790
147.090
147.380
147.680
147.980
148.280
148.580
148.880
149.180
149.470
149.770
150.070
150.370
150.670
150.970
151.270
151.560
151.860
152.160
152.460
152.750
153.050
153.350
153.650
153.950
154.260
154.550
154.850
155.160
155.460
155.770
156.070
156.380
156.690
156.990
157.290
157.590
157.890
158.190
158.480
158.790
159.090
159.390
159.690
159.980
160.280
160.580
160.890
161.190
161.480
161.780
162.090
162.390
162.680
162.990
163.280
163.570
163.870
164.160
164.460
164.760
165.050
165.350
165.640
165.930
166.220
166.510
166.810
167.100
167.400
167.680
167.970
168.260
168.560
168.850
169.140
169.440
169.740
170.030
170.330
170.630
170.920
171.210
171.510
171.800
172.100
172.400
172.690
172.990
173.290
173.590
173.900
174.190
174.500
174.800
175.100
175.400
175.690
176.000
176.300
176.600
176.900
177.180
177.480
177.760
178.070
178.360
178.670
178.970
179.260
179.560
179.870
180.170
180.470
180.760
181.060
181.360
181.660
181.970
182.280
182.580
182.880
183.180
183.480
183.780
184.090
184.380
184.670
184.970
185.270
185.570
185.860
186.160
186.460
186.760
187.060
187.360
187.660
187.960
188.260
188.570
188.880
189.180
189.500
189.800
190.110
190.410
190.710
191.000
191.300
191.600
191.900
192.200
192.490
192.770
193.070
193.350
193.640
193.960
194.280
194.610
194.920
195.240
195.560
195.890
196.200
196.520
196.840
197.170
197.480
197.800
198.130
198.440
198.770
