0.340
1.430
2.370
3.340
4.310
5.360
6.410
7.400
8.410
9.410
10.480
11.400
12.380
13.350
14.400
15.440
16.510
17.570
18.650
19.680
20.760
21.890
22.960
24.030
25.120
26.150
27.210
28.270
29.300
30.330
31.390
32.410
33.500
34.520
35.640
36.670
37.700
38.750
39.810
40.880
41.930
42.990
44.090
45.130
46.160
47.220
48.320
49.390
50.470
51.600
52.680
53.780
54.870
55.970
57.070
58.160
59.220
60.280
61.400
62.470
63.580
64.640
65.790
66.860
67.970
69.060
70.090
71.200
72.250
73.350
74.460
75.500
76.600
77.620
78.700
79.820
80.900
81.990
83.060
84.180
85.260
86.360
87.480
88.540
89.660
90.750
91.800
92.930
94.020
95.050
96.200
97.250
98.340
99.410
100.520
101.410
102.180
102.750
103.310
103.830
104.380
104.960
105.510
106.060
106.580
107.160
107.740
108.300
108.880
109.440
110.020
110.570
111.120
111.670
112.260
112.820
113.350
113.910
114.470
115.030
115.630
116.190
116.740
117.330
117.880
118.450
119.050
119.620
120.190
120.740
121.300
121.880
122.470
123.040
123.590
124.140
124.660
125.210
125.770
126.330
126.920
127.480
128.040
128.570
129.120
129.630
130.200
130.740
131.250
131.810
132.360
132.920
133.510
134.070
134.630
135.170
135.760
136.320
136.920
137.490
138.070
138.610
139.190
139.730
140.280
140.860
141.430
141.960
142.500
143.080
143.620
144.200
144.740
145.330
145.890
146.430
147.010
147.550
148.090
148.660
149.210
149.760
150.320
150.920
151.490
152.060
152.670
153.250
153.790
154.360
154.960
155.510
156.030
156.610
157.150
157.670
158.210
158.770
159.330
159.890
160.410
160.970
161.510
162.090
162.650
163.210
163.730
164.290
164.810
165.360
165.890
166.450
166.980
167.530
168.060
168.610
169.130
169.700
170.260
170.840
171.410
172.020
172.580
173.150
173.720
174.270
174.810
175.330
175.900
176.430
176.980
177.490
178.050
178.640
179.180
179.740
180.300
180.860
181.420
181.990
182.520
183.070
183.610
184.190
184.740
185.290
185.840
186.370
186.910
187.460
188.010
188.590
189.140
189.670
190.240
190.760
191.340
191.890
192.430
192.990
193.520
194.080
194.640
195.190
195.760
196.300
196.870
197.470
198.040
198.600
199.140
199.650
200.220
200.760
201.300
201.810
202.370
202.970
203.540
204.080
204.680
205.240
205.790
206.360
206.910
207.490
208.040
208.610
209.150
209.740
210.300
210.850
211.420
211.980
212.560
213.130
213.680
214.250
214.840
215.390
215.970
216.550
217.120
217.660
218.230
218.800
219.370
219.950
220.540
221.100
221.660
222.250
222.820
223.370
223.930
224.520
225.070
225.640
226.250
226.850
227.420
228.010
228.580
229.120
229.690
230.290
230.830
231.430
232.000
232.540
233.150
233.700
234.310
234.890
235.460
236.010
236.550
237.130
237.700
238.250
238.820
239.420
240.010
240.580
241.140
241.710
242.270
242.830
243.410
243.970
244.500
245.060
245.620
246.140
246.700
247.290
247.840
248.560
249.290
249.980
250.690
251.450
252.160
252.920
253.680
254.470
255.210
255.990
256.740
257.470
258.270
259.140
260.010
260.870
261.730
262.590
263.570
264.460
265.410
266.400
267.340
268.290
269.290
270.230
271.220
272.130
273.100
