0.030
0.910
1.740
2.570
3.360
4.200
4.980
5.780
6.600
7.400
8.240
9.020
9.810
10.600
11.420
12.190
13.050
13.910
14.770
15.610
16.460
17.280
18.100
18.910
19.760
20.600
21.420
22.270
23.060
23.910
24.760
25.600
26.420
27.260
28.070
28.930
29.730
30.590
31.390
32.210
33.030
33.870
34.670
35.510
36.320
37.150
37.960
38.760
39.610
40.490
41.340
42.170
42.990
43.850
44.660
45.500
46.320
47.160
47.980
48.820
49.640
50.490
51.310
52.170
52.990
53.820
54.650
55.490
56.300
57.150
57.970
58.810
59.620
60.440
61.280
62.110
62.930
63.760
64.560
65.400
66.250
67.050
67.940
68.750
69.610
70.450
71.310
72.130
73.000
73.840
74.680
75.510
76.390
77.220
78.070
78.900
79.740
80.550
81.410
82.270
83.120
83.960
84.840
85.680
86.510
87.340
88.200
89.020
89.870
90.730
91.560
92.370
93.240
94.100
94.970
95.830
96.670
97.550
98.410
99.280
100.100
101.000
101.850
102.720
103.570
104.430
105.280
106.110
106.970
107.820
108.670
109.530
110.350
111.210
112.050
112.920
113.760
114.620
115.470
116.350
117.200
118.060
118.890
119.700
120.550
121.410
122.280
123.120
124.020
124.890
125.740
126.600
127.490
128.360
129.220
130.090
130.960
131.810
132.660
133.520
134.380
135.240
136.100
136.930
137.810
138.660
139.530
140.380
141.230
142.080
142.920
143.750
144.600
145.430
146.340
147.180
148.060
148.900
149.760
150.600
151.470
152.340
153.180
154.000
154.880
155.730
156.570
157.420
158.250
159.070
159.900
160.740
161.580
162.470
163.330
164.170
165.000
165.870
166.700
167.550
168.390
169.220
170.060
170.900
171.730
172.590
173.410
174.240
175.060
175.900
176.790
177.660
178.500
179.370
180.220
181.110
181.960
182.830
183.680
184.560
185.390
186.250
187.140
187.990
188.850
189.710
190.560
191.410
192.280
193.140
193.990
194.830
195.700
196.590
197.450
198.320
199.180
200.020
200.850
201.740
202.610
203.510
204.370
205.210
206.070
206.940
207.790
208.630
209.520
210.390
211.220
212.080
212.920
213.780
214.610
215.480
216.340
217.220
218.060
218.930
219.790
220.660
221.510
222.360
223.240
224.100
224.950
225.860
226.710
227.560
228.420
229.280
230.160
231.020
231.870
232.760
233.630
234.520
235.380
236.270
237.150
238.010
238.910
239.780
240.640
241.500
242.350
243.210
244.050
244.930
245.770
246.630
247.480
248.340
249.170
250.020
250.890
251.730
252.610
253.470
254.350
255.210
256.070
256.930
257.730
258.580
259.450
260.290
261.160
262.030
262.870
263.710
264.540
265.390
266.240
267.150
268.020
268.870
269.720
270.580
271.450
272.320
273.190
274.050
274.910
275.770
276.610
277.470
278.310
279.190
280.060
280.890
281.730
282.590
283.460
284.330
285.150
286.050
286.920
287.780
288.640
289.530
290.360
291.210
292.060
292.910
293.750
294.630
295.480
296.340
297.170
298.010
298.870
299.730
300.600
301.460
302.310
303.180
303.990
304.860
305.710
306.590
307.430
308.310
309.130
309.980
310.830
311.700
312.600
313.440
314.330
315.190
316.060
316.940
317.810
318.620
319.520
320.390
321.260
322.140
322.990
323.890
324.740
325.630
326.500
327.380
328.260
329.130
329.970
330.880
331.860
332.890
333.850
334.760
335.620
336.520
337.520
338.620
339.610
340.730
341.750
342.830
343.790
344.770
345.870
346.970
347.990
349.090
350.130
