0.550
1.290
2.100
2.840
3.630
4.390
5.120
5.910
6.660
7.470
8.170
8.930
9.670
10.390
11.140
11.880
12.610
13.390
14.210
14.960
15.670
16.450
17.170
17.930
18.730
19.460
20.270
21.000
21.750
22.470
23.240
24.000
24.720
25.470
26.220
27.000
27.720
28.440
29.150
29.930
30.660
31.420
32.140
32.900
33.610
34.350
35.070
35.760
36.490
37.210
37.940
38.660
39.350
40.070
40.790
41.460
42.180
42.860
43.570
44.300
45.010
45.710
46.400
47.090
47.780
48.410
49.070
49.730
50.340
50.980
51.630
52.320
53.010
53.690
54.360
55.060
55.770
56.500
57.230
57.950
58.700
59.390
60.100
60.790
61.500
62.210
62.900
63.630
64.340
65.030
65.700
66.390
67.070
67.770
68.450
69.150
69.850
70.550
71.250
71.950
72.630
73.350
74.040
74.760
75.490
76.170
76.900
77.580
78.330
79.060
79.760
80.470
81.160
81.870
82.590
83.330
84.040
84.710
85.430
86.140
86.820
87.500
88.200
88.900
89.640
90.380
91.160
91.890
92.620
93.390
94.160
94.940
95.670
96.400
97.130
97.860
98.620
99.370
100.140
100.890
101.610
102.400
103.120
103.930
104.700
105.480
106.280
106.980
107.680
108.400
109.210
109.980
110.710
111.480
112.170
112.840
113.520
114.250
114.930
115.630
116.310
117.050
117.760
118.460
119.190
119.880
120.530
121.240
121.920
122.610
123.320
124.030
124.800
125.510
126.250
126.930
127.570
128.250
128.940
129.640
130.370
131.130
131.860
132.550
133.250
133.940
134.680
135.360
136.070
136.760
137.470
138.120
138.830
139.510
140.210
140.880
141.560
142.210
142.910
143.610
144.300
145.020
145.770
146.470
147.200
147.930
148.680
149.440
150.120
150.830
151.500
152.200
152.820
153.460
154.200
154.920
155.650
156.360
157.110
157.900
158.690
159.440
160.210
160.890
161.600
162.320
162.990
163.660
164.400
165.110
165.820
166.500
167.230
167.960
168.650
169.350
170.070
170.800
171.480
172.180
172.930
173.620
174.320
175.020
175.760
176.520
177.290
178.070
178.850
179.580
180.390
181.120
181.920
182.670
183.440
184.180
184.960
185.800
186.560
187.390
188.150
188.940
189.660
190.440
191.210
192.000
192.800
193.580
194.320
195.040
195.800
196.580
197.360
198.080
198.790
199.540
200.260
201.050
201.770
202.520
203.290
204.020
204.820
205.610
206.450
207.240
208.030
208.850
209.610
210.430
211.220
212.030
212.860
213.660
214.490
215.390
216.210
217.090
217.920
218.820
219.670
220.530
221.350
222.250
223.170
224.040
224.940
225.880
226.750
227.680
228.730
229.710
230.750
231.710
232.730
233.740
234.700
235.720
236.670
237.660
238.720
239.770
240.860
241.870
242.990
243.960
244.980
245.990
246.900
247.790
248.700
249.570
250.500
251.310
252.110
252.940
253.840
254.700
255.600
256.460
257.290
258.160
259.040
259.880
260.780
261.600
262.460
263.360
264.120
264.970
265.750
266.560
267.380
268.230
269.010
269.860
270.750
271.590
272.480
273.370
274.310
275.290
276.360
277.370
278.350
279.350
280.330
281.330
282.380
283.390
284.410
285.460
286.510
287.520
288.470
289.470
290.530
291.540
292.560
293.640
294.740
295.840
296.880
297.800
298.780
299.760
300.740
301.720
302.720
303.730
304.740
305.720
306.700
307.650
308.550
309.490
310.360
311.290
312.140
313.020
313.870
314.690
315.590
316.420
317.290
318.210
319.100
319.940
320.820
321.670
322.470
323.320
324.130
324.910
325.770
326.630
327.450
328.290
329.160
329.970
330.820
331.650
332.470
333.350
334.150
335.060
335.970
336.800
337.660
338.550
339.360
340.270
341.220
342.120
343.040
343.930
344.820
345.780
346.660
347.600
348.560
349.510
350.360
351.160
352.040
352.840
353.630
354.370
355.150
355.950
356.740
357.490
358.210
358.950
359.660
360.370
361.080
361.810
362.570
363.280
364.050
364.760
365.500
366.230
366.930
367.690
368.450
369.220
369.930
370.690
371.410
372.170
372.860
373.560
374.250
375.000
375.640
376.340
377.000
377.660
378.330
379.000
379.650
380.330
381.010
381.650
382.310
382.990
383.660
384.310
384.990
385.650
386.330
387.020
387.690
388.370
389.070
389.730
390.410
391.080
391.750
392.370
393.040
393.710
394.370
395.050
395.690
396.330
397.090
397.780
398.510
399.290
400.000
400.710
401.390
402.080
402.770
403.430
404.080
404.750
405.460
406.140
406.780
407.470
408.210
408.910
409.580
410.230
410.910
411.630
412.310
412.950
413.620
414.280
414.990
415.640
416.310
417.000
417.650
418.310
418.990
419.650
420.360
421.010
421.690
422.370
423.040
423.730
424.380
425.100
425.770
426.480
427.160
427.810
428.420
429.060
429.770
430.410
431.090
431.740
432.460
433.110
433.780
434.390
435.030
435.640
436.270
436.930
437.530
438.160
438.760
439.340
439.970
440.550
441.230
441.870
442.550
443.230
443.950
444.700
445.380
446.050
446.720
447.390
448.040
448.700
449.310
449.980
450.580
451.220
451.930
452.590
453.270
454.000
454.740
455.450
456.160
456.870
457.510
458.160
458.810
459.500
460.170
460.810
461.390
461.980
462.660
463.330
464.140
464.950
465.740
466.620
467.490
468.370
469.210
470.050
470.910
471.720
472.590
473.390
474.110
474.860
475.530
476.160
476.840
477.520
478.200
478.880
479.540
480.260
480.910
481.620
482.270
482.940
483.590
484.260
484.890
485.570
486.220
486.860
487.530
488.200
488.820
489.480
490.170
490.860
491.500
492.130
492.760
493.390
494.020
494.630
495.290
495.880
496.510
497.140
497.770
498.430
499.040
499.670
500.350
501.100
501.810
502.570
503.300
504.030
504.830
505.550
506.300
506.980
507.730
508.450
509.170
509.820
510.520
511.140
511.800
512.470
513.090
513.750
514.420
515.090
515.760
516.390
517.080
517.730
518.340
518.980
519.620
520.290
520.930
521.600
522.290
522.970
523.650
524.260
524.910
525.500
526.130
526.730
527.370
528.050
528.750
529.400
530.070
530.820
531.630
532.380
533.150
533.920
534.720
535.520
536.300
537.020
537.800
538.560
539.340
540.020
540.740
541.460
542.120
542.770
543.430
544.090
544.740
545.360
546.020
546.710
547.350
548.070
548.840
549.580
550.310
551.060
551.800
552.510
553.240
554.000
554.730
555.420
556.200
556.980
557.700
558.530
559.300
560.070
560.900
561.750
562.600
563.490
564.390
565.260
566.010
566.810
567.630
568.390
569.190
569.990
570.750
571.500
572.280
573.020
573.810
574.510
575.280
575.990
576.700
577.510
578.250
579.050
579.800
580.520
581.300
582.010
582.660
583.390
584.040
584.770
585.530
586.240
586.960
587.710
588.440
589.190
589.880
590.630
591.380
592.100
592.710
593.370
594.030
594.670
595.300
595.950
596.620
597.250
597.880
598.540
599.200
599.830
600.490
601.120
601.760
602.410
603.090
603.680
604.240
604.840
605.400
605.970
606.560
607.120
607.760
608.440
609.070
609.790
610.430
611.130
611.810
612.510
613.140
613.830
614.470
615.120
615.800
616.450
617.110
617.730
618.370
619.030
619.700
620.390
621.110
621.800
622.460
623.090
623.780
624.410
625.100
625.730
626.400
627.020
627.660
628.330
629.010
629.700
630.370
631.010
631.650
632.290
632.930
633.560
634.240
634.880
635.530
636.220
636.890
637.560
638.220
638.870
639.540
640.190
640.890
641.550
642.230
642.890
643.540
644.160
644.820
645.510
646.150
646.800
647.510
648.200
648.940
649.680
650.350
651.000
651.710
652.370
653.040
653.750
654.430
655.070
655.730
656.380
657.030
657.690
658.370
659.050
659.680
660.330
661.050
661.690
662.400
663.070
663.750
664.440
665.150
665.860
666.520
667.170
667.840
668.530
669.210
669.830
670.500
671.150
671.850
672.520
673.180
673.840
674.480
675.080
675.720
676.320
676.940
677.580
678.200
678.830
679.450
680.030
680.670
681.280
681.840
682.450
683.050
683.620
684.210
684.810
685.430
686.030
686.670
687.250
687.860
688.440
689.040
689.660
690.350
690.990
691.650
692.320
693.010
693.700
694.370
695.080
695.800
696.520
697.210
697.920
698.680
699.390
