0.000
0.590
1.170
1.730
2.250
2.800
3.370
3.950
4.480
5.070
5.660
6.210
6.790
7.380
7.960
8.560
9.120
9.690
10.270
10.810
11.370
11.940
12.520
13.100
13.680
14.230
14.810
15.370
15.930
16.500
17.090
17.660
18.210
18.760
19.340
19.910
20.460
21.010
21.560
22.120
22.690
23.290
23.860
24.430
24.980
25.540
26.120
26.730
27.310
27.890
28.430
28.980
29.510
30.080
30.630
31.210
31.810
32.420
32.980
33.560
34.090
34.680
35.220
35.770
36.350
36.960
37.550
38.120
38.700
39.260
39.830
40.390
41.000
41.580
42.170
42.750
43.350
43.920
44.490
45.060
45.660
46.220
46.790
47.360
47.920
48.490
49.080
49.640
50.240
50.790
51.380
51.940
52.510
53.120
53.720
54.310
54.890
55.470
56.070
56.630
57.170
57.760
58.350
58.960
59.530
60.140
60.680
61.260
61.820
62.430
62.980
63.570
64.140
64.740
65.320
65.910
66.450
67.040
67.610
68.190
68.790
69.420
70.000
70.570
71.110
71.680
72.260
72.810
73.410
74.030
74.630
75.220
75.780
76.360
76.950
77.530
78.100
78.690
79.240
79.830
80.410
80.980
81.560
82.150
82.740
83.320
83.880
84.470
85.040
85.610
86.190
86.760
87.340
87.880
88.450
89.030
89.600
90.200
90.840
91.510
92.140
92.740
93.290
93.890
94.470
95.040
95.620
96.210
96.800
97.380
97.980
98.570
99.120
99.660
100.230
100.780
101.360
101.940
102.540
103.130
103.740
104.330
104.870
105.440
106.020
106.590
107.150
107.720
108.270
108.840
109.380
109.940
110.500
111.090
111.670
112.210
112.800
113.370
113.950
114.490
115.040
115.630
116.190
116.800
117.380
117.950
118.490
119.060
119.620
120.190
120.760
121.320
121.920
122.470
123.060
123.640
124.220
124.790
125.400
125.980
126.560
127.110
127.640
128.210
128.730
129.300
129.830
130.390
130.970
131.510
132.080
132.620
133.180
133.700
134.270
134.800
135.390
135.940
136.500
137.050
137.610
138.170
138.770
139.330
139.890
140.440
141.000
141.520
142.080
142.640
143.200
143.750
144.300
144.830
145.390
145.940
146.490
147.020
147.560
148.120
148.690
149.280
149.820
150.400
150.970
151.520
152.070
152.610
153.150
153.710
154.290
154.850
155.390
155.940
156.530
157.060
157.640
158.210
158.750
159.310
159.860
160.410
160.950
161.480
162.020
162.560
163.130
163.650
164.230
164.800
165.350
165.890
166.430
166.990
167.530
168.100
168.650
169.170
169.700
170.250
170.810
171.330
171.870
172.400
172.950
173.530
174.070
174.630
175.180
175.730
176.270
176.800
177.360
177.950
178.490
179.060
179.630
180.130
180.600
181.120
181.620
182.170
182.730
183.270
183.840
184.360
184.900
185.470
186.010
186.530
187.080
187.600
188.160
188.700
189.230
189.730
190.260
190.830
191.340
191.900
192.440
192.970
193.460
194.000
194.580
195.180
195.760
196.300
196.850
197.420
197.940
198.490
199.060
199.630
200.190
200.750
201.280
201.840
202.370
202.890
203.430
203.970
204.550
205.090
205.650
206.180
206.710
207.210
207.740
208.310
208.840
209.370
209.930
210.440
210.990
211.540
212.070
212.630
213.180
213.720
214.250
214.790
215.330
215.890
216.440
216.990
217.570
218.140
218.700
219.300
219.860
220.390
220.900
221.440
221.970
222.530
223.060
223.600
224.150
224.680
225.210
225.760
226.290
226.840
227.380
227.910
228.450
228.990
229.520
230.040
230.580
231.090
231.620
232.120
232.650
233.190
233.680
234.200
234.750
235.280
235.820
236.370
236.890
237.440
237.960
238.480
239.010
239.550
240.060
240.590
241.130
241.650
242.180
242.720
243.270
243.800
244.320
244.860
245.360
245.900
246.450
246.990
247.520
248.070
248.590
249.120
249.660
250.190
250.730
251.280
251.830
252.370
252.920
253.490
254.060
254.630
255.160
255.730
256.280
256.860
257.400
257.930
258.470
259.030
259.560
260.100
260.630
261.170
261.700
262.240
262.780
263.330
263.840
264.390
264.930
265.480
266.040
266.570
267.110
267.690
268.230
268.750
269.290
269.810
270.360
270.940
271.500
272.050
272.580
273.100
273.630
274.180
274.750
275.300
275.820
276.390
276.930
277.490
278.000
278.510
279.020
279.590
280.130
280.660
281.190
281.730
282.270
282.800
283.320
283.860
284.380
284.920
285.470
286.010
286.580
287.110
287.670
288.180
288.730
289.280
289.800
290.330
290.890
291.390
291.940
292.470
292.980
293.540
294.060
294.630
295.180
295.740
296.260
296.830
297.370
297.940
298.470
299.050
299.610
300.150
300.710
301.280
301.810
302.380
302.910
303.410
303.950
304.500
305.090
305.670
306.260
306.860
307.450
308.030
308.640
309.230
309.810
310.370
310.970
311.540
312.080
312.650
313.220
313.840
314.430
315.020
315.610
316.190
316.760
317.350
317.950
318.530
319.140
319.730
320.310
320.900
321.510
322.080
322.650
323.240
323.790
324.360
324.960
325.560
326.130
326.710
327.330
327.920
328.470
329.050
329.630
330.210
330.820
331.400
331.980
332.560
333.110
333.710
334.280
334.880
335.480
336.110
336.690
337.260
337.830
338.400
339.000
339.570
340.190
340.750
341.360
341.950
342.520
343.100
343.680
344.280
344.850
345.420
346.020
346.600
347.170
347.750
348.310
348.890
349.500
350.070
350.620
351.190
351.770
352.350
352.920
353.520
354.110
354.660
355.220
355.820
356.370
356.970
357.590
358.170
358.760
359.320
359.890
360.500
361.050
361.640
362.240
362.830
363.410
364.020
364.580
365.170
365.740
366.320
366.920
367.480
368.090
368.660
369.240
369.830
370.380
370.990
371.570
372.150
372.750
373.340
373.950
374.530
375.080
375.690
376.240
376.830
377.450
378.010
378.630
379.220
379.790
380.370
380.930
381.520
382.110
382.700
383.260
383.840
384.410
385.000
385.540
386.130
386.740
387.320
387.900
388.490
389.060
389.630
390.220
390.820
391.600
392.370
393.160
393.940
394.730
395.500
396.310
397.100
397.870
398.690
399.440
400.230
401.050
401.840
402.640
403.520
404.360
405.180
406.020
406.880
407.710
408.510
409.410
410.260
411.060
411.920
412.780
413.620
414.470
415.250
416.180
417.210
418.260
419.290
420.280
421.380
422.480
423.550
424.680
425.730
426.820
427.970
429.060
