0.310	1
0.575
0.840
1.075
1.310	1
1.555
1.800
2.030
2.260	1
2.490
2.720
2.955
3.190	1
3.405
3.620
3.850
4.080	1
4.310
4.540
4.760
4.980	1
5.200
5.420
5.650
5.880	1
6.100
6.320
6.545
6.770	1
6.995
7.220
7.455
7.690	1
7.905
8.120
8.335
8.550	1
8.770
8.990
9.215
9.440	1
9.660
9.880
10.100
10.320	1
10.550
10.780
11.000
11.220	1
11.435
11.650
11.870
12.090	1
12.315
12.540
12.765
12.990	1
13.210
13.430
13.650
13.870	1
14.090
14.310
14.530
14.750	1
14.985
15.220
15.455
15.690	1
15.915
16.140
16.375
16.610	1
16.825
17.040
17.275
17.510	1
17.730
17.950
18.170
18.390	1
18.620
18.850
19.070
19.290	1
19.520
19.750
19.970
20.190	1
20.405
20.620
20.845
21.070	1
21.300
21.530
21.755
21.980	1
22.200
22.420
22.625
22.830	1
23.050
23.270
23.495
23.720	1
23.935
24.150
24.380
24.610	1
24.835
25.060
25.280
25.500	1
25.710
25.920
26.145
26.370	1
26.590
26.810
27.025
27.240	1
27.460
27.680
27.890
28.100	1
28.330
28.560
28.775
28.990	1
29.220
29.450
29.680
29.910	1
30.125
30.340
30.560
30.780	1
31.005
31.230
31.440
31.650	1
31.875
32.100
32.315
32.530	1
32.755
32.980
33.195
33.410	1
33.625
33.840
34.055
34.270	1
34.485
34.700
34.910
35.120	1
35.345
35.570
35.785
36.000	1
36.210
36.420
36.640
36.860	1
37.070
37.280
37.495
37.710	1
37.930
38.150
38.365
38.580	1
38.790
39.000
39.220
39.440	1
39.655
39.870
40.085
40.300	1
40.515
40.730
40.940
41.150	1
41.375
41.600
41.815
42.030	1
42.240
42.450
42.675
42.900	1
43.120
43.340
43.555
43.770	1
43.990
44.210
44.425
44.640	1
44.855
45.070
45.285
45.500	1
45.715
45.930
46.140
46.350	1
46.565
46.780
47.000
47.220	1
47.435
47.650
47.860
48.070	1
48.280
48.490
48.710
48.930	1
49.150
49.370
49.585
49.800	1
50.015
50.230
50.435
50.640	1
50.855
51.070
51.295
51.520	1
51.735
51.950
52.165
52.380	1
52.605
52.830
53.045
53.260	1
53.475
53.690
53.905
54.120	1
54.335
54.550
54.765
54.980	1
55.210
55.440
55.650
55.860	1
56.085
56.310
56.530
56.750	1
56.975
57.200
57.420
57.640	1
57.860
58.080
58.295
58.510	1
58.730
58.950
59.165
59.380	1
59.600
59.820
60.045
60.270	1
60.495
60.720
60.935
61.150	1
61.375
61.600
61.810
62.020	1
62.240
62.460
62.680
62.900	1
63.115
63.330
63.560
63.790	1
64.010
64.230
64.450
64.670	1
64.880
65.090
65.315
65.540	1
65.760
65.980
66.200
66.420	1
66.640
66.860
67.075
67.290	1
67.510
67.730
67.950
68.170	1
68.380
68.590
68.805
69.020	1
69.240
69.460
69.680
69.900	1
70.110
70.320
70.540
70.760	1
70.990
71.220
71.440
71.660	1
71.880
72.100
72.325
72.550	1
72.775
73.000
73.215
73.430	1
73.650
73.870
74.080
74.290	1
74.515
74.740
74.965
75.190	1
75.410
75.630
75.845
76.060	1
76.275
76.490
76.715
76.940	1
77.155
77.370
77.600
77.830	1
78.060
78.290
78.515
78.740	1
78.960
79.180
79.395
79.610	1
79.820
80.030
80.255
80.480	1
80.695
80.910
81.130
81.350	1
81.570
81.790
82.015
82.240	1
82.455
82.670
82.895
83.120	1
83.340
83.560
83.780
84.000	1
84.220
84.440
84.665
84.890	1
85.116
85.342
85.568
85.794	1
86.023
86.252
86.481
86.710	1
86.920
87.130
87.340
87.555	1
87.770
87.990
88.210
88.435	1
88.660
88.875
89.090
89.310	1
89.530
89.750
89.970
90.190	1
90.410
90.620
90.830
91.050	1
91.270
91.485
91.700
91.920	1
92.140
92.350
92.560
92.780	1
93.000
93.220
93.440
93.660	1
93.880
94.100
94.320
94.535	1
94.750
94.960
95.170
95.390	1
95.610
95.825
96.040
96.250	1
96.460
96.685
96.910
97.125	1
97.340
97.560
97.780
97.990	1
98.200
98.425
98.650
98.875	1
99.100
99.315
99.530
99.750	1
99.970
100.190
100.410
100.635	1
100.860
101.070
101.280
101.490	1
101.700
101.920
102.140
102.360	1
102.580
102.785
102.990
103.200	1
103.410
103.635
103.860
104.075	1
104.290
104.500
104.710
104.925	1
105.140
105.360
105.580
105.790	1
106.000
106.215
106.430
106.640	1
106.850
107.065
107.280
107.495	1
107.710
107.925
108.140
108.355	1
108.570
108.780
108.990
109.200	1
109.410
109.630
109.850
110.065	1
110.280
110.500
110.720
110.935	1
111.150
111.365
111.580
111.800	1
112.020
112.245
112.470
112.680	1
112.890
113.120
113.350
113.575	1
113.800
114.020
114.240
114.460	1
114.680
114.910
115.140
115.380	1
115.620
115.850
116.080
116.310	1
116.540
116.755
116.970
117.195	1
117.420
117.635
117.850
118.080	1
118.310
118.525
118.740
118.965	1
119.190
119.425
119.660
119.875	1
120.090
120.315
120.540
120.775	1
121.010
121.220
121.430
121.650	1
121.870
122.100
122.330
122.545	1
122.760
122.985
123.210
123.420	1
123.630
123.855
124.080
124.315	1
124.550
124.770
124.990
125.220	1
125.450
125.675
125.900
126.140	1
126.380
126.600
126.820
127.050	1
127.280
127.505
127.730
127.945	1
128.160
128.390
128.620
128.845	1
129.070
129.285
129.500
129.725	1
129.950
130.165
130.380
130.595	1
130.810
131.040
131.270
131.485	1
131.700
131.915
132.130
132.335	1
132.540
132.760
132.980
133.190	1
133.400
133.620
133.840
134.065	1
134.290
134.500
134.710
134.940	1
135.170
135.385
135.600
135.825	1
136.050
136.255
136.460
136.685	1
136.910
137.125
137.340
137.545	1
137.750
137.975
138.200
138.410	1
138.620
138.830
139.040
139.255	1
139.470
139.695
139.920
140.125	1
140.330
140.545
140.760
140.985	1
141.210
141.435
141.660
141.875	1
142.090
142.305
142.520
142.750	1
142.980
143.190
143.400
143.615	1
143.830
144.045
144.260
144.480	1
144.700
144.915
145.130
145.345	1
145.560
145.760
145.960
146.180	1
146.400
146.620
146.840
147.045	1
147.250
147.465
147.680
147.900	1
148.120
148.340
148.560
148.770	1
148.980
149.195
149.410
149.630	1
149.850
150.060
150.270
150.480	1
150.690
150.905
151.120
151.345	1
151.570
151.780
151.990
152.205	1
152.420
152.640
152.860
153.085	1
153.310
153.520
153.730
153.940	1
154.150
154.370
154.590
154.805	1
155.020
155.240
155.460
155.675	1
155.890
156.105
156.320
156.540	1
156.760
156.980
157.200
157.420	1
157.640
157.865
158.090
158.310	1
158.530
158.750
158.970
159.190	1
159.410
159.620
159.830
160.050	1
160.270
160.500
160.730
160.950	1
161.170
161.390
161.610
161.840	1
162.063
162.286
162.509
162.732	1
162.970
163.208
163.446
163.684	1
163.926
164.168
164.411
164.653	1
164.877
165.100
165.323
165.546	1
165.757
165.967
166.177
166.387	1
166.613
166.839
167.064
167.290	1
167.525
167.760
167.980
168.200	1
168.420
168.640
168.880
169.120	1
229.470	1
229.680
229.895
230.110
230.320	1
230.530
230.730
230.930
231.140	1
231.350
231.570
231.790
231.995	1
232.200
232.410
232.620
232.830	1
233.040
233.255
233.470
233.675	1
233.880
234.090
234.300
234.505	1
234.710
234.910
235.110
235.315	1
235.520
235.730
235.940
236.140	1
236.340
236.555
236.770
236.985	1
237.200
237.405
237.610
237.805	1
238.000
238.220
238.440
238.655	1
238.870
239.090
239.310
239.525	1
239.740
239.955
240.170
240.380	1
240.590
240.805
241.020
241.230	1
241.440
241.655
241.870
242.080	1
242.290
242.505
242.720
242.940	1
243.160
243.385
243.610
243.830	1
244.050
244.270
244.490
244.705	1
244.920
245.140
245.360
245.570	1
245.780
245.990
246.200
246.425	1
246.650
246.865
247.080
247.295	1
247.510
247.730
247.950
248.155	1
248.360
248.570
248.780
248.990	1
249.200
249.410
249.620
249.840	1
250.060
250.265
250.470
250.685	1
250.900
251.115
251.330
251.540	1
251.750
251.965
252.180
252.395	1
252.610
252.820
253.030
253.245	1
253.460
253.680
253.900
254.110	1
254.320
254.550
254.780
255.000	1
255.220
255.435
255.650
255.865	1
256.080
256.300
256.520
256.735	1
256.950
257.160
257.370
257.590	1
257.810
258.020
258.230
258.455	1
258.680
258.890
259.100
259.310	1
259.520
259.740
259.960
260.185	1
260.410
260.625
260.840
261.060	1
261.280
261.485
261.690
261.910	1
262.130
262.360
262.590
262.805	1
263.020
263.240
263.460
263.675	1
263.890
264.115
264.340
264.555	1
264.770
265.000
265.230
265.450	1
265.670
265.885
266.100
266.310	1
266.520
266.740
266.960
267.180	1
267.400
267.615
267.830
268.055	1
268.280
268.495
268.710
268.940	1
269.170
269.380
269.590
269.810	1
270.030
270.250
270.470
270.700	1
270.930
271.150
271.370
271.590	1
271.810
272.020
272.230
272.430	1
272.630
272.845
273.060
273.270	1
273.480
273.700
273.920
274.130	1
274.340
274.560
274.780
274.995	1
275.210
275.420
275.630
275.855	1
276.080
276.295
276.510
276.730	1
276.950
277.170
277.390
277.610	1
277.830
278.040
278.250
278.470	1
278.690
278.910
279.130
279.350	1
279.570
279.790
280.010
280.235	1
280.460
280.670
280.880
281.095	1
281.310
281.535
281.760
281.980	1
282.200
282.420
282.640
282.860	1
283.080
283.310
283.540
283.770	1
284.000
284.225
284.450
284.685	1
