0.720
1.520
2.300
3.180
4.010
4.930
5.810
6.700
7.560
8.410
9.330
10.190
11.070
11.940
12.880
13.750
14.690
15.570
16.570
17.540
18.640
19.640
20.720
21.750
22.700
23.660
24.660
25.650
26.590
27.560
28.450
29.430
30.310
31.250
32.240
33.150
33.970
34.720
35.530
36.290
37.100
37.830
38.490
39.190
39.910
40.760
41.600
42.400
43.170
44.000
44.830
45.600
46.420
47.230
48.020
48.870
49.670
50.430
51.270
52.100
52.890
53.670
54.520
55.340
56.170
57.110
58.030
58.930
59.850
60.780
61.750
62.650
63.470
64.350
65.180
65.950
66.700
67.450
68.290
69.140
69.950
70.810
71.710
72.580
73.460
74.380
75.270
76.160
77.020
77.850
78.730
79.650
80.490
81.390
82.200
83.030
83.900
84.710
85.580
86.450
87.320
88.180
89.010
89.890
90.750
91.570
92.400
93.230
94.090
94.960
95.830
96.690
97.610
98.460
99.300
100.130
101.020
101.900
102.670
103.520
104.350
105.250
106.130
106.970
107.840
108.700
109.580
110.470
111.380
112.210
113.070
113.910
114.770
115.640
116.550
117.420
118.280
119.160
120.010
120.870
121.720
122.580
123.460
124.360
125.260
126.150
127.010
127.890
128.770
129.610
130.500
131.360
132.230
133.090
133.960
134.810
135.670
136.500
137.390
138.220
139.090
139.970
140.840
141.720
142.580
143.480
144.360
145.240
146.110
146.960
147.830
148.700
149.560
150.450
151.330
152.180
153.040
153.910
154.760
155.590
156.490
157.310
158.210
159.040
159.900
160.760
161.630
162.520
163.410
164.330
165.230
166.100
166.950
167.790
168.650
169.530
170.390
171.270
172.150
173.110
174.020
174.970
175.840
176.680
177.550
178.400
179.260
180.200
181.110
182.070
182.920
183.810
184.680
185.540
186.470
187.340
188.220
189.140
190.060
190.930
191.850
192.720
193.670
194.570
195.500
196.410
197.360
198.270
199.230
200.210
201.190
201.980
202.790
203.570
204.330
205.140
205.960
206.540
207.180
207.780
208.400
208.980
209.600
210.200
210.780
211.350
211.990
212.610
213.270
213.890
214.510
215.150
215.790
216.450
217.100
217.730
218.370
219.090
219.850
220.530
221.230
221.940
222.690
223.400
224.070
224.820
225.500
226.180
226.940
227.730
228.540
229.300
230.120
230.860
231.650
232.420
233.180
234.020
234.880
235.790
236.590
237.460
238.270
239.110
239.930
240.830
241.630
242.490
243.300
244.090
244.920
245.680
246.470
247.230
248.020
248.740
249.500
250.260
251.050
251.810
252.520
253.260
254.010
254.690
255.370
256.080
256.790
257.550
258.250
258.970
259.700
260.390
261.160
261.860
262.620
263.350
264.100
264.910
265.640
266.430
267.210
