0.280
0.800
1.390
1.960
2.550
3.180
3.760
4.360
4.920
5.460
6.010
6.590
7.160
7.690
8.260
8.810
9.360
9.900
10.480
11.020
11.570
12.150
12.730
13.300
13.850
14.400
14.970
15.560
16.130
16.700
17.290
17.860
18.400
18.970
19.530
20.080
20.630
21.190
21.740
22.270
22.840
23.440
23.980
24.580
25.130
25.730
26.310
26.870
27.460
28.050
28.600
29.190
29.760
30.310
30.870
31.460
32.020
32.610
33.200
33.740
34.320
34.900
35.450
36.040
36.630
37.210
37.770
38.360
38.930
39.480
40.050
40.590
41.160
41.740
42.330
42.900
43.470
44.040
44.620
45.220
45.780
46.340
46.920
47.490
48.180
48.850
49.400
49.970
50.540
51.100
51.660
52.240
52.780
53.370
53.910
54.460
55.030
55.600
56.160
56.730
57.270
57.840
58.390
58.970
59.540
60.110
60.670
61.230
61.770
62.340
62.920
63.460
64.000
64.570
65.140
65.690
66.230
66.790
67.350
67.910
68.450
69.010
69.570
70.120
70.650
71.210
71.750
72.280
72.810
73.360
73.880
74.410
74.930
75.490
76.020
76.560
77.100
77.670
78.220
78.780
79.300
79.840
80.380
80.880
81.420
81.960
82.490
83.030
83.560
84.060
84.590
85.130
85.700
86.230
86.770
87.310
87.860
88.410
88.940
89.460
90.020
90.550
91.090
91.610
92.160
92.680
93.230
93.740
94.280
94.810
95.360
95.870
96.410
96.930
97.490
98.000
98.520
99.060
99.570
100.080
100.590
101.130
101.650
102.180
102.740
103.290
103.800
104.320
104.850
105.360
105.890
106.400
106.910
107.450
107.960
108.490
108.990
109.530
110.030
110.560
111.070
111.620
112.150
112.680
113.190
113.700
114.220
114.740
115.280
115.810
116.350
116.850
117.350
117.880
118.380
118.900
119.420
119.950
120.470
120.990
121.510
122.010
122.540
123.080
123.600
124.130
124.640
125.180
125.670
126.200
126.710
127.220
127.740
128.280
128.790
129.290
129.830
130.350
130.870
131.390
131.910
132.450
132.970
133.510
134.010
134.540
135.060
135.560
136.100
136.630
137.160
137.690
138.200
138.730
139.250
139.750
140.250
140.800
141.310
141.830
142.330
142.860
143.390
143.870
144.380
144.930
145.430
145.950
146.490
147.000
147.500
148.000
148.530
149.030
149.520
150.040
150.540
151.050
151.550
152.080
152.600
153.110
153.600
154.130
154.620
155.140
155.600
156.080
156.560
157.050
157.530
158.030
158.530
159.030
159.510
159.990
160.470
160.980
161.520
162.010
162.520
163.040
163.570
164.100
164.640
165.150
165.660
166.190
166.690
167.200
167.690
168.220
168.710
169.240
169.730
170.270
170.780
171.290
171.810
172.310
172.850
173.350
173.830
174.330
174.840
175.340
175.850
176.350
176.870
177.380
177.880
178.400
178.880
179.370
179.880
180.400
180.900
181.370
181.880
182.420
182.920
183.420
183.940
184.420
184.920
185.430
185.930
186.440
186.930
187.450
187.950
188.500
189.000
189.500
190.040
190.530
191.040
191.570
192.060
192.580
193.110
193.650
194.150
194.680
195.190
195.730
196.250
196.770
197.280
197.800
198.340
198.870
199.370
199.860
200.390
200.900
201.410
201.950
202.440
202.970
203.500
204.000
204.460
204.940
205.440
205.920
206.400
206.860
207.340
207.830
208.330
208.830
209.310
209.830
210.320
210.830
211.330
211.820
212.320
212.810
213.320
213.820
214.340
214.840
215.340
215.850
216.330
216.840
217.320
217.850
218.390
218.900
219.420
219.960
220.490
220.990
221.510
222.030
222.540
223.060
223.600
224.140
224.730
225.290
225.840
226.380
226.950
227.520
228.070
228.640
229.190
229.770
230.320
230.850
231.390
231.960
232.510
233.080
233.630
234.220
234.780
235.330
235.870
236.450
237.000
237.570
238.100
238.650
239.210
239.770
240.310
240.860
241.420
241.970
242.550
243.130
243.670
244.180
244.690
245.200
245.840
246.460
247.140
247.870
248.540
249.240
250.030
250.880
251.830
252.760
253.680
254.480
255.410
256.290
257.140
258.050
258.880
259.790
260.650
261.590
262.440
263.320
