0.290
0.710
1.140
1.560
1.980
2.380
2.790
3.210
3.630
4.050
4.450
4.850
5.270
5.680
6.090
6.480
6.890
7.300
7.730
8.160
8.570
8.990
9.400
9.800
10.220
10.640
11.070
11.460
11.870
12.290
12.700
13.110
13.530
13.940
14.350
14.750
15.160
15.580
16.000
16.400
16.810
17.230
17.640
18.050
18.460
18.880
19.280
19.670
20.070
20.490
20.900
21.320
21.730
22.140
22.540
22.960
23.390
23.820
24.230
24.630
25.050
25.460
25.880
26.290
26.680
27.110
27.530
27.950
28.350
28.780
29.180
29.590
30.030
30.440
30.870
31.290
31.700
32.120
32.550
32.960
33.370
33.790
34.230
34.620
35.040
35.450
35.850
36.280
36.680
37.090
37.520
37.930
38.340
38.740
39.150
39.550
39.950
40.360
40.760
41.170
41.580
41.980
42.380
42.790
43.200
43.610
44.000
44.410
44.820
45.230
45.620
46.030
46.430
46.840
47.250
47.660
48.070
48.470
48.880
49.290
49.700
50.100
50.520
50.920
51.330
51.730
52.130
52.540
52.940
53.370
53.780
54.190
54.600
54.950
55.290
55.630
56.030
56.450
56.850
57.260
57.660
58.070
58.480
58.880
59.280
59.680
60.090
60.480
60.880
61.290
61.680
62.080
62.490
62.910
63.300
63.710
64.110
64.500
64.920
65.300
65.720
66.130
66.520
66.930
67.330
67.740
68.140
68.530
68.940
69.350
69.750
70.150
70.550
70.930
71.330
71.720
72.110
72.500
72.910
73.300
73.710
74.100
74.490
74.890
75.280
75.700
76.090
76.490
76.900
77.300
77.670
78.070
78.450
78.870
79.270
79.660
80.060
80.460
80.840
81.240
81.630
82.020
82.410
82.820
83.210
83.610
83.990
84.390
84.770
85.170
85.560
85.960
86.360
86.750
87.150
87.540
87.940
88.330
88.730
89.120
89.510
89.880
90.270
90.670
91.060
91.450
91.850
92.240
92.630
93.020
93.410
93.800
94.200
94.600
95.020
95.430
95.850
96.260
96.670
97.080
97.490
97.900
98.290
98.690
99.100
99.480
99.880
100.260
100.660
101.040
101.440
101.830
102.230
102.630
103.020
103.410
103.800
104.210
104.600
105.000
105.380
105.770
106.170
106.570
106.950
107.350
107.740
108.120
108.510
108.900
109.280
109.680
110.060
110.470
110.870
111.260
111.660
112.060
112.440
112.840
113.240
113.640
114.030
114.430
114.830
115.200
115.600
116.000
116.390
116.800
117.190
117.600
117.980
118.390
118.780
119.190
119.570
119.970
120.350
120.740
121.150
121.540
121.930
122.300
122.700
123.080
123.490
123.900
124.300
124.700
125.090
125.460
125.860
126.250
126.640
127.050
127.440
127.830
128.220
128.620
129.000
129.400
129.790
130.200
130.600
130.990
131.380
131.790
132.180
132.590
133.000
133.390
133.800
134.180
134.590
134.970
135.370
135.770
136.180
136.570
136.980
137.390
137.780
138.180
138.580
138.980
139.380
139.770
140.160
140.570
140.960
141.370
141.760
142.180
142.570
142.980
143.380
143.770
144.160
144.560
144.950
145.340
145.730
146.130
146.510
146.910
147.300
147.690
148.080
148.450
148.850
149.230
149.650
150.050
150.440
150.830
151.250
151.630
152.000
152.370
152.750
153.170
153.570
153.950
154.330
154.730
155.120
155.510
155.900
156.300
156.690
157.060
157.460
157.850
158.250
158.640
159.040
159.420
159.800
160.170
160.560
160.950
161.310
161.700
162.050
162.400
162.780
163.190
163.580
163.950
164.300
164.690
165.070
165.480
165.860
166.250
166.650
167.030
167.430
167.810
168.200
168.580
168.970
169.360
169.750
170.140
170.520
170.920
171.290
171.690
172.070
172.460
172.850
173.240
173.630
174.020
174.400
174.800
175.190
175.580
175.970
176.350
176.720
177.120
177.490
177.890
178.290
178.680
179.070
179.470
179.850
180.250
180.630
181.040
181.430
181.800
182.200
182.580
182.970
183.360
183.760
184.140
184.500
184.880
185.280
185.650
186.030
186.410
186.790
187.200
187.580
187.980
188.370
188.730
189.120
189.490
189.870
190.300
190.710
191.100
191.500
191.900
192.300
192.700
193.110
193.530
193.910
194.310
194.720
195.130
195.530
195.940
196.340
196.760
197.160
197.560
197.960
198.360
198.760
199.170
199.580
199.980
200.400
200.790
201.190
201.600
201.990
202.400
202.790
203.210
203.610
204.010
204.410
204.820
205.230
205.630
206.020
206.430
206.840
207.240
207.640
208.040
208.430
208.850
209.240
209.660
210.050
210.470
210.860
211.270
211.660
212.070
212.490
212.890
213.310
213.710
214.110
214.520
214.950
215.360
215.760
216.180
216.580
217.000
217.390
217.800
218.200
218.610
219.010
219.400
219.770
220.170
220.480
220.810
221.120
221.440
221.770
222.080
222.400
222.730
223.040
223.370
223.680
224.010
224.320
224.650
224.960
225.280
225.610
225.920
226.240
226.570
226.880
227.210
227.520
227.850
228.160
228.480
228.800
229.120
