0.040
0.420
0.770
1.120
1.500
1.850
2.210
2.560
2.930
3.310
3.720
4.110
4.480
4.850
5.210
5.590
5.960
6.330
6.710
7.080
7.450
7.790
8.140
8.490
8.870
9.220
9.570
9.960
10.390
10.840
11.270
11.690
12.110
12.560
12.960
13.360
13.750
14.170
14.560
14.920
15.310
15.680
16.080
16.460
16.830
17.210
17.600
17.980
18.350
18.720
19.120
19.480
19.860
20.220
20.610
20.980
21.380
21.760
22.150
22.540
22.930
23.310
23.660
24.030
24.420
24.780
25.170
25.560
25.930
26.320
26.700
27.090
27.470
27.830
28.210
28.590
28.990
29.360
29.750
30.150
30.580
30.970
31.350
31.730
32.140
32.500
32.860
33.240
33.610
33.980
34.350
34.730
35.110
35.470
35.860
36.260
36.650
37.020
37.420
37.810
38.180
38.580
38.950
39.320
39.690
40.060
40.430
40.810
41.180
41.540
41.900
42.280
42.650
43.010
43.380
43.750
44.100
44.480
44.860
45.250
45.620
46.000
46.390
46.750
47.130
47.500
47.860
48.220
48.600
48.980
49.350
49.720
50.110
50.490
50.870
51.260
51.620
52.010
52.400
52.770
53.150
53.530
53.910
54.300
54.670
55.050
55.420
55.820
56.200
56.570
56.930
57.300
57.660
58.040
58.430
58.800
59.180
59.560
59.940
60.330
60.700
61.070
61.440
61.830
62.190
62.550
62.910
63.270
63.630
64.020
64.400
64.760
65.140
65.540
65.920
66.300
66.670
67.060
67.420
67.820
68.210
68.590
68.980
69.370
69.780
70.160
70.530
70.930
71.310
71.680
72.060
72.460
72.850
73.240
73.620
74.010
74.400
74.800
75.200
75.590
75.960
76.350
76.750
77.150
77.540
77.900
78.290
78.680
79.050
79.420
79.810
80.200
80.590
80.970
81.360
81.770
82.140
82.550
82.920
83.310
83.690
84.070
84.460
84.880
85.270
85.680
86.060
86.430
86.800
87.190
87.560
87.940
88.310
88.680
89.060
89.430
89.800
90.150
90.530
90.890
91.280
91.670
92.050
92.430
92.800
93.180
93.530
93.900
94.260
94.640
95.010
95.370
95.720
96.080
96.430
96.810
97.180
97.550
97.910
98.290
98.660
99.040
99.410
99.780
100.140
100.520
100.880
101.250
101.620
102.000
102.360
102.720
103.090
103.460
103.850
104.210
104.580
104.970
105.360
105.770
106.160
106.560
106.960
107.380
107.790
108.180
108.560
108.960
109.360
109.760
110.170
110.540
110.910
111.310
111.680
112.040
112.410
112.790
113.180
113.560
113.920
114.300
114.690
115.070
115.450
115.830
116.220
116.610
116.990
117.370
117.770
118.160
118.580
118.960
119.350
119.730
120.120
120.500
120.860
121.250
121.600
121.980
122.350
122.730
123.110
123.490
123.860
124.260
124.620
124.980
125.330
125.680
126.020
126.400
126.750
127.120
127.500
127.870
128.220
128.600
128.960
129.330
129.690
130.050
130.430
130.790
131.170
131.530
131.890
132.250
132.610
133.000
133.370
133.730
134.090
134.480
134.850
135.210
135.570
135.920
136.290
136.670
137.030
137.400
137.750
138.110
138.490
138.860
139.230
139.580
139.940
140.300
140.670
141.040
141.420
141.810
142.170
142.560
142.930
143.310
143.680
144.040
144.400
144.750
145.110
145.470
145.830
146.220
146.600
146.980
147.360
147.740
148.120
148.480
148.850
149.210
149.580
149.940
150.300
150.660
151.050
151.440
151.810
152.200
152.580
152.940
153.310
153.670
154.030
154.390
154.750
155.120
155.490
155.840
156.220
156.600
156.990
157.370
157.770
158.150
158.550
158.940
159.320
159.720
160.090
160.450
160.840
161.220
161.580
161.960
162.350
162.730
163.110
163.510
163.890
164.270
164.680
165.060
165.440
165.830
166.230
166.640
167.080
167.490
167.900
168.300
168.670
169.040
169.420
169.810
170.180
170.570
170.960
171.330
171.710
172.120
172.510
172.900
173.260
173.600
173.970
174.320
174.680
175.080
175.450
175.830
176.220
176.600
176.970
177.350
177.720
178.080
178.460
178.840
179.210
179.580
179.950
180.300
180.680
181.060
181.420
181.790
182.170
182.530
182.880
183.260
183.650
184.030
184.400
184.760
185.130
185.490
185.880
186.250
186.600
186.980
187.390
187.820
188.230
188.610
189.010
189.400
189.800
190.180
190.560
190.950
191.320
191.690
192.060
192.430
192.790
193.180
193.590
193.970
194.350
194.760
195.150
195.530
195.920
196.310
196.670
197.060
197.480
197.870
198.270
198.690
199.110
199.520
199.920
200.330
200.740
201.140
201.530
201.900
202.290
202.680
203.090
203.500
203.900
204.290
204.710
205.130
205.570
205.990
206.440
206.850
207.250
207.650
208.080
208.490
208.880
209.300
209.680
210.050
210.430
210.830
211.250
211.700
212.120
212.520
212.890
213.270
213.640
214.050
214.430
214.820
215.220
215.610
216.000
216.370
216.760
217.150
217.550
217.970
218.410
218.810
219.250
219.650
220.090
220.490
220.920
221.370
221.840
222.270
222.740
223.200
223.650
224.120
224.610
225.060
225.530
226.000
226.490
226.960
227.430
227.880
228.350
