12.690
13.440
14.140
14.880	1
15.680
16.460
17.220
17.950	1
18.740
19.470
20.200
20.940	1
21.650
22.400
23.170
23.910	1
24.650
25.400
26.130
26.900	1
27.690
28.440
29.190
29.960	1
30.730
31.500
32.220
33.010	1
33.810
34.600
35.380
36.140	1
36.940
37.720
38.520
39.310	1
40.100
40.890
41.670
42.450	1
43.230
43.980
44.770
45.530	1
46.330
47.100
47.890
48.660	1
49.500
50.260
51.090
51.860	1
52.630
53.410
54.190
54.970	1
55.760
56.520
57.350
58.100	1
58.900
59.650
60.390
61.170	1
61.930
62.710
63.460
64.230	1
64.960
65.720
66.510
67.280	1
68.070
68.830
69.610
70.400	1
71.180
71.970
72.720
73.500	1
74.260
75.000
75.750
76.500	1
77.280
78.010
78.770
79.510	1
80.270
81.070
81.860
82.620	1
83.400
84.200
84.970
85.720	1
86.540
87.300
88.050
88.790	1
89.470
90.190
90.900
91.600	1
92.340
93.110
93.870
94.590	1
95.310
95.980
96.720
97.410	1
98.140
98.880
99.610
100.310	1
101.050
101.810
102.560
103.300	1
104.010
104.760
105.500
106.230	1
106.960
107.730
108.490
109.210	1
110.000
110.790
111.530
112.300	1
113.090
113.880
114.630
115.390	1
116.140
116.940
117.720
118.500	1
119.280
120.080
120.860
121.660	1
122.490
123.240
124.040
124.820	1
125.560
126.340
127.070
127.860	1
128.630
129.410
130.190
130.980	1
131.740
132.560
133.330
134.090	1
134.880
135.660
136.420
137.200	1
137.950
138.740
139.540
140.310	1
141.090
141.850
142.630
143.420	1
144.180
144.940
145.730
146.500	1
147.270
148.090
148.870
149.650	1
150.420
151.190
151.930
152.730	1
153.510
154.310
155.080
155.870	1
156.630
157.410
158.170
158.970	1
159.800
160.540
161.280
162.010	1
162.740
163.460
164.200
164.950	1
165.670
166.440
167.230
167.990	1
168.760
169.540
170.320
171.080	1
171.830
172.590
173.340
174.060	1
174.800
175.520
176.270
176.980	1
177.740
178.530
179.320
180.110	1
180.900
181.670
182.460
183.280	1
184.050
184.860
185.610
186.380	1
187.140
187.950
188.720
189.510	1
190.310
191.090
191.850
192.610	1
193.400
194.200
194.990
195.800	1
196.590
197.370
198.150
198.940	1
199.710
200.480
201.250
202.030	1
202.800
203.600
204.430
205.200	1
205.970
206.760
207.540
208.310	1
209.030
209.800
210.560
211.390	1
212.220
213.010
213.770
214.550	1
215.310
216.120
216.890
217.660	1
218.450
219.220
220.000
220.770	1
221.570
222.420
223.190
223.990	1
224.820
225.630
226.410
227.200	1
228.010
228.800
229.610
230.380	1
231.220
232.020
232.790
233.600	1
234.400
235.190
235.980
236.790	1
237.610
238.380
239.150
239.930	1
240.740
241.520
242.270
243.070	1
243.870
244.670
245.470
246.310	1
247.080
247.870
248.680
249.450	1
250.250
251.040
251.860
252.640	1
253.470
254.290
255.070
255.870	1
256.730
257.530
258.320
259.140	1
259.970
260.780
261.580
262.360	1
263.160
263.930
264.710
265.500	1
266.290
267.100
267.900
268.710	1
269.530
270.330
271.110
271.900	1
272.730
273.520
274.310
275.110	1
275.870
276.670
277.470
278.300	1
279.100
279.930
280.710
281.500	1
282.360
283.160
283.950
284.750	1
285.590
286.420
287.220
288.070	1
288.890
289.680
290.460
291.270	1
292.110
292.910
293.710
294.500	1
295.330
296.160
297.000
297.840	1
298.640
299.460
300.290
301.260	1
424.840	1
425.500
426.220
426.890
427.580	1
428.260
428.960
429.680
430.430	1
431.150
431.920
432.630
433.390	1
434.150
434.890
435.620
436.360	1
437.140
437.890
438.650
439.390	1
440.140
440.910
441.660
442.450	1
443.200
443.970
444.770
445.560	1
446.320
447.100
447.840
448.610	1
449.390
450.150
450.920
451.690	1
452.450
453.230
454.000
454.780	1
455.540
456.310
457.110
457.890	1
458.650
459.430
460.210
460.970	1
461.760
462.530
463.330
464.110	1
464.890
465.650
466.380
467.150	1
467.950
468.710
469.470
470.240	1
471.000
471.770
472.550
473.340	1
474.130
474.970
475.760
476.560	1
477.390
478.160
478.940
479.750	1
480.540
481.310
482.130
482.890	1
483.700
484.530
485.320
486.100	1
486.920
487.720
488.520
489.350	1
490.180
491.040
491.850
492.680	1
493.480
494.260
495.030
495.850	1
496.660
497.440
498.250
499.070	1
499.910
500.750
501.570
502.350	1
503.160
504.000
504.780
505.630	1
506.420
507.240
508.110
508.880	1
509.690
510.480
511.300
512.120	1
512.940
513.750
514.560
515.360	1
516.220
517.030
517.860
518.670	1
519.510
520.290
521.110
521.880	1
522.650
523.460
524.320
525.120	1
525.970
526.740
527.580
528.400	1
529.230
530.040
530.850
531.670	1
532.430
533.210
534.030
534.860	1
535.740
536.550
537.340
538.170	1
538.990
539.840
540.630
541.410	1
542.190
542.940
543.700
544.450	1
545.170
545.910
546.630
547.380	1
548.160
548.900
549.660
550.430	1
551.200
551.960
552.740
553.530	1
554.300
555.050
555.840
556.630	1
557.410
558.180
558.950
559.710	1
560.480
561.260
562.040
562.850	1
563.630
564.380
565.180
565.970	1
566.770
567.550
568.320
569.100	1
569.920
570.690
571.470
572.240	1
573.030
573.770
574.520
575.290	1
576.100
576.900
577.660
578.460	1
579.240
580.050
580.840
581.640	1
582.450
583.220
584.010
584.820	1
585.600
586.430
587.220
588.020	1
588.810
589.570
590.380
591.190	1
591.960
592.760
593.580
594.340	1
595.160
595.950
596.750
597.540	1
598.330
599.120
599.880
600.680	1
601.460
602.250
603.060
603.860	1
604.640
605.420
606.190
606.980	1
607.780
608.600
609.390
610.170	1
610.980
611.810
612.580
613.350	1
614.130
614.920
615.740
616.520	1
617.290
618.100
618.880
619.710	1
620.480
621.280
622.070
622.870	1
623.700
624.470
625.290
626.090	1
626.880
627.670
628.470
629.280	1
630.070
630.880
631.690
632.480	1
633.320
634.120
634.920
635.720	1
636.550
637.370
638.150
638.970	1
639.790
640.580
641.360
642.170	1
643.000
643.800
644.610
645.430	1
646.250
647.060
647.860
648.680	1
649.530
650.320
651.130
651.960	1
652.800
653.610
654.420
655.250	1
656.040
656.850
657.670
658.470	1
659.300
660.100
660.920
661.720	1
662.540
663.340
664.140
664.950	1
665.790
666.680
667.510
668.410	1
669.210
669.990
670.930
671.900	1
672.800
673.790
674.620
675.520	1
676.430
677.240
678.070
678.920	1
679.710
680.550
681.360
682.210	1
683.060
683.850
684.650
685.490	1
686.250
687.070
