0.510	1
0.810
1.110
1.395
1.680	1
1.975
2.270
2.540
2.810	1
3.105
3.400
3.680
3.960	1
4.250
4.540
4.830
5.120	1
5.400
5.680
5.960
6.240	1
6.525
6.810
7.095
7.380	1
7.660
7.940
8.225
8.510	1
8.790
9.070
9.350
9.630	1
9.915
10.200
10.485
10.770	1
11.055
11.340
11.625
11.910	1
12.195
12.480
12.770
13.060	1
13.345
13.630
13.915
14.200	1
14.485
14.770
15.055
15.340	1
15.625
15.910
16.200
16.490	1
16.765
17.040
17.325
17.610	1
17.880
18.150
18.435
18.720	1
19.005
19.290
19.585
19.880	1
20.180
20.480
20.770
21.060	1
21.365
21.670
21.945
22.220	1
22.505
22.790
23.070
23.350	1
23.640
23.930
24.225
24.520	1
24.810
25.100
25.395
25.690	1
25.980
26.270
26.540
26.810	1
27.090
27.370
27.650
27.930	1
28.220
28.510
28.785
29.060	1
29.340
29.620
29.920
30.220	1
30.505
30.790
31.060
31.330	1
31.625
31.920
32.210
32.500	1
32.785
33.070
33.340
33.610	1
33.905
34.200
34.485
34.770	1
35.060
35.350
35.625
35.900	1
36.180
36.460
36.755
37.050	1
37.350
37.650
37.925
38.200	1
38.480
38.760
39.060
39.360	1
39.645
39.930
40.215
40.500	1
40.770
41.040
41.320
41.600	1
41.890
42.180
42.460
42.740	1
43.020
43.300
43.600
43.900	1
44.180
44.460
44.730
45.000	1
45.275
45.550
45.845
46.140	1
46.440
46.740
47.030
47.320	1
47.600
47.880
48.170
48.460	1
48.745
49.030
49.320
49.610	1
49.900
50.190
50.480
50.770	1
51.055
51.340
51.620
51.900	1
52.190
52.480
52.765
53.050	1
53.350
53.650
53.930
54.210	1
54.500
54.790
55.075
55.360	1
55.650
55.940
56.210
56.480	1
56.775
57.070
57.355
57.640	1
57.930
58.220
58.505
58.790	1
59.075
59.360
59.640
59.920	1
60.205
60.490
60.770
61.050	1
61.335
61.620
61.915
62.210	1
62.490
62.770
63.055
63.340	1
63.620
63.900
64.190
64.480	1
64.765
65.050
65.345
65.640	1
65.930
66.220
66.500
66.780	1
67.090
67.400
67.690
67.980	1
68.275
68.570
68.855
69.140	1
69.415
69.690
69.970
70.250	1
70.540
70.830
71.120
71.410	1
71.700
71.990
72.260
72.530	1
72.820
73.110
73.400
73.690	1
73.985
74.280
74.570
74.860	1
75.150
75.440
75.730
76.020	1
76.300
76.580
76.870
77.160	1
77.450
77.740
78.010
78.280	1
78.570
78.860
79.140
79.420	1
79.705
79.990
80.290
80.590	1
80.880
81.170
81.460
81.750	1
82.030
82.310
82.590
82.870	1
83.165
83.460
83.745
84.030	1
84.325
84.620
84.910
85.200	1
85.490
85.780
86.065
86.350	1
86.640
86.930
87.210
87.490	1
87.785
88.080
88.370
88.660	1
88.955
89.250
89.535
89.820	1
90.115
90.410
90.705
91.000	1
91.300
91.600
91.885
92.170	1
92.455
92.740
93.025
93.310	1
93.590
93.870
94.165
94.460	1
94.730
95.000
95.280
95.560	1
95.855
96.150
96.425
96.700	1
96.990
97.280
97.560
97.840	1
98.125
98.410
98.705
99.000	1
99.300
99.600
99.875
100.150	1
100.450
100.750
101.035
101.320	1
101.595
101.870
102.170
102.470	1
102.775
103.080
103.370
103.660	1
103.965
104.270
104.565
104.860	1
105.145
105.430
105.710
105.990	1
106.280
106.570
106.860
107.150	1
107.445
107.740
108.035
108.330	1
108.640
108.950
109.245
109.540	1
109.835
110.130
110.415
110.700	1
110.990
111.280
111.585
111.890	1
112.190
112.490
112.780
113.070	1
113.360
113.650
113.930
114.210	1
114.490
114.770
115.055
115.340	1
115.635
115.930
116.210
116.490	1
116.775
117.060
117.365
117.670	1
117.970
118.270
118.560
118.850	1
119.135
119.420
119.700
119.980	1
120.270
120.560
120.850
121.140	1
121.435
121.730
122.025
122.320	1
122.610
122.900
123.190
123.480	1
123.765
124.050
124.340
124.630	1
124.910
125.190
125.485
125.780	1
126.075
126.370
126.650
126.930	1
127.225
127.520
127.810
128.100	1
128.385
128.670
128.960
129.250	1
129.555
129.860
130.155
130.450	1
130.735
131.020
131.330
131.640	1
131.925
132.210
132.500
132.790	1
133.080
133.370
133.650
133.930	1
134.235
134.540
134.825
135.110	1
135.400
135.690
136.005
136.320	1
136.620
136.920
137.210
137.500	1
137.800
138.100
138.380
138.660	1
138.960
139.260
139.555
139.850	1
140.145
140.440
140.730
141.020	1
141.295
141.570
141.870
142.170	1
142.465
142.760
143.075
143.390	1
143.685
143.980
144.270
144.560	1
144.860
145.160
145.460
145.760	1
146.055
146.350
146.625
146.900	1
147.190
147.480
147.775
148.070	1
148.375
148.680
148.975
149.270
149.555
149.840
150.125
150.410
150.695
150.980
151.275
151.570
151.855
152.140
152.430
152.720
153.005
153.290
153.580
153.870
154.145
154.420
154.695
154.970
155.260
155.550
155.825
156.100
156.370
156.640
156.920
157.200
157.495
157.790
158.080
158.370
158.665
158.960
159.230
159.500
159.795
160.090
160.350
160.610
160.890
161.170
161.445
161.720
162.020
162.320
162.575
162.830
163.100
163.370
163.635
163.900
164.180
164.460
164.740
165.020
165.310
165.600
165.871
166.141
166.405
166.669
166.935
167.200
167.465
167.731
168.005
168.280
168.555
168.829
169.089
169.349
169.605
169.861
170.141
170.421
170.676
170.931
171.205
171.480
171.760
172.040
172.305
172.571
172.836
173.101
173.376
173.651
173.905
174.160
174.431
174.701
174.961
175.221
175.501
175.781
176.045
176.309
176.565
176.821
177.061
177.301
177.556
177.811
178.085
178.360
178.611
178.861
179.125
179.389
179.665
179.941
180.211
180.480
180.771
181.061
181.331
181.600
181.871
182.141
182.385
182.628
182.923
183.217
183.492
183.767
184.032
184.297
184.577
184.857
185.123
185.388
185.672
185.956
186.232
186.508
186.783
187.057
187.307
187.556
187.832
188.108
188.372
188.636
188.912
189.188
189.437
189.687
189.952
190.217
190.497
190.777
191.043
191.308
191.577
191.847
192.121
192.396
192.641
192.887
193.161
193.436
193.721
194.007
194.292
194.577
194.843
195.108
195.377
195.647
195.907
196.167
196.441
196.716
196.987
197.257
197.517
197.777
198.043
198.308
198.557
198.807
199.087
199.367
199.652
199.937
200.192
200.447
200.712
200.977
201.247
201.516
201.756
201.996
202.272
202.548
202.817
203.087
203.352
203.617
203.877
204.137
204.372
204.607
204.857
205.108
205.363
205.617
205.883
206.148
206.408
206.668
206.928
207.188
207.457
207.727
207.997
208.268
208.528
208.788
209.043
209.297
209.563
209.828
210.088
210.348
210.603
210.857
211.112
211.367
211.612
211.857
212.112
212.367
212.617
212.868
213.123
213.377
213.643
213.908
214.148
214.388
214.632
214.876
215.121
215.367
215.627
215.887
216.141
216.396
216.652
216.908
217.163
217.417
217.667
217.916
218.201
218.487
218.747
219.007
219.292
219.577
219.832
220.087
220.372
220.657
220.917
221.177
221.443
221.708
221.957
222.207
222.461
222.716
222.976
223.236
223.507
223.777
224.047
224.316
224.592
224.868
225.132
225.396
225.652
225.908
226.177
226.447
226.721
226.996
227.276
227.556
227.812
228.068
228.332
228.596
228.867
229.137
229.407
229.676
229.932
230.188
230.432
230.676
230.941
231.207
231.457
231.708
231.988
232.268
232.537
232.807
233.088
233.370	1
233.665
233.960
234.240
234.520	1
234.790
235.060
235.345
235.630	1
235.885
236.140
236.405
236.670	1
236.930
237.190
237.455
237.720	1
237.980
238.240
238.505
238.770	1
239.030
239.290
239.565
239.840	1
240.095
240.350
240.610
240.870	1
241.135
241.400
241.665
241.930	1
242.200
242.470
242.740
243.010	1
243.285
243.560
243.835
244.110	1
244.365
244.620
244.890
245.160	1
245.415
245.670
245.935
246.200	1
246.475
246.750
247.020
247.290	1
247.550
247.810
248.070
248.330	1
248.595
248.860
249.125
249.390	1
249.650
249.910
250.175
250.440	1
250.710
250.980
251.250
251.520	1
251.770
252.020
252.280
252.540	1
252.800
253.060
253.320
253.580	1
253.850
254.120
254.370
254.620	1
254.885
255.150
255.410
255.670	1
255.930
256.190
256.455
256.720	1
256.980
257.240
257.505
257.770	1
258.035
258.300
258.565
258.830	1
259.105
259.380
259.660
259.940	1
260.200
260.460
260.725
260.990	1
261.255
261.520
261.795
262.070	1
262.335
262.600
262.875
263.150	1
263.410
263.670
263.940
264.210	1
264.490
264.770
265.030
265.290	1
265.545
265.800
266.085
266.370	1
266.635
266.900
267.160
267.420	1
267.690
267.960
268.230
268.500	1
268.755
269.010
269.275
269.540	1
269.805
270.070
270.345
270.620	1
270.880
271.140
271.400
271.660	1
271.930
272.200
272.465
272.730	1
273.000
273.270
273.530
273.790	1
274.045
274.300
274.570
274.840	1
275.100
275.360
275.625
275.890	1
276.170
276.450
276.705
276.960	1
277.230
277.500
277.775
278.050	1
278.330
278.610
278.870
279.130	1
279.405
279.680
279.940
280.200	1
280.465
280.730
280.990
281.250	1
281.525
281.800
282.050
282.300	1
282.585
282.870
283.135
283.400	1
283.660
283.920
284.200
284.480	1
284.755
285.030
285.305
285.580	1
285.850
286.120
286.390
286.660	1
286.935
287.210
287.480
287.750	1
288.035
288.320
288.580
288.840	1
289.115
289.390
289.670
289.950	1
290.220
290.490
290.755
291.020	1
291.300
291.580
291.835
292.090	1
292.360
292.630
292.905
293.180	1
293.455
293.730
294.000
294.270	1
294.555
294.840
295.110
295.380	1
295.645
295.910
296.185
296.460	1
296.730
297.000
297.280
297.560	1
297.830
298.100
298.375
298.650	1
298.930
299.210
299.475
299.740	1
300.020
300.300
300.570
300.840	1
301.110
301.380
301.650
301.920	1
302.200
302.480
302.760
303.040	1
303.315
303.590
303.865
304.140	1
304.410
304.680
304.960
305.240	1
305.515
305.790
306.055
306.320	1
306.590
306.860
307.130
307.400	1
307.670
307.940
308.200
308.460	1
308.730
309.000
309.260
309.520	1
309.785
310.050
310.330
310.610	1
310.875
311.140
311.405
311.670	1
311.935
312.200
312.470
312.740	1
313.010
313.280
313.545
313.810	1
314.075
314.340
314.610
314.880	1
315.140
315.400
315.670
315.940	1
316.215
316.490
316.750
317.010	1
317.275
317.540
317.810
318.080	1
318.350
318.620
318.875
319.130	1
319.395
319.660
319.930
320.200	1
320.465
320.730
320.995
321.260	1
321.525
321.790
322.055
322.320	1
322.590
322.860
323.125
323.390	1
323.655
323.920
324.175
324.430	1
324.695
324.960
325.225
325.490	1
325.755
326.020
326.285
326.550	1
326.820
327.090
327.355
327.620	1
327.880
328.140
328.405
328.670	1
328.935
329.200
329.465
329.730	1
329.995
330.260
330.525
330.790	1
331.060
331.330
331.585
331.840	1
332.110
332.380
332.640
332.900	1
333.160
333.420
333.685
333.950	1
334.215
334.480
334.735
334.990	1
335.250
335.510
335.775
336.040	1
336.300
336.560
336.830
337.100	1
337.355
337.610
337.880
338.150	1
338.410
338.670
338.930
339.190	1
339.455
339.720
339.985
340.250	1
340.515
340.780
341.040
341.300	1
341.555
341.810
342.075
342.340	1
342.600
342.860
343.125
343.390	1
343.650
343.910
344.170
344.430	1
344.695
344.960
345.225
345.490	1
345.750
346.010
346.270
346.530	1
346.790
347.050
347.310
347.570	1
347.835
348.100
348.355
348.610	1
348.865
349.120
349.380
349.640	1
349.910
350.180
350.440
350.700	1
350.965
351.230
351.490
351.750	1
352.010
352.270
352.535
352.800	1
353.065
353.330
353.595
353.860	1
354.125
354.390
354.650
354.910	1
355.170
355.430
355.695
355.960	1
356.220
356.480
356.745
357.010	1
357.270
357.530
357.785
358.040	1
358.315
358.590
358.850
359.110	1
359.370
359.630
359.890
360.150	1
360.415
360.680
360.935
361.190	1
361.460
361.730
361.990
362.250	1
362.510
362.770
363.030
363.290	1
363.545
363.800
364.060
364.320	1
364.585
364.850
365.105
365.360	1
365.625
365.890
366.160
366.430	1
366.685
366.940
367.205
367.470	1
367.735
368.000
368.250
368.500	1
368.750
369.000
369.260
369.520	1
369.800
370.080
370.355
370.630	1
370.895
371.160
371.445
371.730	1
371.995
372.260
372.515
372.770	1
373.035
373.300
373.545
373.790	1
374.075
374.360
374.625
374.890	1
375.170
375.450
375.725
376.000	1
376.260
376.520
376.785
377.050	1
377.310
377.570
377.830
378.090	1
378.365
378.640
378.905
379.170	1
379.440
379.710
379.990
380.270	1
380.540
380.810
381.070
381.330	1
381.595
381.860
382.125
382.390	1
382.655
382.920
383.200
383.480	1
383.760
384.040
384.310
384.580	1
384.855
385.130
385.395
385.660	1
385.930
386.200
386.470
386.740	1
387.030
387.320
387.590
387.860	1
388.140
388.420
388.705
388.990	1
389.275
389.560
389.830
390.100	1
390.355
390.610
390.865
391.120	1
391.385
391.650
391.940
392.230	1
392.490
392.750
393.040
393.330	1
393.595
393.860
394.110
394.360	1
394.630
394.900
395.165
395.430	1
395.725
396.020
396.300
396.580	1
396.855
397.130
397.400
397.670	1
397.965
398.260
398.530
398.800	1
399.065
399.330
399.610
399.890	1
400.185
400.480
400.750
401.020	1
401.300
401.580
401.870
402.160	1
402.460
402.760
403.050
403.340	1
