0.250
0.590
0.940
1.280
1.610
1.950
2.300
2.640
2.970
3.300
3.630
3.950
4.290
4.630
4.970
5.310
5.650
5.980
6.310
6.650
7.000
7.350
7.690
8.010
8.350
8.690
9.020
9.350
9.700
10.040
10.390
10.710
11.050
11.390
11.730
12.060
12.370
12.670
12.980
13.290
13.640
13.980
14.330
14.670
15.000
15.360
15.700
16.050
16.390
16.750
17.090
17.440
17.790
18.150
18.500
18.850
19.190
19.550
19.900
20.250
20.600
20.960
21.310
21.660
22.020
22.380
22.730
23.090
23.440
23.800
24.160
24.530
24.870
25.220
25.540
25.890
26.220
26.580
26.930
27.270
27.610
27.960
28.310
28.680
29.020
29.380
29.720
30.080
30.420
30.770
31.120
31.470
31.810
32.180
32.530
32.890
33.240
33.590
33.950
34.300
34.660
35.020
35.370
35.730
36.060
36.410
36.740
37.080
37.420
37.770
38.110
38.440
38.780
39.120
39.460
39.790
40.140
40.500
40.840
41.190
41.530
41.890
42.230
42.570
42.920
43.260
43.600
43.940
44.290
44.630
44.960
45.300
45.650
45.990
46.330
46.670
47.010
47.340
47.680
48.030
48.360
48.710
49.040
49.380
49.710
50.060
50.430
50.760
51.120
51.480
51.840
52.210
52.550
52.890
53.250
53.600
53.950
54.310
54.660
55.020
55.360
55.720
56.070
56.420
56.770
57.130
57.490
57.850
58.190
58.530
58.880
59.220
59.560
59.910
60.250
60.600
60.970
61.320
61.650
62.020
62.350
62.700
63.020
63.370
63.700
64.060
64.390
64.740
65.080
65.420
65.740
66.080
66.400
66.760
67.100
67.440
67.780
68.110
68.440
68.780
69.120
69.470
69.820
70.150
70.480
70.820
71.160
71.500
71.840
72.190
72.540
72.880
73.220
73.560
73.890
74.220
74.560
74.900
75.230
75.570
75.890
76.230
76.550
76.880
77.230
77.570
77.940
78.280
78.620
78.950
79.290
79.650
79.980
80.290
80.620
80.960
81.300
81.640
82.000
82.350
82.680
83.040
83.400
83.730
84.100
84.430
84.780
85.120
85.460
85.790
86.150
86.480
86.830
87.170
87.520
87.860
88.200
88.550
88.920
89.250
89.590
89.920
90.270
90.600
90.940
91.260
91.590
91.930
92.270
92.610
92.960
93.280
93.600
93.950
94.280
94.610
94.960
95.290
95.620
95.970
96.300
96.640
96.990
97.330
97.680
98.010
98.350
98.690
99.020
99.370
99.700
100.050
100.400
100.740
101.080
101.450
101.770
102.120
102.460
102.790
103.130
103.490
103.810
104.140
104.470
104.800
105.150
105.490
105.840
106.190
106.540
106.880
107.220
107.560
107.900
108.240
108.570
108.910
109.240
109.580
109.920
110.270
110.610
110.950
111.290
111.630
111.960
112.300
112.650
112.990
113.330
113.670
114.000
114.330
114.650
114.980
115.310
115.640
115.980
116.320
116.650
117.000
117.330
117.680
118.010
118.350
118.690
119.040
119.370
119.710
120.040
120.370
120.720
121.050
121.390
121.730
122.060
122.410
122.740
123.070
123.410
123.740
124.070
124.400
124.740
125.080
125.410
125.750
126.070
126.390
126.740
127.080
127.400
127.760
128.080
128.420
128.740
129.090
129.420
129.770
130.090
130.440
130.760
131.080
131.410
131.740
132.070
132.420
132.750
133.080
133.410
133.740
134.070
134.390
134.700
135.020
135.350
135.690
136.020
136.350
136.680
137.010
137.350
137.680
138.010
138.370
138.700
139.020
139.350
139.690
140.030
140.370
140.700
141.040
141.380
141.720
142.070
142.410
142.740
143.060
143.380
143.720
144.040
144.380
144.710
145.060
145.410
145.750
146.090
146.430
146.750
147.070
147.410
147.740
148.080
148.420
148.740
149.080
149.430
149.760
150.110
150.450
150.790
151.140
151.470
151.810
152.150
152.500
152.830
153.160
153.500
153.840
154.170
154.500
154.820
155.160
155.500
155.830
156.150
156.490
156.840
157.180
157.510
157.860
158.200
158.560
158.920
159.280
159.630
159.990
160.350
160.710
161.060
161.420
161.800
162.150
162.500
162.870
163.230
163.600
163.930
164.290
164.650
165.010
165.350
165.730
166.080
166.440
166.790
167.160
167.520
167.850
168.220
168.560
168.900
169.240
169.580
169.900
170.210
170.530
170.860
171.210
171.560
171.920
172.260
172.620
172.960
173.320
173.660
174.020
174.380
174.750
175.090
175.440
175.800
176.160
176.530
176.870
177.230
177.600
177.970
178.310
178.680
179.040
179.410
179.770
180.110
180.470
180.810
181.160
181.520
181.860
182.190
182.510
182.830
183.150
183.470
183.790
184.110
184.440
184.760
