0.390
1.460
2.510
3.550
4.590
5.550
6.600
7.660
8.680
9.690
10.720
11.760
12.810
13.880
14.780
15.640
16.570
17.400
18.330
19.160
20.050
20.970
21.820
22.660
23.530
24.420
25.280
26.140
26.910
27.710
28.530
29.270
29.980
30.740
31.460
32.160
32.910
33.660
34.400
35.130
35.870
36.600
37.380
38.090
38.840
39.660
40.450
41.430
42.520
43.540
44.690
45.730
46.830
47.900
49.050
50.140
51.110
52.200
53.210
54.190
55.200
56.210
57.160
58.140
59.230
60.300
61.420
62.500
63.570
64.620
65.690
66.680
67.340
67.910
68.520
69.040
69.570
70.120
70.680
71.210
71.760
72.310
72.880
73.450
74.040
74.640
75.230
75.800
76.390
77.000
77.580
78.190
78.810
79.410
80.000
80.560
81.160
81.760
82.350
82.950
83.580
84.150
84.770
85.360
85.980
86.560
87.160
87.770
88.380
88.990
89.570
90.210
90.800
91.430
92.020
92.630
93.230
93.850
94.450
95.040
95.660
96.260
96.840
97.440
98.080
98.710
99.330
99.940
100.550
101.190
101.790
102.410
103.000
103.640
104.240
104.890
105.490
106.110
106.720
107.360
107.990
108.630
109.260
109.870
110.520
111.180
111.800
112.430
113.030
113.640
114.260
114.870
115.490
116.080
116.690
117.300
117.920
118.560
119.160
119.760
120.400
121.000
121.580
122.190
122.790
123.430
124.060
124.660
125.300
125.930
126.550
127.200
127.810
128.450
129.080
129.720
130.360
130.990
131.630
132.260
132.920
133.540
134.160
134.820
135.440
136.100
136.710
137.370
137.990
138.620
139.240
139.830
140.450
141.060
141.680
142.300
142.910
143.540
144.160
144.780
145.410
146.010
146.610
147.230
147.870
148.540
149.160
149.780
150.410
151.030
151.670
152.310
152.940
153.580
154.180
154.810
155.450
156.050
156.690
157.350
157.980
158.620
159.250
159.900
160.500
161.150
161.740
162.350
162.970
163.600
164.250
164.870
165.510
166.110
166.740
167.390
168.000
168.620
169.240
169.870
170.500
171.120
171.710
172.330
172.980
173.590
174.240
174.860
175.470
176.130
176.770
177.410
178.010
178.640
179.280
179.920
180.550
181.140
181.770
182.400
183.040
183.680
184.310
184.920
185.520
186.130
186.750
187.360
187.980
188.560
189.180
189.780
190.380
190.960
191.560
192.140
192.780
193.380
194.010
194.610
195.230
195.860
196.470
197.090
197.710
198.350
198.980
199.630
200.240
200.880
201.500
202.160
202.800
203.440
204.060
204.720
205.370
206.020
206.660
207.340
207.980
208.660
209.290
209.950
210.590
211.250
211.870
212.540
213.160
213.820
214.440
215.080
215.710
216.350
217.010
217.630
218.270
218.940
219.560
220.220
220.840
221.480
222.120
222.780
223.420
224.080
224.710
225.340
226.010
226.670
227.290
227.910
228.560
229.230
229.880
230.510
231.140
231.800
232.410
233.050
233.670
234.310
234.950
235.570
236.200
236.840
237.440
238.080
238.690
239.330
239.920
240.560
241.190
241.800
242.370
243.000
243.580
244.230
244.860
245.460
246.120
246.740
247.400
248.110
248.760
249.480
250.130
250.820
251.550
252.300
253.060
253.840
254.610
255.420
256.220
257.050
257.820
258.640
259.470
260.260
261.210
262.150
263.160
264.090
265.090
266.030
267.080
268.010
269.050
270.010
270.950
271.870
272.830
273.820
274.720
275.700
276.680
277.630
278.580
279.580
280.590
281.520
282.350
283.250
284.000
284.780
285.540
286.300
287.080
287.870
288.630
289.370
290.180
