0.600
1.440
2.320
3.180
4.040
4.910
5.820
6.650
7.530
8.370
9.260
10.080
10.930
11.830
12.720
13.530
14.400
15.250
16.060
16.930
17.800
18.590
19.410
20.280
21.070
21.930
22.750
23.600
24.420
25.190
26.010
26.870
27.720
28.540
29.370
30.190
31.050
31.880
32.740
33.540
34.380
35.200
35.990
36.820
37.640
38.480
39.260
40.100
40.920
41.750
42.530
43.350
44.180
45.020
45.880
46.710
47.530
48.350
49.150
49.990
50.810
51.650
52.490
53.320
54.160
54.980
55.820
56.600
57.460
58.310
59.140
59.980
60.820
61.640
62.450
63.330
64.140
64.980
65.820
66.690
67.490
68.310
69.140
70.010
70.810
71.670
72.470
73.270
74.130
74.900
75.750
76.540
77.420
78.240
79.100
79.900
80.730
81.250
81.650
82.070
82.510
82.930
83.330
83.750
84.180
84.590
85.030
85.460
85.880
86.290
86.720
87.130
87.560
87.980
88.400
88.810
89.230
89.640
90.060
90.490
90.910
91.320
91.720
92.150
92.570
92.980
93.400
93.830
94.280
94.700
95.140
95.570
96.000
96.430
96.860
97.270
97.710
98.130
98.570
98.980
99.410
99.840
100.270
100.690
101.110
101.540
101.960
102.380
102.820
103.240
103.680
104.100
104.530
104.950
105.370
105.790
106.210
106.630
107.050
107.480
107.890
108.310
108.740
109.160
109.600
110.040
110.460
110.880
111.310
111.730
112.160
112.590
113.020
113.460
113.880
114.300
114.730
115.160
115.590
116.010
116.440
116.870
117.310
117.720
118.150
118.600
119.030
119.460
119.880
120.300
120.730
121.170
121.590
122.030
122.460
122.880
123.320
123.740
124.170
124.590
125.020
125.460
125.880
126.310
126.750
127.170
127.610
128.050
128.480
128.900
129.340
129.770
130.210
130.650
131.090
131.520
131.950
132.360
132.800
133.230
133.680
134.110
134.550
135.010
135.450
135.880
136.320
136.740
137.190
137.610
138.040
138.460
138.920
139.360
139.790
140.240
140.680
141.110
141.540
141.980
142.420
142.840
143.280
143.690
144.130
144.570
145.000
145.430
145.870
146.310
146.750
147.180
147.620
148.050
148.490
148.920
149.350
149.790
150.230
150.670
151.120
151.560
151.990
152.420
152.850
153.280
153.710
154.150
154.580
155.010
155.460
155.890
156.320
156.770
157.210
157.640
158.090
158.530
158.950
159.390
159.830
160.280
160.710
161.140
161.570
161.980
162.410
162.850
163.270
163.710
164.140
164.600
165.040
165.480
165.920
166.350
166.790
167.220
167.680
168.120
168.560
169.000
169.420
169.870
170.300
170.730
171.170
171.590
172.030
172.460
172.900
173.360
173.780
174.200
174.640
175.080
175.520
175.960
176.390
176.840
177.290
177.730
178.180
178.620
179.060
179.520
179.960
180.400
180.840
181.280
181.740
182.180
182.640
183.090
183.520
183.990
184.430
184.860
185.300
185.730
186.170
186.630
187.070
187.490
187.950
188.390
188.860
189.300
189.740
190.190
190.620
191.070
191.510
191.940
192.390
192.820
193.270
193.700
194.150
194.570
195.020
195.470
195.900
196.350
196.780
197.200
197.630
198.080
198.510
198.950
199.390
199.830
200.270
200.700
201.110
201.550
201.990
202.420
202.840
203.290
203.750
204.190
204.630
205.090
205.540
205.980
206.410
206.840
207.270
207.670
208.120
208.540
208.980
209.410
209.840
210.300
210.730
211.160
211.590
212.040
212.460
212.910
213.330
213.750
214.190
214.610
215.010
215.430
215.870
216.280
216.730
217.160
217.610
218.030
218.450
218.890
219.310
219.730
220.130
220.550
220.960
221.380
221.800
222.230
222.680
223.100
223.530
223.950
224.370
224.800
225.220
225.650
226.080
226.520
226.950
227.360
227.790
228.230
228.680
229.140
229.560
230.010
230.450
230.880
231.340
231.760
232.180
232.590
233.040
233.510
233.980
234.430
234.870
235.300
235.730
236.170
236.620
237.060
237.500
237.910
238.350
238.790
239.250
239.690
240.120
240.570
241.000
241.440
241.890
242.310
242.760
243.210
243.670
244.110
244.550
244.970
245.410
245.840
246.240
246.680
247.120
247.540
247.980
248.410
248.830
249.250
249.700
250.140
250.600
251.060
251.490
251.950
252.410
252.840
253.290
253.710
254.170
254.590
255.050
255.470
255.910
256.330
256.730
257.180
257.590
258.020
258.460
258.890
259.330
259.760
260.220
260.670
261.120
261.570
262.010
262.470
262.910
263.360
263.790
264.220
264.670
265.110
265.570
266.010
266.470
266.930
267.380
267.810
268.260
268.700
269.150
269.580
270.010
270.460
270.890
271.330
271.770
272.210
272.640
273.080
273.520
273.950
274.380
274.820
275.260
275.690
276.120
276.530
276.960
277.410
277.820
278.250
278.690
279.130
279.580
280.050
280.520
280.970
281.410
281.860
282.310
282.740
283.180
283.620
284.080
284.520
284.950
285.390
285.840
286.280
286.710
287.170
287.600
288.050
288.500
288.950
289.400
289.850
290.290
290.740
291.190
291.640
292.090
292.530
292.970
293.440
293.870
294.330
294.770
295.230
295.670
296.100
296.530
296.970
297.440
297.890
298.340
298.790
299.230
299.690
300.140
300.590
301.030
301.490
301.920
302.370
302.830
303.270
303.720
304.190
304.630
305.070
305.510
305.930
306.370
306.820
307.260
307.720
308.160
308.600
309.070
309.540
310.030
310.500
310.960
311.420
311.870
312.340
312.790
313.250
313.730
314.180
314.630
315.090
315.570
316.030
316.490
316.940
317.400
317.850
318.300
318.750
319.220
319.710
320.190
320.660
321.160
321.640
322.100
322.540
323.020
323.480
323.940
324.390
324.840
325.320
325.780
326.240
326.670
327.130
327.590
328.040
328.470
328.940
329.370
329.840
330.310
330.750
331.230
331.680
