0.420
1.190
1.930
2.660
3.350
4.090
4.830
5.520
6.040
6.580
7.080
7.620
8.150
8.660
9.170
9.730
10.230
10.790
11.290
11.850
12.380
12.910
13.410
13.950
14.510
15.110
15.660
16.270
16.940
17.620
18.350
19.170
19.920
20.760
21.620
22.520
23.380
24.250
25.210
26.130
27.050
27.800
28.570
29.310
30.070
30.900
31.680
32.500
33.340
34.220
35.120
36.050
36.960
37.810
38.720
39.580
40.350
41.120
41.860
42.570
43.300
43.990
44.660
45.370
46.000
46.590
47.200
47.840
48.570
49.230
49.820
50.400
51.020
51.570
52.100
52.660
53.230
53.730
54.240
54.740
55.260
55.760
56.280
56.780
57.280
57.700
58.140
58.590
59.020
59.390
59.750
60.090
60.450
60.830
61.180
61.540
61.900
62.260
62.610
62.970
63.330
63.720
64.080
64.450
64.820
65.190
65.570
65.920
66.290
66.660
67.050
67.400
67.770
68.160
68.550
68.960
69.340
69.710
70.080
70.440
70.810
71.200
71.560
71.910
72.260
72.630
73.000
73.340
73.720
74.060
74.420
74.780
75.150
75.520
75.900
76.280
76.660
77.060
77.440
77.820
78.190
78.550
78.920
79.270
79.610
79.960
80.320
80.670
81.010
81.380
81.740
82.110
82.470
82.830
83.190
83.560
83.920
84.290
84.670
85.030
85.390
85.760
86.130
86.490
86.850
87.210
87.570
87.930
88.290
88.670
89.040
89.410
89.800
90.160
90.550
90.920
91.290
91.660
92.020
92.390
92.750
93.110
93.440
93.800
94.150
94.510
94.860
95.210
95.580
95.950
96.310
96.670
97.030
97.380
97.730
98.100
98.460
98.830
99.200
99.580
99.940
100.290
100.620
100.970
101.320
101.690
102.030
102.390
102.710
103.070
103.390
103.730
104.090
104.400
104.730
105.060
105.410
105.730
106.060
106.400
106.710
107.070
107.390
107.750
108.090
108.410
108.770
109.130
109.470
109.830
110.180
110.520
110.870
111.240
111.600
111.940
112.340
112.700
113.080
113.460
113.860
114.230
114.620
114.990
115.380
115.750
116.100
116.470
116.850
117.210
117.590
117.960
118.340
118.700
119.080
119.460
119.840
120.210
120.590
120.970
121.360
121.730
122.130
122.520
122.920
123.280
123.680
124.050
124.430
124.790
125.160
125.540
125.910
126.290
126.640
127.030
127.380
127.790
128.160
128.560
128.950
129.340
129.730
130.110
130.500
130.890
131.270
131.660
132.060
132.440
132.830
133.220
133.600
133.980
134.350
134.710
135.090
135.480
135.860
136.240
136.630
137.010
137.380
137.760
138.150
138.540
138.910
139.310
139.700
140.090
140.460
140.840
141.220
141.590
141.950
142.320
142.680
143.050
143.440
143.830
144.210
144.570
144.940
145.310
145.690
146.050
146.420
146.830
147.220
147.600
148.000
148.370
148.790
149.200
149.600
150.030
150.460
150.860
151.280
151.730
152.160
152.740
153.270
153.830
154.400
155.050
155.730
156.370
157.060
157.670
158.330
158.960
159.590
160.210
160.860
161.480
162.150
162.760
163.430
164.060
164.730
165.360
166.050
166.790
167.550
168.270
169.060
169.830
170.580
171.330
172.080
172.820
173.570
174.340
175.050
175.830
176.610
177.430
178.180
178.950
179.770
180.520
181.320
182.150
182.910
183.710
184.510
