0.470
1.060
1.650
2.220
2.800
3.360
3.970
4.550
5.110
5.670
6.260
6.820
7.380
7.960
8.500
9.100
9.650
10.250
10.820
11.400
11.990
12.570
13.150
13.710
14.310
14.870
15.440
16.020
16.580
17.160
17.740
18.310
18.870
19.450
20.030
20.590
21.190
21.760
22.330
22.910
23.470
24.050
24.640
25.210
25.790
26.370
26.950
27.510
28.120
28.700
29.270
29.850
30.430
31.000
31.590
32.160
32.730
33.320
33.890
34.470
35.030
35.610
36.180
36.740
37.330
37.900
38.470
39.060
39.630
40.190
40.770
41.370
41.940
42.530
43.110
43.660
44.220
44.800
45.370
45.940
46.510
47.110
47.680
48.250
48.880
49.500
50.060
50.620
51.180
51.720
52.280
52.840
53.400
53.940
54.530
55.090
55.660
56.230
56.820
57.390
57.960
58.530
59.110
59.690
60.260
60.830
61.410
61.980
62.550
63.130
63.690
64.270
64.820
65.400
65.970
66.540
67.100
67.690
68.260
68.830
69.430
70.010
70.560
71.140
71.720
72.300
72.870
73.450
74.050
74.610
75.190
75.760
76.320
76.900
77.480
78.040
78.640
79.210
79.790
80.340
80.910
81.490
82.070
82.620
83.220
83.780
84.370
84.940
85.520
86.080
86.650
87.250
87.850
88.440
88.990
89.570
90.130
90.690
91.260
91.830
92.400
92.980
93.550
94.120
94.700
95.260
95.830
96.400
96.990
97.560
98.130
98.690
99.270
99.830
100.380
100.960
101.530
102.110
102.670
103.260
103.850
104.420
105.010
105.600
106.170
106.740
107.330
107.900
108.480
109.050
109.640
110.220
110.810
111.370
111.950
112.520
113.090
113.650
114.220
114.790
115.370
115.950
116.500
117.070
117.650
118.220
118.780
119.350
119.930
120.510
121.100
121.680
122.250
122.840
123.390
123.970
124.540
125.110
125.680
126.250
126.820
127.400
127.980
128.540
129.110
129.700
130.270
130.850
131.430
132.010
132.580
133.150
133.740
134.310
134.870
135.450
136.040
136.620
137.180
137.760
138.340
138.920
139.500
140.080
140.660
141.240
141.800
142.360
142.960
143.520
144.100
144.680
145.250
145.820
146.400
146.960
147.550
148.130
148.700
149.270
149.830
150.410
150.980
151.560
152.140
152.700
153.260
153.840
154.420
155.000
155.550
156.140
156.730
157.300
157.870
158.450
159.030
159.580
160.170
160.740
161.290
161.860
162.440
163.000
163.560
164.120
164.690
165.240
165.830
166.390
166.970
167.530
168.100
168.670
169.220
169.790
170.350
170.930
171.490
172.050
172.600
173.160
173.740
174.290
174.860
175.440
176.020
176.570
177.130
177.700
178.240
178.800
179.360
179.950
180.530
181.060
181.620
182.170
182.720
183.290
183.850
184.410
184.990
185.530
186.100
186.660
187.230
187.790
188.370
188.990
189.610
190.330
191.060
191.810
192.600
193.350
194.100
194.820
195.570
196.370
197.130
197.840
198.610
199.350
200.100
200.800
201.560
202.240
202.950
203.700
204.370
205.130
205.850
206.530
