0.170
0.355
0.540	1
0.745
0.950
1.145
1.340	1
1.535
1.730
1.920
2.110	1
2.300
2.490
2.685
2.880	1
3.075
3.270
3.455
3.640	1
3.835
4.030
4.210
4.390	1
4.585
4.780
4.975
5.170	1
5.360
5.550
5.740
5.930	1
6.120
6.310
6.510
6.710	1
6.900
7.090
7.290
7.490	1
7.680
7.870
8.065
8.260	1
8.455
8.650
8.845
9.040	1
9.230
9.420
9.615
9.810	1
10.005
10.200
10.395
10.590	1
10.785
10.980
11.185
11.390	1
11.575
11.760
11.955
12.150	1
12.350
12.550
12.735
12.920	1
13.110
13.300
13.495
13.690	1
13.880
14.070
14.265
14.460	1
14.645
14.830
15.025
15.220	1
15.400
15.580
15.775
15.970	1
16.160
16.350
16.545
16.740	1
16.925
17.110
17.300
17.490	1
17.685
17.880
18.070
18.260	1
18.450
18.640
18.820
19.000	1
19.200
19.400
19.600
19.800	1
19.995
20.190
20.375
20.560	1
20.755
20.950
21.145
21.340	1
21.521
21.702
21.896
22.090	1
22.286
22.482
22.671
22.860	1
23.041
23.222
23.421
23.620	1
23.843
24.067
24.260
24.452	1
24.657
24.861
25.048
25.235	1
25.430
25.620
25.810
26.005	1
26.200
26.395
26.590
26.785	1
26.980
27.175
27.370
27.560	1
27.750
27.940
28.130
28.320	1
28.510
28.700
28.890
29.090	1
29.290
29.485
29.680
29.865	1
30.050
30.240
30.430
30.615	1
30.800
30.990
31.180
31.375	1
31.570
31.755
31.940
32.140	1
32.340
32.535
32.730
32.920	1
33.110
33.300
33.490
33.670	1
33.850
34.045
34.240
34.430	1
34.620
34.810
35.000
35.195	1
35.390
35.575
35.760
35.950	1
36.140
36.335
36.530
36.715	1
36.900
37.095
37.290
37.480	1
37.670
37.855
38.040
38.230	1
38.420
38.610
38.800
38.995	1
39.190
39.380
39.570
39.755	1
39.940
40.130
40.320
40.505	1
40.690
40.880
41.070
41.260	1
41.450
41.635
41.820
42.010	1
42.200
42.385
42.570
42.760	1
42.950
43.135
43.320
43.515	1
43.710
43.900
44.090
44.275	1
44.460
44.650
44.840
45.025	1
45.210
45.400
45.590
45.785	1
45.980
46.155
46.330
46.515	1
46.700
46.890
47.080
47.270	1
47.460
47.650
47.840
48.020	1
48.200
48.390
48.580
48.775	1
48.970
49.165
49.360
49.540	1
49.720
49.910
50.100
50.285	1
50.470
50.650
50.830
51.030	1
51.230
51.420
51.610
51.795	1
51.980
52.170
52.360
52.550	1
52.740
52.925
53.110
53.300	1
53.490
53.675
53.860
54.050	1
54.240
54.420
54.600
54.795	1
54.990
55.180
55.370
55.560	1
55.750
55.940
56.130
56.325	1
56.520
56.700
56.880
57.070	1
57.260
57.455
57.650
57.840	1
58.030
58.205
58.380
58.565	1
58.750
58.945
59.140
59.335	1
59.530
59.710
59.890
60.085	1
60.280
60.470
60.660
60.855	1
61.050
61.235
61.420
61.595	1
61.770
61.955
62.140
62.330	1
62.520
62.700
62.880
63.070	1
63.260
63.455
63.650
63.845	1
64.040
64.220
64.400
64.590	1
64.780
64.960
65.140
65.330	1
65.520
65.700
65.880
66.080	1
66.280
66.470
66.660
66.850	1
67.040
67.230
67.420
67.610	1
67.800
67.990
68.180
68.365	1
68.550
68.735
68.920
69.120	1
69.320
69.505
69.690
69.865	1
70.040
70.225
70.410
70.610	1
70.810
70.990
71.170
71.360	1
71.550
71.730
71.910
72.100	1
72.290
72.475
72.660
72.850	1
73.040
73.225
73.410
73.595	1
73.780
73.955
74.130
74.325	1
74.520
74.710
74.900
75.095	1
75.290
75.475
75.660
75.845	1
76.030
76.215
76.400
76.585	1
76.770
76.955
77.140
77.320	1
77.500
77.685
77.870
78.055	1
78.240
78.425
78.610
78.790	1
78.970
79.160
79.350
79.535	1
79.720
79.910
80.100
80.295	1
80.490
80.675
80.860
81.045	1
81.230
81.425
81.620
81.805	1
81.990
82.180
82.370
82.560	1
82.750
82.935
83.120
83.305	1
83.490
83.670
83.850
84.035	1
84.220
84.395
84.570
84.745	1
84.920
85.100
85.280
85.465	1
85.650
85.835
86.020
86.225	1
86.430
86.620
86.810
87.010	1
87.210
87.395
87.580
87.760	1
87.940
88.130
88.320
88.505	1
88.690
88.875
89.060
89.245	1
89.430
89.615
89.800
89.985	1
90.170
90.355
90.540
90.715	1
90.890
91.075
91.260
91.445	1
91.630
91.820
92.010
92.190	1
92.370
92.560
92.750
92.925	1
93.100
93.290
93.480
93.670	1
93.860
94.040
94.220
94.405	1
94.590
94.775
94.960
95.150	1
95.340
95.530
95.720
95.905	1
96.090
96.275
96.460
96.660	1
96.860
97.045
97.230
97.415	1
144.510	1
144.710
144.915
145.120
145.315	1
145.510
145.700
145.890
146.080	1
146.270
146.460
146.650
146.835	1
147.020
147.210
147.400
147.595	1
147.790
147.980
148.170
148.360	1
148.550
148.740
148.930
149.115	1
149.300
149.495
149.690
149.875	1
150.060
150.240
150.420
150.610	1
150.800
150.990
151.180
151.380	1
151.580
151.775
151.970
152.170	1
152.370
152.560
152.750
152.945	1
153.140
153.330
153.520
153.705	1
153.890
154.070
154.250
154.435	1
154.620
154.815
155.010
155.200	1
155.390
155.575
155.760
155.955	1
156.150
156.335
156.520
156.720	1
156.902
157.083
157.265
157.446	1
157.641
157.835
158.030
158.225	1
158.404
158.582
158.761
158.940	1
159.150
159.360
159.545
159.730	1
159.920
160.110
160.295
160.480	1
160.660
160.840
161.025
161.210	1
161.384
161.557
161.731
161.904	1
162.083
162.262
162.441
162.620	1
162.820
163.025
163.230
163.420	1
163.610
163.805
164.000
164.180	1
164.360
164.560
164.760
164.940	1
165.120
165.310
165.500
165.690	1
165.880
166.070
166.260
166.445	1
166.630
166.820
167.010
167.200	1
167.390
167.585
167.780
167.985	1
