0.280
0.700
1.110
1.520
1.970
2.430
2.890
3.330
3.790
4.220
4.680
5.120
5.590
6.020
6.470
6.900
7.360
7.800
8.250
8.690
9.150
9.590
10.050
10.510
10.970
11.410
11.860
12.310
12.770
13.210
13.670
14.100
14.570
15.010
15.470
15.920
16.390
16.840
17.290
17.730
18.200
18.650
19.090
19.540
20.010
20.450
20.920
21.370
21.830
22.270
22.730
23.170
23.630
24.080
24.550
25.000
25.460
25.910
26.330
26.790
27.240
27.690
28.140
28.580
29.040
29.490
29.930
30.390
30.850
31.300
31.770
32.220
32.690
33.140
33.600
34.070
34.530
34.970
35.440
35.890
36.350
36.810
37.270
37.700
38.170
38.600
39.070
39.520
39.990
40.440
40.920
41.370
41.840
42.290
42.760
43.200
43.680
44.140
44.600
45.060
45.530
45.970
46.460
46.910
47.380
47.830
48.310
48.760
49.220
49.670
50.140
50.600
51.070
51.520
51.980
52.430
52.910
53.350
53.830
54.280
54.750
55.200
55.670
56.120
56.580
57.060
57.520
58.000
58.490
58.980
59.460
59.950
60.410
60.900
61.380
61.850
62.330
62.800
63.280
63.730
64.210
64.680
65.160
65.620
66.090
66.540
67.010
67.470
67.950
68.410
68.900
69.360
69.830
70.290
70.760
71.230
71.710
72.180
72.660
73.120
73.590
74.070
74.540
75.010
75.480
75.940
76.420
76.870
77.340
77.810
78.290
78.770
79.230
79.690
80.160
80.630
81.100
81.560
82.040
82.500
82.980
83.450
83.940
84.410
84.880
85.360
85.850
86.310
86.800
87.270
87.740
88.200
88.670
89.130
89.600
90.060
90.530
91.000
91.490
91.950
92.410
92.880
93.360
93.820
94.300
94.770
95.250
95.710
96.180
96.640
97.110
97.580
98.060
98.520
99.000
99.470
99.970
100.420
100.910
101.370
101.850
102.330
102.820
103.290
103.770
104.240
104.730
105.210
105.700
106.180
106.660
107.120
107.610
108.080
108.560
109.050
109.540
110.010
110.480
110.960
111.440
111.910
112.390
112.870
113.350
113.820
114.300
114.770
115.250
115.720
116.190
116.660
117.120
117.590
118.070
118.530
119.010
119.480
119.960
120.420
120.900
121.370
121.850
122.330
122.800
123.270
123.760
124.240
124.720
125.190
125.690
126.170
126.640
127.110
127.600
128.060
128.540
129.020
129.490
129.970
130.460
130.920
131.400
131.880
132.370
132.840
133.320
133.790
134.270
134.730
135.210
135.670
136.130
136.610
137.090
137.550
138.030
138.490
138.960
139.430
139.910
140.380
140.840
141.310
141.790
142.250
142.710
143.180
143.680
144.150
144.630
145.110
145.600
146.070
146.540
147.020
147.510
147.990
148.480
148.960
149.440
149.920
150.400
150.870
151.350
151.830
152.310
152.790
153.260
153.740
154.240
154.700
155.180
155.640
156.120
156.590
157.080
157.560
158.020
158.490
158.970
159.430
159.920
160.380
160.850
161.330
161.810
162.290
162.770
163.250
163.730
164.200
164.690
165.160
165.640
166.110
166.600
167.080
167.550
168.030
168.520
168.980
169.470
169.930
170.420
170.890
171.370
171.840
172.320
172.790
173.260
173.730
174.200
174.690
175.170
175.640
176.130
176.600
177.070
177.540
178.030
178.500
178.970
179.450
179.940
180.410
180.890
181.350
181.850
182.320
182.820
183.300
183.790
184.270
184.750
185.240
185.720
186.200
186.690
187.170
187.660
188.140
188.630
189.100
189.580
190.070
190.560
191.030
191.520
191.990
192.490
192.960
193.450
193.930
194.430
194.890
195.390
195.860
196.330
196.810
197.280
197.750
198.230
198.700
199.190
199.670
200.160
200.640
201.120
201.630
202.110
202.570
203.050
203.520
204.000
204.480
204.960
205.440
205.930
206.400
206.880
207.350
207.830
208.280
208.770
209.250
209.740
210.200
210.680
211.170
211.650
212.130
212.610
213.100
213.560
214.060
214.540
215.020
215.500
215.990
216.480
216.960
217.440
217.910
218.390
218.870
219.350
219.830
220.310
220.790
221.280
221.750
222.240
222.730
223.190
223.670
224.150
224.630
225.120
225.600
226.080
226.560
227.040
227.510
228.000
228.480
228.970
229.450
229.940
230.410
230.890
231.370
231.850
232.320
232.810
233.270
233.750
234.210
234.680
235.170
235.640
236.110
236.600
237.060
237.540
238.000
238.470
238.950
239.430
239.900
240.390
240.850
241.340
241.810
242.290
242.760
243.250
243.730
244.220
244.680
245.180
245.640
246.120
246.580
247.050
247.490
247.960
248.440
248.900
249.360
249.820
250.270
250.740
251.210
251.690
252.150
252.610
253.070
253.540
254.000
254.470
254.930
255.400
255.850
256.320
256.770
257.250
257.720
258.180
258.650
259.120
259.590
260.070
260.520
260.980
261.450
261.900
262.380
262.850
263.320
263.780
264.220
264.690
265.140
265.600
266.060
266.530
266.990
267.460
267.910
268.370
268.840
269.300
269.760
270.230
270.690
271.150
271.610
272.080
272.540
272.990
273.480
273.960
274.430
274.910
275.390
275.880
276.370
276.860
277.350
277.840
278.320
278.800
279.290
279.770
280.260
280.760
281.240
281.730
282.220
282.710
283.200
283.680
284.170
284.670
285.150
285.650
286.140
286.630
287.120
287.620
288.130
288.620
289.100
289.590
290.070
290.580
291.060
291.570
292.040
292.530
293.020
293.500
293.990
294.480
294.970
295.470
295.960
296.450
296.940
297.450
297.950
298.440
298.930
299.420
299.910
300.410
300.900
301.400
301.900
302.400
302.900
303.380
303.860
304.360
304.850
305.360
305.840
306.330
306.810
307.320
307.820
308.310
308.800
309.310
309.790
310.280
310.770
311.250
311.740
312.230
312.700
313.200
313.690
314.180
314.660
315.160
315.640
316.150
316.650
317.150
317.630
318.130
318.620
319.100
319.610
320.110
320.620
321.140
321.620
322.130
322.600
323.110
323.600
324.090
324.550
325.050
325.540
326.050
326.520
327.020
327.500
327.990
328.490
328.990
329.460
329.970
330.450
330.940
331.430
331.920
332.420
332.920
333.410
333.900
334.390
334.910
335.390
335.890
336.390
336.900
337.410
337.910
338.390
338.900
339.410
339.910
340.400
340.900
341.410
341.910
342.410
342.890
343.380
343.880
344.360
344.870
345.370
345.870
346.390
346.880
347.400
347.910
348.410
348.900
349.420
349.890
350.400
350.890
351.400
351.890
352.390
352.910
353.400
353.910
354.390
354.880
355.390
355.900
356.380
356.890
357.380
357.890
358.380
358.870
359.370
359.860
360.350
360.870
361.350
361.870
362.370
362.880
363.350
363.880
364.380
364.870
365.330
365.830
366.340
366.840
367.330
367.830
368.330
368.830
369.310
369.800
370.290
370.780
371.270
371.770
372.280
372.800
373.310
373.830
374.370
374.860
375.460
376.070
376.710
377.380
378.050
378.830
379.530
380.320
381.050
381.820
382.540
383.300
384.100
384.900
385.640
386.470
387.220
388.050
388.830
389.600
390.420
391.170
391.980
392.750
