0.400
1.360
2.290
3.290
4.290
5.280
6.260
7.260
8.290
9.260
10.350
11.380
12.350
13.380
14.420
15.460
16.490
17.520
18.540
19.550
20.580
21.570
22.520
23.480
24.460
25.500
26.480
27.540
28.540
29.540
30.510
31.550
32.560
33.530
34.550
35.550
36.590
37.550
38.610
39.640
40.670
41.650
42.660
43.670
44.670
45.670
46.700
47.710
48.710
49.720
50.760
51.790
52.760
53.760
54.760
55.770
56.810
57.830
58.890
59.920
60.940
61.950
62.910
63.940
64.990
66.050
67.080
68.120
69.110
70.190
71.220
72.220
73.230
74.220
75.250
76.280
77.370
78.390
79.420
80.450
81.530
82.520
83.600
84.650
85.650
86.690
87.760
88.760
89.810
90.830
91.890
92.940
94.000
95.050
96.110
97.130
98.210
99.250
100.300
101.320
102.300
103.350
104.360
105.380
106.400
107.490
108.520
109.570
110.630
111.680
112.770
113.810
114.820
115.830
116.900
117.970
119.030
120.050
121.100
122.090
123.100
124.120
125.140
126.240
127.260
128.330
129.340
130.370
131.420
132.450
133.520
134.540
135.620
136.620
137.690
138.710
139.810
140.800
141.870
142.920
143.940
144.980
146.000
147.040
148.020
149.070
150.100
151.220
152.270
153.300
154.350
155.380
156.460
157.520
158.490
159.490
160.510
161.460
162.470
163.470
164.480
165.440
166.410
167.450
168.420
169.390
170.360
171.400
172.350
173.390
174.350
175.350
176.340
177.320
178.370
179.390
180.360
181.420
182.380
183.430
184.430
185.470
186.470
187.490
188.480
189.470
190.490
191.480
192.430
193.440
194.420
195.410
196.390
197.360
198.330
199.300
200.290
201.310
202.310
203.280
204.300
205.270
206.270
207.240
208.250
209.270
210.260
211.280
212.280
212.970
213.610
214.270
214.750
215.290
215.770
216.280
216.780
217.260
217.740
218.220
218.720
219.230
219.750
220.250
220.790
221.310
221.810
222.320
222.820
223.350
223.850
224.330
224.830
225.330
225.800
226.320
226.820
227.310
227.820
228.320
228.800
229.290
229.790
230.270
230.800
231.330
231.840
232.370
232.850
233.360
233.840
234.320
234.840
235.350
235.880
236.370
236.900
237.380
237.890
238.420
238.920
239.440
239.960
240.440
240.960
241.480
242.000
242.480
242.960
243.420
243.900
244.420
244.890
245.400
245.870
246.390
246.870
247.380
247.890
248.390
248.910
249.390
249.920
250.390
250.900
251.360
251.880
252.360
252.880
253.360
253.880
254.390
254.860
255.350
255.860
256.340
256.860
257.390
257.890
258.410
258.900
259.410
259.940
260.440
260.960
261.470
261.960
262.470
262.990
263.480
263.980
264.490
265.000
265.490
265.990
266.510
267.030
267.520
268.030
268.500
269.030
269.500
270.010
270.520
271.050
271.560
272.050
272.580
273.060
273.570
274.110
274.600
275.130
275.610
276.160
276.680
277.230
277.750
278.260
278.760
279.300
279.810
280.300
280.810
281.340
281.850
282.360
282.860
283.390
283.920
284.400
284.930
285.450
285.930
286.450
286.980
287.510
288.020
288.540
289.060
289.590
290.100
290.600
291.120
291.650
292.150
292.680
293.180
293.710
294.230
294.800
295.350
295.860
296.330
296.850
297.360
297.850
298.340
298.840
299.350
299.860
300.360
300.850
301.360
301.880
302.380
302.860
303.360
303.850
304.370
304.870
305.410
305.890
306.430
306.910
307.440
307.950
308.500
308.990
309.510
310.030
310.580
311.080
311.590
312.090
312.610
313.140
313.660
314.180
314.690
315.180
315.710
316.220
316.760
317.270
317.780
318.310
318.820
319.330
319.870
320.400
320.920
321.400
321.890
322.390
322.920
323.410
323.890
324.420
324.900
325.390
325.870
326.360
326.850
327.350
327.830
328.310
328.820
329.320
329.800
330.300
330.790
331.250
331.730
332.240
332.710
333.220
333.710
334.190
334.690
335.160
335.680
336.150
336.650
337.110
337.610
338.120
338.600
339.070
339.580
340.060
340.560
341.030
341.510
342.010
342.490
342.980
343.470
343.940
344.440
344.930
345.420
345.900
346.390
346.880
347.360
347.850
348.340
348.820
349.330
349.830
350.320
350.810
351.330
351.810
352.310
352.830
353.330
353.860
354.350
354.880
355.380
355.880
356.390
356.890
357.380
357.900
358.400
358.910
359.440
359.930
360.430
360.910
361.440
361.940
362.440
362.990
363.490
364.010
364.530
365.020
365.520
366.020
366.520
367.020
367.540
368.040
368.590
369.090
369.600
370.140
370.630
371.160
371.650
372.150
372.610
373.090
373.590
374.080
374.580
375.090
375.560
376.090
376.580
377.070
377.590
378.070
378.560
379.090
379.580
380.100
380.620
381.090
381.620
382.100
382.630
383.110
383.650
384.170
384.690
385.170
385.680
386.220
386.730
387.230
387.730
388.240
388.760
389.310
389.810
390.280
390.780
391.310
391.790
392.280
392.810
393.280
393.790
394.310
394.800
395.290
395.800
396.360
396.890
397.420
397.910
398.390
398.900
399.410
399.910
400.400
400.910
401.440
401.920
402.430
402.940
403.440
403.950
404.460
404.960
405.460
405.970
406.490
406.990
407.490
408.000
408.520
409.020
409.570
410.090
410.590
411.080
411.590
412.130
412.610
413.150
413.620
414.140
414.640
415.120
415.620
416.100
416.620
417.150
417.670
418.170
418.690
419.220
419.700
420.230
420.700
421.210
421.730
422.210
422.750
423.270
423.810
424.320
424.860
425.380
425.900
426.460
426.970
427.510
428.070
428.610
429.130
429.680
430.200
430.700
431.220
431.740
432.260
432.780
433.310
433.790
434.260
434.730
435.210
435.690
436.190
436.670
437.150
437.630
438.090
