0.330
1.220
2.170
3.050
3.980
4.950
5.800
6.700
7.580
8.480
9.420
10.350
11.270
12.210
13.150
14.140
15.140
16.160
17.160
18.140
19.110
20.140
21.070
22.030
23.020
24.010
24.960
25.930
26.890
27.850
28.820
29.730
30.680
31.650
32.610
33.580
34.520
35.500
36.410
37.330
38.260
39.170
40.160
41.120
42.060
43.010
43.950
44.920
45.880
46.850
47.800
48.730
49.710
50.610
51.590
52.510
53.440
54.330
55.280
56.220
57.230
58.140
59.020
59.980
60.930
61.880
62.830
63.770
64.740
65.620
66.590
67.500
68.450
69.400
70.380
71.330
72.250
73.160
74.080
75.000
75.930
76.860
77.800
78.730
79.660
80.630
81.550
82.490
83.420
84.350
85.310
86.220
87.130
88.070
88.990
89.900
90.790
91.700
92.610
93.530
94.430
95.350
96.280
97.220
98.130
99.030
99.980
100.890
101.790
102.690
103.600
104.520
105.410
106.320
107.250
108.110
109.000
109.940
110.820
111.730
112.620
113.560
114.460
115.370
116.310
117.200
118.090
118.970
119.880
120.790
121.710
122.620
123.510
124.400
125.310
126.190
127.090
128.030
128.970
129.840
130.740
131.640
132.560
133.430
134.350
135.270
136.200
137.120
138.060
138.990
139.930
140.850
141.770
142.700
143.610
144.540
145.440
146.340
147.270
148.130
149.060
149.970
150.920
151.790
152.710
153.620
154.570
155.470
156.410
157.320
158.210
159.170
160.110
161.030
161.960
162.910
163.820
164.750
165.670
166.570
167.530
168.440
169.320
170.240
171.160
172.080
173.000
173.910
174.830
175.770
176.680
177.600
178.520
179.420
180.390
181.330
182.240
183.180
184.180
185.090
185.960
186.890
187.820
188.720
189.630
190.550
191.470
192.360
193.250
194.190
195.110
196.110
197.120
198.190
199.320
200.380
201.440
202.590
203.680
204.740
205.860
206.890
207.980
209.130
210.160
