0.120
0.520
0.940
1.380
1.780
2.220
2.640
3.050
3.460
3.910
4.330
4.770
5.180
5.610
6.010
6.460
6.870
7.320
7.720
8.150
8.560
9.000
9.410
9.840
10.250
10.670
11.080
11.530
11.940
12.390
12.810
13.240
13.650
14.090
14.490
14.920
15.340
15.760
16.180
16.600
17.020
17.440
17.860
18.290
18.720
19.130
19.550
19.980
20.390
20.820
21.250
21.680
22.100
22.520
22.940
23.370
23.770
24.200
24.630
25.050
25.460
25.900
26.310
26.730
27.170
27.590
28.010
28.430
28.850
29.260
29.680
30.120
30.540
30.970
31.390
31.800
32.240
32.670
33.080
33.520
33.940
34.350
34.760
35.190
35.610
36.040
36.480
36.920
37.340
37.740
38.160
38.580
39.010
39.420
39.840
40.270
40.680
41.110
41.510
41.940
42.360
42.800
43.220
43.640
44.070
44.510
44.920
45.330
45.760
46.180
46.600
47.030
47.430
47.870
48.290
48.730
49.150
49.560
49.970
50.410
50.810
51.250
51.670
52.090
52.530
52.940
53.370
53.780
54.210
54.630
55.050
55.470
55.880
56.320
56.750
57.180
57.600
58.040
58.450
58.870
59.290
59.710
60.120
60.540
60.960
61.380
61.810
62.220
62.660
63.090
63.500
63.930
64.360
64.780
65.210
65.620
66.040
66.480
66.890
67.320
67.740
68.140
68.560
69.000
69.420
69.830
70.270
70.700
71.120
71.560
71.960
72.390
72.800
73.230
73.660
74.120
74.560
74.970
75.370
75.780
76.200
76.600
77.000
77.430
77.840
78.270
78.680
79.120
79.540
79.970
80.400
80.840
81.280
81.690
82.100
82.540
82.960
83.380
83.790
84.220
84.640
85.070
85.510
85.930
86.340
86.750
87.180
87.590
88.010
88.430
88.870
89.300
89.710
90.120
90.540
90.980
91.390
91.820
92.240
92.650
93.080
93.480
93.910
94.330
94.750
95.160
95.580
96.010
96.440
96.900
97.350
97.750
98.180
98.580
99.010
99.410
99.840
100.270
100.680
101.100
101.510
101.950
102.360
102.770
103.210
103.640
104.080
104.510
104.950
105.350
105.770
106.200
106.610
107.020
107.450
107.870
108.280
108.700
109.120
109.540
109.990
110.410
110.840
111.260
111.700
112.120
112.570
113.000
113.420
113.830
114.250
114.640
115.070
115.480
115.910
116.320
116.730
117.170
117.610
118.030
118.450
118.870
119.280
119.690
120.130
120.540
120.960
121.390
121.820
122.240
122.670
123.070
123.490
123.910
124.350
124.760
125.190
125.590
126.030
126.450
126.870
127.290
127.710
128.160
128.580
129.000
129.440
129.860
130.280
130.680
131.100
131.520
131.930
132.350
132.790
133.210
133.650
134.060
134.470
134.900
135.330
135.760
136.170
136.600
137.040
137.470
137.890
138.300
138.740
139.160
139.570
139.990
140.410
140.840
141.270
141.670
142.080
142.500
142.910
143.330
143.760
144.200
144.620
145.040
145.480
145.910
146.330
146.780
147.190
147.620
148.030
148.470
148.870
149.310
149.730
150.150
150.580
150.990
151.420
151.830
152.240
152.670
153.090
153.490
153.900
154.350
154.760
155.180
155.600
156.020
156.440
156.880
157.310
157.740
158.160
158.580
159.020
159.440
159.860
160.270
160.690
161.090
161.520
161.970
162.390
162.800
163.230
163.660
164.080
164.510
164.930
165.340
165.770
166.200
166.620
167.030
167.440
167.880
168.310
168.730
169.150
169.590
170.000
170.420
170.840
171.280
171.690
172.120
172.530
172.960
173.380
173.810
174.230
174.650
175.070
175.520
175.930
176.350
176.770
177.200
177.610
178.040
178.470
178.890
179.310
179.730
180.150
180.560
180.990
181.410
181.830
182.260
182.680
183.110
183.550
183.960
184.380
184.800
185.230
185.620
186.040
186.460
186.900
187.330
187.750
188.170
188.610
189.050
189.450
189.870
190.300
190.730
191.140
191.560
191.980
192.400
192.820
193.230
193.670
194.090
194.510
194.940
195.350
195.800
196.200
196.630
197.050
197.460
197.900
198.300
198.730
199.160
199.570
200.000
200.430
200.870
201.270
201.710
202.130
202.580
202.970
203.390
203.800
204.220
204.640
205.060
205.490
205.900
206.320
206.730
207.160
207.600
208.030
208.460
208.890
209.310
209.740
210.180
210.600
211.010
211.420
211.850
212.250
212.690
213.100
213.510
213.950
214.360
214.780
215.220
215.640
216.060
216.500
216.910
217.330
217.760
218.180
218.600
219.030
219.450
219.870
220.300
220.710
221.150
221.590
221.990
222.410
222.840
223.260
223.690
224.110
224.520
224.950
225.390
225.810
226.230
226.650
227.070
227.490
227.900
228.320
228.740
229.170
229.590
230.010
230.450
230.880
231.300
231.700
232.110
232.540
232.980
233.400
233.810
234.250
234.680
235.090
235.510
235.920
236.340
236.790
237.210
237.630
238.050
238.460
238.900
239.330
239.730
240.150
240.590
241.000
241.430
241.840
242.270
242.680
243.110
243.530
243.970
244.400
244.800
245.230
245.670
246.080
246.500
246.920
247.340
247.770
248.190
248.620
249.030
249.460
249.880
250.280
250.700
251.130
251.560
251.990
252.400
252.820
253.250
253.680
254.100
254.530
254.950
255.360
255.790
256.200
256.610
257.050
257.490
257.900
258.340
258.740
259.180
259.590
260.020
260.440
260.860
261.260
261.680
262.110
262.560
262.980
263.410
263.820
264.230
264.650
265.070
265.480
265.900
266.330
266.760
267.170
267.620
268.030
268.460
268.900
269.340
269.750
270.190
270.600
271.040
271.440
271.870
272.280
272.700
273.140
273.560
273.980
274.380
274.820
275.230
275.660
276.100
276.520
276.940
277.360
277.770
278.190
278.630
279.030
279.470
279.870
280.300
280.730
281.170
281.590
282.010
282.420
282.840
283.270
283.690
284.110
284.540
284.940
285.370
285.800
286.220
286.660
287.070
287.490
287.910
288.350
288.790
289.190
289.590
290.010
290.440
290.870
291.290
291.690
292.120
292.570
293.000
293.410
293.830
294.240
294.680
295.100
295.530
295.980
296.400
296.840
297.260
297.660
298.100
298.510
298.940
299.360
299.780
300.180
300.610
301.020
301.440
301.880
302.300
302.720
