0.010
0.800
1.620
2.420
3.180
3.970
4.770
5.590
6.380
7.150
7.950
8.730
9.510
10.230
10.910
11.630
12.330
13.060
13.740
14.490
15.170
15.880
16.620
17.360
18.080
18.780
19.480
20.220
20.920
21.690
22.490
23.230
24.000
24.790
25.560
26.350
27.080
27.910
28.730
29.530
30.390
31.330
32.260
33.120
34.060
34.980
35.880
36.770
37.720
38.670
39.570
40.540
41.450
42.370
43.290
44.180
45.150
46.030
46.950
47.990
48.960
49.860
50.800
51.760
52.700
53.540
54.420
55.300
56.200
57.040
57.900
58.800
59.640
60.490
61.370
62.220
63.040
63.810
64.550
65.320
66.060
66.730
67.480
68.150
68.890
69.580
70.290
71.030
71.740
72.430
73.060
73.760
74.400
75.080
75.700
76.400
77.020
77.680
78.360
79.030
79.750
80.500
81.290
82.120
82.870
83.660
84.470
85.260
86.030
86.780
87.590
88.300
89.090
89.800
90.570
91.300
92.090
92.850
93.630
94.450
95.220
95.970
96.810
97.620
98.420
99.340
100.180
101.040
101.960
102.900
103.790
104.670
105.710
106.710
107.760
108.840
109.890
110.970
112.100
113.180
114.220
115.320
116.390
117.510
118.580
119.650
120.750
121.790
122.640
123.540
124.360
125.340
126.280
127.210
128.110
129.020
130.030
130.950
132.010
133.010
134.020
134.960
135.960
137.010
137.950
138.910
139.860
140.860
141.930
142.890
143.920
144.880
145.940
146.950
148.070
149.130
150.220
151.220
152.260
153.240
154.250
155.230
156.230
157.220
158.270
159.240
160.300
161.430
162.410
163.450
164.400
165.430
166.420
167.480
168.490
169.450
170.530
171.530
172.590
173.570
174.670
175.660
176.760
177.810
178.830
179.810
180.720
181.660
182.670
183.600
184.650
185.740
186.840
187.850
188.830
189.840
190.930
192.080
193.140
194.200
195.350
196.400
197.520
198.620
199.650
200.730
201.740
202.820
203.820
204.870
205.970
207.020
208.030
209.110
210.030
210.970
211.910
212.890
213.820
214.770
215.670
216.690
217.710
218.740
219.700
220.540
221.450
222.320
223.110
223.870
224.650
225.360
225.890
226.390
226.930
227.480
227.980
228.520
229.070
229.620
230.160
230.670
231.220
231.780
232.340
232.870
233.410
233.960
234.470
234.940
235.460
235.940
236.500
237.030
237.540
238.070
238.620
239.120
239.660
240.220
240.790
241.340
241.840
242.390
242.930
243.420
243.940
244.480
245.010
245.500
246.020
246.570
247.090
247.590
248.130
248.630
249.110
249.580
250.040
250.520
251.000
251.520
252.060
252.590
253.080
253.620
254.140
254.640
255.160
255.660
256.150
256.690
257.190
257.670
258.130
258.620
259.100
259.610
260.100
260.600
261.150
261.660
262.190
262.750
263.270
263.780
264.280
264.800
265.360
265.880
266.390
266.930
267.480
268.010
268.530
269.040
269.580
270.130
270.640
271.180
271.750
272.270
272.800
273.320
273.820
274.340
274.880
275.370
275.900
276.410
276.960
277.480
277.980
278.490
279.010
279.520
280.040
280.560
281.050
281.570
282.110
282.630
283.140
283.630
284.160
284.640
285.150
285.660
286.200
286.680
287.220
287.710
288.210
288.750
289.240
289.760
290.300
290.800
291.360
291.870
292.390
292.900
293.420
293.910
294.440
294.960
295.480
295.980
296.490
297.030
297.570
298.100
298.610
299.140
299.670
300.220
300.740
301.220
301.710
302.230
302.730
303.240
303.730
304.240
304.760
305.260
305.740
306.260
306.770
307.270
307.760
308.270
308.780
309.310
309.810
310.360
310.860
311.420
311.940
312.460
312.990
313.500
314.000
314.530
315.040
315.550
316.020
316.550
317.040
317.540
318.050
318.540
319.010
319.490
319.960
320.430
320.880
321.350
321.840
322.310
322.770
323.230
323.750
324.230
324.760
325.260
325.740
326.280
326.820
327.340
327.900
328.460
329.110
329.860
330.670
331.530
332.510
333.580
334.560
335.500
336.500
337.470
338.460
339.420
340.390
341.370
342.310
343.300
344.240
345.210
346.210
347.170
348.180
349.110
350.110
351.080
351.970
352.900
353.870
354.810
355.770
356.790
357.720
358.730
359.730
360.750
361.700
362.730
363.760
364.760
365.680
366.660
367.610
368.560
369.520
370.460
371.400
372.390
373.300
374.280
375.260
376.190
377.150
378.090
379.070
379.980
380.950
381.910
382.910
383.820
384.730
385.650
386.580
387.600
388.570
389.620
390.520
391.450
392.400
393.320
394.240
395.140
396.070
397.030
398.020
399.000
399.930
400.790
401.750
402.700
403.650
404.590
405.550
406.490
407.420
408.340
409.220
410.040
410.920
411.820
412.760
413.680
414.590
415.440
416.420
417.310
418.300
419.250
420.230
421.190
422.190
423.110
424.120
425.040
426.070
427.030
428.100
429.070
430.130
431.110
432.120
433.130
434.080
435.020
435.910
436.960
438.010
438.980
440.010
441.010
442.000
443.040
444.000
444.990
445.950
446.760
447.530
448.150
448.760
449.390
449.910
450.420
450.920
451.450
451.940
452.440
452.950
453.480
453.960
454.420
454.900
455.380
455.860
456.360
456.840
457.300
457.800
458.270
458.750
459.240
459.710
460.160
460.630
461.120
461.590
462.040
462.530
463.020
463.500
463.960
464.440
464.960
465.420
465.930
466.430
466.910
467.400
467.870
468.360
468.850
469.340
469.820
470.300
470.780
471.240
471.740
472.200
472.700
473.160
473.630
474.090
474.550
475.000
475.440
475.900
476.330
476.780
477.240
477.700
478.140
478.590
479.030
479.500
479.950
480.420
480.890
481.350
481.840
482.310
482.760
483.230
483.730
484.210
484.690
485.150
485.630
486.130
486.600
487.090
487.540
488.020
488.470
488.920
489.410
489.880
490.340
490.810
491.280
491.760
492.210
492.680
493.160
493.620
494.090
494.560
495.050
495.520
495.970
496.460
496.920
497.380
497.850
498.320
498.810
499.250
499.730
500.170
500.650
501.100
501.570
502.030
502.500
502.960
503.430
503.910
504.330
504.750
505.150
505.580
506.000
506.450
506.870
507.300
507.730
508.170
508.580
508.980
509.380
509.790
510.200
510.650
511.110
511.560
512.010
512.440
512.900
513.340
513.790
514.260
514.730
515.220
515.690
516.160
516.630
517.080
517.550
518.050
518.530
518.990
519.470
519.970
520.430
520.950
521.460
521.950
522.430
522.960
523.450
523.930
524.460
524.950
525.410
525.880
526.330
526.790
527.240
527.660
528.120
528.550
528.960
529.410
529.830
530.280
530.750
531.240
531.700
532.220
532.770
533.270
533.810
534.300
534.870
535.440
536.040
536.610
537.150
537.720
538.270
538.810
539.310
539.860
540.380
540.900
541.440
541.970
542.520
543.050
543.560
544.130
544.720
545.270
545.860
546.370
546.940
547.460
547.990
548.570
549.120
549.670
550.190
550.770
551.310
551.870
552.400
552.960
553.510
554.050
554.610
555.170
555.690
556.270
556.820
557.350
557.930
558.490
559.020
559.610
560.150
560.650
561.190
561.740
562.250
562.800
563.320
563.860
564.390
564.920
565.440
565.970
566.480
566.980
567.530
568.040
568.570
569.150
569.670
570.230
570.820
571.350
571.940
572.500
573.030
573.620
574.150
574.710
575.300
575.850
576.450
577.000
577.550
578.080
578.620
579.190
579.740
580.280
580.790
581.380
581.940
582.470
583.040
583.640
584.190
584.780
585.330
585.870
586.430
586.950
587.510
588.080
588.630
589.150
589.740
590.270
590.830
591.400
591.970
592.530
593.090
593.590
594.120
594.650
595.210
595.740
596.240
596.790
597.340
597.900
598.450
599.010
599.560
600.090
600.650
601.180
601.740
602.310
602.890
603.440
604.010
604.580
605.110
605.680
606.200
606.750
607.320
607.870
608.400
608.890
609.440
609.940
610.460
611.030
611.660
612.260
612.860
613.400
613.960
614.530
615.070
615.630
616.220
616.770
617.340
617.920
618.480
619.070
619.650
620.220
620.790
621.320
621.890
622.470
623.000
623.600
624.160
624.720
625.300
625.900
626.460
627.070
627.650
628.200
628.810
629.370
629.910
630.470
630.990
631.550
632.070
632.640
633.140
633.690
634.220
634.730
635.290
635.810
636.350
636.850
637.400
637.940
638.490
639.000
639.550
640.110
640.670
641.260
641.800
642.380
642.930
643.500
644.040
644.660
645.230
645.860
646.430
647.050
647.660
648.260
648.820
649.410
649.960
650.550
651.100
651.690
652.250
652.840
653.440
654.020
654.560
655.150
655.700
656.280
656.900
657.510
658.100
658.670
659.220
659.750
660.290
660.830
661.390
661.930
662.460
663.030
663.610
664.140
664.730
665.310
665.850
666.450
667.020
667.590
668.200
668.780
669.330
669.930
670.510
671.100
671.650
672.260
672.810
673.420
673.980
674.550
675.150
675.760
676.330
676.960
677.620
678.250
678.850
679.490
680.150
680.770
681.440
682.170
682.870
683.680
684.580
685.410
686.280
687.180
688.050
688.990
689.870
690.770
691.700
692.580
693.420
694.320
695.160
696.060
697.100
698.130
699.170
700.250
701.300
702.290
703.340
704.440
705.480
706.550
707.620
708.610
709.680
710.630
711.680
712.620
713.640
714.540
715.500
716.400
717.290
718.150
719.080
719.970
720.840
721.690
722.470
723.270
