0.360
0.790
1.200
1.610
2.060
2.470
2.900
3.350
3.780
4.190
4.620
5.050
5.510
5.960
6.410
6.840
7.310
7.760
8.210
8.650
9.100
9.590
10.060
10.520
10.980
11.430
11.890
12.360
12.830
13.290
13.760
14.220
14.690
15.150
15.630
16.090
16.560
17.050
17.520
17.990
18.440
18.920
19.390
19.860
20.320
20.780
21.250
21.710
22.180
22.650
23.120
23.570
24.040
24.540
25.020
25.480
25.950
26.420
26.890
27.360
27.840
28.310
28.780
29.250
29.720
30.190
30.650
31.120
31.600
32.100
32.570
33.060
33.530
33.990
34.470
34.940
35.430
35.900
36.370
36.840
37.320
37.780
38.260
38.720
39.190
39.660
40.130
40.590
41.070
41.560
42.030
42.510
42.990
43.480
43.960
44.440
44.920
45.390
45.880
46.350
46.830
47.320
47.810
48.300
48.780
49.270
49.750
50.240
50.720
51.200
51.670
52.170
52.650
53.150
53.650
54.120
54.610
55.110
55.590
56.060
56.540
57.020
57.490
57.970
58.460
58.930
59.430
59.910
60.410
60.890
61.370
61.870
62.350
62.860
63.340
63.830
64.310
64.790
65.280
65.760
66.240
66.720
67.220
67.690
68.180
68.650
69.130
69.610
70.080
70.580
71.060
71.520
71.980
72.450
72.920
73.390
73.860
74.350
74.810
75.290
75.760
76.240
76.720
77.200
77.670
78.140
78.630
79.110
79.580
80.070
80.560
81.030
81.530
82.010
82.490
82.970
83.470
83.940
84.430
84.900
85.390
85.870
86.350
86.830
87.330
87.800
88.280
88.750
89.240
89.720
90.200
90.690
91.170
91.650
92.130
92.630
93.120
93.610
94.100
94.580
95.070
95.560
96.040
96.520
97.010
97.520
97.990
98.470
98.960
99.440
99.900
100.360
100.840
101.320
101.790
102.260
102.760
103.230
103.710
104.200
104.680
105.170
105.670
106.150
106.640
107.120
107.600
108.070
108.560
109.030
109.510
110.000
110.470
110.970
111.430
111.920
112.390
112.870
113.350
113.840
114.320
114.800
115.290
115.760
116.240
116.730
117.200
117.680
118.170
118.650
119.130
119.600
120.080
120.550
121.030
121.520
122.000
122.470
122.960
123.440
123.920
124.390
124.890
125.360
125.860
126.360
126.830
127.320
127.820
128.310
128.780
129.270
129.750
130.230
130.710
131.200
131.670
132.160
132.630
133.110
133.590
134.070
134.550
135.030
135.520
136.000
136.490
136.970
137.470
137.950
138.420
138.900
139.380
139.880
140.360
140.830
141.310
141.800
142.280
142.780
143.260
143.750
144.230
144.710
145.200
145.670
146.160
146.640
147.110
147.610
148.090
148.570
149.050
149.520
150.010
150.490
150.970
151.440
151.930
152.420
152.920
153.400
153.880
154.370
154.880
155.380
155.880
156.370
156.860
157.340
157.830
158.310
158.810
159.290
159.790
160.280
160.760
161.250
161.730
162.220
162.690
163.180
163.660
164.150
164.640
165.130
165.620
166.100
166.580
167.080
167.560
168.050
168.530
169.010
169.510
169.980
170.480
170.970
171.450
171.950
172.440
172.930
173.420
173.900
174.380
174.870
175.380
175.850
176.330
176.820
177.300
177.770
178.280
178.740
179.250
179.740
180.230
180.710
181.190
181.700
182.200
182.710
183.210
183.710
184.200
184.690
185.180
185.670
186.180
186.670
187.160
187.640
188.120
188.620
189.100
189.620
190.100
190.620
191.100
191.570
192.070
192.570
193.060
193.550
194.030
194.540
195.010
195.510
195.990
196.480
196.960
197.460
197.950
198.460
198.960
199.450
199.950
200.440
200.940
201.440
201.930
202.430
202.920
203.420
203.920
204.410
204.900
205.400
205.900
206.400
206.900
207.400
207.910
208.410
208.910
209.390
209.900
210.390
210.890
211.390
211.890
212.380
212.880
213.380
213.890
214.400
214.900
215.400
215.900
216.400
216.910
217.400
217.890
218.390
218.890
219.400
219.900
220.410
220.910
221.410
221.900
222.420
222.900
223.400
223.910
224.410
224.900
225.390
225.890
226.380
226.890
227.390
227.880
228.370
228.850
229.350
229.850
230.330
230.820
231.310
231.820
232.320
232.800
233.310
233.810
234.300
234.810
235.290
235.800
236.290
236.800
237.290
237.810
238.300
238.800
239.300
239.790
240.300
240.810
241.310
241.810
242.310
242.800
243.300
243.800
244.300
244.810
245.300
245.810
246.320
246.820
247.320
247.830
248.340
248.840
249.340
249.830
250.330
250.840
251.330
251.850
252.360
252.850
253.350
253.850
254.350
254.860
255.360
255.860
256.360
256.860
257.360
257.860
258.370
258.870
259.360
259.850
260.350
260.840
261.340
261.840
262.360
262.860
263.370
263.870
264.370
264.870
265.370
265.870
266.370
266.880
267.370
267.870
268.380
268.880
269.380
269.900
270.400
270.910
271.400
271.890
272.390
272.890
273.400
273.900
274.390
274.890
275.390
275.890
276.380
276.880
277.380
277.880
278.390
278.890
279.400
279.900
280.400
280.910
281.400
281.900
282.410
282.920
283.420
283.930
284.430
284.930
285.440
285.930
286.440
286.930
287.430
287.930
288.460
288.970
289.480
289.980
290.480
291.000
291.510
292.020
292.510
293.030
293.540
294.050
294.570
295.090
295.600
296.110
296.620
297.130
297.620
298.130
298.650
299.160
299.660
300.180
300.690
301.200
301.700
302.220
302.720
303.220
303.700
304.220
304.730
305.230
305.710
306.220
306.730
307.230
307.750
308.250
308.750
309.260
309.770
310.280
310.780
311.300
311.810
312.320
312.820
313.310
313.820
314.330
314.840
315.340
315.860
316.360
316.860
317.360
317.860
318.370
318.870
319.370
319.880
320.410
320.920
321.420
321.940
322.430
322.930
323.440
323.910
324.410
324.910
325.410
325.910
326.430
326.920
327.420
327.920
328.430
328.900
329.400
329.900
330.410
330.920
331.420
331.910
332.410
332.910
333.420
333.930
334.450
334.970
335.490
335.980
336.490
337.010
337.510
338.010
338.520
339.010
339.510
340.020
340.520
341.020
341.540
342.030
342.540
343.040
343.530
344.030
344.540
345.050
345.550
346.050
346.550
347.070
347.570
348.090
348.610
349.110
349.610
350.110
350.610
351.100
351.590
352.060
352.580
353.070
353.580
354.080
354.580
355.090
355.590
356.090
356.590
357.090
357.600
358.100
358.600
359.100
359.600
360.100
360.600
361.130
361.640
362.140
362.640
363.140
363.650
364.160
364.700
365.220
365.710
366.240
366.770
367.270
367.790
368.310
368.840
369.370
369.850
370.370
370.890
371.410
371.930
372.470
372.980
373.500
374.020
374.530
375.070
375.610
376.150
376.680
377.200
377.660
378.100
378.580
379.030
379.480
379.940
380.400
380.880
381.360
381.810
382.300
382.750
383.220
383.690
