0.180
0.610	1
1.060
1.520
1.960
2.410	1
2.830
3.280
3.710
4.160	1
4.590
5.030
5.460
5.900	1
6.300
6.730
7.160
7.590	1
8.020
8.460
8.880
9.310	1
9.730
10.150
10.570
11.000	1
11.430
11.860
12.270
12.700	1
13.100
13.530
13.960
14.370	1
14.790
15.210
15.630
16.050	1
16.450
16.870
17.290
17.710	1
18.130
18.560
18.970
19.370	1
19.790
20.200
20.610
21.030	1
21.430
21.860
22.260
22.690	1
23.110
23.520
23.950
24.360	1
24.790
25.210
25.610
26.020	1
26.450
26.880
27.290
27.710	1
28.130
28.550
28.960
29.380	1
29.780
30.200
30.600
31.020	1
31.440
31.860
32.260
32.680	1
33.110
33.520
33.930
34.350	1
34.760
35.190
35.600
36.000	1
36.420
36.840
37.250
37.660	1
38.060
38.490
38.890
39.320	1
39.730
40.160
40.560
40.980	1
41.390
41.810
42.200
42.620	1
43.040
43.450
43.860
44.280	1
44.680
45.100
45.500
45.920	1
46.330
46.730
47.150
47.560	1
47.970
48.380
48.790
49.200	1
49.610
50.020
50.430
50.840	1
51.250
51.680
52.090
52.520	1
52.920
53.350
53.760
54.180	1
54.580
55.000
55.420
55.820	1
56.240
56.650
57.070
57.490	1
57.900
58.310
58.710
59.130	1
59.530
59.940
60.350
60.780	1
61.180
61.600
62.000
62.420	1
62.820
63.230
63.640
64.050	1
64.470
64.880
65.290
65.710	1
66.120
66.530
66.950
67.350	1
67.760
68.180
68.590
69.010	1
69.410
69.850
70.260
70.680	1
71.090
71.510
71.920
72.330	1
72.740
73.160
73.570
73.990	1
74.390
74.810
75.220
75.650	1
76.060
76.480
76.900
77.310	1
77.720
78.130
78.540
78.950	1
79.360
79.780
80.190
80.600	1
81.020
81.430
81.850
82.260	1
82.680
83.080
83.500
83.910	1
84.320
84.730
85.150
85.560	1
85.980
86.400
86.810
87.230	1
87.640
88.060
88.460
88.880	1
89.310
89.720
90.140
90.540	1
90.960
91.390
91.800
92.230	1
92.640
93.060
93.470
93.890	1
94.290
94.710
95.120
95.550	1
95.970
96.380
96.790
97.210	1
97.620
98.040
98.450
98.860	1
99.280
99.700
100.120
100.530	1
100.950
101.360
101.790
102.200	1
102.620
103.020
103.430
103.840	1
104.260
104.680
105.090
105.500	1
105.910
106.330
106.740
107.150	1
107.570
107.990
108.390
108.800	1
109.220
109.630
110.040
110.450	1
110.860
111.280
111.690
112.100	1
112.510
112.930
113.350
113.760	1
114.170
114.590
114.990
115.420	1
115.820
116.240
116.650
117.070	1
117.480
117.900
118.310
118.710	1
119.130
119.540
119.950
120.360	1
120.780
121.190
121.600
122.020	1
122.430
122.830
123.250
123.660	1
124.070
124.490
124.900
125.310	1
125.730
126.150
126.550
126.970	1
127.370
127.780
128.190
128.600	1
129.010
129.420
129.830
130.240	1
130.640
131.060
131.450
131.870	1
132.280
132.680
133.090
133.510	1
133.910
134.330
134.730
135.140	1
135.540
135.950
136.370
136.780	1
137.180
137.600
138.020
138.440	1
138.850
139.260
139.670
140.080	1
140.480
140.900
141.310
141.720	1
142.130
142.550
142.960
143.380	1
143.780
144.190
144.600
145.010	1
145.420
145.840
146.260
146.660	1
147.070
147.490
147.900
148.320	1
148.740
149.140
149.550
149.970	1
150.380
150.800
151.200
151.610	1
152.020
152.430
152.850
153.260	1
153.670
154.110
154.520
154.940	1
155.350
155.760
156.180
156.600	1
157.010
157.430
157.850
158.270	1
158.660
159.090
159.490
159.910	1
160.320
160.740
161.150
161.570	1
161.970
162.400
162.810
163.230	1
163.640
164.050
164.470
164.880	1
165.280
165.700
166.110
166.530	1
166.930
167.360
167.760
168.190	1
