0.170
0.680
1.220
1.750
2.230
2.750
3.260
3.780
4.300
4.780
5.320
5.830
6.310
6.860
7.370
7.920
8.430
8.950
9.500
10.030
10.550
11.080
11.640
12.180
12.720
13.240
13.770
14.320
14.840
15.370
15.900
16.400
16.920
17.470
18.010
18.530
19.060
19.570
20.100
20.600
21.140
21.650
22.160
22.670
23.190
23.690
24.230
24.760
25.270
25.780
26.310
26.820
27.330
27.850
28.380
28.900
29.430
29.930
30.450
30.940
31.450
31.980
32.490
33.010
33.520
34.020
34.530
35.030
35.580
36.120
36.680
37.220
37.750
38.280
38.840
39.360
39.860
40.370
40.890
41.420
41.950
42.460
43.000
43.540
44.070
44.560
45.090
45.620
46.130
46.630
47.140
47.690
48.200
48.700
49.230
49.760
50.280
50.770
51.270
51.760
52.310
52.830
53.370
53.890
54.390
54.890
55.430
55.960
56.460
56.990
57.510
58.010
58.540
59.040
59.530
60.090
60.610
61.130
61.680
62.190
62.730
63.240
63.770
64.320
64.840
65.360
65.890
66.440
66.960
67.490
68.000
68.500
69.000
69.520
70.060
70.570
71.090
71.610
72.120
72.660
73.190
73.730
74.230
74.750
75.290
75.790
76.330
76.840
77.390
77.910
78.420
78.960
79.480
79.980
80.520
81.040
81.570
82.070
82.590
83.120
83.600
84.120
84.610
85.110
85.610
86.090
86.580
87.110
87.630
88.160
88.670
89.210
89.710
90.250
90.780
91.310
91.840
92.330
92.860
93.380
93.930
94.430
94.960
95.480
96.000
96.510
97.040
97.550
98.080
98.590
99.110
99.640
100.150
100.660
101.180
101.700
102.230
102.740
103.240
103.740
104.280
104.800
105.320
105.830
106.350
106.850
107.350
107.870
108.400
108.900
109.420
109.940
110.500
111.030
111.540
112.070
112.580
113.100
113.630
114.150
114.650
115.190
115.700
116.230
116.740
117.240
117.770
118.280
118.780
119.300
119.820
120.310
120.840
121.340
121.850
122.360
122.870
123.380
123.880
124.410
124.950
125.450
125.950
126.460
127.000
127.500
128.030
128.570
129.090
129.590
130.120
130.630
131.140
131.670
132.160
132.690
133.220
133.710
134.220
134.760
135.280
135.800
136.320
136.850
137.370
137.870
138.400
138.910
139.430
139.950
140.440
140.960
141.480
141.960
142.480
143.010
143.520
144.040
144.560
145.080
145.590
146.110
146.600
147.130
147.640
148.160
148.650
149.200
149.720
150.240
150.780
151.300
151.820
152.340
152.850
153.360
153.880
154.390
154.920
155.420
155.920
156.430
156.960
157.500
158.020
158.540
159.060
159.590
160.100
160.620
161.150
161.670
162.220
162.730
163.240
163.770
164.290
164.810
165.330
165.840
166.380
166.880
167.380
167.900
168.410
168.920
169.440
169.960
170.500
171.020
171.550
172.090
172.630
173.160
173.700
174.240
174.790
175.330
175.870
176.410
176.930
177.470
178.000
178.540
179.060
179.550
180.070
180.630
181.160
181.690
182.190
182.760
183.280
183.820
184.360
184.870
185.400
185.920
186.470
186.980
187.500
188.020
188.520
189.050
189.590
190.110
190.660
191.160
191.720
192.220
192.740
193.270
193.780
194.320
194.860
195.380
195.890
196.380
196.880
197.420
197.920
198.440
198.950
199.500
200.010
200.540
201.090
201.620
202.150
202.680
203.190
203.730
204.270
204.750
205.280
205.780
206.330
206.850
207.360
207.860
208.420
208.940
209.500
210.040
210.590
211.100
211.640
212.160
212.670
213.200
213.730
214.240
214.750
215.250
215.780
216.300
216.800
217.360
217.880
218.450
218.970
219.540
220.060
220.580
221.130
221.650
222.160
222.660
223.160
223.670
224.220
224.790
225.340
225.820
226.330
226.830
227.340
227.810
228.320
228.860
229.350
229.880
230.380
230.890
231.390
231.920
232.420
232.910
233.460
233.970
234.510
235.070
235.570
236.110
236.600
237.140
237.650
238.150
238.640
239.160
239.690
240.190
240.670
241.140
241.580
242.020
242.490
242.930
243.380
243.880
244.390
244.900
245.410
245.940
246.450
246.970
247.490
248.000
248.520
249.040
249.540
250.000
250.490
250.990
251.470
251.950
252.440
252.960
253.470
253.960
254.440
254.950
255.460
255.960
256.420
256.860
257.350
257.860
258.340
258.860
259.360
259.900
260.380
260.890
261.400
261.940
262.450
262.950
263.470
263.990
264.500
265.000
265.470
265.970
266.430
266.920
267.400
267.870
268.360
268.870
269.350
269.880
270.380
270.930
271.430
271.990
272.510
273.050
273.580
274.110
274.610
275.170
275.690
276.220
276.730
277.230
277.790
278.310
278.820
279.380
279.910
280.420
280.900
281.430
281.950
282.460
282.970
283.460
284.000
284.520
285.010
285.550
286.050
286.540
287.090
287.650
288.180
288.690
289.230
289.780
290.290
290.810
291.360
291.910
292.440
292.960
293.520
294.040
294.540
295.060
295.550
296.060
296.580
297.120
297.640
298.150
298.690
299.200
299.710
300.230
300.710
301.230
301.790
302.310
302.910
303.530
304.110
304.700
305.300
305.940
306.580
307.250
307.870
308.500
309.140
309.810
