0.410
1.140
1.860
2.620
3.370
4.080
4.820
5.590
6.320
7.020
7.740
8.510
9.230
9.880
10.530
11.210
11.910
12.560
13.240
13.890
14.510
15.190
15.780
16.370
16.960
17.520
18.120
18.670
19.320
19.910
20.570
21.230
21.890
22.500
23.090
23.700
24.290
24.910
25.500
26.130
26.760
27.370
27.960
28.560
29.180
29.810
30.390
30.950
31.530
32.110
32.690
33.280
33.880
34.460
35.080
35.680
36.270
36.850
37.430
38.010
38.600
39.190
39.790
40.380
40.950
41.520
42.110
42.700
43.290
43.890
44.460
45.050
45.630
46.200
46.770
47.350
47.920
48.510
49.100
49.700
50.290
50.870
51.450
52.050
52.630
53.200
53.810
54.380
54.970
55.540
56.130
56.710
57.310
57.880
58.470
59.060
59.630
60.220
60.790
61.370
61.950
62.530
63.110
63.680
64.250
64.820
65.410
65.980
66.550
67.120
67.700
68.280
68.850
69.440
70.050
70.630
71.160
71.490
71.780
72.090
72.380
72.680
72.980
73.280
73.570
73.870
74.160
74.450
74.740
75.020
75.320
75.610
75.910
76.210
76.510
76.800
77.110
77.390
77.690
77.980
78.280
78.580
78.880
79.180
79.470
79.760
80.050
80.330
80.620
80.920
81.210
81.490
81.780
82.070
82.360
82.650
82.930
83.220
83.490
83.780
84.060
84.360
84.640
84.930
85.230
85.500
85.790
86.070
86.350
86.640
86.930
87.210
87.500
87.800
88.080
88.370
88.660
88.950
89.240
89.530
89.820
90.110
90.400
90.700
90.990
91.280
91.570
91.870
92.160
92.450
92.740
93.020
93.320
93.600
93.890
94.180
94.470
94.760
95.060
95.350
95.640
95.920
96.210
96.500
96.780
97.070
97.350
97.640
97.930
98.220
98.500
98.780
99.080
99.370
99.650
99.940
100.220
100.510
100.790
101.070
101.360
101.650
101.940
102.230
102.510
102.800
103.090
103.370
103.650
103.930
104.220
104.490
104.780
105.070
105.350
105.640
105.940
106.230
106.500
106.780
107.070
107.370
107.650
107.940
108.240
108.550
108.850
109.150
109.450
109.750
110.040
110.340
110.630
110.920
111.210
111.500
111.790
112.090
112.380
112.660
112.960
113.250
113.550
113.850
114.140
114.440
114.740
115.030
115.320
115.610
115.910
116.200
116.490
116.770
117.060
117.350
117.650
117.940
118.230
118.520
118.810
119.100
119.390
119.670
119.960
120.260
120.550
120.840
121.120
121.410
121.710
122.000
122.300
122.600
122.890
123.190
123.490
123.780
124.070
124.370
124.660
124.940
125.230
125.520
125.800
126.090
126.370
126.650
126.940
127.240
127.540
127.830
128.140
128.420
128.710
129.010
129.310
129.600
129.900
130.190
130.480
130.770
131.060
131.350
131.640
131.930
132.220
132.510
132.810
133.100
133.390
133.680
133.970
134.270
134.570
134.860
135.150
135.440
135.740
136.020
136.320
136.600
136.900
137.180
137.470
137.760
138.050
138.340
138.630
138.930
139.220
139.520
139.810
140.100
140.380
140.670
140.960
141.260
141.540
141.840
142.130
142.430
142.730
143.020
143.320
143.620
143.930
144.220
144.510
144.790
145.080
145.370
145.670
145.970
146.270
146.560
146.850
147.130
147.430
147.720
148.020
148.320
148.610
148.910
149.200
149.490
149.770
150.070
150.360
150.650
150.940
151.230
151.510
151.810
152.100
152.380
152.670
152.960
153.250
153.530
153.810
154.100
154.370
154.650
154.940
155.230
155.510
155.790
156.070
156.350
156.640
156.920
157.210
157.500
157.780
158.070
158.350
158.630
158.920
159.190
159.480
159.760
160.040
160.330
160.620
160.890
161.170
161.460
161.740
162.020
162.300
162.590
162.880
163.160
163.440
163.720
164.000
164.290
164.570
164.850
165.130
165.410
165.690
165.970
166.250
166.520
166.810
167.100
167.380
167.660
167.950
168.220
168.510
168.790
169.070
169.350
169.640
169.920
170.210
170.480
170.760
171.040
171.330
171.610
171.890
172.170
172.450
172.720
173.000
173.290
173.570
173.850
174.130
174.410
174.690
174.970
175.240
175.520
175.810
176.090
176.370
176.640
176.920
177.200
177.480
177.770
178.050
178.330
178.610
178.890
179.170
179.440
179.730
180.010
180.290
180.560
180.850
181.120
181.400
181.680
181.970
182.280
182.580
182.880
183.170
183.460
183.740
184.020
184.310
184.590
184.870
185.140
185.430
185.700
185.990
186.270
186.560
186.850
187.140
187.420
187.720
188.000
188.290
188.590
188.880
189.160
189.460
189.740
190.020
190.310
190.590
190.870
191.160
191.450
191.750
192.030
192.320
192.620
192.910
193.200
193.490
193.780
194.070
194.350
194.640
194.930
195.210
195.500
195.780
196.080
196.360
196.650
196.950
197.230
197.520
197.820
198.100
198.390
198.690
198.970
199.260
199.540
199.820
200.100
200.380
200.670
200.960
201.250
201.540
201.820
202.120
202.400
202.690
202.990
203.280
203.560
203.850
204.130
204.400
204.700
204.980
205.280
205.570
205.860
206.150
206.440
206.730
207.010
207.300
207.580
207.870
208.150
208.430
208.720
209.000
209.290
209.580
209.870
210.170
210.450
210.750
211.040
211.320
211.610
211.910
212.200
212.490
212.780
213.070
213.360
213.650
213.930
214.220
214.510
214.800
215.090
215.380
215.670
215.950
216.230
216.520
216.800
217.080
217.380
217.660
217.960
218.260
218.560
218.870
219.160
219.470
219.770
220.070
220.380
220.690
221.000
221.310
221.600
221.910
222.210
222.520
222.830
223.150
223.480
223.800
224.110
224.420
224.730
225.030
225.340
225.660
225.990
226.310
226.630
226.960
227.310
227.630
227.950
228.250
228.560
228.880
229.180
229.510
229.830
230.140
230.440
230.760
231.060
231.370
231.690
232.000
232.330
232.690
233.050
233.390
233.740
234.100
234.450
234.800
235.160
235.530
235.910
236.290
236.650
236.990
237.360
237.720
238.080
238.420
238.750
239.080
239.390
239.730
240.090
240.470
240.830
241.180
241.550
241.910
242.250
242.590
242.920
243.270
243.600
243.920
244.240
244.550
244.880
245.190
245.520
245.830
246.150
246.470
246.800
247.110
247.450
247.780
248.140
248.510
248.850
249.210
249.590
249.930
250.300
250.670
251.010
251.390
251.740
252.090
252.490
252.870
253.230
253.610
254.010
254.390
254.770
255.140
255.520
255.910
256.290
256.650
257.050
257.430
