0.550
1.140
1.760
2.320
2.870
3.420
3.990
4.590
5.230
5.830
6.410
7.030
7.620
8.250
8.870
9.580
10.280
10.970
11.600
12.290
12.960
13.640
14.320
14.970
15.610
16.250
16.960
17.700
18.420
19.100
19.810
20.590
21.480
22.360
23.210
24.130
25.070
25.990
26.900
27.810
28.920
30.010
31.130
32.210
33.250
34.380
35.480
36.470
37.560
38.600
39.600
40.710
41.820
42.900
43.890
45.000
46.050
47.100
48.130
49.260
50.130
51.080
51.950
52.910
53.840
54.830
55.700
56.630
57.600
58.520
59.450
60.360
61.300
62.260
63.140
64.030
64.820
65.670
66.540
67.370
68.230
69.140
70.200
71.260
72.350
73.460
74.490
75.470
76.490
77.540
78.380
79.220
80.140
81.060
81.990
82.850
83.860
84.770
85.770
86.670
87.490
88.340
89.240
90.110
90.950
91.770
92.700
93.580
94.530
95.390
96.250
97.100
97.940
98.670
99.390
100.130
100.840
101.540
102.300
103.010
103.740
104.400
105.140
105.830
106.520
107.200
108.100
108.990
109.810
110.730
111.580
112.360
113.140
114.020
114.850
115.670
116.550
117.340
118.250
119.130
120.070
120.880
121.690
122.490
123.420
124.360
125.290
126.120
126.960
127.810
128.540
129.200
129.830
130.470
131.160
131.790
132.450
133.100
133.730
134.350
135.020
