0.450
1.010
1.580
2.140
2.690
3.270
3.780
4.310
4.840
5.360
5.910
6.440
6.980
7.520
8.080
8.590
9.110
9.670
10.170
10.720
11.250
11.770
12.290
12.820
13.340
13.870
14.400
14.920
15.430
15.940
16.480
17.000
17.520
18.060
18.600
19.120
19.640
20.160
20.720
21.220
21.750
22.260
22.800
23.320
23.840
24.370
24.890
25.420
25.950
26.480
27.020
27.530
28.030
28.560
29.090
29.580
30.110
30.620
31.180
31.690
32.200
32.730
33.260
33.760
34.290
34.790
35.340
35.880
36.470
37.000
37.590
38.120
38.640
39.150
39.700
40.230
40.760
41.250
41.780
42.330
42.850
43.360
43.910
44.420
44.980
45.500
46.030
46.530
47.060
47.570
48.120
48.640
49.160
49.680
50.200
50.730
51.270
51.830
52.370
52.930
53.470
54.000
54.550
55.090
55.630
56.150
56.710
57.230
57.760
58.320
58.840
59.360
59.880
60.440
60.930
61.480
61.970
62.530
63.060
63.570
64.100
64.630
65.170
65.700
66.230
66.780
67.310
67.840
68.370
68.880
69.410
69.970
70.480
71.020
71.530
72.040
72.580
73.070
73.600
74.160
74.660
75.210
75.740
76.260
76.760
77.300
77.830
78.350
78.910
79.420
79.950
80.490
81.010
81.540
82.030
82.580
83.100
83.600
84.130
84.650
85.170
85.670
86.200
86.730
87.280
87.800
88.330
88.850
89.370
89.920
90.460
90.970
91.520
92.050
92.570
93.090
93.620
94.140
94.670
95.220
95.760
96.290
96.800
97.350
97.870
98.440
98.950
99.470
100.030
100.530
101.070
101.600
102.150
102.670
103.210
103.740
104.250
104.800
105.350
105.870
106.390
106.920
107.460
107.990
108.530
109.060
109.590
110.100
110.650
111.150
111.680
112.250
112.790
113.300
113.850
114.410
114.920
115.400
115.920
116.460
116.970
117.470
118.030
118.560
119.070
119.590
120.150
120.650
121.190
121.730
122.260
122.770
123.300
123.860
124.370
124.900
125.420
125.970
126.490
126.970
127.480
128.010
128.530
129.100
129.630
130.150
130.690
131.210
131.750
132.250
132.770
133.310
133.850
134.360
134.870
135.390
135.940
136.460
136.980
137.520
138.060
138.580
139.120
139.650
140.190
140.710
141.250
141.780
142.330
142.850
143.380
143.920
144.450
144.980
145.520
146.080
146.610
147.140
147.650
148.190
148.700
149.240
149.780
150.300
150.840
151.350
151.910
152.420
152.970
153.470
154.000
154.530
155.070
155.600
156.140
156.680
157.200
157.750
158.290
158.820
159.380
159.910
160.450
160.960
161.480
161.990
162.520
163.050
163.590
164.100
164.640
165.210
165.730
166.270
166.830
167.350
167.890
168.420
168.970
169.500
170.040
170.560
171.090
171.650
172.190
172.740
173.250
173.820
174.340
174.900
175.410
175.940
176.460
176.950
177.470
178.010
178.530
179.030
179.560
180.080
180.620
181.120
181.660
182.200
182.730
183.250
183.770
184.310
184.830
185.350
185.890
186.400
186.930
187.460
188.010
188.520
189.080
189.600
190.140
190.660
191.180
191.700
192.240
192.760
193.320
193.830
194.360
194.870
195.390
195.900
196.440
196.950
197.490
198.020
198.560
199.090
199.620
200.130
200.670
201.190
201.720
202.240
202.770
203.280
203.820
204.320
204.860
205.400
205.930
206.420
206.970
207.480
208.010
208.510
209.060
209.590
210.090
210.590
211.120
211.610
212.120
212.650
213.160
213.690
214.250
214.760
215.320
215.840
216.380
216.910
217.430
217.950
218.500
219.000
219.540
220.050
220.590
221.110
221.630
222.170
222.700
223.220
223.750
224.300
224.850
225.360
225.900
226.430
226.970
227.490
228.010
228.530
229.050
229.570
230.100
230.620
231.160
231.690
232.200
232.730
233.260
233.780
234.290
234.830
235.350
235.860
236.390
236.900
237.440
237.940
238.470
239.000
239.520
240.040
240.580
241.090
241.620
242.130
242.630
243.160
243.700
244.230
244.770
245.310
245.840
246.360
246.910
247.430
247.950
248.480
249.000
249.520
250.030
250.540
251.070
251.600
252.140
252.650
253.160
253.690
254.190
254.710
255.240
255.770
256.300
256.820
257.380
257.890
258.430
258.950
259.480
260.030
260.540
261.070
261.580
262.090
262.630
263.150
263.680
264.180
264.730
265.250
265.750
266.280
266.790
267.310
267.850
268.370
268.920
269.440
269.970
270.510
271.040
271.550
272.080
272.610
273.170
273.700
274.240
274.760
275.260
275.780
276.310
276.840
277.400
277.930
278.470
279.000
279.500
280.040
280.570
281.080
281.600
282.160
282.690
283.230
283.740
284.270
284.820
285.350
285.870
286.390
286.910
287.470
288.030
288.560
289.090
289.640
290.190
290.730
291.280
291.800
292.290
292.820
293.330
293.860
294.420
294.950
295.480
296.000
296.520
297.060
297.580
298.100
298.630
299.180
299.710
300.230
300.780
301.290
301.830
302.340
302.890
303.400
303.920
304.440
304.960
305.490
306.020
306.580
307.150
307.660
308.200
308.770
309.300
309.820
310.370
310.920
311.430
311.970
312.510
313.030
313.530
314.050
314.600
315.130
315.650
316.160
316.710
317.240
317.770
318.300
318.820
319.350
319.860
320.380
320.910
321.460
322.000
322.530
323.070
323.600
324.130
324.700
325.220
325.760
326.290
326.820
327.330
327.860
328.400
328.940
329.460
329.980
330.510
331.040
331.580
332.140
332.680
333.200
333.730
334.250
334.770
335.310
335.810
336.340
336.890
337.430
337.960
338.480
338.990
339.550
340.080
340.580
341.110
341.670
342.170
342.700
343.240
343.790
344.310
344.800
345.340
345.840
346.390
346.910
347.420
347.950
348.480
349.020
349.520
350.060
350.600
351.140
351.640
352.130
352.630
353.160
353.660
354.140
354.630
355.130
355.620
356.100
356.600
357.080
357.560
358.030
358.520
358.980
359.460
359.940
360.450
360.950
361.440
361.960
362.460
362.960
363.440
363.920
364.400
364.900
365.390
365.900
366.400
366.900
367.400
367.920
368.420
368.930
369.450
369.950
370.460
370.970
371.490
372.010
372.530
373.060
