0.630
1.350
2.090
2.830
3.530
4.230
4.980
5.660
6.330
7.050
7.800
8.490
9.260
9.940
10.700
11.390
12.110
12.830
13.560
14.310
15.080
15.780
16.560
17.280
18.040
18.750
19.500
20.190
20.950
21.630
22.400
23.110
23.860
24.600
25.380
26.110
26.880
27.610
28.290
29.040
29.720
30.440
31.180
31.930
32.630
33.380
34.110
34.840
35.720
36.610
37.550
38.530
39.670
40.750
41.810
42.920
44.030
45.080
46.120
47.190
48.310
49.400
50.480
51.590
52.340
53.140
53.950
54.810
55.600
56.410
57.280
58.130
59.020
59.970
60.880
61.830
62.780
63.730
64.660
65.660
66.560
67.550
68.500
69.540
70.650
71.750
72.860
73.790
74.580
75.400
76.200
77.000
77.760
78.510
79.190
79.880
80.600
81.260
81.940
82.640
83.380
84.090
84.860
85.560
86.320
87.070
87.800
88.580
89.300
90.060
90.800
91.490
92.230
93.010
93.710
94.440
95.210
95.900
96.660
97.380
98.090
98.840
99.620
100.350
101.050
101.800
102.510
103.270
103.990
104.690
105.400
106.130
106.900
107.620
108.280
108.890
109.530
110.200
110.790
111.440
111.970
112.470
113.030
113.550
114.060
114.590
115.150
115.740
116.290
116.860
117.390
117.990
118.550
119.130
119.670
120.270
120.830
121.370
121.940
122.470
123.020
123.620
124.170
124.760
125.310
125.870
126.450
127.040
127.570
128.160
128.700
129.250
129.830
130.380
130.950
131.550
132.090
132.670
133.250
133.830
134.380
134.950
135.510
136.110
136.650
137.200
137.790
138.350
138.890
139.460
139.980
140.550
141.060
141.620
142.170
142.720
143.310
143.840
144.420
144.960
145.520
146.120
146.690
147.240
147.800
148.380
148.910
149.490
150.030
150.610
151.150
151.770
152.380
152.980
153.570
154.180
154.770
155.340
155.950
156.520
157.110
157.680
158.260
158.790
159.370
159.900
160.420
160.980
161.500
162.040
162.600
163.120
163.690
164.240
164.790
165.350
165.920
166.510
167.090
167.700
168.350
168.940
169.550
170.150
170.840
171.530
172.160
172.870
173.520
174.250
174.990
175.760
176.470
177.220
177.950
178.750
179.490
180.270
181.020
181.780
182.530
183.300
184.010
184.770
185.540
186.320
187.060
187.790
188.570
189.310
190.010
190.770
191.470
192.240
192.990
193.610
194.290
194.950
195.540
196.180
196.780
197.480
198.200
198.970
199.730
200.460
201.210
201.980
202.730
203.450
204.220
204.930
205.670
206.440
207.200
207.950
208.690
209.370
210.090
210.850
211.530
212.300
213.020
213.720
214.500
215.240
215.950
216.700
217.460
218.170
218.910
219.690
220.410
221.200
221.920
222.540
223.200
223.850
224.440
225.080
225.710
226.290
226.890
227.480
228.120
228.790
229.420
230.060
230.710
231.410
232.170
232.890
233.640
234.330
235.010
235.620
236.270
237.000
237.700
238.450
239.200
239.910
240.680
241.420
242.160
242.900
243.620
244.390
245.080
245.800
246.550
247.270
247.950
248.690
249.420
250.140
250.860
251.590
252.350
253.090
253.850
254.570
255.310
256.080
256.810
257.550
258.310
259.090
259.850
260.580
261.360
262.180
262.960
263.690
264.470
265.210
265.900
266.640
267.420
268.140
268.860
269.600
270.380
271.130
271.840
272.600
273.380
274.110
274.830
275.560
276.330
277.060
277.820
278.590
279.370
279.990
280.410
280.800
281.160
281.560
281.930
282.320
282.680
283.060
283.420
283.770
284.140
284.490
284.850
285.230
285.600
285.960
286.330
286.700
287.070
287.440
287.800
288.150
288.500
288.870
289.260
289.630
290.000
290.350
290.700
291.070
291.450
291.830
292.190
292.540
292.890
293.270
293.650
294.000
294.380
294.750
295.120
295.480
295.850
296.220
296.580
296.930
297.270
297.630
298.000
298.370
298.760
299.150
299.530
299.890
300.260
300.630
301.000
301.370
301.750
302.130
302.510
302.880
303.230
303.620
303.990
304.340
304.730
305.080
305.430
305.800
306.170
306.520
306.880
307.240
307.610
307.970
308.320
308.670
309.040
309.390
309.780
310.140
310.500
310.870
311.220
311.550
311.900
312.260
312.620
312.970
313.340
313.690
314.040
314.410
314.780
315.150
315.530
315.880
316.250
316.630
317.010
317.370
317.730
318.090
318.430
318.780
319.130
319.500
319.860
320.240
320.600
320.960
321.340
321.700
322.050
322.410
322.780
323.140
323.490
323.860
324.210
324.570
324.940
325.290
325.660
326.020
326.380
326.730
327.080
327.440
327.780
328.140
328.470
328.830
329.200
329.560
329.910
330.270
330.630
330.970
331.330
331.680
332.030
332.380
332.740
333.080
333.450
333.820
334.170
334.510
334.850
335.200
335.560
335.920
336.300
336.660
337.020
337.370
337.730
338.110
338.470
338.840
339.190
339.560
339.910
340.240
340.610
340.940
341.290
341.660
342.010
342.350
342.710
343.080
343.430
343.810
344.170
344.530
344.880
345.250
345.590
345.950
346.320
346.670
347.040
347.400
347.760
348.130
348.470
348.830
349.190
349.550
349.930
350.300
350.650
351.030
351.370
351.740
352.110
352.480
352.830
353.200
353.580
353.950
354.320
354.690
355.050
355.440
355.800
356.160
356.540
356.920
357.290
357.640
358.020
358.380
358.750
359.180
359.630
360.070
360.510
360.950
361.370
361.920
362.450
363.030
363.750
364.400
365.130
365.820
366.510
367.300
368.060
368.860
369.610
370.390
371.120
371.870
372.670
373.470
374.240
374.980
375.710
376.500
377.220
377.970
378.730
379.500
380.280
381.000
381.770
382.530
383.250
384.040
384.770
385.470
386.200
386.950
387.700
388.430
389.120
389.850
390.610
391.340
392.040
392.830
393.570
394.290
395.050
395.830
396.550
397.320
398.040
398.800
399.580
400.350
401.090
401.850
402.600
403.300
404.050
404.790
405.510
406.250
406.950
407.680
408.440
409.170
409.890
410.650
411.380
412.100
412.880
413.660
414.490
415.270
416.010
416.790
417.630
418.480
419.270
420.030
420.830
421.590
422.410
423.170
423.960
424.760
425.580
426.430
427.310
428.020
428.740
429.490
430.220
430.970
431.690
432.410
433.010
433.590
434.160
434.670
435.230
435.780
436.300
436.830
437.400
437.930
438.450
439.040
439.610
440.150
440.740
441.280
441.790
442.290
442.780
443.260
443.730
444.170
444.650
445.110
445.620
446.080
446.600
447.110
447.610
448.120
448.650
449.160
449.660
450.180
450.780
451.360
451.930
452.540
453.120
453.660
454.200
454.800
455.350
455.920
456.550
457.120
457.730
458.370
458.890
459.400
459.940
460.510
461.010
461.510
461.970
462.490
462.950
463.450
463.930
464.450
464.930
465.380
465.840
466.300
466.780
467.230
467.700
468.160
468.600
469.040
469.500
469.940
470.390
470.870
471.340
471.810
472.280
472.760
473.200
473.640
474.050
474.500
474.910
475.340
475.790
476.220
476.650
477.060
477.530
477.960
478.420
478.870
479.320
479.760
480.240
480.740
481.180
481.620
482.060
482.470
482.900
483.350
483.760
484.280
484.800
485.300
485.770
486.230
486.650
487.080
487.510
487.940
488.400
488.830
489.260
489.690
490.120
490.540
490.940
491.360
491.810
492.230
492.660
493.090
493.490
493.910
494.350
494.770
495.170
495.590
496.010
496.450
496.910
497.390
497.880
498.370
498.790
499.210
499.610
500.040
500.480
500.950
501.430
501.930
502.430
502.900
503.350
503.810
504.280
504.790
505.300
505.770
506.280
506.770
507.310
507.830
508.370
508.910
509.500
510.130
510.700
511.220
511.740
512.290
512.840
513.380
514.000
514.590
515.190
515.790
516.370
516.940
517.500
518.060
518.600
519.110
519.660
520.190
520.750
521.400
522.070
522.690
523.350
524.060
524.770
525.470
526.180
526.940
527.670
528.370
529.170
529.990
530.770
531.620
532.490
533.380
534.270
535.140
536.000
536.860
537.780
538.650
539.630
540.610
541.490
542.390
543.200
544.060
544.880
545.710
546.380
547.060
547.780
548.440
549.120
549.800
550.540
551.330
552.050
552.810
553.660
554.600
555.470
556.350
557.280
558.190
559.030
559.860
560.740
561.660
562.540
563.390
564.380
565.290
566.260
567.240
568.170
569.130
570.120
571.080
572.040
573.050
574.000
575.000
575.960
577.010
578.120
579.250
580.310
581.410
582.480
583.520
584.570
585.660
586.710
587.740
588.690
589.630
590.510
591.440
592.360
593.220
594.190
595.100
596.030
596.930
597.840
598.740
599.690
