0.680
1.350
2.040
2.730
3.440
4.090
4.820
5.540
6.230
7.000
7.760
8.530
9.150
9.810
10.450
11.090
11.750
12.480
13.200
13.940
14.670
15.390
16.120
16.860
17.620
18.370
19.110
19.850
20.600
21.390
22.170
22.980
23.730
24.490
25.250
26.030
26.860
27.650
28.450
29.240
30.020
30.790
31.560
32.360
33.150
33.950
34.740
35.540
36.350
37.140
37.930
38.720
39.520
40.310
41.100
41.910
42.690
43.500
44.290
45.090
45.890
46.690
47.500
48.300
49.110
49.910
50.710
51.510
52.300
53.110
53.940
54.770
55.580
56.390
57.200
58.030
58.850
59.660
60.470
61.310
62.140
62.960
63.790
64.620
65.440
66.240
67.030
67.870
68.660
69.470
70.280
71.090
71.930
72.720
73.520
74.350
75.130
75.950
76.770
77.590
78.410
79.210
80.020
80.840
81.650
82.470
83.270
84.100
84.930
85.720
86.530
87.370
88.210
89.030
89.860
90.690
91.520
92.350
93.190
94.030
94.840
95.670
96.480
97.310
98.150
98.980
99.800
100.660
101.500
102.340
103.170
104.000
104.820
105.660
106.450
107.280
108.110
108.960
109.780
110.610
111.430
112.230
113.020
113.850
114.670
115.520
116.360
117.210
118.030
118.870
119.700
120.580
121.380
122.230
123.060
123.900
124.720
125.550
126.390
127.210
128.060
128.920
129.770
130.660
131.530
132.400
133.300
134.120
135.040
135.870
136.730
137.590
138.420
139.280
140.150
140.970
141.810
142.660
143.490
144.350
145.190
146.050
146.920
147.780
148.660
149.520
150.400
151.270
152.130
153.000
153.820
154.690
155.530
156.380
157.240
158.090
158.960
159.840
160.690
161.550
162.420
163.290
164.150
165.030
165.890
166.750
167.600
168.470
169.330
170.180
171.040
171.930
172.780
173.620
174.500
175.360
176.290
177.150
178.030
178.910
179.780
180.630
181.480
182.340
183.210
184.090
184.980
185.860
186.730
187.560
188.440
189.340
190.180
191.090
191.970
192.850
193.720
194.580
195.480
196.320
197.220
198.110
198.980
199.860
200.720
201.620
202.480
203.360
204.250
205.150
206.040
206.940
207.770
208.640
209.510
210.370
211.240
212.120
213.000
213.850
214.700
215.560
216.410
217.250
218.090
218.980
219.820
220.720
221.570
222.470
223.350
224.240
225.110
225.980
226.870
227.730
228.600
229.480
230.350
231.260
232.140
233.020
233.920
234.810
235.710
236.630
237.530
238.430
239.330
240.220
241.130
242.040
242.930
243.830
244.740
245.640
246.540
247.430
248.330
249.230
250.140
251.030
251.950
252.870
253.760
254.710
255.600
256.540
257.440
258.340
259.240
260.160
261.070
262.010
262.930
263.850
264.730
265.630
266.520
267.410
268.290
269.200
270.110
270.990
271.850
272.710
273.550
274.420
275.270
276.110
276.980
277.860
278.760
279.610
280.470
281.370
282.220
283.100
283.970
284.850
285.700
286.570
287.490
288.350
289.190
290.070
290.950
291.840
292.700
293.580
294.470
295.340
296.200
297.070
297.970
298.860
299.730
300.620
301.490
302.360
303.220
304.090
304.960
305.840
306.690
307.540
308.400
309.300
310.160
311.050
311.920
312.790
313.660
314.500
315.410
316.270
317.170
318.060
318.940
319.810
320.700
321.600
322.480
323.370
324.260
325.160
326.030
326.940
327.830
328.740
329.640
330.530
331.450
332.320
333.220
334.110
334.990
335.920
336.830
337.750
338.640
339.590
340.490
341.400
342.320
343.260
344.170
345.070
345.970
346.890
347.810
348.740
349.650
350.560
351.470
352.390
353.320
354.250
355.180
356.120
357.060
357.990
358.890
359.800
360.720
361.650
362.570
363.520
364.490
365.420
366.340
367.240
368.170
369.070
369.960
370.880
371.780
372.740
373.690
374.700
375.680
376.600
377.590
378.600
379.630
380.740
381.780
382.850
383.900
385.020
386.130
387.120
388.180
389.170
390.120
391.100
392.020
392.980
393.990
394.960
395.980
397.030
398.070
399.100
400.110
401.130
402.200
403.250
404.300
405.310
406.360
407.390
408.430
