0.460
1.270
2.070
2.880
3.700
4.510
5.390
6.260
7.080
7.790
8.440
8.980
9.540
10.080
10.650
11.210
11.770
12.280
12.820
13.370
13.920
14.460
15.000
15.550
16.090
16.670
17.220
17.770
18.370
18.940
19.550
20.180
20.810
21.450
22.000
22.550
23.120
23.670
24.230
24.800
25.360
25.890
26.410
26.990
27.520
28.090
28.670
29.220
29.770
30.340
30.890
31.420
31.980
32.540
33.090
33.630
34.180
34.720
35.320
35.930
36.580
37.170
37.740
38.320
38.940
39.510
40.050
40.600
41.180
41.760
42.310
42.880
43.430
43.990
44.560
45.130
45.680
46.240
46.790
47.350
47.920
48.480
49.010
49.570
50.130
50.660
51.210
51.780
52.310
52.840
53.400
53.970
54.510
55.080
55.620
56.190
56.750
57.290
57.820
58.400
58.930
59.500
60.070
60.610
61.150
61.720
62.270
62.830
63.380
63.950
64.480
65.040
65.580
66.120
66.680
67.240
67.780
68.340
68.900
69.470
70.020
70.570
71.110
71.690
72.240
72.780
73.340
73.880
74.440
75.000
75.540
76.080
76.660
77.190
77.740
78.280
78.850
79.390
79.960
80.510
81.060
81.590
82.150
82.700
83.270
83.840
84.410
84.970
85.520
86.070
86.640
87.180
87.760
88.310
88.860
89.410
89.980
90.530
91.070
91.630
92.170
92.700
93.290
93.830
94.390
94.950
95.520
96.070
96.620
97.180
97.740
98.270
98.850
99.390
99.950
100.500
101.060
101.610
102.140
102.720
103.260
103.790
104.340
104.880
105.420
105.950
106.500
107.050
107.610
108.150
108.690
109.250
109.790
110.330
110.870
111.390
111.940
112.450
112.990
113.560
114.110
114.650
115.210
115.760
116.300
116.860
117.410
117.940
118.500
119.040
119.580
120.110
120.670
121.220
121.770
122.330
122.880
123.440
123.980
124.540
125.080
125.640
126.190
126.740
127.280
127.830
128.390
128.940
129.500
130.060
130.610
131.150
131.690
132.230
132.780
133.340
133.880
134.450
135.000
135.550
136.090
136.640
137.180
137.730
138.300
138.870
139.410
139.950
140.520
141.060
141.630
142.180
142.720
143.270
143.830
144.370
144.910
145.460
146.010
146.550
147.110
147.670
148.230
148.780
149.340
149.870
150.400
150.950
151.500
152.060
152.610
153.160
153.720
154.270
154.840
155.380
155.910
156.450
156.980
157.530
158.080
158.620
159.190
159.760
160.310
160.890
161.420
161.980
162.540
163.090
163.640
164.200
164.740
165.300
165.860
166.430
166.940
167.490
168.040
168.590
169.130
169.690
170.240
170.760
171.300
171.840
172.360
172.890
173.460
173.990
174.520
175.080
175.590
176.130
176.690
177.240
177.760
178.300
178.850
179.390
179.960
180.510
181.050
181.590
182.150
182.690
183.230
183.780
184.330
184.860
185.410
185.940
186.510
187.050
187.600
188.150
188.680
189.250
189.800
190.340
190.880
191.440
191.990
192.540
193.100
193.630
194.170
194.710
195.250
195.810
196.330
196.880
197.420
197.990
198.540
199.090
199.630
200.180
200.710
201.280
201.840
202.370
202.920
203.470
204.030
204.580
205.140
205.670
206.210
206.750
207.290
207.840
208.390
208.940
209.490
210.020
210.570
211.120
211.650
212.200
212.750
213.280
213.820
214.350
214.900
215.460
216.000
216.560
217.130
217.680
218.240
218.790
219.350
219.890
220.450
221.000
221.530
222.100
222.660
223.210
223.760
224.320
224.870
225.410
225.950
226.500
227.040
227.610
228.160
228.690
229.240
229.790
230.320
230.880
231.430
231.990
232.540
233.090
233.640
234.190
234.750
235.280
235.830
236.390
236.920
237.490
238.020
238.560
239.110
239.670
240.220
240.780
241.340
241.870
242.420
242.980
243.540
244.070
244.610
245.170
245.750
246.310
246.830
247.380
247.960
248.490
249.040
249.590
250.130
250.670
251.200
251.770
252.310
252.840
253.380
253.930
254.480
255.020
255.560
256.100
256.640
257.160
257.740
258.270
258.840
259.380
259.940
260.480
261.030
261.570
262.130
262.670
263.210
263.740
264.290
264.830
265.400
265.950
266.490
267.050
267.600
268.150
268.700
269.250
269.810
270.360
270.910
271.450
271.990
272.540
273.070
273.610
274.160
274.720
275.270
275.810
276.360
276.900
277.450
278.000
278.570
279.140
279.690
280.240
280.800
281.340
281.890
282.430
283.000
283.540
284.100
284.650
285.190
285.760
286.300
286.840
287.380
287.930
288.470
289.020
289.550
290.090
290.640
291.150
291.710
292.260
292.810
293.360
293.940
294.490
295.040
295.600
296.150
296.730
297.270
297.820
298.350
298.910
299.470
300.010
300.550
301.090
301.630
302.130
302.670
303.190
303.760
304.300
304.870
305.420
305.940
306.480
307.040
307.580
308.140
308.700
309.250
309.800
310.330
310.880
311.400
311.930
312.480
313.050
313.580
314.140
314.690
315.220
315.760
316.300
316.830
317.370
317.900
318.460
318.990
319.520
320.080
320.630
321.180
321.710
322.270
322.810
323.310
323.850
324.470
325.110
325.730
326.280
326.870
327.390
327.900
328.440
328.980
329.500
330.040
330.550
331.100
331.640
332.180
332.720
333.260
333.790
334.350
334.900
335.440
335.970
336.520
337.070
337.630
338.200
338.750
339.330
339.850
340.410
340.940
341.480
342.010
342.540
343.100
343.640
344.170
344.730
345.270
345.780
346.330
346.870
347.430
348.000
348.530
349.110
349.710
350.270
350.810
351.350
351.910
352.460
352.980
353.540
354.090
354.640
355.190
355.740
356.280
356.800
357.360
357.890
358.380
358.900
359.420
359.910
360.430
360.900
361.420
361.910
362.450
363.050
363.640
364.240
364.850
365.460
366.050
366.560
367.090
367.630
368.140
368.670
369.200
369.690
370.170
370.660
371.130
371.620
372.150
372.670
373.160
373.670
374.200
374.740
375.280
375.820
376.350
376.810
377.320
377.820
378.290
378.780
379.260
379.730
380.200
380.720
381.260
381.820
382.350
382.910
383.490
384.060
384.630
385.180
385.760
386.380
386.990
387.640
388.230
388.820
389.370
389.960
390.530
391.130
391.680
392.270
392.840
393.390
394.060
394.750
395.440
396.170
396.860
397.590
398.300
399.040
399.740
400.430
401.120
401.840
402.530
403.140
403.780
404.390
405.050
405.640
406.200
406.830
407.410
408.070
408.730
409.350
410.040
410.690
411.330
412.020
412.680
413.300
413.930
414.530
415.180
415.750
416.310
416.910
417.480
418.070
418.610
419.190
419.780
420.320
420.920
421.450
421.960
422.510
423.060
423.570
424.130
424.670
425.270
425.840
426.390
426.960
427.470
428.030
428.580
429.120
429.720
430.260
430.860
431.410
431.970
432.510
433.060
433.620
434.180
434.720
435.260
435.820
436.400
436.980
437.570
438.120
438.690
439.230
439.800
440.350
440.930
441.480
442.050
442.590
443.150
443.720
444.300
444.860
445.400
445.980
446.550
447.100
447.660
448.230
448.770
449.320
449.880
450.440
450.980
451.560
452.120
452.660
453.250
453.800
454.360
454.940
455.500
456.070
456.620
457.170
457.770
458.340
458.880
459.480
460.020
460.590
461.160
461.720
462.280
462.830
463.410
463.960
464.500
465.070
465.640
466.180
466.770
467.310
467.900
468.450
469.030
469.620
470.240
470.810
471.390
471.930
472.520
473.100
473.650
474.230
474.800
475.380
475.940
476.500
477.060
477.650
478.210
478.790
479.340
479.920
480.490
481.050
481.650
482.190
482.770
483.360
483.900
484.520
485.110
485.700
486.320
486.910
