0.190
0.570
0.950
1.350
1.730
2.140
2.530
2.900
3.290
3.700
4.050
4.420
4.810
5.160
5.460
5.750
6.030
6.320
6.610
6.900
7.190
7.480
7.780
8.070
8.350
8.640
8.930
9.230
9.510
9.780
10.070
10.340
10.630
10.900
11.190
11.470
11.750
12.020
12.300
12.580
12.870
13.150
13.430
13.710
13.980
14.270
14.550
14.830
15.110
15.390
15.670
15.940
16.230
16.500
16.780
17.060
17.340
17.620
17.900
18.180
18.460
18.740
19.020
19.310
19.610
19.890
20.180
20.470
20.770
21.060
21.340
21.660
21.960
22.280
22.580
22.860
23.160
23.440
23.730
24.020
24.310
24.610
24.900
25.180
25.450
25.730
26.020
26.290
26.580
26.880
27.190
27.500
27.820
28.130
28.420
28.710
28.990
29.280
29.580
29.860
30.160
30.450
30.740
31.020
31.310
31.600
31.880
32.160
32.450
32.720
33.010
33.320
33.620
33.910
34.200
34.490
34.790
35.070
35.370
35.660
35.950
36.240
36.520
36.810
37.110
37.400
37.690
37.980
38.270
38.550
38.860
39.160
39.460
39.750
40.050
40.330
40.630
40.910
41.200
41.480
41.760
42.040
42.340
42.620
42.910
43.210
43.500
43.790
44.070
44.370
44.650
44.950
45.240
45.530
45.820
46.100
46.370
46.650
46.930
47.220
47.500
47.790
48.080
48.360
48.660
48.940
49.230
49.520
49.810
50.100
50.400
50.710
51.010
51.300
51.580
51.870
52.160
52.440
52.720
52.990
53.270
53.560
53.830
54.120
54.400
54.680
54.970
55.260
55.540
55.840
56.120
56.410
56.710
57.020
57.330
57.640
57.960
58.270
58.580
58.890
59.200
59.510
59.830
60.140
60.470
60.780
61.100
61.410
61.710
62.020
62.330
62.640
62.950
63.260
63.580
63.890
64.200
64.510
64.810
65.130
65.440
65.760
66.090
66.410
66.720
67.050
67.360
67.680
68.000
68.330
68.640
68.960
69.280
69.580
69.890
70.210
70.510
70.820
71.140
71.470
71.790
72.100
72.420
72.760
73.070
73.430
73.770
74.100
74.430
74.760
75.100
75.440
75.770
76.090
76.410
76.740
77.060
77.380
77.700
78.020
78.330
78.660
78.980
79.300
79.630
79.960
80.290
80.610
80.930
81.260
81.590
81.920
82.240
82.570
82.890
83.210
83.530
83.860
84.190
84.510
84.840
85.170
85.500
85.830
86.150
86.490
86.800
87.140
87.470
87.800
88.120
88.450
88.780
89.120
89.450
89.780
90.100
90.420
90.750
91.080
91.400
91.740
92.050
92.390
92.720
93.050
93.380
93.710
94.040
94.370
94.700
95.040
95.360
95.700
96.030
96.360
96.690
97.020
97.340
97.680
98.010
98.340
98.680
99.010
99.340
99.670
100.000
100.320
100.650
100.990
101.320
101.660
101.980
102.310
102.640
102.970
103.300
103.640
103.980
104.320
104.650
104.980
105.320
105.640
105.970
106.300
106.630
106.950
107.300
107.630
107.960
108.300
108.630
108.970
109.290
109.630
109.970
110.290
110.620
110.960
111.280
111.620
111.960
112.290
112.620
112.960
113.290
113.620
113.950
114.280
114.620
114.960
115.280
115.620
115.940
116.260
116.600
116.940
117.260
117.590
117.930
118.270
118.610
118.960
119.290
119.640
119.970
120.330
120.650
121.000
121.330
121.680
122.000
122.350
122.680
123.020
123.360
123.710
124.040
124.380
124.720
125.060
125.400
125.740
126.070
126.420
126.750
127.080
127.430
127.760
128.090
128.430
128.770
129.110
129.450
129.800
130.140
130.480
130.810
131.150
131.490
131.830
132.170
132.520
132.850
133.190
133.520
133.870
134.210
134.540
134.880
135.230
135.570
135.900
136.240
136.580
136.920
137.250
137.590
137.920
138.270
138.600
138.940
139.270
139.620
139.950
140.280
140.620
140.960
141.300
141.640
141.980
142.320
142.660
142.990
143.330
143.670
144.020
144.360
144.700
145.040
145.380
145.720
146.060
146.390
146.730
147.060
147.410
147.740
148.080
148.420
148.760
149.100
149.430
149.760
150.090
150.410
150.750
151.090
151.450
151.780
152.090
152.420
152.770
153.100
153.420
153.750
154.090
154.400
154.750
155.080
155.410
155.730
156.090
156.410
156.750
157.070
157.410
157.740
158.070
158.420
158.750
159.080
159.420
159.740
160.090
160.410
160.750
161.080
161.420
161.760
162.110
162.450
162.790
163.120
163.460
163.790
164.130
164.470
164.810
165.140
165.480
165.810
166.160
166.490
166.830
167.160
167.500
167.830
168.160
168.500
168.840
169.180
169.520
169.860
170.200
170.550
170.900
171.230
171.570
171.900
172.240
172.580
172.930
173.270
173.610
173.950
174.290
174.630
174.970
175.310
175.650
175.980
176.320
176.660
177.000
177.340
177.670
178.010
178.350
178.680
179.020
179.350
179.680
180.020
180.350
180.690
181.040
181.380
181.720
182.060
182.400
182.740
183.070
183.410
183.750
184.090
184.430
184.760
185.100
185.440
185.780
186.120
186.460
186.800
187.140
187.480
187.820
188.150
188.490
188.830
189.170
189.510
189.850
190.190
190.520
190.860
191.200
191.540
191.880
192.220
192.550
192.890
193.220
193.560
193.900
194.240
194.570
194.910
195.250
195.580
195.910
196.250
196.590
196.920
197.250
197.600
197.930
198.270
198.600
198.940
199.270
199.600
199.940
200.280
200.620
200.960
201.300
201.630
201.970
202.310
202.650
202.980
203.320
203.650
204.000
204.330
204.670
205.020
205.360
205.700
206.050
206.390
206.740
207.080
207.420
207.760
208.110
208.440
208.780
209.130
209.480
209.810
210.160
210.490
210.840
211.180
211.530
211.870
212.210
212.560
212.900
213.240
213.580
213.910
214.250
214.590
214.930
215.250
215.590
215.930
216.280
216.610
216.960
217.280
217.630
217.970
218.310
218.650
218.980
219.320
219.660
220.000
220.340
220.670
221.010
221.350
221.680
222.030
222.370
222.700
223.040
223.390
223.730
224.070
224.410
224.760
225.100
225.430
225.770
226.110
226.460
226.800
227.150
227.490
227.830
228.160
228.520
228.860
229.200
229.550
229.890
230.230
230.570
230.910
231.250
231.590
231.930
232.270
232.610
232.950
233.290
233.630
233.970
234.310
234.650
234.990
235.330
235.670
236.010
236.340
236.680
237.030
237.350
237.690
238.040
238.360
238.710
239.050
239.380
239.720
240.060
240.390
240.740
241.070
241.400
241.750
242.090
242.410
242.760
243.100
243.430
243.780
244.120
244.450
244.790
245.120
245.460
245.790
246.120
246.440
246.790
247.120
247.450
247.800
248.150
248.490
248.840
249.180
249.520
249.860
250.190
250.530
250.870
251.210
251.550
251.880
252.230
252.540
252.880
253.200
253.540
253.880
254.220
254.550
254.910
255.240
255.590
255.930
256.270
256.620
256.960
257.300
257.630
257.970
258.310
258.650
258.990
259.330
259.680
260.020
260.370
260.720
261.060
261.410
261.750
262.090
262.430
262.770
263.110
263.460
263.800
264.140
264.480
264.820
265.160
265.500
265.840
266.180
266.520
266.860
267.200
267.540
267.890
268.240
268.580
268.920
269.270
269.610
269.950
270.300
270.640
270.980
271.320
271.670
272.010
272.350
272.690
273.020
273.360
273.690
274.030
274.380
274.710
275.070
275.410
275.760
276.110
276.440
276.790
277.140
277.490
277.820
278.170
278.500
278.850
279.200
279.550
279.900
280.240
280.580
280.930
281.270
281.610
281.960
282.300
282.640
282.990
283.330
283.680
284.030
284.380
284.720
285.070
285.400
285.750
286.100
286.450
286.790
287.140
287.490
287.830
288.170
288.520
288.870
289.210
289.560
289.900
290.240
290.590
290.940
291.280
291.630
291.970
292.320
292.670
293.020
293.380
293.720
294.070
294.410
294.760
295.100
295.450
295.800
296.150
296.490
296.830
297.170
297.510
297.860
298.200
298.540
298.890
299.220
299.580
299.920
300.270
300.620
300.970
301.310
301.650
301.990
302.320
302.660
303.010
303.360
303.710
304.040
304.390
304.730
305.070
305.420
305.760
306.110
306.450
306.780
307.120
307.460
307.800
308.140
308.490
308.840
309.180
309.530
309.870
310.210
310.540
310.880
311.220
311.560
311.900
312.240
312.580
312.910
313.270
313.580
313.920
314.270
314.610
314.950
315.280
315.640
315.970
316.300
316.640
316.980
317.310
317.650
317.980
318.320
318.670
319.010
319.350
319.700
320.050
320.400
320.740
321.090
321.440
321.780
322.120
322.470
322.810
323.140
323.480
323.810
324.130
324.470
324.810
325.160
325.480
325.810
326.140
326.470
326.820
327.170
327.500
327.830
328.150
328.490
328.820
329.150
329.470
329.820
330.140
330.470
330.790
331.120
331.450
331.780
332.130
332.470
332.800
333.130
333.450
333.780
334.120
334.450
334.790
335.120
335.450
335.770
336.120
336.450
336.800
337.140
337.480
337.820
338.160
338.490
338.820
339.150
339.490
339.830
340.150
340.490
340.830
341.170
341.510
341.840
342.180
342.510
342.850
343.210
343.550
343.880
344.220
344.560
344.910
345.230
345.580
345.920
346.260
346.620
346.960
347.310
347.650
347.990
348.330
348.680
349.010
349.360
349.700
350.050
350.400
350.740
351.090
351.430
351.770
352.120
352.470
352.810
353.160
353.500
353.850
354.190
354.540
354.890
355.240
355.580
355.920
356.260
356.580
356.920
357.240
357.560
357.870
358.200
358.510
358.840
359.180
359.510
359.830
360.170
360.480
360.810
361.140
361.490
361.820
362.150
362.480
362.820
363.170
363.520
363.860
364.200
364.610
364.980
365.380
365.760
366.170
366.550
366.950
367.340
367.730
368.120
368.500
368.880
369.280
369.680
370.060
370.420
370.800
371.180
371.560
371.950
372.340
372.710
373.070
373.430
373.820
374.180
374.580
374.960
375.330
375.700
376.110
376.490
376.880
377.260
377.620
377.990
378.360
378.730
379.090
379.470
379.850
380.220
380.590
380.950
381.350
381.710
382.100
382.470
382.850
383.300
383.730
384.150
384.590
385.000
385.450
385.920
386.400
386.950
387.490
388.030
388.620
389.260
389.870
390.500
391.090
391.720
392.370
393.030
393.650
394.270
394.790
395.360
395.900
396.450
397.010
397.560
398.140
398.700
399.240
399.830
400.380
401.000
401.650
402.350
403.040
403.740
404.440
405.140
405.800
406.520
407.210
407.880
408.550
409.230
409.930
410.660
411.360
412.080
412.820
413.490
414.200
414.880
415.580
416.300
416.960
417.680
418.360
419.060
419.710
420.440
421.110
421.850
422.540
423.250
423.950
424.610
425.350
