0.240
0.830
1.380
1.960
2.560
3.150
3.690
4.260
4.810
5.390
5.910
6.470
7.030
7.650
8.230
8.830
9.360
9.890
10.400
10.950
11.480
12.000
12.510
13.080
13.590
14.160
14.670
15.230
15.750
16.300
16.830
17.370
17.940
18.450
19.000
19.560
20.070
20.630
21.180
21.710
22.270
22.830
23.360
23.900
24.420
24.960
25.500
26.070
26.610
27.130
27.640
28.180
28.700
29.200
29.700
30.230
30.750
31.310
31.830
32.400
32.900
33.460
33.960
34.500
35.020
35.560
36.080
36.640
37.150
37.680
38.220
38.760
39.290
39.830
40.340
40.890
41.400
41.960
42.460
42.990
43.490
44.020
44.550
45.090
45.600
46.150
46.650
47.190
47.710
48.240
48.780
49.330
49.830
50.370
50.870
51.400
51.940
52.520
53.060
53.600
54.170
54.740
55.290
55.860
56.380
56.920
57.450
57.960
58.480
59.050
59.590
60.160
60.710
61.260
61.750
62.270
62.780
63.300
63.820
64.360
64.870
65.420
65.930
66.490
66.990
67.540
68.050
68.580
69.120
69.660
70.180
70.730
71.260
71.770
72.290
72.840
73.370
73.890
74.390
74.930
75.460
75.970
76.480
76.980
77.500
78.030
78.550
79.100
79.610
80.140
80.650
81.170
81.720
82.210
82.760
83.250
83.780
84.260
84.770
85.290
85.810
86.340
86.870
87.400
87.890
88.430
88.940
89.460
89.970
90.490
91.020
91.560
92.060
92.590
93.100
93.630
94.130
94.660
95.210
95.750
96.280
96.800
97.300
97.810
98.360
98.890
99.420
99.940
100.440
100.950
101.460
101.990
102.470
102.990
103.530
104.050
104.570
105.080
105.600
106.130
106.680
107.220
107.740
108.260
108.780
109.300
109.830
110.330
110.850
111.330
111.840
112.380
112.900
113.430
113.940
114.480
115.020
115.530
116.030
116.580
117.090
117.610
118.160
118.660
119.190
119.690
120.210
120.760
121.280
121.770
122.290
122.840
123.350
123.880
124.380
124.920
125.440
125.920
126.460
126.940
127.480
127.980
128.470
129.000
129.510
130.020
130.570
131.110
131.640
132.140
132.650
133.200
133.690
134.230
134.760
135.270
135.750
136.270
136.810
137.350
137.880
138.390
138.910
139.470
139.990
140.490
141.010
141.550
142.050
142.550
143.080
143.570
144.120
144.640
145.150
145.670
146.170
146.720
147.210
147.730
148.250
148.800
149.300
149.850
150.350
150.860
151.380
151.930
152.450
152.960
153.440
153.950
154.460
155.000
155.530
156.020
156.560
157.080
157.580
158.100
158.610
159.130
159.650
160.160
160.670
161.200
161.710
162.260
162.760
163.280
163.820
164.330
164.830
165.390
165.910
166.440
166.950
167.470
167.950
168.470
168.980
169.510
169.990
170.540
171.040
171.560
172.070
172.600
173.110
173.650
174.220
174.740
175.260
175.800
176.330
176.860
177.370
177.860
178.360
178.910
179.400
179.960
180.460
181.000
181.520
182.070
182.590
183.090
183.620
184.160
184.650
185.150
185.690
186.200
186.680
187.210
187.720
188.260
188.760
189.270
189.800
190.300
190.820
191.340
191.850
192.380
192.900
193.400
193.920
194.470
194.980
195.510
196.030
196.550
197.050
197.560
198.090
198.630
199.140
199.680
200.220
200.720
201.230
201.770
202.270
202.830
203.380
203.910
204.480
205.010
205.550
206.070
206.610
207.160
207.690
208.190
208.730
209.280
209.780
210.340
210.870
211.400
211.920
212.450
212.930
213.440
213.960
214.480
215.010
215.540
216.070
216.630
217.130
217.690
218.190
218.740
219.280
219.810
220.330
220.870
221.370
221.900
222.450
223.010
223.540
224.080
224.590
225.090
225.620
226.170
226.690
227.240
227.770
228.300
228.800
229.340
229.850
230.360
230.890
231.400
231.920
232.460
233.000
233.560
234.060
234.610
235.120
235.680
236.200
236.740
237.270
237.830
238.310
238.790
239.310
239.860
240.420
240.950
241.440
241.980
242.480
243.030
243.530
244.070
244.560
245.110
245.610
246.160
246.660
247.220
247.710
248.260
248.750
249.280
249.800
250.340
250.830
251.370
251.890
252.280
252.660
253.040
253.400
253.740
254.100
254.480
254.840
255.210
255.590
255.960
256.320
256.670
257.020
257.380
257.760
258.110
258.470
258.830
259.240
259.740
260.210
260.690
261.190
261.690
262.180
262.700
263.240
263.730
264.270
264.790
265.300
265.830
266.370
266.900
267.460
267.970
268.510
269.090
269.620
270.160
270.710
271.300
271.850
272.470
273.080
273.660
274.300
274.900
275.510
276.170
276.770
277.400
278.050
278.660
279.290
279.920
280.580
