0.160	1
0.520
0.890
1.270
1.650	1
2.020
2.380
2.750
3.110	1
3.480
3.870
4.230
4.610	1
4.980
5.360
5.730
6.100	1
6.480
6.850
7.230
7.600	1
7.960
8.350
8.720
9.090	1
9.440
9.830
10.180
10.550	1
10.900
11.280
11.640
12.010	1
12.360
12.740
13.110
13.480	1
13.840
14.210
14.570
14.930	1
15.290
15.650
16.020
16.390	1
16.760
17.150
17.520
17.900	1
18.270
18.640
19.010
19.370	1
19.740
20.130
20.490
20.850	1
21.200
21.580
21.930
22.300	1
22.650
23.030
23.390
23.770	1
24.130
24.510
24.870
25.240	1
25.610
25.990
26.360
26.730	1
27.090
27.460
27.840
28.200	1
28.590
28.960
29.330
29.710	1
30.100
30.460
30.840
31.210	1
31.580
31.950
32.300
32.670	1
33.040
33.400
33.760
34.120	1
34.490
34.850
35.230
35.600	1
35.970
36.330
36.710
37.070	1
37.450
37.830
38.190
38.570	1
38.930
39.300
39.670
40.020	1
40.390
40.750
41.110
41.470	1
41.860
42.230
42.580
42.940	1
43.290
43.680
44.050
44.420	1
44.760
45.130
45.500
45.840	1
46.200
46.580
46.920
47.280	1
47.660
48.040
48.390
48.760	1
49.140
49.510
49.890
50.250	1
50.610
50.980
51.340
51.710	1
52.080
52.460	1
52.820
53.180
53.570
53.930	1
54.320
54.710
55.080
55.450	1
55.800
56.170
56.540
56.930	1
57.300
57.670
58.030
58.410	1
58.780
59.140
59.530
59.890	1
60.280
60.640
61.010
61.380	1
61.750
62.120
62.490
62.870	1
63.230
63.590
63.960
64.330	1
64.710
65.070
65.450
65.820	1
66.180
66.540
66.920
67.290	1
67.650
68.020
68.390
68.770	1
69.140
69.510
69.870
70.240	1
70.610
70.990
71.350
71.710	1
72.100
72.470
72.840
73.220	1
73.600
73.980
74.350
74.720	1
75.100
75.470
75.850
76.230	1
76.610
76.990
77.360
77.730	1
78.100
78.470
78.840
79.200	1
79.570
79.930
80.310
80.660	1
81.040
81.400
81.780
82.160	1
82.540
82.920
83.290
83.670	1
84.040
84.430
84.790
85.160	1
85.530
85.910
86.290
86.670	1
87.030
87.400
87.760
88.140	1
88.500
88.880
89.250
89.620	1
89.990
90.360
90.730
91.110	1
91.490
91.880
92.240
92.610	1
92.970
93.340
93.710
94.080	1
94.460
94.830
95.210
95.590	1
95.960
96.340
96.720
97.090	1
97.470
97.840
98.210
98.590	1
98.960
99.340
99.710
100.100	1
100.470
100.850
101.230
101.600	1
101.970
102.340
102.720
103.090	1
103.460
103.830
104.200
104.570	1
104.940
105.320
105.690
106.060	1
106.440
106.810
107.180
107.560	1
107.940
108.310
108.690
109.070	1
109.430
109.810
110.190
110.560	1
110.940
111.330
111.700
112.070	1
112.460
112.820
113.190
113.560	1
113.930
114.310
114.680
115.050	1
115.420
115.800
116.180
116.540	1
116.910
117.280
117.650
118.030	1
118.380
118.770
119.140
119.520	1
119.900
120.270
120.640
121.010	1
121.390
121.760
122.140
122.510	1
122.870
123.230
123.610
123.980	1
124.360
124.730
125.110
125.480	1
125.850
126.230
126.600
126.970	1
127.340
127.710
128.070
128.430	1
128.800
129.160
129.540
129.910	1
130.290
130.680
131.060
131.430	1
131.790
132.160
132.540
132.900	1
133.280
133.640
134.020
134.390	1
134.770
135.140
135.510
135.900	1
136.270
136.650
137.010
137.380	1
137.760
138.130
138.490
138.860	1
139.230
139.600
139.980
140.330	1
140.710
141.080
141.460
141.830	1
142.220
142.590
142.970
143.350	1
143.720
144.090
144.470
144.850	1
145.230
145.600
145.980
146.360	1
146.730
147.110
147.480
147.850	1
148.230
148.600
148.980
149.360	1
149.740
150.110
150.490
150.860	1
151.240
151.610
152.000
152.370	1
152.750
153.120
153.490
153.860	1
154.250
154.630
155.020
155.400	1
155.780
156.180
156.550
156.930	1
157.310
157.700
158.080
158.460	1
158.840
159.220
159.600
159.980	1
160.360
160.750
161.110
161.490	1
161.860
162.240
162.610
162.980	1
163.370
163.750
164.110
164.490	1
164.850
165.230
165.610
166.000	1
166.370
166.750
167.130
167.510	1
167.880
168.260
168.640
169.040	1
169.410
169.790
170.160
170.530	1
170.910
171.290
171.660
172.050	1
172.420
172.800
173.180
173.550	1
173.940
174.310
174.690
175.060	1
175.440
175.810
176.190
176.570	1
176.940
177.320
177.670
178.050	1
178.430
178.800
179.190
179.570	1
179.940
180.330
180.700
181.080	1
181.460
181.840
182.230
182.600	1
182.980
183.350
183.720
184.090	1
184.480
184.870
185.240
185.630	1
186.010
186.390
186.780
187.160	1
187.540
187.910
188.300
188.690	1
189.060
189.440
189.840
190.220	1
190.610
191.010
191.390
191.790	1
192.150
192.530
192.910
193.310	1
193.690
194.070
194.440
194.830	1
195.200
195.580
195.950
196.330	1
196.710
197.090
197.490
197.870	1
198.230
198.630
199.010
199.390	1
199.750
200.140
200.500
200.860	1
201.250
201.610
202.000
202.380	1
202.770
203.150
203.520
203.910	1
204.280
204.660
205.040
205.430	1
205.800
206.180
206.550
206.940	1
207.310
207.690
208.060
208.430	1
208.810
209.190
209.570
209.950	1
210.330
210.720
211.090
211.470	1
211.850
212.240
212.620
213.010	1
213.390
213.780
214.170
214.570	1
214.940
215.340
215.700
216.080	1
216.460
216.850
217.250
217.650	1
218.030
218.410
218.780
219.170	1
219.540
219.930
220.300
220.680	1
221.050
221.430
221.810
222.190	1
222.570
222.950
223.320
223.670	1
224.060
224.420
224.790
225.190	1
225.570
225.950
226.320
226.690	1
227.070
227.470
227.860
228.250	1
228.630
229.010
229.370
229.770	1
230.130
230.530
230.900
231.290	1
231.650
232.030
232.420
232.800	1
233.190
233.570
233.940
234.330	1
234.680
235.070
235.450
235.820	1
236.200
236.580
236.960
237.340	1
237.730
238.120
238.500
238.870	1
239.240
239.640
240.000
240.380	1
240.770
241.140
241.490
241.870	1
242.250
242.630
243.010
243.410	1
243.780
244.170
244.530
244.930	1
245.290
245.690
246.040
246.410	1
246.780
247.170
247.530
247.890	1
248.280
248.650
249.020
249.390	1
249.760
250.140
250.540
250.920	1
251.300
251.660
252.040
252.410	1
252.770
253.140
253.500
253.880	1
254.260
254.640
255.010
255.400	1
255.780
256.170
256.540
256.930	1
257.290
257.690
258.050
258.430	1
258.790
259.180
259.540
259.910	1
260.290
260.660
261.020
261.410	1
261.790
262.170
262.540
262.920	1
263.290
263.670
264.060
264.440	1
264.810
265.200
265.570
265.980	1
266.340
266.720
267.110
267.500	1
267.870
268.240
268.630
269.010	1
269.390
269.770
270.160
270.540	1
270.920
271.300
271.680
272.050	1
272.430
272.800
273.180
273.550	1
273.910
274.290
274.680
275.070	1
275.450
275.830
276.210
276.590	1
276.960
277.330
277.720
278.100	1
278.480
278.860
279.230
279.610	1
280.000
280.370
280.760
281.160	1
281.540
281.940
282.330
282.710	1
283.090
283.460
283.840
284.220	1
284.610
284.990
285.360
285.740	1
286.120
286.500
286.880
287.250	1
287.630
288.010
288.390
288.770	1
289.160
289.540
289.920
290.290	1
290.670
291.060
291.450
291.830	1
292.200
292.570
292.960
293.340	1
293.720
294.120
294.500
294.890	1
295.250
295.630
296.010
296.390	1
296.770
297.160
297.530
297.910	1
298.270
298.640
299.020
299.400	1
299.770
300.150
300.540
300.930	1
301.310
301.690
302.080
302.450	1
302.850
303.240
303.620
304.010	1
304.390
304.780
305.160
305.540	1
305.920
306.290
306.670
307.060	1
307.420
307.820
308.180
308.560	1
308.940
309.320
309.700
310.100	1
310.470
310.860
311.250
311.640	1
312.010
312.390
312.770
313.160	1
313.550
313.940
314.330
314.720	1
315.110
315.490
315.900
316.280	1
316.660
317.050
317.440
317.840	1
318.220
318.600
318.980
319.370	1
319.750
320.130
320.500
320.880	1
321.270
321.650
322.030
322.410	1
322.780
323.170
323.550
323.920	1
324.300
324.680
325.060
325.420	1
325.800
326.170
326.550
326.960	1
327.340
327.720
328.100
328.460	1
328.850
329.230
329.610
330.000	1
330.380
330.750
331.120
331.510	1
331.880
332.260
332.650
333.020	1
333.390
333.760
334.150
334.520	1
334.900
335.300
335.670
336.050	1
336.430
336.810
337.200
337.580	1
337.960
338.350
338.750
339.120	1
339.500
339.900
340.270
340.660	1
341.050
341.450
341.830
342.210	1
342.580
342.950
343.340
343.730	1
344.090
344.450
344.830
345.210	1
345.580
345.960
346.340
346.720	1
347.090
347.460
347.840
348.220	1
348.600	1
348.980
349.340
349.730
350.100	1
350.480
350.850
351.240
351.620	1
351.970
352.340
352.720
353.100	1
353.470
353.840
354.190
354.570	1
354.940
355.310
355.700
356.090	1
356.450
356.840
357.210
357.580	1
357.950
358.340
358.700
359.070	1
359.430
359.810
360.180
360.550	1
360.930
361.300
361.680
362.050	1
362.430
362.810
363.160
363.530	1
363.900
364.280
364.660
365.020	1
365.380
365.770
366.130
366.490	1
366.870
367.240
367.620
368.010	1
368.380
368.760
369.130
369.490	1
369.860
370.230
370.600
370.990	1
371.360
371.720
372.100
372.450	1
372.820
373.190
373.570
373.950	1
374.320
374.710
375.070
375.460	1
375.830
376.220
376.590
376.970	1
377.350
377.700
378.070
378.440	1
378.820
379.190
379.570
379.930	1
380.310
380.690
381.070
381.460	1
381.820
382.210
382.570
382.940	1
383.310
383.670
384.070
384.440	1
384.820
385.200
385.580
385.960	1
386.340
386.690
387.070
387.440	1
387.810
388.180
388.540
388.910	1
389.270
389.630
390.010
390.390	1
390.760
391.130
391.500
391.860	1
392.220
392.610
392.970
393.340	1
393.690
394.060
394.410
394.780	1
395.130
395.520
395.890
396.250	1
396.610
396.990
397.340
397.710	1
398.060
398.440
398.820
399.190	1
399.540
399.910
400.290
400.650	1
401.032
401.427	1
401.787
402.158
402.518
402.878	1
403.250
403.621
404.016
404.364	1
404.713
405.072
405.432
405.792	1
406.141
406.501
406.845
407.186	1
