0.160
0.520
0.860
1.220
1.620
2.000
2.410
2.800
3.170
3.580
3.960
4.310
4.670
5.020
5.350
5.700
6.050
6.420
6.770
7.120
7.440
7.790
8.140
8.480
8.810
9.150
9.490
9.840
10.180
10.500
10.840
11.180
11.530
11.880
12.200
12.540
12.880
13.220
13.580
13.940
14.310
14.670
15.010
15.370
15.710
16.050
16.390
16.710
17.060
17.410
17.750
18.080
18.430
18.760
19.100
19.460
19.810
20.150
20.510
20.850
21.190
21.520
21.850
22.200
22.550
22.890
23.230
23.570
23.910
24.250
24.630
24.970
25.330
25.690
26.050
26.400
26.750
27.090
27.440
27.800
28.140
28.490
28.830
29.160
29.520
29.850
30.180
30.500
30.850
31.160
31.500
31.820
32.150
32.480
32.820
33.150
33.490
33.810
34.140
34.480
34.810
35.130
35.470
35.790
36.130
36.460
36.800
37.140
37.480
37.810
38.150
38.470
38.790
39.130
39.470
39.810
40.140
40.490
40.820
41.190
41.530
41.870
42.200
42.560
42.880
43.230
43.560
43.900
44.260
44.600
44.940
45.280
45.630
45.960
46.340
46.690
47.050
47.410
47.780
48.140
48.490
48.840
49.180
49.530
49.870
50.200
50.550
50.920
51.240
51.600
51.930
52.260
52.620
52.960
53.300
53.640
53.970
54.300
54.630
54.960
55.290
55.610
55.950
56.260
56.600
56.930
57.260
57.590
57.920
58.240
58.570
58.910
59.240
59.570
59.910
60.240
60.560
60.890
61.230
61.550
61.870
62.190
62.520
62.850
63.180
63.490
63.840
64.160
64.490
64.810
65.160
65.480
65.800
66.130
66.470
66.790
67.120
67.460
67.800
68.120
68.460
68.790
69.100
69.430
69.770
70.110
70.440
70.770
71.120
71.460
71.800
72.130
72.480
72.810
73.160
73.490
73.830
74.150
74.490
74.820
75.170
75.510
75.840
76.190
76.530
76.870
77.230
77.570
77.920
78.250
78.600
78.950
79.310
79.650
79.990
80.340
80.680
81.010
81.360
81.700
82.020
82.370
82.710
83.050
83.400
83.730
84.080
84.420
84.760
85.080
85.420
85.760
86.120
86.450
86.790
87.120
87.480
87.810
88.160
88.500
88.850
89.190
89.520
89.870
90.200
90.540
90.870
91.220
91.570
91.900
92.230
92.570
92.910
93.250
93.600
93.950
94.290
94.620
94.970
95.310
95.650
95.990
96.340
96.680
97.040
97.380
97.710
98.060
98.400
98.740
99.080
99.400
99.750
100.090
100.440
100.780
101.140
101.480
101.820
102.160
102.500
102.840
103.160
103.510
103.840
104.180
104.530
104.870
105.210
105.550
105.890
106.230
106.580
106.920
107.250
107.590
107.910
108.260
108.610
108.950
109.280
109.630
109.960
110.310
110.650
110.980
111.320
111.660
112.000
112.340
112.680
113.020
113.380
113.720
114.060
114.410
114.750
115.080
115.420
115.760
116.100
116.450
116.790
117.130
117.470
117.810
118.160
118.520
118.870
119.220
119.560
119.890
120.220
120.570
120.900
121.260
121.590
121.940
122.270
122.630
122.970
123.320
123.660
124.010
124.340
124.700
125.040
125.390
125.730
126.080
126.430
126.770
127.130
127.480
127.810
128.160
128.510
128.860
129.210
129.560
129.900
130.240
130.580
130.920
131.250
131.590
131.920
132.270
132.620
132.950
133.300
133.650
133.990
134.350
134.680
135.030
135.370
135.710
136.050
136.390
136.730
137.080
137.410
137.750
138.100
138.440
138.780
139.110
139.460
139.800
140.150
140.500
140.830
141.180
141.530
141.870
142.210
142.550
142.890
143.250
143.590
143.940
144.270
144.600
144.960
145.290
145.640
145.970
146.320
146.660
147.000
147.340
147.680
148.010
148.350
148.690
149.040
149.370
149.710
150.040
150.380
150.720
151.080
151.410
151.760
152.090
152.440
152.780
153.120
153.450
153.790
154.120
154.460
154.800
155.160
155.490
155.840
156.180
156.530
156.880
157.220
157.570
157.930
158.270
158.610
158.950
159.290
159.630
160.020
160.380
160.750
161.100
161.450
161.820
162.180
162.520
162.880
163.220
163.570
163.920
164.270
164.610
164.940
165.290
165.660
166.000
166.360
166.740
167.080
167.440
167.800
168.130
168.460
168.800
169.150
169.510
169.860
170.210
170.550
170.910
171.300
171.660
172.020
172.410
172.770
173.140
173.500
173.880
174.230
174.590
174.960
175.320
175.650
175.980
176.290
176.620
176.960
177.320
177.650
178.000
178.340
178.670
179.020
179.360
179.680
179.990
180.320
180.640
180.960
181.270
181.590
181.920
182.240
182.550
182.840
183.120
183.410
183.700
183.990
184.290
184.570
