0.120
0.400
0.690
0.990
1.280
1.570
1.860
2.150
2.430
2.730
3.010
3.300
3.590
3.890
4.180
4.470
4.750
5.050
5.330
5.610
5.880
6.160
6.460
6.770
7.060
7.360
7.660
7.970
8.260
8.550
8.840
9.140
9.440
9.740
10.020
10.320
10.600
10.890
11.190
11.480
11.780
12.070
12.360
12.650
12.940
13.230
13.510
13.800
14.100
14.390
14.680
14.980
15.270
15.570
15.860
16.150
16.450
16.730
17.030
17.310
17.600
17.890
18.180
18.480
18.770
19.060
19.350
19.640
19.930
20.230
20.520
20.820
21.120
21.420
21.700
22.000
22.290
22.570
22.850
23.140
23.410
23.700
23.990
24.290
24.580
24.860
25.160
25.450
25.740
26.040
26.330
26.630
26.920
27.220
27.510
27.800
28.090
28.380
28.670
28.960
29.260
29.560
29.860
30.170
30.450
30.740
31.040
31.330
31.620
31.910
32.200
32.490
32.790
33.090
33.380
33.670
33.960
34.250
34.530
34.830
35.110
35.420
35.720
36.020
36.310
36.600
36.890
37.180
37.480
37.770
38.060
38.350
38.650
38.950
39.240
39.540
39.830
40.120
40.420
40.710
41.010
41.300
41.600
41.900
42.190
42.480
42.770
43.050
43.350
43.640
43.940
44.230
44.540
44.830
45.120
45.410
45.700
45.990
46.280
46.570
46.850
47.140
47.440
47.730
48.030
48.320
48.620
48.920
49.210
49.500
49.800
50.080
50.370
50.680
50.970
51.270
51.560
51.840
52.140
52.440
52.730
53.030
53.320
53.610
53.900
54.200
54.490
54.770
55.070
55.360
55.650
55.940
56.230
56.520
56.810
57.100
57.390
57.670
57.960
58.250
58.550
58.840
59.130
59.420
59.710
60.000
60.290
60.570
60.850
61.140
61.440
61.730
62.010
62.310
62.590
62.890
63.180
63.470
63.760
64.050
64.320
64.600
64.890
65.180
65.480
65.770
66.060
66.350
66.640
66.930
67.220
67.510
67.800
68.090
68.380
68.660
68.960
69.250
69.530
69.820
70.100
70.370
70.650
70.940
71.240
71.530
71.810
72.120
72.410
72.700
72.990
73.280
73.570
73.870
74.160
74.450
74.740
75.030
75.320
75.610
75.890
76.180
76.470
76.770
77.050
77.350
77.640
77.920
78.220
78.510
78.800
79.090
79.390
79.680
79.970
80.260
80.550
80.840
81.140
81.420
81.710
82.000
82.290
82.580
82.870
83.170
83.460
83.750
84.040
84.330
84.610
84.910
85.200
85.490
85.780
86.070
86.360
86.650
86.940
87.230
87.510
87.810
88.100
88.390
88.690
88.990
89.290
89.580
89.880
90.170
90.460
90.750
91.040
91.330
91.620
91.910
92.210
92.500
92.780
93.070
93.360
93.660
93.960
94.260
94.550
94.850
95.150
95.440
95.730
96.020
96.320
96.600
96.890
97.180
97.470
97.760
98.060
98.350
98.640
98.920
99.210
99.500
99.790
100.080
100.370
100.660
100.950
101.250
101.540
101.830
102.120
102.420
102.720
103.010
103.300
103.590
103.880
104.170
104.470
104.750
105.040
105.330
105.620
105.910
106.200
106.500
106.780
107.070
107.370
107.670
107.960
108.260
108.550
108.840
109.120
109.420
109.700
110.000
110.290
110.580
110.870
111.160
111.450
111.740
112.030
112.320
112.600
112.900
113.190
113.480
113.770
114.060
114.340
114.640
114.930
115.210
115.490
115.770
116.060
116.350
116.640
116.930
117.220
117.520
117.800
118.100
118.390
118.680
118.970
119.260
119.550
119.840
120.130
120.420
120.710
121.010
121.290
121.590
121.870
122.160
122.450
122.750
123.050
123.340
123.630
123.920
124.200
124.490
124.780
125.070
125.360
125.650
125.930
126.220
126.500
126.790
127.090
127.370
127.660
127.960
128.250
128.530
128.820
129.110
129.400
129.690
129.970
130.250
130.530
130.810
131.110
131.400
131.690
131.980
132.260
132.550
132.850
133.140
133.420
133.710
134.000
134.290
134.580
134.870
135.150
135.440
135.720
136.010
136.300
136.590
136.870
137.170
137.450
137.750
138.030
138.320
138.600
138.890
139.180
139.470
139.750
140.040
140.340
140.630
140.920
141.210
141.500
141.790
142.080
142.360
142.650
142.940
143.230
143.520
143.800
144.070
144.350
144.640
144.920
145.200
145.480
145.760
146.060
146.350
146.630
146.920
147.200
147.490
147.770
148.050
148.340
148.640
148.930
149.220
149.500
149.800
150.090
150.380
150.660
150.930
151.220
151.500
151.800
152.090
152.380
152.660
152.950
153.240
153.530
153.800
154.080
154.360
154.660
154.950
155.240
155.520
155.800
156.090
156.370
156.660
156.950
157.230
157.520
157.810
158.090
158.370
158.660
158.940
159.220
159.510
159.800
160.080
160.370
160.660
160.930
161.210
161.490
161.780
162.060
162.330
162.610
162.910
163.200
163.480
163.770
164.050
164.330
164.600
164.880
165.160
165.450
165.730
166.020
166.310
166.590
166.870
167.160
167.440
167.720
168.000
168.290
168.580
168.860
169.150
169.430
169.720
170.000
170.270
170.550
170.840
171.120
171.410
171.700
171.990
172.280
172.560
172.840
173.120
173.410
173.690
173.970
174.240
174.540
174.820
175.110
175.390
175.670
175.960
176.240
176.520
176.810
177.100
177.390
177.680
177.960
178.250
178.540
178.820
179.100
179.370
179.670
179.960
180.240
180.520
180.790
181.070
181.360
181.640
181.920
182.200
182.500
182.780
183.080
183.360
183.650
183.930
184.210
184.490
184.780
185.060
185.350
185.640
185.920
186.210
186.500
186.790
187.070
187.350
187.640
187.920
188.200
188.470
188.770
189.050
189.340
189.620
189.900
190.180
190.460
190.740
191.030
191.310
191.600
191.880
192.170
192.450
192.730
193.010
193.300
193.580
193.850
194.140
194.420
194.700
194.970
195.250
195.540
195.820
196.090
196.370
196.650
196.930
197.220
197.500
197.780
198.060
198.330
198.620
198.900
199.170
199.450
199.730
200.010
200.290
200.570
200.850
201.130
201.420
201.700
201.980
202.260
202.530
202.820
203.110
203.380
203.660
203.940
204.230
204.510
204.790
205.070
205.360
205.640
205.930
206.210
206.490
206.780
207.060
207.340
207.620
207.910
208.190
208.480
208.760
209.040
209.320
209.600
209.880
210.160
210.440
210.710
210.990
211.270
211.550
211.830
212.120
212.390
212.680
212.950
213.230
213.510
213.800
214.080
214.360
214.640
214.920
215.200
215.480
215.760
216.030
216.320
216.600
216.890
217.180
217.460
217.750
218.030
218.310
218.600
218.880
219.160
219.430
219.720
220.000
220.280
220.560
220.840
221.180
221.670
222.180
222.770
223.320
223.880
224.450
225.000
225.580
226.140
226.700
227.260
227.810
228.370
228.920
229.500
230.070
230.610
231.170
231.730
232.300
232.850
233.400
233.950
234.500
235.080
235.640
236.190
236.750
237.300
237.870
238.440
238.980
239.540
240.110
240.680
241.230
241.790
242.360
242.900
243.450
244.010
244.560
245.120
245.660
246.220
246.780
247.330
247.910
248.450
249.020
249.580
250.130
250.710
251.260
251.810
252.370
252.920
253.500
254.060
254.630
255.200
255.750
256.310
256.860
257.430
257.980
258.530
259.110
259.660
260.210
260.780
261.350
261.940
262.490
263.060
263.630
264.200
264.780
265.330
265.890
266.470
267.030
267.610
268.170
268.730
269.290
269.850
270.450
271.000
271.560
272.110
272.670
273.250
273.800
274.370
274.930
275.490
276.070
276.620
277.180
277.740
278.280
278.840
279.400
279.950
280.490
281.060
281.650
282.210
282.770
283.320
283.890
284.440
285.010
285.590
286.160
286.710
287.270
287.790
288.350
288.910
289.490
290.030
290.580
291.150
291.720
292.270
292.820
293.380
293.940
294.480
295.030
295.570
296.110
296.660
297.200
297.740
298.300
298.830
299.400
299.920
300.470
301.000
301.540
302.100
302.650
303.230
303.780
304.330
304.900
305.430
305.980
306.550
307.100
307.630
308.180
308.730
309.250
309.800
310.350
310.900
311.460
312.000
312.560
313.130
313.690
314.260
314.800
315.320
315.860
316.400
316.970
317.510
318.070
318.610
319.150
319.680
320.210
320.770
321.310
321.860
322.410
322.920
323.480
324.020
324.540
325.100
325.650
326.200
326.730
327.290
327.830
328.370
329.000
329.590
330.210
330.780
331.300
331.850
332.380
332.880
333.440
333.960
334.520
335.060
335.570
336.100
336.630
337.170
337.700
338.230
338.750
339.260
339.770
340.280
340.800
341.340
341.850
342.390
342.920
343.460
343.970
344.500
345.050
345.570
346.140
346.640
347.180
347.710
348.240
348.770
349.290
349.810
350.360
350.900
351.430
351.980
352.510
353.030
353.550
354.070
354.630
355.160
355.660
356.190
356.720
357.250
357.790
358.300
358.840
359.360
359.880
360.430
360.940
361.460
361.990
362.500
363.030
363.540
364.070
364.600
365.130
365.660
366.170
366.690
367.200
367.720
368.260
368.780
369.300
369.820
370.330
370.860
371.350
371.870
372.390
372.920
373.440
373.930
374.450
374.970
375.500
376.010
376.530
377.020
377.540
378.030
378.550
379.060
379.570
380.090
380.600
381.120
381.610
382.140
382.650
383.230
383.780
384.320
384.880
385.420
385.980
386.510
387.070
387.600
388.130
388.670
388.990
389.280
389.560
389.850
390.130
390.410
390.690
390.970
391.250
391.530
391.800
392.090
392.370
392.650
392.940
393.220
393.500
393.790
394.070
394.350
394.630
394.910
395.190
395.460
395.750
396.030
396.310
396.590
396.860
397.150
397.430
397.710
397.980
398.260
398.540
398.820
399.100
399.380
399.660
399.950
400.220
400.500
400.780
401.060
401.350
401.630
401.920
402.200
402.480
402.760
403.030
403.310
403.600
403.870
404.160
404.440
404.720
404.990
405.280
405.560
405.840
406.130
406.410
406.700
406.980
407.250
407.530
407.810
408.090
408.370
408.650
408.930
409.210
409.490
409.770
410.050
410.330
410.610
410.890
411.180
411.450
411.730
412.010
412.300
412.580
412.860
413.140
413.420
413.710
414.000
414.270
414.560
414.830
415.120
415.400
415.670
415.950
416.230
416.510
416.790
417.070
417.360
417.640
417.920
418.200
418.490
418.780
419.060
419.350
419.630
419.920
420.200
420.480
420.760
421.040
421.320
421.590
421.880
422.160
422.440
422.720
423.000
423.280
423.560
423.840
424.120
424.400
424.680
424.950
425.240
425.510
425.790
426.070
426.350
426.630
426.910
427.190
427.470
427.750
428.030
428.310
428.590
428.870
429.150
429.430
429.710
429.990
430.270
430.550
430.840
431.110
431.390
431.680
431.980
432.270
432.550
432.840
433.130
433.420
433.710
434.000
434.290
434.580
434.880
435.170
435.460
435.760
436.050
436.350
436.640
436.930
437.230
437.520
437.800
438.090
438.380
438.680
438.990
439.280
439.590
439.880
440.190
440.490
440.790
441.090
441.390
441.700
442.020
442.330
442.640
442.950
443.250
443.560
443.880
444.190
444.490
