0.100
0.550
1.010
1.480
1.940
2.410
2.860
3.330
3.790
4.240
4.730
5.200
5.660
6.120
6.570
7.040
7.490
7.940
8.420
8.870
9.330
9.790
10.240
10.720
11.160
11.610
12.070
12.520
12.960
13.420
13.870
14.340
14.780
15.240
15.670
16.140
16.590
17.070
17.550
18.020
18.490
18.960
19.420
19.870
20.320
20.770
21.210
21.660
22.100
22.550
23.010
23.480
23.920
24.390
24.840
25.300
25.730
26.180
26.630
27.100
27.530
28.000
28.440
28.890
29.360
29.810
30.260
30.740
31.190
31.650
32.100
32.560
33.010
33.480
33.920
34.370
34.830
35.280
35.730
36.170
36.610
37.090
37.540
37.990
38.450
38.900
39.330
39.800
40.250
40.700
41.160
41.610
42.060
42.520
42.950
43.420
43.850
44.310
44.780
45.240
45.680
46.160
46.600
47.060
47.490
47.970
48.420
48.870
49.320
49.790
50.220
50.680
51.120
51.590
52.040
52.520
52.960
53.430
53.880
54.330
54.770
55.240
55.680
56.130
56.580
57.040
57.460
57.910
58.360
58.810
59.260
59.700
60.170
60.640
61.080
61.550
62.000
62.450
62.900
63.360
63.800
64.260
64.710
65.160
65.610
66.080
66.530
66.990
67.420
67.880
68.330
68.790
69.220
69.700
70.150
70.610
71.050
71.510
71.940
72.380
72.860
73.310
73.770
74.240
74.680
75.130
75.580
76.050
76.480
76.930
77.390
77.850
78.290
78.750
79.190
79.650
80.080
80.550
81.010
81.480
81.920
82.400
82.850
83.290
83.730
84.190
84.630
85.080
85.510
85.970
86.410
86.860
87.310
87.770
88.220
88.680
89.140
89.610
90.050
90.510
90.960
91.420
91.870
92.320
92.770
93.230
93.660
94.100
94.540
95.000
95.460
95.910
96.340
96.800
97.250
97.690
98.130
98.590
99.030
99.500
99.930
100.370
100.820
101.250
101.690
102.160
102.610
103.080
103.530
103.990
104.420
104.870
105.320
105.760
106.200
106.650
107.080
107.540
107.970
108.410
108.840
109.300
109.740
110.210
110.650
111.100
111.540
111.990
112.420
112.860
113.310
113.770
114.210
114.690
115.140
115.600
116.070
116.520
116.960
117.410
117.850
118.320
118.740
119.200
119.620
120.080
120.510
120.950
121.380
121.840
122.290
122.730
123.180
123.640
124.080
124.530
124.960
125.420
125.850
126.310
126.750
127.200
127.650
128.110
128.560
129.010
129.430
129.870
130.290
130.750
131.210
131.680
132.120
132.580
133.020
133.480
133.920
134.390
134.850
135.320
135.780
136.220
136.670
137.130
137.580
138.020
138.480
138.930
139.380
139.830
140.270
140.740
141.190
141.650
142.100
142.580
143.030
143.480
143.940
144.410
144.850
145.310
145.760
146.220
146.670
147.120
147.560
148.010
148.450
148.900
149.360
149.820
150.270
150.720
151.160
151.610
152.050
152.500
152.960
153.400
153.860
154.310
154.750
155.220
155.670
156.120
156.580
157.050
157.500
157.960
158.420
158.880
159.320
159.770
160.220
160.680
161.140
161.610
162.040
162.510
162.950
163.390
163.820
164.270
164.700
165.120
165.560
166.000
166.420
166.880
167.310
167.770
168.210
168.650
169.120
169.570
170.010
170.450
170.900
171.350
171.780
172.240
172.690
173.140
173.570
174.020
174.470
174.940
175.380
175.840
176.290
176.730
177.180
177.620
178.070
178.540
178.990
179.440
179.890
180.320
180.750
181.210
181.660
182.110
182.570
183.030
183.480
183.960
184.420
184.840
185.280
185.740
186.180
186.610
187.060
187.480
187.930
188.380
188.830
189.300
189.760
190.210
190.650
191.110
191.550
191.990
192.450
192.900
193.340
193.800
194.240
194.690
195.110
195.560
196.010
196.450
196.900
197.360
197.800
198.260
198.700
199.160
199.610
200.070
200.510
200.960
201.410
201.850
202.280
202.720
203.180
203.620
204.060
204.530
204.960
205.430
205.870
206.330
206.780
207.240
207.680
208.150
208.580
209.040
209.480
209.930
210.360
210.810
211.250
211.720
212.160
212.600
213.070
213.530
213.980
214.440
214.890
215.350
215.790
216.260
216.710
217.150
217.610
218.070
218.540
218.990
219.430
219.890
220.330
220.780
221.220
221.690
222.140
222.580
223.020
223.480
223.920
224.370
224.820
225.280
225.720
226.200
226.640
227.120
227.570
228.000
228.450
228.910
229.350
229.820
230.250
230.690
231.120
231.570
232.020
232.490
232.920
233.380
233.830
234.290
234.730
235.180
235.610
236.070
236.510
236.960
237.410
237.870
238.300
238.760
239.190
239.640
240.080
240.530
240.950
241.410
241.850
242.290
242.740
243.190
243.640
244.090
244.530
244.980
245.420
245.880
246.330
246.770
247.230
247.690
248.130
248.590
249.050
249.500
249.950
250.390
250.820
251.270
251.700
252.160
252.600
253.050
253.490
253.950
254.370
254.820
255.260
255.710
256.150
256.610
257.070
257.530
257.980
258.430
258.870
259.320
259.760
260.220
260.670
261.150
261.630
262.100
262.540
263.000
263.470
263.930
264.380
264.840
265.310
265.760
266.200
266.640
267.090
267.550
268.010
268.480
268.920
269.380
269.820
270.280
270.740
271.180
271.620
272.080
272.530
272.990
273.450
273.910
274.350
274.810
275.280
275.740
276.190
276.670
277.110
277.560
278.020
278.470
278.900
279.370
279.800
280.270
280.720
281.180
281.610
282.060
282.510
282.980
283.410
283.860
284.310
284.770
285.230
285.680
286.110
286.540
286.930
287.300
287.690
288.140
288.570
289.010
289.480
289.920
290.370
290.800
291.250
291.710
292.160
292.600
293.050
293.490
293.960
294.400
294.840
295.300
295.760
296.190
296.660
297.090
297.530
297.960
298.400
298.850
299.290
299.740
300.180
300.640
301.090
301.540
301.980
302.410
302.850
303.310
303.750
304.190
304.640
305.090
305.530
305.980
306.410
306.860
307.320
307.780
308.210
308.650
309.100
309.530
309.970
310.410
310.870
311.320
311.760
312.180
312.640
313.100
313.540
313.990
314.440
314.900
315.350
315.780
316.240
316.690
317.140
317.560
318.030
318.480
318.910
319.370
319.800
320.260
320.690
321.130
321.590
322.030
322.470
322.930
323.360
323.800
324.250
324.710
325.150
325.610
326.040
326.500
326.930
327.370
327.810
328.240
328.700
329.130
329.580
330.010
330.450
330.880
331.330
331.800
332.270
332.720
333.160
333.590
334.050
334.490
334.950
335.390
335.840
336.300
336.740
337.180
337.620
338.070
338.510
338.960
339.400
339.850
340.290
340.720
341.180
341.620
342.040
342.500
342.950
343.400
343.840
344.290
344.740
345.180
345.630
346.080
346.510
346.940
347.400
347.840
348.280
348.710
349.150
349.610
350.070
350.520
350.940
351.380
351.830
352.260
352.700
353.120
353.570
354.010
354.440
354.880
355.310
355.770
356.210
356.650
357.100
357.550
358.020
358.470
358.910
359.340
359.780
360.190
360.630
361.080
361.510
361.970
362.400
362.840
363.290
363.730
364.190
364.650
365.090
365.510
365.970
366.410
366.860
367.300
367.770
368.210
368.620
369.070
369.490
369.920
370.380
370.820
371.240
371.720
372.280
372.820
373.250
373.700
374.120
374.570
375.000
375.460
375.890
376.340
376.780
377.220
377.650
378.100
378.540
378.980
379.420
379.860
380.290
380.730
381.160
381.610
382.040
382.460
382.900
383.310
383.760
384.180
384.610
385.050
385.480
385.940
386.370
386.810
387.270
387.720
388.140
388.600
389.020
389.460
389.910
390.360
390.790
391.230
391.670
392.120
392.570
393.010
393.460
393.910
394.350
394.790
395.220
395.640
396.100
396.540
397.010
397.450
397.870
398.320
398.730
399.180
399.590
400.030
400.480
400.920
401.360
401.790
402.240
402.660
403.100
403.540
404.000
404.440
404.870
405.310
405.750
406.180
406.610
407.050
407.480
407.940
408.390
408.840
409.270
409.720
410.140
410.600
411.030
411.470
411.910
412.350
412.780
413.220
413.660
414.100
414.540
414.990
415.430
415.860
416.300
416.710
417.170
417.630
418.080
418.540
418.970
419.430
419.870
420.310
420.740
421.180
421.620
422.070
422.510
422.950
423.380
423.840
424.270
424.720
425.160
425.600
426.040
426.470
426.900
427.360
427.770
428.200
428.650
429.080
429.500
429.940
430.350
430.800
431.230
431.660
432.070
432.510
432.950
433.400
433.830
434.250
434.700
435.120
435.560
436.010
436.430
436.870
437.320
437.750
438.170
438.600
439.040
439.470
439.910
440.360
440.820
441.270
441.690
442.150
442.570
443.010
443.430
443.860
444.310
444.760
445.230
445.700
446.150
446.620
447.070
447.530
447.980
448.430
448.880
449.340
449.780
450.240
450.690
451.140
451.580
452.050
452.490
452.950
453.400
453.860
454.300
454.760
455.200
455.650
456.090
456.530
456.980
457.430
457.880
458.340
458.780
459.230
459.680
460.140
460.580
461.020
461.470
461.930
462.360
462.830
463.260
463.720
464.170
464.620
465.060
465.510
465.940
466.400
466.830
467.280
467.710
468.160
468.590
469.040
469.460
469.930
470.370
470.820
471.280
471.730
472.150
472.590
473.040
473.490
473.930
474.390
474.840
475.300
475.740
476.190
476.620
477.080
477.520
477.970
478.430
478.870
479.330
479.760
480.210
480.660
481.110
481.560
482.010
482.460
482.900
483.360
483.790
484.230
484.680
485.150
485.600
486.050
486.490
486.930
487.360
487.820
488.270
488.710
489.160
489.640
490.080
490.540
490.990
491.460
491.910
492.350
492.800
493.260
493.700
494.150
494.590
495.050
495.490
495.950
496.410
496.850
497.310
497.780
498.220
498.670
499.130
499.600
500.050
500.490
500.930
501.380
501.830
502.300
502.750
503.200
503.640
504.100
504.550
505.000
505.440
505.880
506.310
506.780
507.220
507.680
508.130
508.570
509.030
509.480
509.920
510.370
510.810
511.270
511.710
512.150
512.600
513.050
513.480
513.930
514.360
514.820
515.260
515.690
516.120
516.580
517.040
517.490
517.930
518.390
518.830
519.290
519.730
520.180
520.630
521.070
521.500
521.940
522.390
522.830
523.260
523.720
524.160
524.630
525.080
525.510
525.950
526.400
526.820
527.270
527.700
528.160
528.590
529.070
529.690
530.300
530.910
531.510
532.140
532.740
533.380
533.980
534.600
535.240
535.900
536.560
537.190
537.870
538.490
539.140
539.800
540.490
541.140
541.780
542.400
543.060
543.670
544.330
545.000
545.640
546.270
546.930
547.570
548.190
548.830
549.460
550.100
550.760
551.410
552.040
552.690
553.330
