0.180
0.690
1.170
1.680
2.180
2.670
3.160
3.670
4.180
4.680
5.180
5.690
6.200
6.700
7.220
7.740
8.240
8.740
9.240
9.740
10.250
10.750
11.250
11.750
12.250
12.760
13.240
13.720
14.220
14.730
15.230
15.730
16.210
16.730
17.230
17.720
18.200
18.680
19.170
19.660
20.140
20.630
21.120
21.620
22.130
22.640
23.150
23.640
24.120
24.640
25.140
25.620
26.100
26.580
27.070
27.540
28.030
28.500
28.990
29.470
29.970
30.440
30.940
31.420
31.900
32.350
32.850
33.320
33.800
34.270
34.780
35.250
35.750
36.240
36.720
37.250
37.760
38.260
38.760
39.270
39.760
40.280
40.770
41.250
41.740
42.230
42.720
43.200
43.670
44.160
44.660
45.180
45.670
46.160
46.660
47.090
47.550
48.080
48.560
49.080
49.550
50.030
50.500
51.000
51.480
51.960
52.420
52.890
53.360
53.840
54.320
54.780
55.260
55.730
56.200
56.690
57.170
57.650
58.130
58.610
59.090
59.560
60.030
60.500
60.980
61.440
61.920
62.390
62.870
63.340
63.810
64.280
64.760
65.230
65.700
66.170
66.640
67.110
67.590
68.060
68.520
68.980
69.460
69.930
70.410
70.870
71.340
71.810
72.290
72.760
73.220
73.690
74.150
74.610
75.070
75.540
76.020
76.480
76.950
77.410
77.870
78.350
78.820
79.300
79.770
80.250
80.710
81.170
81.640
82.110
82.590
83.070
83.520
83.990
84.450
84.930
85.390
85.860
86.310
86.790
87.260
87.720
88.190
88.660
89.120
89.580
90.050
90.530
90.990
91.460
91.940
92.400
92.860
93.320
93.790
94.270
94.740
95.220
95.690
96.180
96.650
97.120
97.600
98.070
98.540
99.010
99.500
99.960
100.430
100.910
101.370
101.840
102.320
102.780
103.250
103.710
104.180
104.640
105.120
105.590
106.060
106.540
107.010
107.480
107.950
108.430
108.900
109.370
109.840
110.310
110.790
111.250
111.730
112.210
112.670
113.140
113.610
114.090
114.560
115.020
115.490
115.960
116.450
116.920
117.380
117.870
118.350
118.820
119.300
119.770
120.230
120.700
121.170
121.650
122.120
122.600
123.060
123.520
124.010
124.490
124.960
125.440
125.890
126.380
126.830
127.310
127.780
128.250
128.730
129.200
129.670
130.160
130.630
131.100
131.580
132.050
132.520
133.010
133.480
133.960
134.430
134.900
135.360
135.840
136.310
136.780
137.250
137.720
138.180
138.670
139.140
139.630
140.100
140.580
141.040
141.510
141.990
142.460
142.940
143.420
143.890
144.350
144.820
145.300
145.760
146.230
146.690
147.170
147.630
148.100
148.560
149.040
149.500
149.970
150.430
150.900
151.360
151.830
152.300
152.760
153.230
153.700
154.160
154.630
155.100
155.570
156.050
156.530
156.990
157.470
157.940
158.400
158.870
159.350
159.790
160.270
160.730
161.200
161.660
162.130
162.600
163.070
163.530
163.990
164.460
164.920
165.380
165.840
166.320
166.780
167.240
167.710
168.160
168.630
169.090
169.560
170.030
170.490
170.940
171.410
171.880
172.350
172.810
173.270
173.730
174.190
174.640
175.100
175.570
176.040
176.500
176.970
177.440
177.900
178.380
178.820
179.290
179.750
180.210
180.680
181.150
181.600
182.070
182.540
183.000
183.460
183.930
184.400
184.880
185.350
185.810
186.290
186.750
187.220
187.680
188.150
188.600
189.080
189.540
190.010
190.470
190.940
191.420
191.890
192.360
192.840
193.290
193.760
194.230
194.700
195.140
195.620
196.070
196.540
197.010
197.470
197.930
198.420
198.880
199.340
199.830
200.300
200.770
201.220
201.690
202.170
202.630
203.080
203.550
204.010
204.480
204.960
205.420
205.890
206.360
206.840
207.310
207.780
208.260
208.720
209.190
209.660
210.120
210.600
211.060
211.530
212.000
212.470
212.930
213.410
213.880
214.330
214.800
215.260
215.720
216.190
216.650
217.120
217.590
218.060
218.520
218.980
219.460
219.910
220.380
220.850
221.290
221.770
222.230
222.700
223.170
223.640
224.100
224.570
225.040
225.500
225.970
226.430
226.900
227.380
227.850
228.320
228.800
229.280
229.760
230.240
230.690
231.170
231.640
232.120
232.590
233.060
233.530
234.010
234.480
234.960
235.430
235.920
236.400
236.870
237.350
237.830
238.290
238.770
239.230
239.710
240.180
240.670
241.140
241.600
242.090
242.560
243.050
243.530
244.000
244.470
244.930
245.410
245.880
246.350
246.830
247.310
247.780
248.260
248.720
249.170
249.630
250.100
250.590
251.050
251.520
251.990
252.470
252.950
253.420
253.900
254.380
254.850
255.320
255.800
256.270
256.740
257.220
257.710
258.180
258.660
259.120
259.600
260.070
260.550
261.020
261.490
261.950
262.430
262.900
263.370
263.840
264.320
264.790
265.270
265.730
266.200
266.660
267.140
267.610
268.090
268.550
269.020
269.490
269.960
270.440
270.900
271.370
271.860
272.340
272.820
273.300
273.770
274.230
274.710
275.190
275.660
276.110
276.590
277.080
277.560
278.030
278.520
278.980
279.450
279.930
280.410
280.870
281.360
281.830
282.320
282.780
283.260
283.720
284.190
284.670
285.140
285.610
286.070
286.560
287.030
287.490
287.970
288.440
288.920
289.390
289.860
290.320
290.800
291.260
291.780
292.320
292.850
293.320
293.780
294.220
294.680
295.120
295.570
296.070
296.540
297.010
297.500
297.970
298.440
298.910
299.380
299.830
300.280
300.730
301.180
301.640
302.060
302.500
302.970
303.410
303.880
304.370
304.850
305.310
305.790
306.270
306.730
307.200
307.680
308.130
308.610
309.080
309.560
310.020
310.490
310.960
311.440
311.910
312.390
312.890
313.360
313.810
314.270
314.720
315.190
315.640
316.080
316.520
316.960
317.410
317.850
318.270
318.710
319.120
319.620
320.120
320.630
321.120
321.610
322.130
322.620
323.100
323.580
324.080
324.570
325.040
325.520
326.000
326.490
327.000
327.490
327.990
328.490
328.990
329.480
329.990
330.480
330.960
331.460
331.950
332.430
332.910
333.380
333.880
334.350
334.820
335.310
335.790
336.270
336.740
337.250
337.720
338.200
338.670
339.160
339.650
340.130
340.600
341.070
341.580
342.090
342.630
343.160
343.650
344.160
344.660
345.170
345.670
346.170
346.630
347.110
347.600
348.080
348.570
349.050
349.540
350.040
350.550
351.040
351.530
352.010
352.470
352.960
353.450
353.920
354.390
354.890
355.370
355.840
