0.250
0.770
1.270
1.780
2.300
2.810
3.310
3.810
4.320
4.810
5.310
5.820
6.330
6.830
7.330
7.820
8.330
8.840
9.330
9.830
10.350
10.870
11.370
11.870
12.390
12.900
13.420
13.920
14.440
14.950
15.450
15.970
16.470
16.980
17.490
17.990
18.490
18.990
19.490
19.980
20.480
20.980
21.470
21.960
22.450
22.940
23.430
23.910
24.380
24.880
25.370
25.850
26.340
26.830
27.320
27.800
28.280
28.780
29.270
29.750
30.240
30.720
31.200
31.670
32.170
32.630
33.130
33.620
34.110
34.590
35.070
35.550
36.030
36.530
37.010
37.500
37.990
38.450
38.940
39.420
39.920
40.390
40.880
41.350
41.840
42.330
42.810
43.280
43.760
44.240
44.710
45.200
45.690
46.170
46.650
47.150
47.660
48.170
48.680
49.160
49.640
50.130
50.620
51.090
51.570
52.050
52.530
53.010
53.500
53.960
54.450
54.920
55.390
55.870
56.360
56.830
57.330
57.810
58.300
58.780
59.250
59.740
60.220
60.700
61.170
61.660
62.130
62.600
63.090
63.560
64.050
64.520
65.000
65.470
65.940
66.420
66.900
67.370
67.840
68.320
68.780
69.270
69.760
70.230
70.720
71.190
71.680
72.150
72.620
73.110
73.580
74.070
74.550
75.060
75.540
76.030
76.510
76.990
77.470
77.940
78.420
78.930
79.410
79.880
80.370
80.860
81.330
81.810
82.300
82.780
83.270
83.740
84.230
84.710
85.190
85.660
86.140
86.620
87.100
87.580
88.060
88.530
89.020
89.490
89.970
90.450
90.950
91.430
91.920
92.410
92.890
93.370
93.880
94.370
94.860
95.330
95.840
96.330
96.810
97.290
97.760
98.260
98.730
99.210
99.710
100.200
100.690
101.170
101.670
102.160
102.650
103.130
103.630
104.120
104.620
105.090
105.580
106.070
106.570
107.060
107.530
108.020
108.500
108.980
109.470
109.960
110.460
110.940
111.430
111.900
112.390
112.880
113.360
113.840
114.320
114.810
115.300
115.770
116.240
116.730
117.220
117.700
118.180
118.650
119.140
119.610
120.100
120.570
121.040
121.530
122.010
122.500
122.990
123.450
123.930
124.400
124.880
125.380
125.880
126.360
126.840
127.320
127.810
128.290
128.780
129.250
129.740
130.210
130.690
131.170
131.650
132.120
132.600
133.090
133.580
134.070
134.560
135.030
135.510
136.000
136.490
136.960
137.450
137.920
138.400
138.880
139.370
139.840
140.320
140.810
141.300
141.770
142.240
142.710
143.190
143.670
144.140
144.620
145.100
145.590
146.050
146.520
146.990
147.470
147.960
148.430
148.910
149.390
149.880
150.360
150.830
151.300
151.770
152.260
152.750
153.230
153.720
154.190
154.670
155.140
155.610
156.100
156.590
157.070
157.560
158.050
158.540
159.010
159.490
159.980
160.470
160.940
161.430
161.920
162.390
162.870
163.350
163.830
164.320
164.800
165.300
165.770
166.250
166.720
167.210
167.700
168.190
168.690
169.180
169.670
170.160
170.650
171.140
171.640
172.140
172.640
173.140
173.630
174.100
174.600
175.100
175.590
176.080
176.580
177.060
177.550
178.060
178.540
179.030
179.530
180.030
180.500
181.000
181.470
181.960
182.440
182.940
183.430
183.930
184.410
184.890
185.380
185.860
186.330
186.810
187.280
187.780
188.250
188.720
189.200
189.680
190.140
190.620
191.090
191.580
192.060
192.530
193.010
193.480
193.950
194.400
194.880
195.360
195.840
196.300
196.780
197.260
197.740
198.220
198.690
199.170
199.630
200.110
200.570
201.060
201.530
201.990
202.470
202.950
203.430
203.900
204.370
204.860
205.320
205.800
206.260
206.720
207.200
207.680
208.140
208.610
209.090
209.560
210.040
210.530
211.000
211.470
211.930
212.390
212.860
213.350
213.840
214.320
214.780
215.260
215.730
216.210
216.670
217.150
217.620
218.100
218.550
219.030
219.490
219.940
220.400
220.880
221.350
221.810
222.280
222.730
223.220
223.690
224.150
224.620
225.100
225.580
226.040
226.500
226.980
227.460
227.930
228.400
228.880
229.360
229.820
230.300
230.780
231.270
231.730
232.210
232.680
233.160
233.640
234.110
234.570
235.050
235.510
235.980
236.460
236.930
237.410
237.890
238.370
238.840
239.320
239.790
240.270
240.760
241.240
241.710
242.190
242.670
243.140
243.620
244.100
244.590
245.070
245.550
246.030
246.510
246.980
247.460
247.940
248.430
248.910
249.400
249.880
250.360
250.820
251.300
251.780
252.250
252.730
253.220
253.690
254.160
254.640
255.120
255.590
256.080
256.560
257.040
257.520
258.000
258.470
258.950
259.440
259.930
260.400
260.890
261.370
261.850
262.320
262.800
263.270
263.760
264.240
264.720
265.200
265.700
266.180
266.660
267.150
267.640
268.120
268.590
269.080
269.560
270.030
270.520
271.010
271.530
272.060
272.620
273.180
273.720
274.270
274.780
275.390
275.970
276.590
277.220
277.860
278.480
279.100
279.770
280.390
281.050
281.680
282.370
283.000
283.670
284.280
284.920
285.590
286.200
286.870
287.500
