0.200
0.610
1.010
1.390
1.790
2.190
2.590
3.010
3.370
3.750
4.130
4.510
4.890
5.290
5.650
6.030
6.430
6.800
7.180
7.590
7.980
8.400
8.790
9.200
9.600
10.000
10.400
10.790
11.160
11.550
11.920
12.290
12.680
13.050
13.450
13.830
14.190
14.580
14.970
15.350
15.720
16.090
16.470
16.850
17.250
17.610
18.010
18.380
18.760
19.120
19.490
19.850
20.250
20.610
21.000
21.390
21.770
22.150
22.510
22.890
23.280
23.690
24.080
24.450
24.860
25.230
25.600
25.980
26.350
26.720
27.110
27.480
27.850
28.230
28.610
28.990
29.360
29.740
30.120
30.490
30.880
31.250
31.620
32.000
32.380
32.760
33.140
33.520
33.900
34.260
34.640
35.020
35.390
35.760
36.150
36.530
36.900
37.280
37.670
38.050
38.420
38.800
39.160
39.550
39.920
40.290
40.670
41.070
41.430
41.800
42.170
42.530
42.910
43.280
43.650
44.030
44.400
44.780
45.160
45.530
45.910
46.280
46.660
47.030
47.410
47.780
48.150
48.540
48.900
49.280
49.650
50.030
50.400
50.770
51.150
51.520
51.900
52.280
52.660
53.030
53.410
53.780
54.160
54.540
54.890
55.270
55.640
56.010
56.390
56.760
57.130
57.500
57.880
58.250
58.630
59.000
59.370
59.750
60.120
60.490
60.880
61.250
61.630
62.000
62.370
62.740
63.110
63.480
63.860
64.220
64.600
64.970
65.340
65.720
66.090
66.460
66.830
67.190
67.560
67.930
68.300
68.680
69.060
69.430
69.800
70.170
70.550
70.910
71.290
71.660
72.040
72.400
72.760
73.130
73.500
73.860
74.220
74.590
74.980
75.340
75.720
76.080
76.460
76.820
77.190
77.570
77.940
78.320
78.710
79.080
79.450
79.820
80.190
80.560
80.940
81.300
81.670
82.050
82.420
82.800
83.170
83.540
83.930
84.300
84.680
85.050
85.430
85.790
86.150
86.530
86.900
87.280
87.650
88.010
88.390
88.760
89.140
89.510
89.880
90.250
90.620
90.980
91.360
91.740
92.110
92.470
92.840
93.240
93.610
93.980
94.350
94.720
95.100
95.480
95.840
96.210
96.580
96.960
97.340
97.720
98.090
98.460
98.830
99.210
99.590
99.960
100.320
100.700
101.060
101.430
101.810
102.180
102.540
102.900
103.280
103.660
104.030
104.400
104.770
105.150
105.520
105.870
106.240
106.620
107.000
107.380
107.750
108.120
108.480
108.850
109.220
109.600
109.960
110.340
110.710
111.080
111.460
111.810
112.180
112.560
112.960
113.330
113.700
114.070
114.440
114.800
115.160
115.540
115.900
116.270
116.660
117.040
117.420
117.770
118.160
118.530
118.900
119.270
119.640
120.000
120.360
120.730
121.110
121.480
121.850
122.220
122.580
122.960
123.340
123.700
124.070
124.450
124.820
125.180
125.540
125.910
126.270
126.640
127.000
127.370
127.750
128.120
128.490
128.860
129.220
129.580
129.950
130.320
130.700
131.070
131.450
131.820
132.190
132.560
132.930
133.300
133.660
134.030
134.410
134.780
135.140
135.510
135.880
136.260
136.620
136.990
137.360
137.730
138.100
138.460
138.830
139.210
139.580
139.960
140.330
140.700
141.080
141.450
141.820
142.180
142.560
142.940
143.310
143.680
144.050
144.410
144.800
145.170
145.540
145.930
146.300
146.660
147.040
147.410
147.770
148.150
148.510
148.870
149.250
149.610
149.980
150.360
150.730
151.100
151.470
151.830
152.220
152.580
152.960
153.330
153.700
154.070
154.440
154.810
155.190
155.550
155.930
156.300
156.680
157.060
157.440
157.810
158.190
158.560
158.930
159.310
159.680
160.050
160.420
160.780
161.150
161.520
161.890
162.260
162.620
163.000
163.360
163.730
164.100
164.480
164.860
165.230
165.600
165.960
166.340
166.690
167.060
167.420
167.790
168.150
168.530
168.890
169.250
169.630
170.000
170.380
170.740
171.100
171.470
171.840
172.200
172.560
172.940
173.320
173.680
174.050
174.410
174.790
175.160
175.520
175.900
176.270
176.640
177.020
177.370
177.740
178.130
178.500
178.860
179.250
179.620
179.980
180.350
180.730
181.100
181.480
181.850
182.220
182.590
182.970
183.330
183.710
184.080
184.450
184.820
185.170
185.550
185.910
186.290
186.650
187.000
187.360
187.740
188.090
188.450
188.810
189.180
189.540
189.900
190.260
190.610
190.980
191.330
191.700
192.070
192.440
192.800
193.160
193.540
193.900
194.280
194.660
195.020
195.400
195.760
196.130
196.500
196.870
197.250
197.620
197.980
198.350
198.730
199.080
199.450
199.830
200.200
200.560
200.930
201.300
201.680
202.050
202.420
202.800
203.170
203.540
203.900
204.270
204.630
205.000
205.350
205.720
206.090
206.460
206.830
207.190
207.550
207.920
208.300
208.670
209.010
209.370
209.740
210.110
210.460
210.810
211.190
211.560
211.930
212.280
212.670
213.040
213.400
213.760
214.130
214.520
214.880
215.240
215.600
215.970
216.340
216.690
217.050
217.410
217.780
218.140
218.510
218.880
219.240
219.610
219.970
220.360
220.770
221.150
221.550
221.910
222.270
222.650
223.020
223.390
223.750
224.090
224.470
224.810
225.180
225.540
225.900
226.250
226.620
226.970
227.320
227.660
228.010
228.360
228.700
229.050
229.390
229.740
230.080
230.420
230.760
231.100
231.440
231.770
232.110
232.440
232.790
233.120
233.460
233.780
234.130
234.450
234.790
235.110
235.440
235.780
236.110
236.430
236.780
237.110
237.490
237.850
238.220
238.590
238.950
239.310
239.670
240.040
240.390
240.750
241.110
241.480
241.840
242.180
242.560
242.900
243.260
243.610
243.980
244.320
244.680
245.010
245.380
245.730
246.070
246.410
246.750
247.070
247.430
247.750
248.100
248.430
248.800
249.170
249.520
249.870
250.240
250.600
250.950
251.310
251.660
252.020
252.370
252.730
253.080
253.430
253.780
254.120
254.470
254.810
255.140
255.480
255.840
256.150
256.470
256.790
257.120
257.440
257.770
258.090
258.420
258.750
259.080
259.400
259.760
260.100
260.420
260.830
261.290
261.720
262.200
262.650
263.120
263.560
264.050
264.550
265.060
265.590
266.110
266.650
267.180
267.700
268.340
268.970
269.640
270.270
270.990
271.670
272.390
273.110
273.840
274.510
275.240
275.940
276.740
277.530
278.340
279.080
279.810
280.520
281.200
281.920
282.620
283.280
283.960
284.630
285.340
286.030
286.700
287.370
288.100
288.770
289.420
290.130
290.810
291.510
292.170
292.860
293.600
294.300
294.960
295.680
296.360
297.100
297.750
298.450
299.120
299.740
300.400
301.110
301.800
302.470
303.130
303.820
304.520
305.210
305.890
306.580
307.250
307.960
308.660
309.370
310.030
310.740
311.420
312.120
312.790
313.490
314.160
314.880
315.570
316.270
316.970
317.680
318.390
319.090
319.770
320.480
321.170
321.860
322.520
323.250
323.930
324.660
325.330
325.890
326.240
326.600
326.970
327.310
327.660
328.020
328.370
328.730
329.070
329.420
329.760
330.110
330.470
330.830
331.170
331.530
331.860
332.210
332.530
332.870
333.250
333.600
333.960
334.310
334.680
335.030
335.390
335.740
336.090
336.430
336.780
337.140
337.500
337.850
338.210
338.570
338.920
339.290
339.640
339.980
340.340
340.690
341.050
341.390
341.740
342.100
342.450
342.800
343.150
343.510
343.870
344.230
344.580
344.940
345.280
345.630
345.990
346.340
346.700
347.050
347.410
347.770
348.120
348.500
348.870
349.240
349.620
349.990
350.350
350.750
351.120
351.500
351.870
352.260
352.630
353.000
353.370
353.730
354.100
354.470
354.850
355.220
355.590
355.970
356.340
356.700
357.090
357.470
357.840
358.220
358.590
358.960
359.320
359.700
360.060
360.430
360.800
361.170
361.570
361.960
362.370
362.790
363.210
363.620
363.990
364.360
364.760
365.120
365.500
365.870
366.240
366.610
366.970
367.350
367.700
368.080
368.450
368.830
369.170
369.540
369.920
370.290
370.660
371.030
371.390
371.760
372.150
372.510
372.870
373.260
373.620
374.020
374.390
374.760
375.160
375.540
375.900
376.290
376.660
377.040
377.400
377.770
378.150
378.500
378.900
379.260
379.660
380.020
380.400
380.780
381.150
381.520
381.900
382.270
382.640
383.020
383.390
383.780
384.150
384.530
384.890
385.280
385.650
386.000
386.380
386.750
387.130
387.500
387.870
388.240
388.610
388.960
389.360
389.740
390.120
390.490
390.860
391.240
391.610
391.980
392.340
392.730
393.100
393.460
393.840
394.190
394.580
394.950
395.350
395.710
396.110
396.490
396.850
397.190
397.540
397.860
398.200
398.540
398.850
399.180
399.490
399.820
400.140
400.440
400.760
401.070
401.370
401.680
401.990
402.300
402.610
402.920
403.230
403.550
403.840
404.140
404.440
404.740
405.020
405.310
405.610
405.890
406.180
406.470
406.760
407.060
407.340
407.630
