0.710
1.530
2.370
3.150
4.000
4.800
5.650
6.560
7.480
8.410
9.180
10.030
10.820
11.600
12.410
13.180
14.000
14.780
15.570
16.360
17.200
18.000
18.790
19.580
20.360
21.170
21.980
22.740
23.550
24.320
25.130
25.920
26.740
27.530
28.320
29.110
29.920
30.710
31.520
32.320
33.130
33.920
34.720
35.510
36.320
37.110
37.930
38.750
39.590
40.390
41.200
42.020
42.810
43.590
44.340
45.120
45.920
46.760
47.550
48.330
49.120
49.900
50.720
51.510
52.300
53.120
53.910
54.710
55.530
56.330
57.160
57.960
58.790
59.570
60.350
61.190
61.970
62.760
63.590
64.380
65.150
65.940
66.730
67.530
68.340
69.160
69.970
70.770
71.590
72.420
73.200
74.030
74.840
75.640
76.440
77.220
78.020
78.790
79.620
80.420
81.210
82.000
82.840
83.640
84.410
85.220
86.030
86.810
87.620
88.450
89.230
90.020
90.840
91.630
92.420
93.210
94.030
94.820
95.600
96.370
97.200
98.010
98.790
99.580
100.390
101.170
101.980
102.770
103.610
104.420
105.200
106.010
106.860
107.690
108.510
109.310
110.160
110.960
111.770
112.580
113.400
114.210
115.010
115.840
116.660
117.480
118.300
119.130
119.970
120.790
121.620
122.460
123.280
124.100
124.940
125.770
126.610
127.440
128.250
129.080
129.910
130.740
131.540
132.370
133.190
134.000
134.830
135.620
136.470
137.300
138.160
138.950
139.770
140.600
141.440
142.210
143.060
143.880
144.700
145.520
146.360
147.180
148.010
148.850
149.670
150.500
151.330
152.160
152.980
153.810
154.650
155.440
156.270
157.100
157.920
158.760
159.570
160.380
161.220
162.060
162.910
163.710
164.520
165.340
166.170
166.950
167.760
168.580
169.390
170.190
171.010
171.810
172.620
173.420
174.230
175.030
175.840
176.630
177.470
178.270
179.110
179.900
180.720
181.550
182.350
183.140
183.980
184.780
185.590
186.400
187.220
188.050
188.860
189.660
190.470
191.260
192.130
192.970
193.780
194.600
195.430
196.230
197.050
197.850
198.680
199.490
200.290
201.100
201.930
202.730
203.560
204.390
205.210
206.040
206.860
207.720
208.520
209.330
210.160
211.000
211.830
212.640
213.480
214.310
215.140
215.950
216.790
217.610
218.430
219.230
220.050
220.870
221.680
222.470
223.340
224.140
224.970
225.780
226.630
227.450
228.270
229.110
229.910
230.730
231.610
232.420
233.300
234.090
234.910
235.730
236.590
237.380
238.220
239.010
239.820
240.660
241.470
242.290
243.120
243.940
244.760
245.590
246.400
247.240
248.070
248.890
249.730
250.550
251.360
252.180
253.010
253.840
254.650
255.530
256.350
257.150
258.010
258.860
259.740
260.560
261.500
262.500
263.520
264.610
265.700
266.760
267.750
268.700
269.640
270.610
271.640
272.620
273.650
274.640
275.700
276.570
277.490
278.410
279.330
280.210
281.150
282.140
