0.730
1.740
2.810
3.880
4.940
6.000
7.030
8.100
9.090
10.150
11.170
12.190
13.170
14.200
15.250
16.260
17.230
18.260
19.300
20.390
21.410
22.350
23.310
24.270
25.140
26.050
26.890
27.810
28.640
29.550
30.430
31.320
32.260
33.130
34.040
34.800
35.560
36.380
37.140
37.950
38.710
39.530
40.310
41.150
41.910
42.730
43.470
44.260
45.010
45.770
46.580
47.280
48.020
48.790
49.540
50.330
51.210
52.060
52.860
53.740
54.620
55.500
56.400
57.200
58.040
58.930
59.760
60.490
61.220
61.910
62.630
63.220
63.860
64.460
65.060
65.670
66.270
66.890
67.460
68.050
68.620
69.170
69.750
70.310
70.910
71.450
72.040
72.620
73.270
73.900
74.510
75.150
75.790
76.390
77.020
77.670
78.320
79.040
79.720
80.420
81.140
81.840
82.440
83.100
83.720
84.310
84.940
85.550
86.150
86.710
87.310
87.940
88.560
89.170
89.810
90.420
91.060
91.690
92.340
92.970
93.600
94.260
94.930
95.550
96.180
96.830
97.500
98.140
98.780
99.440
100.110
100.770
101.440
102.080
102.740
103.420
104.130
104.800
105.460
106.120
106.820
107.470
107.910
108.350
108.820
109.270
109.700
110.120
110.460
110.780
111.130
111.450
111.770
112.100
112.430
112.770
113.080
113.410
113.720
114.040
114.370
114.690
115.010
115.330
115.640
115.960
116.310
116.640
116.950
117.280
117.620
117.950
118.270
118.600
118.920
119.260
119.590
119.900
120.250
120.560
120.900
121.230
121.550
121.890
122.220
122.550
122.890
123.220
123.530
123.860
124.180
124.510
124.830
125.140
125.480
125.790
126.120
126.470
126.780
127.110
127.450
127.770
128.100
128.450
128.770
129.090
129.440
129.770
130.100
130.430
130.750
131.110
131.440
131.770
132.130
132.470
132.790
133.130
133.470
133.810
134.150
134.490
134.810
135.130
135.470
135.820
136.170
136.510
136.830
137.170
137.480
137.820
138.140
138.490
138.800
139.140
139.480
139.830
140.170
140.500
140.840
141.150
141.490
141.830
142.160
142.490
142.800
143.150
143.470
143.790
144.140
144.480
144.820
145.160
145.480
145.820
146.160
146.520
146.840
147.180
147.500
147.840
148.160
148.490
148.830
149.160
149.500
149.830
150.150
150.470
150.780
151.110
151.440
151.790
152.120
152.430
152.770
153.110
153.430
153.750
154.090
154.420
154.750
155.070
155.420
155.730
156.060
156.380
156.690
157.040
157.370
157.680
158.020
158.370
158.720
159.030
159.370
159.690
160.030
160.370
160.700
161.010
161.350
161.670
162.000
162.340
162.670
163.010
163.340
163.690
164.010
164.350
164.680
165.020
165.360
165.690
166.000
166.330
166.660
167.010
167.320
167.660
168.000
168.320
168.660
168.990
169.330
169.690
170.000
170.340
170.680
171.000
171.350
171.680
172.010
172.350
172.700
173.030
173.360
173.700
174.020
174.360
174.680
175.030
175.380
175.710
176.050
176.400
176.710
177.060
177.390
177.720
178.040
178.380
178.700
179.020
179.350
179.700
180.050
180.370
180.730
181.070
181.390
181.750
182.080
182.410
182.760
183.090
183.420
183.760
184.090
184.430
184.760
185.090
185.430
185.750
186.110
186.440
186.780
187.110
187.450
187.790
188.120
188.450
188.780
189.120
189.450
189.780
190.120
190.450
190.780
191.100
191.440
191.760
192.110
192.440
192.780
193.110
193.450
193.800
194.150
194.480
194.820
195.140
195.470
195.810
196.150
196.480
196.810
197.140
197.490
197.820
198.150
198.490
198.820
199.150
199.500
199.820
200.160
200.490
200.810
201.150
201.480
201.800
202.140
202.480
202.810
203.160
203.500
203.840
204.170
204.500
204.850
205.180
205.490
205.830
206.160
206.500
206.830
207.160
207.500
207.830
208.170
208.510
208.850
209.180
209.510
209.840
210.180
210.520
210.870
211.210
211.560
211.890
212.230
212.560
212.920
213.230
213.570
213.900
214.240
214.570
214.900
215.220
215.550
215.890
216.230
216.560
216.910
217.240
217.570
217.900
218.240
218.580
218.910
219.240
219.560
219.890
220.220
220.550
220.890
221.230
221.580
221.900
222.250
222.580
222.940
223.270
223.610
223.950
224.280
224.600
224.930
225.260
225.590
225.920
226.270
226.600
226.930
227.260
227.590
227.930
228.290
228.620
228.950
229.280
229.610
229.930
230.270
230.600
230.920
231.260
231.610
231.950
232.290
232.620
232.950
233.300
233.640
233.960
234.300
234.620
234.960
235.300
235.630
235.950
236.290
236.610
236.940
237.280
237.600
237.920
238.260
238.580
238.910
239.240
239.570
239.900
240.230
240.570
240.900
241.220
241.550
241.900
242.230
242.540
242.890
243.220
243.550
243.860
244.210
244.530
244.880
245.210
245.560
245.890
246.230
246.580
246.920
247.250
247.580
247.940
248.270
248.610
248.950
249.280
249.620
249.950
250.300
250.630
250.960
251.300
251.640
251.980
252.320
252.650
252.990
253.330
253.680
254.010
254.360
254.690
255.040
255.360
255.690
256.020
256.360
256.690
257.020
257.350
257.700
258.040
258.380
258.710
259.050
259.380
259.710
260.040
260.380
260.700
261.020
261.360
261.690
262.010
262.360
262.690
263.020
263.350
263.680
264.000
264.350
264.700
265.020
265.370
265.700
266.020
266.370
266.680
267.020
267.350
267.680
268.010
268.340
268.670
269.000
269.330
269.670
270.000
270.320
270.660
270.980
271.320
271.650
271.990
272.330
272.670
272.990
273.310
273.660
273.980
274.320
274.630
274.960
275.280
275.620
275.930
276.270
276.600
276.940
277.250
277.600
277.930
278.270
278.610
278.960
279.290
279.620
279.960
280.280
280.610
280.950
281.270
281.610
281.950
282.280
282.610
282.980
283.310
283.670
284.010
284.340
284.680
285.020
285.370
285.690
286.030
286.370
286.700
287.020
287.360
287.700
288.020
288.340
288.690
289.040
289.380
289.710
290.040
290.380
290.700
291.020
291.350
291.690
292.030
292.360
292.690
293.040
293.370
293.700
294.060
294.400
294.720
295.070
295.400
295.750
296.070
296.420
296.740
297.060
297.410
297.750
298.090
298.410
298.760
299.090
299.440
299.790
300.110
300.460
300.790
301.140
301.470
301.780
302.120
302.470
302.800
303.130
303.480
303.810
304.160
304.510
304.850
305.180
305.510
305.860
306.200
306.540
306.880
307.210
307.550
307.890
308.230
308.570
308.910
309.250
309.570
309.910
310.250
310.590
310.930
311.260
311.600
311.940
312.270
312.620
312.940
313.290
313.610
313.950
314.300
314.640
314.990
315.320
315.660
316.010
316.330
316.680
317.020
317.340
317.680
317.990
318.330
318.690
319.030
319.340
319.690
320.000
320.350
320.680
321.000
321.340
321.660
322.010
322.340
322.690
323.020
323.340
323.680
324.010
324.330
324.670
324.990
325.350
325.680
326.010
326.350
326.710
327.040
327.390
327.730
328.060
328.390
328.720
329.070
329.400
329.720
330.050
330.370
330.720
331.050
331.360
331.700
332.040
332.390
332.730
333.050
333.390
333.720
334.060
334.370
334.720
335.050
335.380
335.690
336.020
336.370
336.690
337.030
337.340
337.690
338.010
338.350
338.680
338.990
339.330
339.660
339.980
340.320
340.670
341.000
341.360
341.690
342.010
342.340
342.660
343.000
343.330
343.660
343.980
344.340
344.680
345.010
345.360
345.690
346.030
346.370
346.690
347.020
347.360
347.680
348.020
348.350
348.690
349.020
349.360
349.700
350.030
350.360
350.680
351.010
351.340
351.680
352.020
352.350
352.680
353.010
353.360
353.680
354.030
354.350
354.680
355.020
355.350
355.680
356.020
356.340
356.690
357.020
357.370
357.690
358.030
358.370
358.700
359.020
359.360
359.680
360.010
360.360
360.680
361.000
361.340
361.690
362.040
362.370
362.700
363.050
363.390
363.700
364.030
364.360
364.680
364.990
365.340
365.670
366.000
366.320
366.650
366.980
367.330
367.660
368.010
368.330
368.690
369.010
369.370
369.680
370.030
370.340
370.680
371.020
371.330
371.670
372.010
372.320
372.670
373.010
373.350
373.670
374.000
374.340
374.660
375.000
375.330
375.650
376.000
376.320
376.660
376.990
377.320
377.660
378.000
378.320
378.680
379.010
379.340
379.680
380.030
380.350
380.690
381.010
381.340
381.670
382.020
382.330
382.680
382.990
383.340
383.660
384.000
384.320
384.650
385.010
385.320
385.660
386.000
386.330
386.640
386.990
387.310
387.640
388.000
388.340
388.670
389.010
389.340
389.680
390.010
390.340
390.690
391.020
391.350
391.660
392.010
392.330
392.660
392.980
393.310
393.670
394.000
394.330
394.660
395.000
395.310
395.650
395.990
396.320
396.640
396.970
397.290
397.640
397.970
398.300
398.630
398.950
399.270
399.610
399.960
400.280
400.610
400.950
401.290
401.620
401.940
402.260
402.600
402.920
403.250
403.580
403.920
404.240
404.580
404.910
405.240
405.570
405.880
406.180
406.500
406.820
407.140
407.450
407.780
408.110
408.450
408.770
409.090
409.420
409.770
410.080
410.420
410.760
411.090
411.420
411.740
412.070
412.400
412.750
413.080
413.420
413.790
414.110
414.470
414.800
415.150
415.480
415.830
416.150
416.490
416.820
417.150
417.460
417.790
418.110
418.450
418.770
419.110
419.430
419.750
420.090
420.420
420.740
421.080
421.400
421.720
422.040
422.370
422.680
423.010
423.330
423.650
423.970
424.290
424.600
424.920
425.240
425.560
425.890
426.210
426.550
426.860
427.190
427.520
427.850
428.180
428.520
428.860
429.180
429.520
429.830
430.160
430.500
430.820
431.150
431.510
431.850
432.180
432.490
432.830
433.160
433.490
433.830
434.150
434.470
434.800
435.140
435.460
435.790
436.140
436.460
436.800
437.110
437.460
437.790
438.120
438.430
438.780
439.090
439.420
439.760
440.120
440.440
440.800
441.140
441.480
441.800
442.160
442.470
442.800
443.130
443.460
443.800
444.130
444.470
444.800
445.130
445.450
445.790
446.120
446.440
446.790
447.110
447.470
447.800
448.120
448.460
448.780
449.130
449.460
449.780
450.120
450.450
450.790
451.130
451.480
451.810
452.140
452.480
452.810
453.150
453.460
453.790
454.140
454.460
454.800
455.130
455.480
455.790
456.140
456.460
456.790
457.110
457.470
457.790
458.150
458.490
458.810
459.140
459.460
459.810
460.140
460.480
460.810
461.140
461.480
461.830
462.150
462.480
462.830
463.140
463.480
463.800
464.150
464.460
464.790
465.130
465.470
465.800
466.130
466.470
466.820
467.160
467.500
467.810
468.150
468.470
468.810
469.150
469.470
469.810
470.130
470.470
470.790
471.120
471.460
471.790
472.130
472.450
472.800
473.130
473.480
473.810
474.150
474.490
474.820
475.130
475.480
475.790
476.140
476.450
476.800
477.130
477.460
477.780
478.110
478.430
478.770
479.110
479.420
479.770
480.100
480.420
480.740
481.050
481.370
481.690
482.020
482.340
482.680
483.010
483.330
483.660
483.990
484.350
484.670
484.990
485.340
485.650
485.990
486.330
486.660
486.980
487.300
487.650
487.960
488.290
488.620
488.950
489.280
489.610
489.960
490.280
490.610
490.950
491.310
491.650
491.970
492.310
492.670
492.990
493.320
493.650
493.990
494.300
494.630
494.970
495.290
495.620
495.970
496.290
496.630
496.950
497.290
497.600
497.940
498.260
498.610
498.920
499.260
499.610
499.960
500.310
500.660
501.000
501.350
501.690
502.060
502.400
502.750
503.090
503.500
503.920
504.340
504.750
505.140
505.530
505.950
506.350
506.730
507.150
507.550
508.020
508.460
508.900
509.380
509.840
510.280
510.740
511.290
511.820
512.370
512.950
513.490
514.050
514.540
515.090
515.580
516.120
516.690
517.200
517.770
518.240
518.710
519.180
519.640
520.120
520.600
521.030
521.450
521.870
522.310
522.700
523.110
523.500
523.880
524.270
524.680
525.050
525.440
525.850
526.220
526.570
526.960
527.310
527.680
528.060
528.430
528.800
529.160
529.530
529.870
530.220
530.570
530.930
531.260
531.620
531.970
532.330
532.680
533.030
533.380
533.720
534.040
534.400
534.740
535.060
535.400
535.740
536.100
536.420
536.770
537.140
537.470
537.820
538.190
538.540
538.880
539.220
539.560
539.880
540.220
540.580
540.920
541.250
541.600
541.960
542.340
542.700
543.050
543.390
543.730
544.070
544.420
544.750
545.100
545.440
545.770
546.110
546.460
546.780
547.120
547.460
547.820
548.130
548.470
548.810
549.130
549.460
549.800
550.110
550.450
550.790
551.120
551.460
551.810
552.150
552.470
552.810
553.160
553.490
553.810
554.150
554.510
554.850
555.170
555.500
555.850
556.170
556.490
556.840
557.160
557.490
557.820
558.150
558.500
558.850
559.180
559.530
559.870
560.200
560.550
560.880
561.200
561.530
561.850
562.180
562.530
562.880
563.200
563.550
563.860
564.190
564.540
564.850
565.200
565.510
565.850
566.210
566.550
566.870
567.230
567.550
567.890
568.200
568.550
568.880
569.210
569.540
569.860
570.190
570.510
570.850
571.200
571.530
571.860
572.200
572.520
572.860
573.200
573.530
573.840
574.180
574.510
574.850
575.160
575.490
575.820
576.150
576.490
576.810
577.150
577.480
577.810
578.150
578.470
578.800
579.130
579.480
579.810
580.130
580.470
580.780
581.130
581.440
581.770
582.110
582.440
582.760
583.090
583.430
583.760
584.100
584.430
584.750
585.090
585.410
585.740
586.070
586.400
586.750
587.090
587.400
587.740
588.070
588.400
588.730
589.060
589.390
589.730
590.040
590.360
590.690
591.020
591.350
591.680
592.000
592.340
592.660
592.980
593.320
593.660
593.970
594.310
594.620
594.950
595.270
595.600
595.950
596.280
596.600
596.920
597.230
597.560
597.890
598.230
598.550
598.890
599.230
599.560
599.880
600.220
600.540
600.880
601.200
601.540
601.850
602.190
602.530
602.840
603.190
603.520
603.830
604.160
604.480
604.800
605.110
605.440
605.770
606.100
606.430
606.760
607.090
607.420
607.750
608.090
608.420
608.750
609.090
609.430
609.760
610.100
610.440
610.770
611.100
611.420
611.760
612.080
612.410
612.740
613.070
613.410
613.750
614.070
614.400
614.730
615.060
615.410
615.750
616.080
616.410
616.730
617.070
617.390
617.700
618.050
618.370
618.700
619.030
619.360
619.690
620.030
620.360
620.690
621.020
621.340
621.660
621.990
622.320
622.650
622.980
623.320
623.650
623.990
624.320
624.650
624.970
625.310
625.640
625.960
626.300
626.630
626.940
627.260
627.580
627.910
628.240
628.570
628.900
629.230
629.560
629.880
630.210
630.530
630.860
631.210
631.540
631.860
632.180
632.510
632.830
633.150
633.460
633.810
634.150
634.470
634.820
635.150
635.470
635.800
636.150
636.480
636.790
637.130
637.460
637.790
638.130
638.440
638.770
639.100
639.430
639.770
640.110
640.430
640.760
641.090
641.420
641.740
642.060
642.390
642.710
643.040
643.360
643.690
644.020
644.340
644.680
645.000
645.330
645.670
646.000
646.330
646.660
646.990
647.320
647.650
647.970
648.300
648.630
648.950
649.280
649.610
649.950
650.260
650.600
650.930
651.250
651.600
651.930
652.260
652.580
652.900
653.220
653.550
653.870
654.180
654.510
654.840
655.170
655.500
655.840
656.160
656.480
656.790
657.110
657.440
657.770
658.090
658.410
658.740
659.070
659.400
659.740
660.070
660.400
660.740
661.060
661.400
661.730
662.060
662.380
662.710
663.030
663.350
663.680
664.000
664.320
664.630
664.970
665.280
665.610
665.960
666.280
666.600
666.910
667.240
667.550
667.880
668.210
668.550
668.880
669.200
669.520
669.850
670.180
670.510
670.840
671.170
671.490
671.820
672.140
672.470
672.810
673.130
673.450
673.780
674.110
674.440
674.760
675.090
675.410
675.730
676.060
676.400
676.720
677.050
677.390
677.720
678.040
678.370
678.690
679.010
679.340
679.650
679.980
680.310
680.630
680.970
681.300
681.620
681.940
682.260
682.590
682.910
683.230
683.540
683.880
684.210
684.520
684.860
685.190
685.500
685.820
686.140
686.470
686.780
687.110
687.430
687.760
688.090
688.410
688.750
689.070
689.380
689.710
690.030
690.360
690.690
691.010
691.340
691.680
692.000
692.320
692.640
692.950
693.270
693.600
693.940
694.250
694.600
694.910
695.260
695.580
695.910
696.240
696.550
696.880
697.210
697.540
697.860
698.200
698.530
698.860
699.180
699.500
699.830
700.150
700.470
700.790
701.130
701.450
701.770
702.100
702.430
702.750
703.060
703.380
703.700
704.030
704.370
704.690
705.010
705.360
705.670
705.990
706.320
706.630
706.960
707.290
707.610
707.940
708.270
708.590
708.930
709.250
709.580
709.910
710.260
710.590
710.920
711.250
711.580
711.890
712.230
712.560
712.890
713.220
713.550
713.880
714.210
714.550
714.880
715.210
715.520
715.860
716.180
716.530
716.850
717.180
717.520
717.840
718.160
718.490
718.820
719.150
719.470
719.790
720.120
720.440
720.770
721.100
721.420
721.740
722.060
722.390
722.710
723.020
723.350
723.680
724.000
724.320
724.660
725.000
725.320
725.630
725.950
726.280
726.610
726.940
727.270
727.590
727.910
728.240
728.550
728.870
729.200
729.520
729.850
730.180
730.510
730.830
731.170
731.480
731.810
732.150
732.490
732.810
733.150
733.460
733.790
734.100
734.430
734.750
735.090
735.410
735.730
736.060
736.390
736.700
737.030
737.340
737.680
738.000
738.340
738.650
738.980
739.290
739.610
739.930
740.260
740.580
740.900
741.220
741.530
741.850
742.180
742.500
742.810
743.140
743.460
743.770
744.100
744.420
744.740
745.050
745.380
745.700
746.020
746.330
746.650
746.980
747.300
747.610
747.930
748.250
748.570
748.900
749.210
749.530
749.850
750.180
750.500
750.810
751.140
751.450
751.770
752.100
752.430
752.760
753.110
753.430
753.750
754.070
754.380
754.700
755.030
755.340
755.660
755.980
756.300
756.620
756.940
757.270
757.590
757.910
758.230
758.550
758.860
759.190
759.500
759.820
760.140
760.440
760.760
761.070
761.380
761.700
762.020
762.350
762.670
762.980
763.310
763.630
763.950
764.260
764.590
764.900
765.220
765.540
765.860
766.190
766.500
766.830
767.150
767.460
767.790
768.100
768.430
768.750
769.070
769.380
769.700
770.030
770.340
770.660
