0.260
1.160
2.090
3.030
3.980
4.930
5.850
6.830
7.780
8.730
9.700
10.650
11.600
12.560
13.520
14.470
15.400
16.360
17.330
18.280
19.230
20.180
21.140
22.080
23.040
24.000
24.930
25.900
26.830
27.770
28.760
29.730
30.660
31.640
32.550
33.530
34.470
35.430
36.390
37.320
38.280
39.220
40.180
41.130
42.090
43.030
43.990
44.960
45.890
46.850
47.810
48.750
49.710
50.650
51.610
52.570
53.510
54.440
55.420
56.370
57.310
58.280
59.240
60.180
61.130
62.120
63.020
63.980
64.950
65.890
66.870
67.800
68.760
69.700
70.650
71.610
72.520
73.490
74.460
75.420
76.360
77.280
78.260
79.230
80.180
81.130
82.100
83.040
84.010
84.970
85.900
86.850
87.810
88.750
89.710
90.680
91.600
92.570
93.510
94.460
95.410
96.360
97.320
98.280
99.220
100.160
101.150
102.090
103.050
104.010
104.940
105.900
106.850
107.800
108.750
109.710
110.650
111.610
112.570
113.490
114.460
115.410
116.390
117.320
118.270
119.240
120.180
121.150
122.100
123.050
124.000
124.950
125.900
126.850
127.790
128.740
129.680
130.650
131.590
132.550
133.520
134.450
135.420
136.370
137.320
138.270
139.230
140.170
141.120
142.070
143.020
143.980
144.940
145.880
146.840
147.810
148.760
149.710
150.670
151.620
152.560
153.500
154.470
155.420
156.390
157.320
158.270
159.220
160.190
161.130
162.080
163.030
163.980
164.940
165.900
166.860
167.790
168.760
169.720
170.660
171.610
172.590
173.500
174.480
175.420
176.370
177.330
178.280
179.230
180.180
181.130
182.090
183.030
183.970
184.900
185.910
186.830
187.800
188.770
189.700
190.660
191.580
192.560
193.510
194.440
195.390
196.360
197.310
198.270
199.260
200.160
201.140
202.080
203.050
204.000
204.940
205.900
206.840
207.800
208.750
209.700
210.670
211.610
212.560
213.500
214.450
215.430
216.390
217.290
218.230
219.240
220.190
221.140
222.080
223.050
224.000
224.920
225.860
226.840
227.790
228.760
229.740
230.640
231.600
232.570
233.510
234.500
235.410
236.370
237.290
238.280
239.240
240.190
241.130
242.070
243.040
243.980
244.920
245.900
246.840
247.790
248.750
249.700
250.650
251.600
252.570
253.500
254.460
255.420
256.370
257.300
258.260
259.210
260.160
261.140
262.070
263.020
263.980
264.930
265.890
266.840
267.780
268.760
269.700
270.640
271.610
272.550
273.500
274.440
275.410
276.360
277.340
278.300
279.290
280.250
281.190
282.170
283.090
284.080
285.030
286.010
