0.050
0.500
0.970
1.450
1.930
2.410
2.890
3.360
3.840
4.320
4.790
5.270
5.760
6.220
6.700
7.180
7.670
8.150
8.630
9.110
9.590
10.080
10.550
11.030
11.500
11.990
12.480
12.950
13.360
13.800
14.190
14.600
15.090
15.560
16.030
16.530
17.020
17.510
18.000
18.490
18.970
19.450
19.930
20.420
20.920
21.400
21.890
22.370
22.860
23.340
23.820
24.320
24.800
25.290
25.780
26.250
26.730
27.220
27.700
28.180
28.660
29.140
29.620
30.120
30.610
31.100
31.580
32.070
32.570
33.050
33.560
34.040
34.540
35.020
35.520
36.000
36.490
36.990
37.470
37.960
38.460
38.950
39.460
39.940
40.440
40.910
41.410
41.890
42.380
42.870
43.380
43.850
44.340
44.810
45.310
45.780
46.280
46.760
47.250
47.730
48.220
48.690
49.200
49.680
50.170
50.650
51.140
51.640
52.140
52.620
53.110
53.610
54.110
54.590
55.100
55.580
56.080
56.580
57.070
57.570
58.050
58.540
59.020
59.520
60.010
60.510
61.000
61.490
61.970
62.470
62.970
63.460
63.950
64.440
64.920
65.420
65.910
66.400
66.880
67.390
67.880
68.370
68.870
69.360
69.870
70.350
70.870
71.350
71.850
72.340
72.850
73.330
73.820
74.310
74.810
75.290
75.790
76.280
76.780
77.290
77.800
78.290
78.790
79.280
79.780
80.280
80.790
81.290
81.800
82.300
82.810
83.310
83.820
84.320
84.820
85.300
85.820
86.300
86.800
87.290
87.800
88.310
88.810
89.310
89.810
90.310
90.820
91.340
91.820
92.320
92.820
93.310
93.820
94.320
94.820
95.320
95.820
96.330
96.830
97.320
97.820
98.320
98.830
99.330
99.830
100.350
100.840
101.330
101.830
102.330
102.840
103.330
103.840
104.340
104.840
105.360
105.850
106.370
106.880
107.380
107.880
108.370
108.880
109.390
109.880
110.370
110.900
111.390
111.930
112.410
112.920
113.410
113.920
114.420
114.920
115.410
115.910
116.400
116.910
117.410
117.920
118.400
118.910
119.410
119.940
120.440
120.960
121.460
121.980
122.460
122.980
123.480
123.980
124.480
125.000
125.500
126.010
126.510
127.010
127.520
128.030
128.530
129.050
129.540
130.050
130.550
131.070
131.560
132.070
132.580
133.090
133.580
134.090
134.580
135.080
135.580
136.090
136.590
137.100
137.600
138.100
138.600
139.090
139.590
140.110
140.600
141.100
141.610
142.110
142.610
143.110
143.620
144.130
144.640
145.160
145.660
146.170
146.680
147.180
147.700
148.190
148.700
149.190
149.690
150.190
150.710
151.210
151.720
152.230
152.730
153.240
153.740
154.250
154.750
155.260
155.770
156.280
156.780
157.300
157.790
158.310
158.820
159.320
159.820
160.340
160.840
161.340
161.860
162.370
162.880
163.400
163.910
164.420
164.930
165.460
165.970
166.480
167.010
167.520
168.040
168.550
169.050
169.570
170.080
170.590
171.090
171.600
172.110
172.630
173.140
173.650
174.150
174.670
175.190
175.700
176.210
176.720
177.250
177.760
178.260
178.770
179.300
179.830
180.340
180.840
181.340
181.850
182.360
182.860
183.350
183.870
184.380
184.890
185.390
185.900
186.390
186.920
187.410
187.940
188.440
188.960
189.450
189.960
190.480
190.970
191.500
191.990
192.510
193.030
193.570
194.070
194.570
195.090
195.600
196.130
196.640
197.160
197.670
198.190
198.700
199.220
199.740
200.260
200.760
201.270
201.770
202.290
202.780
203.290
203.790
204.310
204.820
205.330
205.830
206.340
206.840
207.350
207.860
208.380
208.880
209.390
209.890
210.420
210.910
211.430
211.930
212.470
212.960
213.470
213.980
214.500
215.000
215.520
216.020
216.540
217.060
217.560
218.060
218.560
219.070
219.580
220.070
220.580
221.090
221.600
222.120
222.630
223.150
223.680
224.180
224.680
225.200
225.710
226.240
226.760
227.250
227.780
228.280
228.800
229.310
229.830
230.350
230.870
231.400
231.900
232.410
232.920
233.430
233.950
234.460
234.980
235.490
236.010
236.530
237.060
237.570
238.110
238.600
239.120
239.630
240.140
240.680
241.220
241.720
242.240
242.750
243.280
243.800
244.330
244.840
245.360
245.860
246.380
246.880
247.410
247.920
248.450
248.940
249.450
249.970
250.490
251.020
251.530
252.040
252.550
253.060
253.590
254.100
254.620
255.130
255.660
256.180
256.710
257.230
257.740
258.260
258.780
259.290
259.800
260.300
260.810
261.320
261.830
262.350
262.870
263.370
263.900
264.390
264.910
265.390
265.900
266.420
266.930
267.450
267.940
268.440
268.970
269.490
270.000
270.510
271.020
271.540
272.050
272.560
273.070
273.610
274.120
274.660
275.180
275.710
276.240
276.750
277.290
277.800
278.330
278.850
279.380
279.890
280.410
280.920
281.450
281.990
282.510
283.030
283.560
284.070
284.600
285.120
285.640
286.160
286.690
287.220
287.730
288.250
288.780
289.310
289.840
290.360
290.890
291.410
291.950
292.460
292.990
293.510
294.040
294.560
295.090
295.610
296.130
296.650
297.190
297.720
298.250
298.770
299.300
299.830
300.350
300.880
301.410
301.940
302.470
303.000
303.540
304.070
304.590
305.120
305.630
306.160
306.690
307.230
307.740
308.280
308.790
309.320
309.840
310.370
310.900
311.430
311.950
312.490
313.010
313.540
314.040
314.570
315.100
315.620
316.160
316.670
317.200
317.710
318.230
318.750
319.270
319.790
320.320
320.830
321.350
321.880
322.400
322.910
323.430
323.960
324.480
325.010
325.540
326.060
326.570
327.100
327.620
328.140
328.670
329.170
329.710
330.220
330.760
331.270
331.810
332.340
332.860
333.380
333.900
334.420
334.950
335.460
335.990
336.510
337.040
337.550
338.090
338.610
339.140
339.640
340.180
340.690
341.210
341.690
342.150
342.630
