0.280
0.580
0.890
1.190
1.480
1.790
2.090
2.410
2.710
3.030
3.330
3.640
3.950
4.260
4.570
4.890
5.190
5.500
5.820
6.130
6.440
6.750
7.050
7.360
7.670
7.980
8.290
8.600
8.910
9.230
9.520
9.820
10.130
10.430
10.730
11.050
11.350
11.670
11.970
12.290
12.600
12.910
13.230
13.540
13.850
14.160
14.470
14.790
15.090
15.420
15.730
16.050
16.370
16.680
16.980
17.290
17.610
17.920
18.220
18.540
18.840
19.160
19.470
19.780
20.090
20.420
20.740
21.050
21.370
21.670
21.980
22.290
22.600
22.910
23.220
23.530
23.840
24.160
24.470
24.770
25.090
25.390
25.700
26.010
26.320
26.610
26.930
27.230
27.550
27.860
28.170
28.480
28.790
29.100
29.400
29.710
30.020
30.350
30.660
30.990
31.290
31.610
31.910
32.230
32.540
32.850
33.170
33.500
33.820
34.130
34.430
34.750
35.070
35.390
35.700
36.030
36.350
36.660
36.990
37.290
37.600
37.910
38.220
38.550
38.860
39.190
39.510
39.830
40.150
40.490
40.810
41.140
41.440
41.750
42.060
42.380
42.690
43.000
43.320
43.650
43.970
44.290
44.600
44.930
45.250
45.550
45.870
46.180
46.490
46.790
47.110
47.410
47.720
48.040
48.380
48.710
49.020
49.360
49.680
50.010
50.320
50.650
50.960
51.280
51.610
51.930
52.250
52.570
52.890
53.220
53.550
53.880
54.190
54.520
54.840
55.160
55.480
55.800
56.120
56.440
56.750
57.080
57.400
57.710
58.030
58.350
58.670
58.990
59.310
59.640
59.950
60.280
60.590
60.900
61.220
61.540
61.860
62.190
62.510
62.830
63.130
63.450
63.760
64.080
64.390
64.710
65.020
65.330
65.630
65.940
66.270
66.590
66.910
67.220
67.550
67.870
68.190
68.500
68.820
69.140
69.460
69.780
70.100
70.420
70.740
71.060
71.380
71.710
72.030
72.350
72.670
72.990
73.300
73.630
73.940
74.260
74.580
74.900
75.220
75.540
75.860
76.180
76.500
76.830
77.150
77.470
77.790
78.090
78.400
78.730
79.040
79.370
79.680
80.000
80.320
80.620
80.930
81.240
81.550
81.860
82.170
82.490
82.790
83.110
83.420
83.730
84.040
84.360
84.670
84.990
85.310
85.620
85.930
86.250
86.560
86.870
87.170
87.480
87.800
88.100
88.410
88.720
89.030
89.340
89.660
89.970
90.270
90.560
90.870
91.180
91.490
91.810
92.120
92.450
92.760
93.070
93.390
93.700
94.020
94.340
94.660
94.980
95.300
95.630
95.940
96.260
96.570
96.890
97.190
97.510
97.820
98.130
98.450
98.780
99.090
99.420
99.740
100.060
100.360
100.680
101.000
101.310
101.630
101.950
102.260
102.570
102.870
103.190
103.500
103.800
104.110
104.420
104.750
105.060
105.370
105.690
106.000
106.320
106.630
106.950
107.270
107.590
107.900
108.220
108.520
108.840
109.160
109.490
109.800
110.110
110.410
110.740
111.050
111.380
111.690
112.010
112.340
112.660
112.970
113.290
113.610
113.930
114.250
114.580
114.900
115.230
115.560
115.890
116.220
116.540
116.850
117.180
117.490
117.810
118.130
118.450
118.770
119.090
119.420
119.740
120.050
120.370
120.690
121.010
121.330
121.650
121.970
122.290
122.610
122.930
123.250
123.580
123.900
124.220
124.530
124.860
125.180
125.500
125.810
126.140
126.450
126.780
127.090
127.420
127.730
128.060
128.370
128.690
129.010
129.320
129.630
129.960
130.270
130.580
130.900
131.200
131.510
131.830
132.140
132.470
132.790
133.110
133.420
133.750
134.060
134.370
134.690
135.000
135.300
135.620
135.930
136.220
136.530
136.840
137.150
137.470
137.780
138.100
138.410
138.730
139.050
139.370
139.690
140.010
140.330
140.660
140.960
141.280
141.590
141.920
142.230
142.560
142.860
143.180
143.490
143.800
144.100
144.430
144.740
145.070
145.380
145.690
146.000
146.300
146.610
146.930
147.230
147.550
147.850
148.180
148.490
148.810
149.120
149.430
149.740
150.060
150.370
150.680
151.000
151.320
151.640
151.950
152.260
152.580
152.890
153.210
153.540
153.850
154.170
154.480
154.790
155.110
155.410
155.720
156.030
156.350
156.660
156.970
157.280
157.590
157.900
158.220
158.530
158.850
159.170
159.490
159.800
160.110
160.410
160.740
161.050
161.380
161.680
162.000
162.300
162.630
162.940
163.260
163.580
163.900
164.210
164.520
164.840
165.160
165.480
165.810
166.120
166.440
166.760
167.080
167.400
167.730
168.050
168.360
168.680
169.000
169.320
169.650
169.960
170.290
170.610
170.930
171.250
171.570
171.880
172.200
172.520
172.850
173.150
173.470
173.780
174.090
174.400
174.720
175.030
175.360
175.660
175.980
176.290
176.600
176.920
177.230
177.550
177.870
178.190
178.500
178.810
179.130
179.430
179.750
180.060
180.390
180.710
181.010
181.330
181.650
181.970
182.290
182.600
182.930
183.240
183.560
183.870
184.190
184.490
184.810
185.110
185.420
185.730
186.050
186.360
186.680
187.000
187.320
187.630
187.950
188.260
188.560
188.870
189.180
189.490
189.810
190.150
190.490
190.820
191.130
191.440
191.750
192.070
192.380
192.680
193.010
193.330
193.640
193.960
194.280
194.600
194.910
195.210
195.530
195.830
196.150
196.480
196.790
197.120
197.440
197.760
198.080
198.400
198.720
199.030
199.350
199.670
199.990
200.310
200.640
200.960
201.260
201.580
201.890
202.210
202.530
202.850
203.170
203.480
203.800
204.110
204.430
204.740
205.070
205.380
205.700
206.020
206.340
206.660
206.970
207.290
207.600
207.900
208.230
208.550
208.870
209.180
209.490
209.790
210.110
210.430
210.750
211.050
211.370
211.680
211.990
212.310
212.630
212.940
213.270
213.580
213.900
214.220
214.530
214.850
215.160
215.460
215.780
216.100
216.420
216.720
217.040
217.350
217.660
217.970
218.270
218.560
218.860
219.170
219.480
219.780
220.090
220.410
220.720
221.020
221.340
221.650
221.950
222.260
222.570
222.880
223.200
223.510
223.840
224.150
224.470
224.790
225.100
225.400
225.730
226.050
226.370
226.680
227.000
227.320
227.640
227.960
228.280
228.600
228.920
229.230
229.550
229.850
230.170
230.490
230.810
231.130
231.460
231.780
232.100
232.410
232.740
233.050
233.370
233.690
234.010
234.330
234.650
234.970
235.290
235.610
235.930
236.260
236.580
236.890
237.210
237.540
237.860
238.170
238.490
238.790
239.110
239.420
239.750
240.070
240.380
240.700
241.020
241.320
241.640
241.950
242.270
242.580
242.900
243.230
243.540
243.870
244.180
244.490
244.810
245.120
245.420
245.730
246.040
246.350
246.680
246.980
247.300
247.600
247.910
248.220
248.540
248.860
249.170
249.500
249.810
250.130
250.460
250.770
251.100
251.420
251.730
252.050
252.370
252.680
253.000
253.320
253.640
253.960
254.270
254.590
254.910
255.230
255.550
255.880
256.200
256.510
256.830
257.150
257.470
257.790
258.110
258.430
258.760
259.070
259.390
259.710
260.040
260.350
260.690
261.010
261.330
261.650
261.980
262.290
262.620
262.940
263.260
263.570
263.900
264.210
264.540
264.850
265.180
265.490
265.820
266.140
266.460
266.770
267.100
267.410
267.740
268.060
268.370
268.680
269.000
269.320
269.640
269.960
270.280
270.580
270.890
271.210
271.530
271.840
272.170
272.480
272.780
273.100
273.420
273.730
274.050
274.370
274.690
275.000
275.320
275.630
275.960
276.270
276.610
276.930
277.260
277.580
277.900
278.220
278.530
278.840
279.160
279.480
279.800
280.110
280.430
280.740
281.050
281.350
281.660
281.970
282.280
282.600
282.910
283.220
283.540
283.860
284.170
284.490
284.800
285.110
285.420
285.740
286.050
286.360
286.670
286.980
287.280
287.590
287.900
288.220
288.520
288.840
289.150
289.460
289.770
290.080
290.390
290.680
290.980
291.290
291.610
291.910
292.240
292.560
292.880
293.200
293.520
293.840
294.170
294.490
294.810
295.130
295.450
295.770
296.090
296.410
296.740
297.060
297.380
297.700
298.040
298.350
298.680
299.010
299.330
299.650
299.970
300.290
300.620
300.940
301.260
301.570
301.910
302.230
302.550
302.870
303.180
303.500
303.830
304.140
304.470
304.780
305.100
305.420
305.740
306.050
306.370
306.680
307.000
307.320
307.640
307.960
308.280
308.600
308.930
309.240
309.560
309.880
310.210
310.530
310.850
311.170
311.490
311.810
312.120
312.440
312.770
313.090
313.410
313.720
314.030
314.350
314.670
314.980
315.300
315.630
315.950
316.270
316.590
316.900
317.230
317.540
317.860
318.180
318.500
318.810
319.120
319.440
319.750
320.060
320.390
320.710
321.030
321.340
321.660
321.980
322.300
322.620
322.950
323.250
323.570
323.880
324.190
324.500
324.820
325.140
325.470
325.780
326.100
326.410
326.720
327.030
327.350
327.660
327.990
328.300
328.620
328.940
329.260
329.570
329.880
330.200
330.510
330.810
331.130
331.440
331.760
332.080
332.410
332.720
333.040
333.360
333.680
333.990
334.300
334.610
334.940
335.260
335.580
335.890
336.210
336.530
336.860
337.160
337.480
337.780
338.110
338.420
338.740
339.070
339.380
339.700
340.000
340.320
340.630
340.930
341.260
341.570
341.890
342.210
342.540
342.850
343.170
343.490
343.810
344.130
344.440
344.750
345.080
345.400
345.710
346.030
346.360
346.670
346.980
347.290
347.610
347.930
348.250
348.560
348.890
349.200
349.520
349.840
350.150
350.470
350.790
351.110
351.440
351.750
352.080
352.400
352.720
353.030
353.350
353.670
353.990
354.310
354.630
354.950
355.270
355.570
355.890
356.200
356.500
356.810
357.120
357.430
357.750
358.060
358.380
358.700
359.020
359.330
359.640
359.960
360.270
360.580
360.910
361.220
361.540
361.870
362.170
362.490
362.800
363.110
363.420
363.740
364.060
364.370
364.690
365.010
365.330
365.630
365.940
366.250
366.570
366.880
367.200
367.510
367.840
368.150
368.480
368.790
369.120
369.440
369.760
370.070
370.400
370.710
371.030
371.340
371.650
371.960
372.270
372.590
372.900
373.200
373.510
373.830
374.140
374.460
374.780
375.090
375.410
375.710
376.020
376.330
376.650
376.970
377.280
377.600
377.920
378.230
378.550
378.860
379.180
379.490
379.810
380.120
380.430
380.740
381.050
381.360
381.680
382.010
382.330
382.630
382.950
383.260
383.570
383.880
384.200
384.510
384.820
385.140
385.450
385.760
386.070
386.370
386.680
386.990
387.300
387.610
387.920
388.240
388.550
388.860
389.170
389.480
389.800
390.120
390.420
390.730
391.040
391.360
391.670
391.980
392.290
392.610
392.930
393.240
393.550
393.870
394.180
394.490
394.800
395.110
395.440
395.750
396.080
396.390
396.700
397.010
397.340
397.650
397.970
398.290
398.600
398.900
399.210
399.530
399.820
400.130
400.440
400.750
401.070
401.370
401.690
402.000
402.300
402.620
402.940
403.250
403.570
403.880
404.190
404.500
404.810
405.120
405.440
405.750
406.050
406.370
406.680
406.990
407.290
407.590
407.900
408.210
408.530
408.830
409.150
409.450
409.760
410.080
410.390
410.700
411.000
411.310
411.620
411.950
412.260
412.580
412.890
413.200
413.500
413.800
414.090
414.390
414.700
415.010
415.330
415.630
415.950
416.250
416.560
416.880
417.180
417.490
417.800
418.120
418.430
418.740
419.060
419.370
419.680
419.980
420.290
420.600
420.930
421.240
421.560
421.870
422.180
422.490
422.810
423.120
423.440
423.750
424.070
424.380
424.690
425.000
425.330
425.640
425.960
426.270
426.590
426.890
427.210
427.520
427.850
428.160
428.480
428.790
429.110
429.410
429.730
430.050
430.370
430.680
431.000
431.320
431.640
431.950
432.260
432.570
432.890
433.200
433.520
433.830
434.160
434.470
434.790
435.120
435.430
435.740
436.050
436.360
436.670
436.990
437.300
437.630
437.950
438.260
438.570
438.880
439.180
439.500
439.830
440.130
440.450
440.760
441.060
441.370
441.680
442.000
442.320
442.640
442.960
443.280
443.600
443.910
444.220
444.530
444.840
445.150
445.460
445.770
446.090
446.400
446.720
447.030
447.350
447.660
447.970
448.270
448.590
448.880
449.190
449.480
449.800
450.110
450.420
450.730
451.020
451.330
451.630
451.930
452.220
452.530
452.840
453.150
453.470
453.780
454.090
454.390
454.710
455.020
455.350
455.650
455.970
456.270
456.590
456.890
457.210
457.520
457.840
458.150
458.470
458.770
459.090
459.390
459.710
460.030
460.350
460.660
460.970
461.290
461.600
461.910
462.230
462.540
462.870
463.170
463.490
463.790
464.110
464.420
464.730
465.050
465.370
465.680
466.010
466.320
466.650
466.960
467.270
467.580
467.890
468.210
468.520
468.830
469.140
469.460
469.780
470.090
470.400
470.710
471.030
471.330
471.660
471.970
472.280
472.600
472.910
473.210
473.540
473.850
474.180
474.480
474.790
475.110
475.410
475.710
476.020
476.320
476.620
476.920
477.230
477.530
477.840
478.150
478.460
478.770
479.080
479.400
479.710
480.020
480.340
480.650
480.970
481.280
481.590
481.890
482.210
482.520
482.830
483.130
483.450
483.750
484.070
484.370
484.680
484.990
485.310
485.610
485.920
486.220
486.530
486.840
487.140
487.450
487.770
488.080
488.370
488.670
488.990
489.300
489.600
489.910
490.230
490.530
490.840
491.150
491.470
491.770
492.090
492.390
492.710
493.010
493.330
493.630
493.940
494.240
494.540
494.850
495.160
495.470
495.790
496.090
496.400
496.710
497.030
497.320
497.620
497.920
498.230
498.530
498.840
499.150
499.460
499.760
500.070
500.380
500.700
500.990
501.290
501.590
501.900
502.200
502.510
502.810
503.130
503.430
503.740
504.040
504.340
504.630
504.930
505.230
505.540
505.840
506.160
506.460
506.770
507.060
507.370
507.680
508.000
508.300
508.600
508.900
509.210
509.500
509.810
510.100
510.410
510.710
511.010
511.300
511.620
511.950
512.260
512.560
512.880
513.190
513.490
513.800
514.110
514.420
514.730
515.040
515.350
515.660
515.970
516.280
516.600
516.900
517.220
517.530
517.840
518.150
518.460
518.760
519.080
519.380
519.700
520.000
520.320
520.630
520.940
521.250
521.560
521.880
522.190
522.490
522.810
523.120
523.430
523.730
524.040
524.350
524.660
524.950
525.270
525.580
525.880
526.200
526.500
526.810
527.130
527.430
527.730
528.040
528.330
528.640
528.950
529.260
529.570
529.890
530.200
530.500
530.810
531.130
531.430
531.740
532.050
532.360
532.680
533.000
533.320
533.640
533.940
534.230
534.540
534.830
535.130
535.440
535.760
536.060
536.380
536.670
536.980
537.280
537.590
537.900
538.210
538.520
538.810
539.120
539.430
539.740
540.060
540.360
540.670
540.970
541.260
541.570
541.890
542.190
542.510
542.810
543.130
543.430
543.750
544.060
544.370
544.680
544.980
545.290
545.600
545.910
546.210
546.510
546.810
547.110
547.420
547.740
548.040
548.350
548.660
548.970
549.280
549.590
549.890
550.200
550.500
550.810
551.120
551.430
551.740
552.040
552.350
552.670
552.980
553.290
553.600
553.910
554.220
554.530
554.840
555.150
555.450
555.760
556.060
556.370
556.670
556.980
557.300
557.600
557.910
558.220
558.530
558.840
559.150
559.450
559.760
560.050
560.360
560.670
560.970
561.280
561.590
561.900
562.220
562.520
562.830
563.130
563.430
563.730
564.030
564.330
564.640
564.940
565.240
565.550
565.850
566.150
566.450
566.760
567.070
567.370
567.680
567.990
568.300
568.590
568.890
569.200
569.490
569.790
570.090
570.400
570.700
571.020
571.330
571.630
571.950
572.250
572.560
572.860
573.160
573.450
573.750
574.050
574.350
574.650
574.960
575.260
575.560
575.850
576.160
576.460
576.760
577.050
577.340
577.630
577.910
578.200
578.510
578.810
579.100
579.400
579.680
579.970
580.260
580.560
580.870
581.150
581.440
581.740
582.020
582.310
582.600
582.890
583.180
583.480
583.770
584.060
584.340
584.630
584.930
585.220
585.500
585.790
586.090
586.370
586.660
586.930
587.210
587.490
587.780
588.050
588.340
588.610
588.900
589.170
589.460
589.760
590.050
590.340
590.630
590.910
591.220
591.520
591.810
592.110
592.420
592.700
593.000
593.280
593.590
593.890
594.190
594.490
594.790
595.080
595.390
595.690
596.000
596.300
596.610
596.910
597.200
597.510
597.820
598.120
598.420
598.730
599.030
599.310
599.600
599.900
600.190
600.470
600.750
601.030
601.310
601.590
601.870
602.150
602.430
602.710
602.990
603.270
603.540
603.830
604.100
604.380
604.670
604.940
605.230
605.510
605.780
606.070
606.340
606.630
606.900
607.190
607.480
607.770
608.050
608.350
608.650
608.940
609.240
609.540
609.850
610.150
610.450
610.740
611.050
611.350
611.650
611.950
612.250
612.540
612.840
613.150
613.450
613.750
614.050
614.350
614.650
614.950
615.240
615.540
615.840
616.150
616.440
616.740
617.030
617.320
617.620
617.900
618.200
618.480
618.780
619.060
619.350
619.650
619.940
620.220
620.510
620.810
621.100
621.410
621.710
622.010
622.330
622.630
622.950
623.250
623.570
623.870
624.190
624.490
624.810
625.120
625.430
625.750
626.080
626.390
626.720
627.020
627.340
627.650
627.950
628.240
628.520
628.820
629.120
629.420
629.720
630.030
630.330
630.630
630.920
631.220
631.520
631.840
632.140
632.440
632.740
633.030
633.340
633.650
633.970
634.260
634.560
634.860
635.160
635.460
635.770
636.070
636.370
636.670
636.960
637.250
637.540
637.830
638.110
638.400
638.700
639.000
639.300
639.600
639.900
640.190
640.490
640.790
641.080
641.380
641.670
641.960
642.240
642.540
642.830
643.120
643.400
643.690
643.980
644.280
644.570
644.860
645.130
645.410
645.700
646.000
646.300
646.610
646.910
647.210
647.500
647.800
648.110
648.410
648.710
649.010
649.320
649.640
649.950
650.260
650.570
650.860
651.160
651.460
651.770
652.090
652.400
652.690
653.000
653.320
653.620
653.930
654.250
654.550
654.840
655.140
655.450
655.760
656.060
656.360
656.670
656.960
657.260
657.550
657.850
658.140
658.430
658.730
659.040
659.340
659.640
659.930
660.230
660.520
660.820
661.100
661.380
661.660
661.940
662.220
662.490
662.790
663.080
663.370
663.660
663.940
664.240
664.530
664.810
665.100
665.390
665.680
665.980
666.270
666.570
666.860
667.170
667.470
667.760
668.070
668.360
668.660
668.940
669.230
669.540
669.830
670.140
670.430
670.740
671.040
671.340
671.640
671.940
672.240
672.530
672.830
673.130
673.430
673.730
674.020
674.320
674.610
674.900
675.190
675.470
675.760
676.050
676.340
676.640
676.930
677.210
677.500
677.790
678.080
678.370
678.660
678.940
679.230
679.510
679.790
680.080
680.370
680.650
680.940
681.240
681.530
681.840
682.140
682.440
682.740
683.060
683.360
683.680
683.980
684.290
684.590
684.890
685.180
685.480
685.780
686.080
686.380
686.680
686.990
687.290
687.590
687.890
688.170
688.460
688.760
689.070
689.370
689.690
689.990
690.300
690.600
690.900
691.200
691.510
691.810
692.120
692.430
692.740
693.030
693.340
693.640
693.940
694.230
694.540
694.830
695.130
695.440
695.740
696.040
696.340
696.630
696.940
697.240
697.530
697.830
698.130
698.430
698.720
699.010
699.310
699.590
699.890
700.180
700.500
700.800
701.120
701.420
701.710
702.020
702.310
702.630
702.930
703.250
703.540
703.840
704.150
704.450
704.740
705.040
705.340
705.640
705.940
706.250
706.540
706.840
707.140
707.450
707.750
708.060
708.370
708.680
708.980
709.290
709.600
709.910
710.230
710.530
710.830
711.120
711.430
711.720
712.030
712.320
712.640
712.940
713.260
713.560
713.860
714.160
714.460
714.770
715.070
715.370
715.670
715.970
716.260
716.580
716.890
717.190
717.490
717.780
718.100
718.410
718.720
719.020
719.330
719.650
719.950
720.260
720.580
720.880
721.180
721.480
721.790
722.090
722.390
722.690
722.980
723.280
723.580
723.880
724.190
724.480
724.780
725.080
725.380
725.680
725.990
726.290
726.590
726.890
727.190
727.480
727.760
728.070
728.370
728.670
728.960
729.260
729.560
729.860
730.170
730.470
730.780
731.080
731.390
731.680
731.980
732.280
732.600
732.900
733.210
733.510
733.810
734.100
734.400
734.700
735.000
735.310
735.610
735.900
736.220
736.530
736.830
737.130
737.420
737.720
738.030
738.320
738.620
738.920
739.200
739.500
739.790
740.080
740.370
740.650
740.940
741.230
741.520
741.810
742.140
742.460
742.770
743.100
743.410
743.740
744.050
744.370
744.700
745.020
745.350
745.690
746.010
746.360
746.670
747.000
747.320
747.620
747.930
748.240
748.550
748.860
749.170
749.480
749.790
750.100
750.420
750.730
751.040
751.350
751.650
751.970
752.270
752.590
752.890
