0.250
0.800
1.360
1.940
2.490
3.040
3.630
4.130
4.640
5.160
5.650
6.120
6.630
7.210
7.750
8.340
8.980
9.580
10.160
10.750
11.390
12.000
12.590
13.260
14.010
14.770
15.510
16.180
16.880
17.590
18.260
18.960
19.600
20.290
21.110
21.890
22.700
23.500
24.370
25.220
26.060
26.870
27.700
28.510
29.420
30.290
30.990
31.700
32.460
33.100
33.780
34.500
35.150
35.780
36.440
37.080
37.720
38.340
38.970
39.590
40.210
40.820
41.480
42.100
42.730
43.360
43.960
44.590
45.200
45.840
46.460
47.080
47.700
48.330
48.930
49.550
50.200
50.810
51.430
52.050
52.680
53.300
53.950
54.560
55.190
55.840
56.470
57.080
57.730
58.340
58.960
59.590
60.230
60.850
61.460
62.090
62.710
63.340
63.950
64.590
65.220
65.840
66.450
67.080
67.700
68.330
68.970
69.590
70.230
70.840
71.500
72.110
72.730
73.340
73.980
74.630
75.220
75.860
76.470
77.100
77.730
78.360
78.980
79.590
80.230
80.820
81.460
82.090
82.700
83.330
83.980
84.580
85.210
85.820
86.470
87.090
87.740
88.330
88.960
89.600
90.230
90.850
91.500
92.110
92.730
93.400
94.020
94.680
95.320
95.950
96.570
97.210
97.820
98.460
99.110
99.730
100.350
100.970
101.620
102.260
102.880
103.490
104.100
104.740
105.370
105.990
106.610
107.250
107.870
108.540
109.190
109.810
110.480
111.120
111.710
112.350
112.950
113.590
114.230
114.850
115.480
116.130
116.730
117.370
118.010
118.620
119.260
119.890
120.520
121.150
121.790
122.410
123.030
123.680
124.310
124.940
125.580
126.200
126.830
127.450
128.070
128.710
129.370
129.980
130.620
131.260
131.880
132.500
133.130
133.770
134.400
135.030
135.650
136.280
136.900
137.540
138.160
138.810
139.420
140.060
140.670
141.310
141.920
142.540
143.170
143.800
144.440
145.050
145.700
146.340
146.950
147.570
148.220
148.830
149.450
150.080
150.700
151.330
151.950
152.580
153.210
153.830
154.450
155.090
155.740
156.350
156.980
157.620
158.240
158.880
159.520
160.150
160.790
161.440
162.080
162.690
163.320
163.960
164.580
165.200
165.820
166.450
167.070
167.700
168.320
168.950
169.590
170.200
170.840
171.460
172.090
172.730
173.370
173.990
174.640
175.300
175.930
176.570
177.200
177.850
178.490
179.130
179.750
180.410
181.040
181.670
182.330
182.960
183.560
184.200
184.870
185.490
186.130
186.760
187.410
188.070
188.680
189.310
189.970
190.800
191.510
192.170
192.800
193.420
194.080
194.710
195.320
195.950
196.580
197.220
197.860
198.490
199.120
199.740
200.380
201.000
201.650
202.280
202.880
203.530
204.170
204.800
205.450
206.090
206.720
207.360
208.020
208.640
209.280
209.930
210.540
211.170
211.810
212.440
213.070
213.720
214.340
214.990
215.630
216.250
216.900
217.540
218.150
218.770
219.410
220.050
220.660
221.290
221.910
222.530
223.160
223.780
224.410
225.030
225.660
226.270
226.890
227.520
228.140
228.770
229.380
229.990
230.610
231.230
231.850
232.470
233.090
233.710
234.330
234.940
235.550
236.180
236.790
237.420
238.050
238.660
239.280
239.910
240.510
241.130
241.740
242.350
242.970
243.590
244.200
244.820
245.450
246.060
246.670
247.280
247.890
248.500
249.110
249.730
250.350
250.970
251.590
252.210
252.830
253.430
254.040
254.660
255.280
255.890
256.500
257.110
257.720
258.340
258.960
259.580
260.210
260.830
261.450
262.070
262.690
263.310
263.930
264.550
265.190
265.810
266.450
267.080
267.700
268.330
268.950
269.570
270.180
270.800
271.430
272.060
272.690
273.310
273.930
274.540
275.170
275.790
276.410
277.050
277.650
278.270
278.890
279.520
280.140
280.760
281.380
282.000
282.630
283.270
283.910
284.530
285.170
285.800
286.430
287.060
287.680
288.300
288.920
289.550
290.180
290.800
291.430
292.060
292.680
293.320
293.950
294.580
295.190
295.820
296.440
297.070
297.690
298.320
298.960
299.570
300.190
300.810
301.440
302.070
302.700
303.330
303.970
304.600
305.230
305.840
306.470
307.090
307.730
308.360
308.990
309.630
310.270
310.890
311.530
312.150
312.780
313.420
314.060
314.680
315.330
315.950
316.570
317.220
317.850
318.480
319.120
319.770
320.410
321.040
321.680
322.300
322.940
323.560
324.180
324.810
325.450
326.080
326.700
327.310
327.940
328.580
329.200
329.820
330.450
331.100
331.740
332.380
333.020
333.650
334.270
334.900
335.520
336.150
336.780
337.400
338.020
338.640
339.270
339.910
340.540
341.160
341.790
342.420
343.060
343.690
344.330
344.960
345.600
346.230
346.860
347.490
348.130
348.780
349.390
350.020
350.650
351.270
351.900
352.530
353.150
353.760
354.390
355.010
355.650
356.270
356.890
357.510
358.130
358.740
359.360
360.000
360.610
361.220
361.840
362.470
363.090
363.720
364.310
364.940
365.560
366.200
366.830
367.450
368.060
368.720
369.330
369.960
370.590
371.220
371.840
372.450
373.090
373.710
374.330
374.970
375.590
376.210
376.840
377.460
378.090
378.710
379.320
379.940
380.570
381.190
381.810
382.430
383.050
383.660
384.280
384.900
385.530
386.150
386.750
387.380
387.990
388.600
389.220
389.830
390.450
391.070
391.680
392.300
392.930
393.540
394.170
394.810
395.420
396.030
396.650
397.260
397.890
398.500
399.120
399.750
400.370
401.000
401.630
402.250
402.870
403.480
404.100
404.720
405.340
405.930
406.540
407.160
407.760
408.410
409.020
409.640
410.250
410.870
411.480
412.110
412.730
413.360
414.000
414.630
415.260
415.880
416.490
417.120
417.760
418.380
419.000
419.620
420.250
420.880
421.500
422.130
422.740
423.390
424.010
424.640
425.270
425.900
426.540
427.160
427.780
428.400
429.020
429.660
430.290
430.920
431.540
432.170
432.800
433.420
434.040
434.670
435.300
435.920
436.560
437.180
437.810
438.430
439.050
439.690
440.320
440.950
441.590
442.210
442.840
443.460
444.100
444.720
445.360
446.000
446.630
447.270
447.910
448.530
449.160
449.800
450.440
451.070
451.710
452.340
452.970
453.620
454.260
454.870
455.510
456.150
456.780
457.420
458.060
458.690
459.330
459.970
460.600
461.250
461.880
462.520
463.150
463.790
464.420
465.060
465.700
466.320
466.980
467.610
468.260
468.910
469.520
470.160
470.810
471.450
472.090
472.720
473.360
474.000
474.640
475.280
475.930
476.560
477.200
477.840
478.470
479.100
479.760
480.380
481.000
481.620
482.270
482.910
483.560
484.210
484.850
485.500
486.150
486.800
487.440
488.100
488.740
489.390
490.030
490.680
491.340
492.020
492.670
493.330
493.970
494.580
495.240
495.880
496.500
497.130
497.760
498.420
499.050
499.680
500.310
500.940
501.550
