13.400
13.580
13.760
13.940
14.120
14.295
14.470
14.650
14.830
15.010
15.190
15.385
15.580
15.760
15.940
16.130
16.320	1
16.520
16.720
16.910
17.100	1
17.290
17.480
17.665
17.850	1
18.040
18.230
18.425
18.620	1
18.815
19.010
19.200
19.390	1
19.585
19.780
19.985
20.190	1
20.385
20.580
20.775
20.970	1
21.160
21.350
21.540
21.730	1
21.920
22.110
22.305
22.500	1
22.695
22.890
23.085
23.280	1
23.465
23.650
23.845
24.040	1
24.230
24.420
24.615
24.810	1
25.000
25.190
25.385
25.580	1
25.770
25.960
26.160
26.360	1
26.560
26.760
26.945
27.130	1
27.325
27.520
27.715
27.910	1
28.100
28.290
28.485
28.680	1
28.880
29.080
29.275
29.470	1
29.660
29.850
30.045
30.240	1
30.435
30.630
30.825
31.020	1
31.215
31.410
31.600
31.790	1
31.985
32.180
32.375
32.570	1
32.760
32.950
33.135
33.320	1
33.520
33.720
33.915
34.110	1
34.310
34.510
34.705
34.900	1
35.100
35.300
35.500
35.700	1
35.890
36.080
36.275
36.470	1
36.665
36.860
37.055
37.250	1
37.445
37.640
37.830
38.020	1
38.215
38.410
38.600
38.790	1
38.985
39.180
39.370
39.560	1
39.750
39.940
40.135
40.330	1
40.525
40.720
40.910
41.100	1
41.305
41.510
41.700
41.890	1
42.080
42.270
42.470
42.670	1
42.860
43.050
43.255
43.460	1
43.655
43.850
44.050
44.250	1
44.450
44.650
44.845
45.040	1
45.235
45.430
45.625
45.820	1
46.020
46.220
46.410
46.600	1
46.805
47.010
47.205
47.400	1
47.595
47.790
47.985
48.180	1
48.375
48.570
48.770
48.970	1
49.165
49.360
49.560
49.760	1
49.955
50.150
50.350
50.550	1
50.740
50.930
51.120
51.310	1
51.510
51.710
51.910
52.110	1
52.305
52.500
52.700
52.900	1
53.095
53.290
53.490
53.690	1
53.880
54.070
54.270
54.470	1
54.670
54.870
55.065
55.260	1
55.450
55.640
55.835
56.030	1
56.230
56.430
56.630
56.830	1
57.020
57.210
57.410
57.610	1
57.805
58.000
58.200
58.400	1
58.605
58.810
59.005
59.200	1
59.400
59.600
59.800
60.000	1
60.195
60.390
60.595
60.800	1
61.000
61.200
61.400
61.600	1
61.805
62.010
62.210
62.410	1
62.605
62.800
63.000
63.200	1
63.405
63.610
63.810
64.010	1
64.210
64.410
64.610
64.810	1
65.010
65.210
65.410
65.610	1
65.810
66.010
66.210
66.410	1
66.610
66.810
67.010
67.210	1
67.405
67.600
67.810
68.020	1
68.215
68.410
68.610
68.810	1
69.010
69.210
69.410
69.610	1
69.815
70.020
70.220
70.420	1
70.620
70.820
71.020
71.220	1
71.420
71.620
71.825
72.030	1
72.230
72.430
72.630
72.830	1
73.030
73.230
73.425
73.620	1
73.825
74.030
74.225
74.420	1
74.620
74.820
75.020
75.220	1
75.420
75.620
75.815
76.010	1
76.205
76.400
76.605
76.810	1
77.000
77.190
77.390
77.590	1
77.795
78.000
78.195
78.390	1
78.585
78.780
78.975
79.170	1
79.370
79.570
79.765
79.960	1
80.155
80.350
80.550
80.750	1
80.950
81.150
81.350
81.550	1
81.755
81.960
82.155
82.350	1
82.550
82.750
82.950
83.150	1
83.345
83.540
83.735
83.930	1
84.130
84.330
84.525
84.720	1
84.920
85.120
85.320
85.520	1
85.715
85.910
86.110
86.310	1
86.505
86.700
86.895
87.090	1
87.290
87.490
87.685
87.880	1
88.080
88.280
88.475
88.670	1
88.870
89.070
89.265
89.460	1
89.660
89.860
90.060
90.260	1
90.460
90.660
90.855
91.050	1
91.245
91.440
91.645
91.850	1
92.050
92.250
92.445
92.640	1
92.840
93.040
93.235
93.430	1
93.640
93.850
94.050
94.250	1
94.445
94.640
94.840
95.040	1
95.235
95.430
95.625
95.820	1
96.020
96.220
96.415
96.610	1
96.810
97.010
97.200
97.390	1
97.590
97.790
97.990
98.190	1
98.390
98.590
98.780
98.970	1
99.170
99.370
99.565
99.760	1
99.955
100.150
100.340
100.530	1
100.725
100.920
101.120
101.320	1
101.520
101.720
101.915
102.110	1
102.305
102.500
102.700
102.900	1
103.100
103.300
103.495
103.690	1
103.890
104.090
104.280
104.470	1
104.665
104.860
105.055
105.250	1
105.445
105.640
105.840
106.040	1
106.230
106.420
106.615
106.810	1
107.005
107.200
107.385
107.570	1
107.765
107.960
108.155
108.350	1
108.540
108.730
108.930
109.130	1
109.330
109.530
109.725
109.920	1
110.125
110.330
110.530
110.730	1
110.925
111.120
111.315
111.510	1
111.705
111.900
112.095
112.290	1
112.490
112.690
112.880
113.070	1
113.275
113.480
113.675
113.870	1
114.065
114.260
114.455
114.650	1
114.850
115.050
115.240
115.430	1
115.630
115.830
116.030
116.230	1
116.425
116.620
116.815
117.010	1
117.205
117.400
117.600
117.800	1
117.995
118.190
118.385
118.580	1
118.775
118.970
119.165
119.360	1
119.560
119.760
119.955
120.150	1
120.345
120.540
120.740
120.940	1
121.135
121.330
121.530
121.730	1
121.925
122.120
122.315
122.510	1
122.710
122.910
123.105
123.300	1
123.500
123.700
123.900
124.100	1
124.300
124.500
124.690
124.880	1
125.075
125.270
125.470
125.670	1
125.860
126.050
126.245
126.440	1
126.640
126.840
127.035
127.230	1
127.425
127.620
127.810
128.000	1
128.200
128.400
128.595
128.790	1
128.980
129.170
129.365
129.560	1
129.750
129.940
130.135
130.330	1
130.525
130.720
130.910
131.100	1
131.290
131.480
131.680
131.880	1
132.075
132.270
132.460
132.650	1
132.845
133.040
133.240
133.440	1
133.640
133.840
134.035
134.230	1
134.425
134.620
134.815
135.010	1
135.210
135.410
135.610
135.810	1
136.005
136.200
136.400
136.600	1
136.800
137.000
137.200
137.400	1
137.600
137.800
138.000
138.200	1
138.400
138.600
138.795
138.990	1
139.190
139.390
139.590
139.790	1
139.985
140.180
140.385
140.590	1
140.790
140.990
141.185
141.380	1
141.580
141.780
141.980
142.180	1
142.380
142.580
142.770
142.960	1
143.160
143.360
143.550
143.740	1
143.940
144.140
144.330
144.520	1
144.720
144.920
145.115
145.310	1
145.510
145.710
145.910
146.110	1
146.305
146.500
146.695
146.890	1
147.085
147.280
147.475
147.670	1
147.870
148.070
148.270
148.470	1
148.670
148.870
149.065
149.260	1
149.455
149.650
149.850
150.050	1
150.245
150.440
150.635
150.830	1
151.025
151.220
151.415
151.610	1
151.800
151.990
152.190
152.390	1
152.585
152.780
152.975
153.170	1
153.365
153.560
153.750
153.940	1
154.135
154.330
154.530
154.730	1
154.930
155.130
155.325
155.520	1
155.720
155.920
156.120
156.320	1
156.515
156.710
156.910
157.110	1
157.305
157.500
157.695
157.890	1
158.085
158.280
158.485
158.690	1
158.890
159.090
159.285
159.480	1
159.680
159.880
160.075
160.270	1
160.475
160.680
160.880
161.080	1
161.275
161.470
161.665
161.860	1
162.055
162.250
162.440
162.630	1
162.835
163.040
163.235
163.430	1
163.630
163.830
164.030
164.230	1
164.425
164.620
164.815
165.010	1
165.205
165.400
165.600
165.800	1
165.995
166.190
166.385
166.580	1
166.770
166.960
167.150
167.340	1
167.545
167.750
167.955
168.160	1
168.355
168.550
168.745
168.940	1
169.135
169.330
169.530
169.730	1
169.930
170.130
170.330
170.530	1
170.725
170.920
171.120
171.320	1
171.520
171.720
171.920
172.120	1
172.315
172.510
172.710
172.910	1
173.110
173.310
173.505
173.700	1
173.895
174.090
174.280
174.470	1
174.670
174.870
175.070
175.270	1
175.465
175.660
175.850
176.040	1
176.240
176.440
176.630
176.820	1
177.015
177.210
177.415
177.620	1
177.815
178.010
178.200
178.390	1
178.585
178.780
178.975
179.170	1
179.370
179.570
179.770
179.970	1
180.160
180.350
180.545
180.740	1
180.940
181.140
181.335
181.530	1
181.730
181.930
182.125
182.320	1
182.510
182.700
182.895
183.090	1
183.295
183.500
183.695
183.890	1
184.080
184.270
184.470
184.670	1
184.865
185.060
185.260
185.460	1
185.650
185.840
186.030
186.220	1
186.425
186.630
186.825
187.020	1
187.215
187.410
187.605
187.800	1
187.995
188.190
188.380
188.570	1
188.775
188.980
189.170
189.360	1
189.560
189.760
189.955
190.150	1
190.340
190.530
190.740
190.950	1
191.140
191.330
191.530
191.730	1
191.925
192.120
192.315
192.510	1
192.705
192.900
193.100
193.300	1
193.485
193.670
193.875
194.080	1
194.275
194.470
194.675
194.880	1
195.070
195.260
195.455
195.650	1
195.845
196.040
196.235
196.430	1
196.630
196.830
197.035
197.240	1
197.435
197.630
197.825
198.020	1
198.215
198.410
198.605
198.800	1
198.995
199.190
199.385
199.580	1
199.780
199.980
200.175
200.370	1
200.560
200.750
200.950
201.150	1
201.340
201.530
201.735
201.940	1
202.135
202.330
202.525
202.720	1
202.915
203.110
203.310
203.510	1
203.705
203.900
204.105
204.310	1
204.500
204.690
204.885
205.080	1
205.285
205.490
205.680
205.870	1
206.055
206.240
206.435
206.630	1
206.815
207.000
207.195
207.390	1
207.575
207.760
207.955
208.150	1
208.345
208.540
208.730
208.920	1
209.120
209.320
209.510
209.700	1
209.890
210.080
210.275
210.470	1
210.660
210.850
211.040
211.230	1
211.420
211.610
211.810
212.010	1
212.195
212.380
212.570
212.760	1
212.950
213.140
213.325
213.510	1
213.700
213.890
214.085
214.280	1
214.470
214.660
214.850
215.040	1
215.225
215.410
215.605
215.800	1
215.985
216.170
216.360
216.550	1
216.740
216.930
217.125
217.320	1
217.505
217.690
217.880
218.070	1
218.265
218.460
218.650
218.840	1
219.030
219.220
219.415
219.610	1
219.795
219.980
220.175
220.370	1
220.565
220.760
220.955
221.150	1
221.340
221.530
221.725
221.920	1
222.115
222.310
222.505
222.700	1
222.895
223.090
223.280
223.470	1
223.660
223.850
224.050
224.250	1
224.440
224.630
224.815
225.000	1
225.195
225.390
225.580
225.770	1
225.960
226.150
226.340
226.530	1
226.715
226.900
227.095
227.290	1
227.475
227.660
227.845
228.030	1
228.220
228.410
228.600
228.790	1
228.985
229.180
229.365
229.550	1
229.745
229.940
230.135
230.330	1
230.515
230.700
230.890
231.080	1
231.270
231.460
231.650
231.840	1
232.025
232.210
232.400
232.590	1
232.785
232.980
233.165
233.350	1
233.535
233.720
233.910
234.100	1
234.285
234.470
234.655
234.840	1
235.035
235.230
235.415
235.600	1
235.790
235.980
236.175
236.370	1
236.555
236.740
236.930
237.120	1
237.310
237.500
237.685
237.870	1
238.060
238.250
238.440
238.630	1
238.815
239.000
239.195
239.390	1
239.575
239.760
239.945
240.130	1
240.320
240.510
240.700
240.890	1
241.075
241.260
241.445
241.630	1
241.825
242.020
242.210
242.400	1
242.580
242.760
242.945
243.130	1
243.320
243.510
243.700
243.890	1
244.080
244.270
244.455
244.640	1
244.835
245.030
245.215
245.400	1
245.585
245.770
245.960
246.150	1
246.340
246.530
246.720
246.910	1
247.095
247.280
247.470
247.660	1
247.845
248.030
248.220
248.410	1
248.600
248.790
248.980
249.170	1
249.355
249.540
249.725
249.910	1
250.105
250.300
250.490
250.680	1
250.865
251.050
251.240
251.430	1
251.625
251.820
252.005
252.190	1
252.375
252.560
252.755
252.950	1
253.135
253.320
253.510
253.700	1
253.880
254.060
254.255
254.450	1
254.635
254.820
254.995
255.170	1
255.365
255.560
255.750
255.940	1
256.125
256.310
256.495
256.680	1
256.865
257.050
257.240
257.430	1
257.615
257.800
257.980
258.160	1
258.345
258.530
258.715
258.900	1
259.090
259.280
259.460
259.640	1
259.830
260.020
260.200
260.380	1
260.570
260.760
260.945
261.130	1
261.320
261.510
261.695
261.880	1
262.070
262.260
262.440
262.620	1
262.805
262.990
263.180
263.370	1
263.555
263.740
263.920
264.100	1
264.285
264.470
264.660
264.850	1
265.035
265.220
265.405
265.590	1
265.765
265.940
266.125
266.310	1
266.500
266.690
266.870
267.050	1
267.245
267.440
267.615
267.790	1
267.985
268.180
268.360
268.540	1
268.730
268.920
269.105
269.290	1
269.475
269.660
269.840
270.020	1
270.220
270.420
270.610
270.800	1
270.985
271.170
271.350
271.530	1
271.720
271.910
272.095
272.280	1
272.460
272.640
272.830
273.020	1
273.210
273.400
273.590
273.780	1
273.970
274.160
274.350
274.540	1
274.725
274.910
275.095
275.280	1
275.475
275.670
275.855
276.040	1
276.225
276.410
276.595
276.780	1
276.965
277.150
277.335
277.520	1
277.705
277.890
278.075
278.260	1
278.440
278.620
278.800
278.980	1
279.165
279.350
279.530
279.710	1
279.895
280.080
280.270
280.460	1
