0.240
0.930
1.640
2.330
2.980
3.730
4.480
5.250
6.010
6.750
7.480
8.210
8.930
9.690
10.430
11.160
11.910
12.610
13.370
14.110
14.860
15.600
16.310
17.090
17.830
18.560
19.290
20.040
20.780
21.510
22.240
22.970
23.690
24.450
25.180
25.900
26.680
27.420
28.150
28.900
29.620
30.370
31.130
31.880
32.610
33.370
34.090
34.810
35.550
36.320
37.030
37.780
38.520
39.270
39.990
40.700
41.460
42.210
42.970
43.730
44.460
45.170
45.870
46.550
47.120
47.610
48.050
48.440
48.830
49.200
49.560
49.940
50.310
50.670
51.050
51.420
51.800
52.170
52.540
52.910
53.300
53.670
54.060
54.420
54.800
55.160
55.550
55.910
56.290
56.640
57.020
57.380
57.770
58.130
58.500
58.850
59.230
59.570
59.930
60.290
60.660
61.030
61.400
61.770
62.130
62.490
62.860
63.240
63.620
63.980
64.360
64.710
65.100
65.450
65.820
66.180
66.560
66.920
67.290
67.650
68.020
68.380
68.730
69.110
69.490
69.840
70.210
70.580
70.960
71.340
71.710
72.060
72.410
72.740
73.090
73.440
73.800
74.160
74.530
74.880
75.250
75.600
75.980
76.330
76.700
77.060
77.410
77.760
78.130
78.490
78.860
79.220
79.600
79.960
80.330
80.690
81.070
81.420
81.800
82.150
82.510
82.870
83.240
83.590
83.960
84.310
84.680
85.030
85.400
85.750
86.140
86.480
86.850
87.210
87.570
87.920
88.300
88.630
88.990
89.340
89.710
90.070
90.430
90.780
91.160
91.520
91.870
92.210
92.540
92.870
93.240
93.580
93.940
94.300
94.660
95.000
95.360
95.720
96.090
96.450
96.820
97.170
97.540
97.880
98.240
98.580
98.950
99.300
99.660
100.010
100.380
100.720
101.090
101.440
101.810
102.160
102.540
102.890
103.260
103.600
103.970
104.330
104.680
105.040
105.400
105.750
106.100
106.450
106.810
107.160
107.530
107.880
108.250
108.610
108.970
109.330
109.700
110.060
110.430
110.800
111.170
111.530
111.900
112.240
112.620
112.970
113.350
113.700
114.070
114.430
114.810
115.150
115.530
115.870
116.230
116.590
116.970
117.320
117.680
118.030
118.410
118.770
119.140
119.490
119.860
120.210
120.580
120.930
121.300
121.650
122.030
122.380
122.750
123.100
123.470
123.810
124.190
124.540
124.910
125.260
125.630
125.980
126.360
126.710
127.070
127.430
127.810
128.150
128.530
128.880
129.230
129.590
129.970
130.330
130.680
131.030
131.410
131.760
132.130
132.470
132.850
133.210
133.570
133.910
134.290
134.650
135.000
135.340
135.690
136.060
136.430
136.770
137.150
137.490
137.850
138.190
138.550
138.900
139.260
139.610
139.950
140.300
140.640
141.000
141.370
141.720
142.090
142.450
142.820
143.160
143.540
143.870
144.240
144.590
144.940
145.310
145.680
146.050
146.430
146.780
147.170
147.510
147.880
148.230
148.600
148.950
149.330
149.680
150.050
150.410
150.770
151.120
151.490
151.840
152.220
152.580
152.960
153.310
153.680
154.040
154.420
154.770
155.150
155.510
155.870
156.250
156.600
156.970
157.310
157.670
158.040
158.390
158.760
159.120
159.500
159.850
160.230
160.570
160.950
161.300
161.650
162.010
162.380
162.730
163.090
163.450
163.830
164.170
164.550
164.910
165.270
165.630
165.970
166.330
166.690
167.050
167.410
167.780
168.140
168.500
168.860
169.210
169.590
169.930
170.310
170.650
171.040
171.410
171.760
172.140
172.500
172.850
173.230
173.570
173.930
174.270
174.630
174.980
175.350
175.710
176.070
176.410
176.790
177.130
177.510
177.860
178.230
178.570
178.940
179.290
179.650
180.010
180.380
180.720
181.070
181.430
181.800
182.150
182.520
182.880
183.240
183.590
183.970
184.310
184.680
185.010
185.380
185.710
186.080
186.410
186.780
187.110
187.480
187.820
188.190
188.540
188.910
189.270
189.650
190.010
190.390
190.740
191.100
191.450
191.820
192.180
192.550
192.910
193.270
193.630
194.010
194.380
194.750
195.100
195.480
195.830
196.210
196.560
196.950
197.310
197.670
198.030
198.400
198.750
199.110
199.480
199.860
200.210
200.580
200.930
201.310
201.660
202.030
202.380
202.740
203.100
203.480
203.840
204.210
204.570
204.940
205.300
205.680
206.040
206.390
206.740
207.120
207.460
207.840
208.200
208.550
208.900
209.270
209.620
209.990
210.360
210.710
211.060
211.410
211.770
212.120
212.480
212.840
213.200
213.560
213.920
214.280
214.650
215.000
215.370
215.730
216.080
216.440
216.770
217.140
217.490
217.860
218.210
218.560
218.930
219.280
219.630
219.980
220.340
220.690
221.030
221.400
221.750
222.110
222.450
222.820
223.160
223.510
223.860
224.230
224.570
224.930
225.290
225.660
226.020
226.380
226.730
227.090
227.430
227.790
228.130
228.490
228.850
229.200
229.540
229.910
230.250
230.630
230.970
231.340
231.680
232.050
232.380
232.750
233.080
233.450
233.780
234.130
234.490
234.850
235.190
235.550
235.880
236.250
236.590
236.950
237.290
237.670
238.020
238.370
238.700
239.050
239.400
239.770
240.100
240.470
240.810
241.170
241.510
241.870
242.220
242.570
242.910
243.280
243.650
244.000
244.330
244.690
245.040
245.400
245.750
246.100
246.450
246.790
247.130
247.480
247.830
248.170
248.510
248.860
249.190
249.540
249.870
250.230
250.550
250.900
251.230
251.590
251.920
252.270
252.600
252.950
253.290
253.620
253.950
254.300
254.630
254.990
255.330
255.660
256.030
256.380
256.720
257.070
257.410
257.760
258.110
258.460
258.790
259.150
259.470
259.820
260.160
260.510
260.850
261.200
261.530
261.880
262.210
262.570
262.900
263.250
263.590
263.930
264.260
264.610
264.940
265.290
265.610
265.970
266.290
266.640
266.970
267.330
267.650
268.000
268.340
268.690
269.030
269.370
269.700
270.040
270.360
270.710
271.040
271.390
271.740
272.080
272.400
272.740
273.080
273.440
273.760
274.120
274.460
274.790
275.120
275.460
275.820
276.160
276.500
276.850
277.210
277.560
277.890
278.230
278.580
278.920
279.240
279.570
279.890
280.220
280.570
280.880
281.210
281.520
281.840
282.160
282.480
282.810
283.120
283.440
283.760
284.090
284.400
284.730
