0.080
0.390
0.720
1.040
1.350
1.680
1.990
2.320
2.640
2.950
3.270
3.590
3.920
4.230
4.560
4.880
5.200
5.510
5.840
6.160
6.480
6.800
7.160
7.520
7.900
8.300
8.680
9.060
9.410
9.790
10.150
10.510
10.870
11.220
11.610
11.980
12.370
12.750
13.120
13.500
13.870
14.230
14.600
14.970
15.350
15.720
16.080
16.460
16.830
17.220
17.600
17.990
18.350
18.730
19.100
19.460
19.860
20.230
20.600
20.980
21.350
21.710
22.090
22.460
22.840
23.240
23.600
23.990
24.380
24.750
25.120
25.500
25.900
26.270
26.650
27.040
27.420
27.790
28.170
28.530
28.920
29.300
29.670
30.060
30.420
30.810
31.180
31.550
31.910
32.300
32.660
33.040
33.390
33.780
34.150
34.530
34.910
35.300
35.670
36.050
36.430
36.820
37.190
37.570
37.940
38.320
38.700
39.090
39.470
39.850
40.230
40.600
40.970
41.350
41.730
42.110
42.500
42.880
43.250
43.640
44.020
44.390
44.790
45.170
45.540
45.920
46.290
46.670
47.040
47.430
47.810
48.190
48.560
48.940
49.310
49.710
50.080
50.470
50.850
51.230
51.610
52.010
52.390
52.780
53.160
53.530
53.930
54.310
54.690
55.070
55.450
55.830
56.230
56.620
57.000
57.380
57.760
58.140
58.520
58.890
59.270
59.670
60.030
60.410
60.790
61.170
61.560
61.940
62.320
62.710
63.090
63.460
63.840
64.240
64.620
65.010
65.380
65.770
66.140
66.530
66.900
67.290
67.670
68.060
68.440
68.820
69.200
69.600
69.980
70.370
70.750
71.140
71.510
71.910
72.290
72.680
73.080
73.470
73.850
74.250
74.640
75.040
75.420
75.810
76.200
76.590
76.990
77.370
77.760
78.150
78.540
78.920
79.300
79.700
80.090
80.480
80.870
81.260
81.660
82.040
82.430
82.810
83.190
83.570
83.970
84.360
84.750
85.150
85.540
85.930
86.320
86.710
87.100
87.490
87.880
88.270
88.660
89.040
89.430
89.820
90.190
90.590
90.980
91.360
91.740
92.130
92.510
92.900
93.280
93.660
94.040
94.420
94.810
95.200
95.580
95.950
96.340
96.730
97.110
97.500
97.880
98.260
98.650
99.040
99.430
99.820
100.190
100.580
100.970
101.350
101.730
102.130
102.520
102.910
103.300
103.680
104.060
104.440
104.820
105.200
105.600
105.980
106.370
106.740
107.130
107.510
107.900
108.280
108.660
109.050
109.450
109.840
110.220
110.600
110.990
111.370
111.770
112.150
112.550
112.930
113.320
113.710
114.100
114.480
114.870
115.250
115.630
116.020
116.410
116.790
117.190
117.560
117.940
118.320
118.700
119.090
119.470
119.860
120.250
120.630
121.020
121.400
121.780
122.150
122.530
122.920
123.300
123.680
124.070
124.440
124.820
125.200
125.590
125.990
126.370
126.750
127.140
127.530
127.910
128.280
128.670
129.050
129.430
129.810
130.180
130.560
130.940
131.320
131.710
132.090
132.470
132.870
133.260
133.660
134.040
134.420
134.800
135.170
135.550
135.940
136.320
136.700
137.090
137.470
137.850
138.240
138.610
138.990
139.370
139.750
140.130
140.500
140.890
141.270
141.640
142.030
142.400
142.790
143.170
143.550
143.910
144.300
144.670
145.040
145.430
145.810
146.190
146.580
146.950
147.340
147.730
148.120
148.500
148.880
149.260
149.640
150.020
150.390
150.770
151.150
151.530
151.920
152.290
152.680
153.050
153.430
153.810
154.190
154.590
154.960
155.350
155.730
156.110
156.490
156.860
157.250
157.640
158.030
158.410
158.820
159.190
159.580
159.960
160.340
160.730
161.110
161.500
161.880
162.260
162.650
163.030
163.420
163.800
164.170
164.560
164.930
165.310
165.690
166.070
166.450
166.820
167.210
167.580
167.960
168.340
168.740
169.120
169.500
169.890
170.270
170.640
171.030
171.400
171.800
172.180
172.560
172.940
173.320
173.700
174.100
174.480
174.870
175.250
175.630
175.990
176.380
176.750
177.140
177.510
177.890
178.290
178.660
179.030
179.430
179.800
180.190
180.560
180.950
181.330
181.710
182.090
182.470
182.840
183.230
183.590
183.980
184.360
184.740
185.120
185.500
185.880
186.250
186.630
187.030
187.410
187.790
188.170
188.560
188.940
189.320
189.690
190.080
190.460
190.840
191.230
191.610
191.970
192.370
192.730
193.120
193.500
193.890
194.270
194.650
195.030
195.410
195.800
196.180
196.570
196.940
197.320
197.700
198.070
198.470
198.840
199.240
199.630
200.010
200.390
200.770
201.160
201.530
201.910
202.290
202.680
203.060
203.440
203.820
204.190
204.590
204.980
205.350
205.730
206.110
206.480
206.880
207.260
207.640
208.020
208.410
208.790
209.160
209.550
209.930
210.320
210.700
211.070
211.460
211.840
212.220
212.610
212.990
213.380
213.770
214.140
214.520
214.910
215.280
215.670
216.050
216.430
216.830
217.210
217.590
217.980
218.370
218.750
219.140
219.530
219.910
220.300
220.670
221.050
221.430
221.800
222.180
222.570
222.960
223.340
223.730
224.110
224.500
224.890
225.280
225.670
226.050
226.460
226.840
227.240
227.640
228.030
228.420
228.810
229.210
229.590
229.980
230.360
230.750
231.140
231.540
231.920
232.300
232.670
233.070
233.450
233.840
234.220
234.610
234.980
235.380
235.760
236.150
236.540
236.920
237.310
237.700
238.080
238.460
238.830
239.210
239.590
239.960
240.350
240.740
241.120
241.500
241.890
242.260
242.640
243.030
243.400
243.790
244.180
244.580
244.950
245.360
245.750
246.140
246.520
246.910
247.300
247.670
248.050
248.460
248.840
249.240
249.620
250.010
250.390
250.790
251.160
251.540
251.930
252.320
252.690
253.080
253.460
253.840
254.210
254.590
254.960
255.350
255.740
256.140
256.530
256.930
257.310
257.630
257.950
258.270
258.590
258.900
259.220
259.540
259.860
260.180
260.500
260.820
261.150
261.470
261.780
