0.530
1.150
1.760
2.370
2.990
3.630
4.230
4.850
5.480
6.110
6.730
7.340
7.960
8.570
9.190
9.780
10.410
11.000
11.600
12.240
12.830
13.450
14.080
14.710
15.330
15.920
16.540
17.160
17.760
18.390
19.000
19.630
20.250
20.870
21.510
22.140
22.770
23.400
24.000
24.610
25.210
25.820
26.460
27.060
27.660
28.260
28.880
29.470
30.080
30.690
31.290
31.910
32.540
33.140
33.770
34.390
34.980
35.600
36.230
36.840
37.450
38.050
38.680
39.330
39.950
40.570
41.210
41.810
42.410
43.030
43.650
44.260
44.870
45.460
46.080
46.700
47.310
47.920
48.520
49.150
49.750
50.370
50.990
51.600
52.210
52.840
53.450
54.050
54.670
55.260
55.840
56.450
57.080
57.700
58.310
58.930
59.570
60.180
60.800
61.430
62.070
62.710
63.320
63.940
64.540
65.170
65.790
66.400
67.010
67.600
68.250
68.860
69.480
70.100
70.710
71.340
71.940
72.590
73.180
73.800
74.440
75.040
75.640
76.270
76.910
77.530
78.160
78.800
79.420
80.030
80.630
81.270
81.880
82.490
83.100
83.710
84.300
84.930
85.560
86.170
86.800
87.400
88.000
88.620
89.230
89.860
90.480
91.100
91.710
92.320
92.940
93.520
94.140
94.750
95.370
95.990
96.580
97.190
97.820
98.450
99.070
99.660
100.270
100.890
101.520
102.160
102.770
103.390
104.010
104.630
105.220
105.820
106.430
107.030
107.640
108.240
108.880
109.480
110.100
110.680
111.310
111.930
112.540
113.160
113.780
114.400
115.010
115.620
116.250
116.860
117.480
118.110
118.740
119.380
119.990
120.640
121.260
121.870
122.480
123.070
123.680
124.280
124.900
125.520
126.140
126.770
127.370
128.010
128.630
129.250
129.890
130.500
131.130
131.750
132.370
132.990
133.620
134.240
134.850
135.470
136.120
136.730
137.360
138.010
138.640
139.250
139.860
140.500
141.120
141.750
142.350
142.990
143.620
144.230
144.860
145.490
146.060
146.660
147.290
147.860
148.440
149.050
149.640
150.270
150.900
151.540
152.180
152.770
153.410
154.030
154.650
155.270
155.900
156.520
157.130
157.760
158.390
159.000
159.650
160.280
160.890
161.520
162.140
162.760
163.380
164.020
164.650
165.280
165.920
166.530
167.140
167.730
168.350
168.970
169.610
170.210
170.840
171.470
172.100
172.720
173.400
174.040
174.690
175.300
175.920
176.510
177.140
177.770
178.410
179.060
179.680
180.330
180.940
181.570
182.190
182.820
183.460
184.100
184.740
185.380
186.010
186.650
187.270
187.890
188.530
189.170
189.810
190.430
191.080
191.700
192.340
192.980
193.630
194.240
194.870
195.510
196.140
196.800
197.430
198.080
198.800
199.590
200.530
201.580
202.690
203.700
204.770
205.850
