0.800
1.720
2.570
3.480
4.320
5.210
6.140
7.060
8.040
8.990
10.090
11.120
12.160
13.160
14.210
15.210
16.210
17.260
18.270
19.240
20.270
21.320
22.310
23.320
24.320
25.370
26.410
27.400
28.400
29.450
30.470
31.460
32.500
33.520
34.520
35.560
36.590
37.610
38.600
39.630
40.630
41.690
42.740
43.730
44.780
45.740
46.780
47.790
48.810
49.820
50.850
51.820
52.820
53.850
54.820
55.820
56.830
57.880
58.860
59.890
60.890
61.950
62.930
63.950
64.950
65.950
67.000
67.970
68.980
69.990
71.030
72.060
73.100
74.140
75.190
76.140
77.180
78.170
79.180
80.160
81.170
82.160
83.210
84.230
85.240
86.290
87.260
88.260
89.260
90.330
91.370
92.400
93.390
94.370
95.390
96.390
97.440
98.390
99.450
100.450
101.460
102.460
103.460
104.460
105.450
106.440
107.450
108.410
109.460
110.450
111.370
112.340
113.270
114.200
115.190
116.140
117.120
118.090
119.030
119.950
120.930
121.900
122.890
123.850
124.870
125.880
126.770
127.570
128.370
129.360
130.250
131.220
132.210
133.110
134.010
134.900
135.820
136.660
137.560
138.390
139.200
140.070
140.910
141.800
142.640
143.590
144.470
145.410
146.390
147.340
148.280
149.220
150.160
151.080
152.010
152.810
153.570
154.410
