0.940
1.950	1
2.970
3.980
4.970
5.910	1
6.940
8.040
9.080
10.080	1
11.080
12.140
13.190
14.180	1
15.010
15.910
16.820
17.670	1
18.570
19.540
20.440
21.460	1
22.390
23.390
24.360
25.310	1
26.250
27.230
28.200
29.180	1
30.120
31.130
32.080
33.070	1
34.030
35.000
35.950
36.920	1
37.870
38.880
39.920
40.860	1
41.810
42.830
43.810
44.830	1
45.780
46.760
47.760
48.750	1
49.680
50.670
51.640
52.670	1
53.600
54.610
55.580
56.590	1
57.560
58.520
59.530
60.520	1
61.530
62.520
63.500
64.490	1
65.500
66.470
67.490
68.500	1
69.520
70.530
71.570
72.620	1
73.640
74.610
75.640
76.680	1
77.660
78.680
79.710
80.710	1
81.690
82.690
83.720
84.690	1
85.690
86.700
87.730
88.700	1
89.660
90.690
91.700
92.760	1
93.730
94.760
95.710
96.710	1
97.680
98.670
99.660
100.690	1
101.660
102.720
103.700
104.740	1
105.660
106.650
107.650
108.690	1
109.680
110.720
111.690
112.740	1
113.750
114.790
115.760
116.820	1
117.850
118.770
119.760
120.830	1
121.870
122.870
123.810
124.830	1
125.830
126.840
127.850
128.900	1
129.860
130.840
131.850
132.910	1
133.910
134.970
135.950
137.010	1
137.980
139.000
140.050
141.100	1
142.100
143.120
144.190
145.280	1
146.280
147.290
148.250
149.270	1
150.220
151.250
152.240
153.280	1
154.230
155.220
156.230
157.230	1
158.230
159.210
160.270
161.260	1
162.300
163.240
164.260
165.240	1
166.210
167.200
168.190
169.140	1
170.110
171.110
172.100
173.120	1
174.100
175.130
176.170
177.220	1
178.190
179.230
180.230
181.300	1
182.350
183.380
184.420
185.480	1
186.520
187.470
188.460
189.490	1
190.520
191.510
192.530
193.630	1
