0.100
0.390
0.670
0.960
1.250
1.540
1.840
2.130
2.410
2.710
3.000
3.290
3.570
3.880
4.170
4.470
4.780
5.110
5.430
5.780
6.100
6.430
6.750
7.090
7.410
7.740
8.060
8.370
8.700
9.030
9.360
9.670
9.990
10.310
10.640
10.960
11.280
11.590
11.920
12.230
12.550
12.880
13.200
13.530
13.850
14.180
14.500
14.830
15.150
15.480
15.800
16.130
16.460
16.780
17.120
17.450
17.770
18.100
18.430
18.760
19.080
19.400
19.730
20.060
20.380
20.710
21.050
21.380
21.700
22.040
22.360
22.700
23.020
23.350
23.680
24.010
24.340
24.670
25.000
25.330
25.650
26.000
26.320
26.660
26.990
27.340
27.660
27.990
28.340
28.660
28.980
29.310
29.650
29.980
30.310
30.630
30.970
31.300
31.630
31.970
32.300
32.620
32.950
33.290
33.620
33.940
34.270
34.590
34.920
35.240
35.580
35.900
36.230
36.560
36.890
37.220
37.550
37.890
38.220
38.550
38.870
39.190
39.530
39.870
40.200
40.520
40.840
41.170
41.520
41.830
42.170
42.500
42.830
43.180
43.520
43.870
44.190
44.530
44.860
45.200
45.520
45.870
46.190
46.540
46.870
47.210
47.550
47.880
48.210
48.550
48.880
49.220
49.560
49.900
50.230
50.580
50.910
51.260
51.590
51.930
52.270
52.610
52.950
53.290
53.630
53.970
54.310
54.660
54.980
55.330
55.660
56.010
56.340
56.680
57.020
57.370
57.700
58.040
58.380
58.730
59.060
59.410
59.750
60.090
60.420
60.770
61.110
61.450
61.800
62.140
62.470
62.810
63.150
63.490
63.820
64.180
64.510
64.860
65.200
65.550
65.890
66.230
66.570
66.930
67.260
67.600
67.940
68.290
68.620
68.960
69.300
69.640
69.990
70.320
70.650
70.990
71.340
71.680
72.010
72.350
72.690
73.040
73.350
73.690
74.020
74.360
74.680
75.040
75.370
75.700
76.030
76.380
76.700
77.040
77.380
77.720
78.050
78.400
78.720
79.050
79.380
79.740
80.070
80.420
80.750
81.090
81.430
81.770
82.100
82.450
82.790
83.140
83.470
83.820
84.170
84.510
84.840
85.180
85.510
85.860
86.190
86.540
86.880
87.230
87.580
87.920
88.260
88.610
88.950
89.290
89.630
89.980
90.310
90.660
91.000
91.350
91.680
92.030
92.360
92.700
93.040
93.380
93.740
94.100
94.440
94.780
95.100
95.450
95.780
96.120
96.460
96.810
97.140
97.480
97.820
98.170
98.500
98.830
99.180
99.530
99.860
100.200
100.540
100.880
101.210
101.570
101.900
102.250
102.580
102.920
103.260
103.610
103.940
104.290
104.620
104.960
105.290
105.640
105.980
106.310
106.650
106.990
107.330
107.680
108.010
108.350
108.680
109.010
109.350
109.690
110.020
110.360
110.700
111.040
111.380
111.720
112.050
112.400
112.730
113.080
113.410
113.760
114.090
114.450
114.780
115.120
115.450
115.790
116.120
116.460
116.790
117.140
117.480
117.820
118.160
118.510
118.840
119.180
119.510
119.850
120.190
120.530
120.870
121.210
121.550
121.900
122.230
122.570
122.910
123.260
123.590
123.940
124.280
124.630
124.960
125.310
125.650
125.990
126.330
126.670
127.000
127.330
127.680
128.010
128.350
128.690
129.040
129.390
129.730
130.070
130.400
130.740
131.070
131.420
131.760
132.090
132.430
132.770
133.110
133.460
133.800
134.140
134.480
134.830
135.160
135.500
135.830
136.180
136.520
136.860
137.180
137.530
137.860
138.200
138.540
138.880
139.210
139.560
139.890
140.240
140.590
140.930
141.250
141.590
141.910
142.250
142.580
142.930
143.260
143.600
143.930
144.280
144.610
144.970
145.290
145.640
145.970
146.310
146.650
146.990
147.320
147.660
148.000
148.330
148.660
149.010
149.340
149.680
150.020
150.360
150.710
151.060
151.390
151.720
152.070
152.410
152.740
153.070
153.410
153.750
154.090
154.440
154.770
155.120
155.450
155.800
156.130
156.470
156.810
157.150
157.490
157.830
158.160
158.510
158.840
159.190
159.530
159.860
160.200
160.550
160.880
161.240
161.570
161.900
162.250
162.580
162.910
163.240
163.580
163.920
164.250
164.590
164.920
165.270
165.610
165.940
166.280
166.640
166.960
167.300
167.640
167.980
168.300
168.650
168.970
169.320
169.660
170.010
170.340
170.680
171.020
171.360
171.700
172.050
172.390
172.730
173.070
173.410
173.750
174.090
174.420
174.780
175.120
175.470
175.810
176.150
176.500
176.830
177.160
177.500
177.840
178.190
178.530
178.870
179.200
179.550
179.880
180.230
180.570
180.920
181.260
181.600
181.930
182.280
182.610
182.950
183.290
183.640
183.970
184.320
184.650
184.990
185.340
185.670
186.010
186.360
186.690
187.020
187.370
187.700
188.040
188.380
188.710
189.050
189.390
189.730
190.060
190.410
190.740
191.090
191.420
191.770
192.110
192.460
192.800
193.150
193.470
193.810
194.160
194.510
194.840
195.180
195.520
195.860
196.200
196.550
196.890
197.220
197.560
197.900
198.230
198.570
198.910
199.260
199.590
199.940
200.280
200.620
200.960
201.310
201.630
201.980
202.320
202.660
202.990
203.320
203.660
204.000
204.330
204.670
205.020
205.360
205.710
206.040
206.380
206.720
207.050
207.400
207.730
208.080
208.420
208.750
209.090
209.420
209.740
210.080
210.410
210.760
211.100
211.440
211.770
212.110
212.450
212.790
213.120
213.490
213.830
214.170
214.530
214.880
215.240
215.570
215.920
216.290
216.640
216.990
217.320
217.670
218.020
218.370
