0.510
0.805
1.100
1.370
1.640
1.945
2.250
2.550
2.850
3.135
3.420
3.725
4.030
4.310
4.590
4.875
5.160
5.435
5.710
6.030
6.350
6.665
6.980
7.250
7.520
7.815
8.110
8.390
8.670
8.950
9.230
9.525
9.820
10.090
10.360
10.655
10.950
11.225
11.500
11.734
11.968	1
12.154
12.339
12.512
12.685	1
12.863
13.041
13.216
13.390	1
13.555
13.720
13.900
14.080	1
14.260
14.440
14.615
14.790	1
14.960
15.130
15.300
15.470	1
15.650
15.830
16.010
16.190	1
16.355
16.520
16.705
16.890	1
17.065
17.240
17.410
17.580	1
17.750
17.920
18.095
18.270	1
18.450
18.630
18.795
18.960	1
19.135
19.310
19.480
19.650	1
19.820
19.990
20.160
20.330	1
20.505
20.680
20.860
21.040	1
21.210
21.380
21.550
21.720	1
21.895
22.070
22.245
22.420	1
22.580
22.740
22.925
23.110	1
23.280
23.450
23.625
23.800	1
23.990
24.180
24.350
24.520	1
24.700
24.880
25.070
25.260	1
25.440
25.620
25.785
25.950	1
26.135
26.320
26.485
26.650	1
26.830
27.010
27.190
27.370	1
27.540
27.710
27.880
28.050	1
28.225
28.400
28.585
28.770	1
28.945
29.120
29.290
29.460	1
29.640
29.820
29.995
30.170	1
30.345
30.520
30.685
30.850	1
31.030
31.210
31.385
31.560	1
31.740
31.920
32.090
32.260	1
32.430
32.600
32.780
32.960	1
33.125
33.290
33.455
33.620	1
33.790
33.960
34.140
34.320	1
34.500
34.680
34.855
35.030	1
35.200
35.370
35.540
35.710	1
35.880
36.050
36.210
36.370	1
36.550
36.730
36.890
37.050	1
37.225
37.400
37.565
37.730	1
37.910
38.090
38.250
38.410	1
38.590
38.770
38.935
39.100	1
39.270
39.440
39.610
39.780	1
39.955
40.130
40.300
40.470	1
40.650
40.830
40.995
41.160	1
41.335
41.510
41.685
41.860	1
42.025
42.190
42.365
42.540	1
42.705
42.870
43.045
43.220	1
43.395
43.570
43.740
43.910	1
44.090
44.270
44.435
44.600	1
44.780
44.960
45.130
45.300	1
45.480
45.660
45.840
46.020	1
46.195
46.370
46.545
46.720	1
46.885
47.050
47.235
47.420	1
47.600
47.780
47.965
48.150	1
48.325
48.500
48.670
48.840	1
49.015
49.190
49.360
49.530	1
49.705
49.880
50.070
50.260	1
50.440
50.620
50.795
50.970	1
51.140
51.310
51.485
51.660	1
51.845
52.030
52.195
52.360	1
52.540
52.720
52.895
53.070	1
53.245
53.420
53.595
53.770	1
53.940
54.110
54.290
54.470	1
54.650
54.830
54.995
55.160	1
55.315
55.470
55.635
55.800	1
55.965
56.130
56.305
56.480	1
56.655
56.830
57.000
57.170	1
57.340
57.510
57.680
57.850	1
58.010
58.170
58.350
58.530	1
58.695
58.860
59.030
59.200	1
59.355
59.510
59.675
59.840	1
60.010
60.180
60.340
60.500	1
60.670
60.840
61.010
61.180	1
61.345
61.510
61.665
61.820	1
61.995
62.170
62.335
62.500	1
62.655
62.810
62.985
63.160	1
63.315
63.470
63.645
63.820	1
63.985
64.150
64.315
64.480	1
64.640
64.800
64.955
65.110	1
65.260
65.410
65.555
65.700	1
65.855
66.010
66.155
66.300	1
66.465
66.630
66.810
66.990	1
67.150
67.310
67.480
67.650	1
67.825
68.000
68.175
68.350	1
68.515
68.680
68.850
69.020	1
69.195
69.370
69.530
69.690	1
69.860
70.030
70.205
70.380	1
70.550
70.720
70.895
71.070	1
71.250
71.430
71.605
71.780	1
71.950
72.120
72.300
72.480	1
72.645
72.810
72.970
73.130	1
73.300
73.470
73.625
73.780	1
73.945
74.110
74.285
74.460	1
74.625
74.790
74.945
75.100	1
75.275
75.450
75.620
75.790	1
75.965
76.140
76.305
76.470	1
76.645
76.820
76.985
77.150	1
77.315
77.480
77.650
77.820	1
77.990
78.160
78.330
78.500	1
78.670
78.840
79.000
79.160	1
79.325
79.490
79.660
79.830	1
79.990
80.150
80.320
80.490	1
80.660
80.830
81.000
81.170	1
81.355
81.540
81.710
81.880	1
82.055
82.230
82.400
82.570	1
82.730
82.890
83.060
83.230	1
83.400
83.570
83.745
83.920	1
84.095
84.270
84.440
84.610	1
84.780
84.950
85.110
85.270	1
85.440
85.610
85.790
85.970	1
86.140
86.310
86.470
86.630	1
86.795
86.960
87.125
87.290	1
87.465
87.640
87.805
87.970	1
88.135
88.300
88.455
88.610	1
88.790
88.970
89.130
89.290	1
89.470
89.650
89.815
89.980	1
90.135
90.290
90.455
90.620	1
90.785
90.950
91.120
91.290	1
91.455
91.620
91.790
91.960	1
92.115
92.270
92.445
92.620	1
92.785
92.950
93.125
93.300	1
93.470
93.640
93.810
93.980	1
94.135
94.290
94.455
94.620	1
94.795
94.970
95.130
95.290	1
95.460
95.630
95.795
95.960	1
96.125
96.290
96.460
96.630	1
96.805
96.980
97.145
97.310	1
97.475
97.640
97.810
97.980	1
98.150
98.320
98.480
98.640	1
98.810
98.980
99.135
99.290	1
99.455
99.620
99.785
99.950	1
100.125
100.300
100.465
100.630	1
100.790
100.950
101.115
101.280	1
101.440
101.600
101.775
101.950	1
102.105
102.260
102.430
102.600	1
102.775
102.950
103.110
103.270	1
103.435
103.600
103.770
103.940	1
104.105
104.270
104.425
104.580	1
104.755
104.930
105.085
105.240	1
105.415
105.590
105.750
105.910	1
106.070
106.230
106.405
106.580	1
106.745
106.910
107.075
107.240	1
107.405
107.570
107.735
107.900	1
108.055
108.210
108.385
108.560	1
108.715
108.870
109.045
109.220	1
109.375
109.530
109.700
109.870	1
110.030
110.190
110.365
110.540	1
110.705
110.870
111.025
111.180	1
111.350
111.520
111.680
111.840	1
112.015
112.190
112.355
112.520	1
112.685
112.850
113.015
113.180	1
113.345
113.510
113.675
113.840	1
114.000
114.160
114.315
114.470	1
114.630
114.790
114.955
115.120	1
115.295
115.470
115.635
115.800	1
115.975
116.150
116.310
116.470	1
116.635
116.800
116.975
117.150	1
117.310
117.470
117.635
117.800	1
117.960
118.120
118.290
118.460	1
118.620
118.780
118.955
119.130	1
119.295
119.460
119.625
119.790	1
119.955
120.120
120.285
120.450	1
120.625
120.800
120.965
121.130	1
121.295
121.460
121.630
121.800	1
121.955
122.110
122.280
122.450	1
122.615
122.780
122.940
123.100	1
123.280
123.460
123.620
123.780	1
123.960
124.140
124.310
124.480	1
124.650
124.820
124.985
125.150	1
125.315
125.480
125.650
125.820	1
125.985
126.150
126.315
126.480	1
126.655
126.830
126.995
127.160	1
127.325
127.490
127.650
127.810	1
127.975
128.140
128.300
128.460	1
128.635
128.810
128.980
129.150	1
129.310
129.470
129.640
129.810	1
129.985
130.160
130.335
130.510	1
130.665
130.820
130.985
131.150	1
131.315
131.480
131.645
131.810	1
131.985
132.160
132.320
132.480	1
132.645
132.810
132.980
133.150	1
133.305
133.460
133.635
133.810	1
133.975
134.140
134.300
134.460	1
134.620
134.780
134.945
135.110	1
135.270
135.430
135.585
135.740	1
135.905
136.070
136.225
136.380	1
136.555
136.730
136.890
137.050	1
137.220
137.390
137.545
137.700	1
137.865
138.030
138.200
138.370	1
138.540
138.710
138.875
139.040	1
139.205
139.370
139.540
139.710	1
139.880
140.050
140.220
140.390	1
140.560
140.730
140.900
141.070	1
141.230
141.390
141.565
141.740	1
141.905
142.070
142.250
142.430	1
142.590
142.750
142.920
143.090	1
143.270
143.450
143.615
143.780	1
143.945
144.110
144.285
144.460	1
144.625
144.790
144.965
145.140	1
145.300
145.460
145.620
145.780	1
145.945
146.110
146.275
146.440	1
146.605
146.770
146.940
147.110	1
147.275
147.440
147.610
147.780	1
147.945
148.110
148.275
148.440	1
148.600
148.760
148.930
149.100	1
149.265
149.430
149.595
149.760	1
149.920
150.080
150.250
150.420	1
150.580
150.740
150.900
151.060	1
151.230
151.400
151.565
151.730	1
151.900
152.070
152.250
152.430	1
152.600
152.770
152.930
153.090	1
153.250
153.410
153.575
153.740	1
153.915
154.090
154.255
154.420	1
154.585
154.750
154.905
155.060	1
155.235
155.410
155.565
155.720	1
155.885
156.050
156.205
156.360	1
156.525
156.690
156.855
157.020	1
157.195
157.370
157.535
157.700	1
157.865
158.030
158.195
158.360	1
158.525
158.690
158.855
159.020	1
159.185
159.350
159.515
159.680	1
159.845
160.010
160.165
160.320	1
160.490
160.660
160.830
161.000	1
161.160
161.320
161.495
161.670	1
161.845
162.020
162.180
162.340	1
162.520
162.700
162.870
163.040	1
163.200
163.360
163.535
163.710	1
163.875
164.040
164.210
164.380	1
164.550
164.720
164.880
165.040	1
165.210
165.380
165.540
165.700	1
165.870
166.040
166.205
166.370	1
166.530
166.690
166.860
167.030	1
167.195
167.360
167.525
167.690	1
167.855
168.020
168.180
168.340	1
168.510
168.680
168.845
169.010	1
169.170
169.330
169.500
169.670	1
169.825
169.980
170.150
170.320	1
170.480
170.640
170.815
170.990	1
171.145
171.300
171.480
171.660	1
171.820
171.980
172.150
172.320	1
172.485
172.650
172.815
172.980	1
173.135
173.290
173.455
173.620	1
173.795
173.970
174.125
174.280	1
174.450
174.620
174.800
174.980	1
175.135
175.290
175.460
175.630	1
175.800
175.970
176.135
176.300	1
176.460
176.620
176.790
176.960	1
177.115
177.270
177.445
177.620	1
177.785
177.950
178.105
178.260	1
178.425
178.590
178.755
178.920	1
179.095
179.270
179.425
179.580	1
179.745
179.910
180.070
180.230	1
180.390
180.550
180.720
180.890	1
181.050
181.210
181.370
181.530	1
181.700
181.870
182.035
182.200	1
182.370
182.540
182.695
182.850	1
183.020
183.190
183.360
183.530	1
183.685
183.840
184.015
184.190	1
184.345
184.500
184.665
184.830	1
185.005
185.180
185.335
185.490	1
185.660
185.830
186.000
186.170	1
186.325
186.480
186.650
186.820	1
186.985
187.150
187.320
187.490	1
187.650
187.810
187.975
188.140	1
188.300
188.460
188.635
188.810	1
188.970
189.130
189.290
189.450	1
189.600
189.750
189.910
190.070	1
190.225
190.380
190.530
190.680	1
190.835
190.990
191.150
191.310	1
191.460
191.610
191.770
191.930	1
192.095
192.260
192.430
192.600	1
192.775
192.950
193.115
193.280	1
193.445
193.610
193.780
193.950	1
194.105
194.260
194.430
194.600	1
194.770
194.940
195.095
195.250	1
195.425
195.600
195.755
195.910	1
196.085
196.260
196.430
196.600	1
196.765
196.930
197.100
197.270	1
197.440
197.610
197.785
197.960	1
198.120
198.280
198.450
198.620	1
198.790
198.960
199.120
199.280	1
199.440
199.600
199.775
199.950	1
200.125
200.300
200.470
200.640	1
200.805
200.970
201.135
201.300	1
201.465
201.630
201.785
201.940	1
202.100
202.260
202.420
202.580	1
202.755
202.930
203.095
203.260	1
203.415
203.570
203.740
203.910	1
204.080
204.250
204.430
204.610	1
204.790
204.970
205.160
205.350	1
205.525
205.700
205.880
206.060	1
206.235
206.410
206.575
206.740	1
206.910
207.080
207.235
207.390	1
207.565
207.740
207.895
208.050	1
208.225
208.400
208.555
208.710	1
208.885
209.060
209.225
209.390	1
209.555
209.720
209.885
210.050	1
210.205
210.360
210.525
210.690	1
210.855
211.020
211.185
211.350	1
211.515
211.680
211.855
212.030	1
212.190
212.350
212.520
212.690	1
212.860
213.030
213.195
213.360	1
213.535
213.710
213.870
214.030	1
214.200
214.370
214.535
214.700	1
214.865
215.030
215.200
215.370	1
215.535
215.700
215.865
216.030	1
216.200
216.370
216.535
216.700	1
216.875
217.050
217.215
217.380	1
217.555
217.730
217.895
218.060	1
218.235
218.410
218.570
218.730	1
218.905
219.080
219.245
219.410	1
219.575
219.740
219.905
220.070	1
220.240
220.410
220.575
220.740	1
220.905
221.070
221.235
221.400	1
221.565
221.730
221.905
222.080	1
222.245
222.410
222.575
222.740	1
222.900
223.060
223.230
223.400	1
223.560
223.720
223.880
224.040	1
224.210
224.380
224.550
224.720	1
224.880
225.040
225.200
225.360	1
225.530
225.700
225.865
226.030	1
226.190
226.350
226.520
226.690	1
226.860
227.030
227.190
227.350	1
227.520
227.690
227.850
228.010	1
228.175
228.340
228.500
228.660	1
228.830
229.000
229.160
229.320	1
229.490
229.660
229.820
229.980	1
230.145
230.310
230.475
230.640	1
230.815
230.990
231.150
231.310	1
231.480
231.650
231.815
231.980	1
232.135
232.290
232.460
232.630	1
232.790
232.950
233.125
233.300	1
233.465
233.630
233.790
233.950	1
234.120
234.290
234.455
234.620	1
234.800
234.980
235.150
235.320	1
235.485
235.650
235.815
235.980	1
236.145
236.310
236.470
236.630	1
236.800
236.970
237.130
237.290	1
237.460
237.630
237.785
237.940	1
238.115
238.290
238.445
238.600	1
238.775
238.950
239.105
239.260	1
239.435
239.610
239.765
239.920	1
240.080
240.240
240.405
240.570	1
240.730
240.890
241.050
241.210	1
241.365
241.520
241.685
241.850	1
242.005
242.160
242.325
242.490	1
242.645
242.800
242.950
243.100	1
243.255
243.410
243.570
243.730	1
243.885
244.040
244.195
244.350	1
244.505
244.660
244.810
244.960	1
245.125
245.290
245.445
245.600	1
245.760
245.920
246.085
246.250	1
246.410
246.570
246.725
246.880	1
247.045
247.210
247.370
247.530	1
247.685
247.840
248.005
248.170	1
248.320
248.470
248.630
248.790	1
248.945
249.100
249.255
249.410	1
249.565
249.720
249.870
250.020	1
250.175
250.330
250.485
250.640	1
250.795
250.950
251.110
251.270	1
251.420
251.570
251.735
251.900	1
252.060
252.220
252.375
252.530	1
252.700
252.870
253.040
253.210	1
253.375
253.540
253.705
253.870	1
254.035
254.200
254.365
254.530	1
254.690
254.850
255.010
255.170	1
255.335
255.500
255.675
255.850	1
256.005
256.160
256.325
256.490	1
256.650
256.810
256.965
257.120	1
257.280
257.440
257.600
257.760	1
257.920
258.080
258.240
258.400	1
258.560
258.720
258.885
259.050	1
259.210
259.370
259.525
259.680	1
259.845
260.010
260.165
260.320	1
260.485
260.650
260.805
260.960	1
261.125
261.290
261.455
261.620	1
261.785
261.950
262.110
262.270	1
262.430
262.590
262.765
262.940	1
263.100
263.260
263.425
263.590	1
263.750
263.910
264.075
264.240	1
264.400
264.560
264.725
264.890	1
265.050
265.210
265.370
265.530	1
265.690
265.850
266.015
266.180	1
266.335
266.490
266.655
266.820	1
266.975
267.130
267.295
267.460	1
267.620
267.780
267.935
268.090	1
268.250
268.410
268.575
268.740	1
268.900
269.060
269.215
269.370	1
269.535
269.700
269.860
270.020	1
270.175
270.330
270.495
270.660	1
270.815
270.970
271.135
271.300	1
271.460
271.620
271.780
271.940	1
272.100
272.260
272.415
272.570	1
272.730
272.890
273.055
273.220	1
273.375
273.530
273.690
273.850	1
274.010
274.170
274.335
274.500	1
274.660
274.820
274.980
275.140	1
275.300
275.460
275.615
275.770	1
275.930
276.090
276.265
276.440	1
276.605
276.770
276.935
277.100	1
277.265
277.430
277.590
277.750	1
277.920
278.090
278.245
278.400	1
278.570
278.740
278.905
279.070	1
279.235
279.400
279.570
279.740	1
279.905
280.070
280.225
280.380	1
280.550
280.720
280.875
281.030	1
281.195
281.360
281.520
281.680	1
281.835
281.990
282.160
282.330	1
282.500
282.670
282.830
282.990	1
283.145
283.300
283.465
283.630	1
283.790
283.950
284.105
284.260	1
284.420
284.580
284.745
284.910	1
285.065
285.220
285.380
285.540	1
285.705
285.870
286.030
286.190	1
286.350
286.510
286.670
286.830	1
286.985
287.140
287.290
287.440	1
287.600
287.760
287.925
288.090	1
288.260
288.430
288.600
288.770	1
288.940
289.110
289.285
289.460	1
289.625
289.790
289.950
290.110	1
290.265
290.420
290.580
290.740	1
290.910
291.080
291.245
291.410	1
291.565
291.720
291.895
292.070	1
292.225
292.380
292.550
292.720	1
292.885
293.050
293.210
293.370	1
293.530
293.690
293.855
294.020	1
294.180
294.340
294.500
294.660	1
294.815
294.970
295.135
295.300	1
295.465
295.630
295.795
295.960	1
296.115
296.270
296.435
296.600	1
296.775
296.950
297.105
297.260	1
297.435
297.610
297.765
297.920	1
298.080
298.240
298.400
298.560	1
298.725
298.890
299.050
299.210	1
299.365
299.520
299.685
299.850	1
300.005
300.160
300.335
300.510	1
300.675
300.840
301.000
301.160	1
301.325
301.490
301.650
301.810	1
301.985
302.160
302.325
302.490	1
302.645
302.800
302.965
303.130	1
303.295
303.460
303.640
303.820	1
303.985
304.150
304.315
304.480	1
304.640
304.800
304.960
305.120	1
305.295
305.470
305.630
305.790	1
305.960
306.130
306.290
306.450	1
306.610
306.770
306.935
307.100	1
307.260
307.420
307.590
307.760	1
307.915
308.070
308.240
308.410	1
308.575
308.740
308.905
309.070	1
309.235
309.400
309.570
309.740	1
309.900
310.060
310.225
310.390	1
310.555
310.720
310.890
311.060	1
311.225
311.390
311.555
311.720	1
311.885
312.050
312.205
312.360	1
312.525
312.690
312.855
313.020	1
313.185
313.350
313.515
313.680	1
313.855
314.030
314.195
314.360	1
314.525
314.690
314.845
315.000	1
315.170
315.340
315.500
315.660	1
315.825
315.990
316.160
316.330	1
316.490
316.650
316.810
316.970	1
317.130
317.290
317.450
317.610	1
317.775
317.940
318.105
318.270	1
318.440
318.610
318.765
318.920	1
319.085
319.250
319.415
319.580	1
319.740
319.900
320.060
320.220	1
320.390
320.560
320.725
320.890	1
321.060
321.230
321.390
321.550	1
321.710
321.870
322.030
322.190	1
322.350
322.510
322.665
322.820	1
322.980
323.140
323.305
323.470	1
323.635
323.800
323.970
324.140	1
324.300
324.460
324.620
324.780	1
324.940
325.100
325.265
325.430	1
325.595
325.760
325.925
326.090	1
326.255
326.420
326.585
326.750	1
326.915
327.080
327.245
327.410	1
327.575
327.740
327.910
328.080	1
328.240
328.400
328.565
328.730	1
328.890
329.050
329.210
329.370	1
329.530
329.690
329.855
330.020	1
330.180
330.340
330.500
330.660	1
330.815
330.970
331.140
331.310	1
331.470
331.630
331.790
331.950	1
332.120
332.290
332.455
332.620	1
332.785
332.950
333.110
333.270	1
333.430
333.590
333.760
333.930	1
334.090
334.250
334.415
334.580	1
334.745
334.910
335.080
335.250	1
335.415
335.580
335.735
335.890	1
336.055
336.220
336.395
336.570	1
336.725
336.880
337.045
337.210	1
337.385
337.560
337.725
337.890	1
338.055
338.220
338.375
338.530	1
338.700
338.870
339.040
339.210	1
339.370
339.530
339.700
339.870	1
340.035
340.200
340.370
340.540	1
340.705
340.870
341.045
341.220	1
341.385
341.550
341.720
341.890	1
342.060
342.230
342.385
342.540	1
342.700
342.860
343.025
343.190	1
343.345
343.500
343.670
343.840	1
344.010
344.180
344.350
344.520	1
344.685
344.850
345.030
345.210	1
345.370
345.530
345.700
345.870	1
346.030
346.190
346.360
346.530	1
346.695
346.860
347.020
347.180	1
347.355
347.530
347.690
347.850	1
348.010
348.170
348.335
348.500	1
348.675
348.850
349.005
349.160	1
349.340
349.520
349.685
349.850	1
350.020
350.190
350.345
350.500	1
350.675
350.850
351.015
351.180	1
351.335
351.490
351.660
351.830	1
351.990
352.150
352.315
352.480	1
352.655
352.830
352.995
353.160	1
353.315
353.470
353.635
353.800	1
353.985
354.170
354.345
354.520	1
354.695
354.870
355.045
355.220	1
355.380
355.540
355.710
355.880	1
356.035
356.190
356.355
356.520	1
356.690
356.860
357.030
357.200	1
357.365
357.530
357.685
357.840	1
358.005
358.170
358.345
358.520	1
358.675
358.830
359.000
359.170	1
359.335
359.500
359.655
359.810	1
359.970
360.130
360.295
360.460	1
360.615
360.770
360.940
361.110	1
361.265
361.420
361.595
361.770	1
361.930
362.090
362.260
362.430	1
362.585
362.740
362.905
363.070	1
363.225
363.380
363.545
363.710	1
363.865
364.020
364.190
364.360	1
364.520
364.680
364.845
365.010	1
365.175
365.340
365.505
365.670	1
365.830
365.990
366.155
366.320	1
366.475
366.630
366.795
366.960	1
367.115
367.270
367.435
367.600	1
367.755
367.910
368.080
368.250	1
368.410
368.570
368.735
368.900	1
369.070
369.240
369.400
369.560	1
369.720
369.880
370.035
370.190	1
370.355
370.520
370.680
370.840	1
371.005
371.170
371.335
371.500	1
371.660
371.820
371.985
372.150	1
372.315
372.480
372.645
372.810	1
372.970
373.130
373.310
373.490	1
373.665
373.840
374.010
374.180	1
374.355
374.530
374.705
374.880	1
375.050
375.220
375.400
375.580	1
375.755
375.930
376.100
376.270	1
376.425
376.580
376.755
376.930	1
377.095
377.260
377.415
377.570	1
377.735
377.900
378.075
378.250	1
378.415
378.580
378.755
378.930	1
379.105
379.280
379.450
379.620	1
379.790
379.960
380.125
380.290	1
380.455
380.620
380.780
380.940	1
381.115
381.290
381.465
381.640	1
381.825
382.010
382.185
382.360	1
382.535
382.710
382.905
383.100	1
383.275
383.450
383.655
383.860	1
384.060
384.260
384.470
384.680	1
384.905
385.130
385.350
385.570	1
385.785
386.000
386.220
386.440	1
386.660
386.880
387.095
387.310	1
387.535
387.760
387.985
388.210	1
388.420
388.630
388.850
389.070	1
389.300
389.530
389.745
389.960	1
390.175
390.390
390.625
390.860	1
391.075
391.290
391.520
391.750	1
391.990
392.230
392.465
392.700	1
392.940
393.180
393.420
393.660	1
393.900
394.140
394.380
394.620	1
394.860
395.100
395.340
395.580	1
395.830
396.080
396.320
396.560	1
396.790
397.020
397.270
397.520	1
397.750
397.980
