0.050
0.460
0.830
1.220
1.600
1.990
2.370
2.750
3.140
3.530
3.910
4.280
4.650
5.030
5.420
5.830
6.220
6.600
6.990
7.380
7.770
8.170
8.570
8.970
9.370
9.770
10.180
10.570
10.970
11.370
11.770
12.170
12.580
12.990
13.390
13.790
14.190
14.590
14.990
15.380
15.780
16.180
16.570
16.960
17.360
17.750
18.130
18.520
18.910
19.320
19.720
20.120
20.530
20.940
21.340
21.750
22.170
22.580
23.000
23.400
23.820
24.230
24.650
25.090
25.500
25.930
26.340
26.750
27.160
27.560
27.970
28.390
28.810
29.230
29.640
30.040
30.450
30.860
31.270
31.690
32.110
32.520
32.940
33.360
33.770
34.180
34.600
35.020
35.440
35.840
36.260
36.670
37.080
37.490
37.910
38.320
38.740
39.140
39.560
39.960
40.360
40.780
41.180
41.580
41.990
42.400
42.800
43.210
43.610
44.030
44.430
44.830
45.230
45.630
46.030
46.430
46.850
47.260
47.670
48.060
48.480
48.870
49.290
49.690
50.100
50.530
50.960
51.380
51.790
52.190
52.590
53.000
53.410
53.800
54.220
54.610
55.020
55.420
55.820
56.220
56.640
57.040
57.460
57.860
58.270
58.660
59.070
59.480
59.890
60.300
60.710
61.110
61.510
61.910
62.330
62.740
63.140
63.550
63.970
64.370
64.770
65.180
65.590
65.990
66.400
66.810
67.220
67.620
68.030
68.430
68.850
69.250
69.660
70.060
70.480
70.880
71.290
71.700
72.110
72.510
72.920
73.330
73.730
74.130
74.550
74.940
75.370
75.780
76.200
76.640
77.060
77.480
77.900
78.320
78.740
79.150
79.560
79.980
80.390
80.800
81.220
81.630
82.040
82.450
82.860
83.260
83.670
84.080
84.500
84.910
85.320
85.720
86.140
86.540
86.960
87.360
87.770
88.200
88.610
89.020
89.430
89.840
90.250
90.660
91.070
91.460
91.870
92.280
92.680
93.090
93.500
93.890
94.290
94.710
95.120
95.510
95.920
96.340
96.760
97.150
97.560
97.970
98.400
98.790
99.220
99.600
99.980
100.360
100.720
101.080
101.480
101.870
102.260
102.650
103.050
103.460
103.890
104.300
104.710
105.090
105.510
105.900
106.290
106.690
107.110
107.490
107.910
108.310
108.700
109.120
109.530
109.950
110.380
110.790
111.200
111.610
112.030
112.430
112.840
113.250
113.670
114.080
114.490
114.880
115.300
115.700
116.110
116.520
116.930
117.340
117.760
118.180
118.590
119.000
119.410
119.800
120.220
120.620
121.040
121.460
121.870
122.270
122.690
123.100
123.520
123.930
124.350
124.760
125.180
125.600
126.010
126.420
126.840
127.240
127.660
128.060
128.460
128.870
129.280
129.710
130.120
130.530
130.950
131.370
131.780
132.210
132.620
133.030
133.460
133.870
134.280
134.680
135.090
135.510
135.950
136.370
136.800
137.210
137.640
138.060
138.480
138.900
139.320
139.750
140.160
140.570
141.000
141.410
141.830
142.230
142.650
143.070
143.490
143.900
144.320
144.730
145.150
145.550
145.970
146.390
146.800
147.240
147.660
148.080
148.500
148.920
149.340
149.730
150.150
150.560
150.970
151.380
151.800
152.240
152.650
153.060
153.480
153.920
154.340
154.770
155.200
155.610
156.040
156.470
156.910
157.340
157.760
158.190
158.610
159.020
159.440
159.860
160.280
160.690
161.120
161.530
161.950
162.370
162.790
163.210
163.630
164.040
164.460
164.880
165.300
165.720
166.140
166.570
167.000
167.420
167.850
168.270
168.700
169.110
169.540
169.970
170.400
170.820
171.240
171.660
172.090
172.500
172.920
173.320
173.740
174.150
174.560
174.950
175.360
175.770
176.190
176.600
177.020
177.440
177.870
178.290
178.690
179.110
179.530
179.940
180.370
180.790
181.210
181.630
182.070
182.480
182.910
183.320
183.750
184.160
184.580
185.010
185.440
185.850
186.270
186.700
187.100
187.530
187.960
188.370
188.810
189.220
189.650
190.060
190.480
190.900
191.310
191.730
192.160
192.580
193.010
193.450
193.880
194.290
194.710
195.140
195.580
196.000
196.420
196.850
197.260
197.680
198.090
198.510
198.930
199.330
199.760
200.160
200.570
200.970
201.390
201.810
202.240
202.660
203.070
203.490
203.910
204.320
204.760
205.180
205.610
206.040
206.470
206.890
207.330
207.750
208.180
208.610
209.040
209.470
209.900
210.330
210.750
211.170
211.590
212.030
212.470
212.890
213.320
213.740
214.160
214.590
215.010
215.430
215.870
216.300
216.740
217.160
217.570
218.000
218.430
218.850
219.280
219.710
220.150
220.570
221.000
221.430
221.850
222.280
222.710
223.150
223.590
224.010
224.430
224.850
225.270
225.690
226.130
226.560
226.990
227.420
227.850
228.260
228.700
229.120
229.560
229.980
230.420
230.830
231.250
231.670
232.090
232.520
232.950
233.400
233.820
234.250
234.680
235.110
235.540
235.970
236.400
236.830
237.290
237.730
238.160
238.590
239.020
239.450
239.880
240.320
240.750
241.180
241.610
242.040
242.470
242.890
243.320
243.740
244.190
244.640
245.070
245.500
245.930
246.370
246.800
247.230
247.650
248.080
248.510
248.930
249.360
249.780
250.210
250.640
251.060
251.500
251.940
252.380
252.820
253.240
253.670
254.120
254.580
255.020
255.470
255.920
256.350
256.770
257.190
257.620
258.080
258.510
258.950
259.380
259.800
260.230
260.660
261.090
261.530
261.950
262.370
262.770
263.160
263.560
263.980
264.430
264.860
265.280
265.700
266.110
266.540
266.970
267.400
267.830
268.260
268.700
269.130
269.550
269.990
270.410
270.840
271.260
271.680
272.110
272.540
272.970
273.400
273.830
274.270
274.690
275.120
275.550
275.970
276.390
276.810
277.230
277.650
278.070
278.490
278.900
279.320
279.740
280.160
280.570
280.990
281.440
281.870
282.290
282.720
283.140
283.560
283.970
284.390
284.820
285.260
285.690
286.120
286.540
286.970
287.380
287.810
288.230
288.670
289.100
289.530
289.950
290.370
290.790
291.210
291.620
292.050
292.470
292.900
293.320
293.770
294.200
294.630
295.050
295.480
295.910
296.340
296.760
297.190
297.600
298.030
298.450
298.890
299.320
299.740
300.180
300.610
301.040
301.490
301.930
302.370
302.820
303.260
303.690
304.110
304.520
304.940
305.350
305.770
306.200
306.630
307.060
307.510
307.940
308.360
308.790
309.210
309.650
310.070
310.500
310.950
311.380
311.800
312.230
312.650
313.080
313.530
313.980
314.430
314.890
315.350
315.790
316.250
316.700
317.130
317.600
318.040
318.480
318.960
319.400
319.880
320.360
320.840
321.320
321.810
322.300
322.780
323.250
323.720
324.170
324.670
325.130
325.620
326.110
326.590
327.050
327.530
328.030
328.510
328.970
329.470
