0.420
1.110
1.780
2.520
3.270
4.000
4.730
5.460
6.240
7.020
7.760
8.540
9.320
10.060
10.820
11.520
12.310
13.140
13.920
14.710
15.520
16.280
17.090
17.880
18.700
19.500
20.250
21.070
21.840
22.600
23.360
24.090
24.850
25.630
26.360
27.140
27.930
28.690
29.480
30.270
31.050
31.810
32.620
33.420
34.220
35.030
35.820
36.600
37.380
38.120
38.910
39.690
40.480
41.260
42.050
42.840
43.610
44.390
45.180
45.950
46.750
47.490
48.240
49.020
49.800
50.580
51.360
52.160
52.930
53.710
54.500
55.260
56.040
56.840
57.610
58.400
59.120
59.870
60.610
61.310
62.090
62.830
63.610
64.400
65.150
65.950
66.710
67.460
68.200
68.950
69.700
70.450
71.240
72.040
72.820
73.570
74.380
75.140
75.890
76.660
77.420
78.180
78.920
79.670
80.380
81.150
81.900
82.650
83.390
84.180
84.940
85.700
86.470
87.240
88.040
88.810
89.560
90.330
91.050
91.790
92.560
93.280
94.030
94.790
95.560
96.320
97.120
97.860
98.680
99.430
100.160
100.930
101.690
102.470
103.230
103.980
104.760
105.530
106.300
107.050
107.810
108.550
109.330
110.090
110.880
111.380
111.840
112.260
112.700
113.160
113.590
114.000
114.430
114.890
115.330
115.770
116.190
116.630
117.090
117.510
117.970
118.420
118.870
119.330
119.800
120.290
120.760
121.210
121.700
122.180
122.650
123.140
123.630
124.140
124.640
125.130
125.620
126.130
126.620
127.120
127.600
128.080
128.600
129.080
129.580
130.050
130.550
131.040
131.540
132.050
132.540
133.020
133.520
134.010
134.510
135.010
135.510
136.010
136.510
137.010
137.510
138.020
138.530
139.020
139.530
140.010
140.490
140.990
141.500
142.000
142.520
143.010
143.510
144.000
144.490
145.000
145.500
146.000
146.500
147.020
147.520
148.030
148.510
149.010
149.480
149.980
150.490
151.010
151.500
152.010
152.510
153.020
153.540
154.050
154.550
155.030
155.530
156.040
156.550
157.080
157.580
158.090
158.590
159.090
159.590
160.110
160.610
161.110
161.620
162.110
162.610
163.130
163.640
164.140
164.650
165.170
165.680
166.180
166.670
167.180
167.690
168.190
168.700
169.220
169.730
170.230
170.740
171.230
171.740
172.270
172.780
173.300
173.810
174.320
174.850
175.380
175.880
176.390
176.880
177.410
177.910
178.410
178.910
179.420
179.940
180.460
180.970
181.450
181.940
182.430
182.910
183.430
183.930
184.450
184.970
185.480
185.960
186.440
186.920
187.410
187.930
188.410
188.880
189.330
189.800
190.340
190.930
191.470
192.030
192.610
193.140
193.710
194.280
194.880
195.420
196.000
196.570
197.160
197.700
198.280
198.810
199.400
199.950
200.470
201.030
201.600
202.150
