0.690
1.510
2.400
3.320
4.160
5.100
5.960
6.790
7.630
8.530
9.380
10.230
11.100
11.950
12.800
13.710
14.620
15.490
16.350
17.220
18.160
19.050
20.000
20.870
21.770
22.710
23.640
24.500
25.370
26.280
27.190
28.050
28.970
29.900
30.840
31.710
32.600
33.490
34.410
35.350
36.270
37.210
38.100
39.020
39.920
40.860
41.760
42.670
43.570
44.530
45.430
46.350
47.280
48.180
49.080
49.970
50.900
51.790
52.700
53.620
54.530
55.440
56.380
57.280
58.190
59.110
60.080
60.990
61.960
62.860
63.800
64.740
65.660
66.570
67.510
68.430
69.330
70.260
71.180
72.150
73.040
73.970
74.880
75.800
76.740
77.680
78.600
79.500
80.420
81.330
82.290
83.240
84.170
85.150
86.050
86.960
87.860
88.770
89.660
90.520
91.410
92.310
93.240
94.130
95.030
95.940
96.880
97.740
98.700
99.560
100.510
101.420
102.350
103.280
104.220
105.090
106.030
106.930
107.850
108.760
109.620
110.500
111.340
112.260
113.130
113.960
114.830
115.690
116.540
117.470
118.360
119.300
120.160
121.050
121.980
122.850
123.750
124.680
125.590
126.460
127.400
128.260
129.180
130.030
130.910
131.810
132.700
133.640
134.530
135.450
136.370
137.280
138.180
139.120
140.020
140.910
141.820
142.760
143.670
144.620
145.510
146.380
147.290
148.180
149.050
149.920
150.850
151.740
152.610
153.510
154.400
155.280
156.160
157.070
157.960
158.840
159.730
160.630
161.530
162.410
163.320
164.240
165.140
166.020
166.930
167.810
168.700
169.590
170.480
171.350
172.280
173.140
174.070
174.940
175.840
176.740
177.650
178.520
179.410
180.290
181.170
182.110
183.010
183.890
184.780
185.700
186.610
187.480
188.390
189.270
190.200
191.100
192.000
192.900
193.790
194.650
195.550
196.450
197.310
198.160
199.080
199.980
200.880
201.750
202.680
203.620
204.500
205.370
206.250
207.130
208.010
208.920
209.830
210.730
211.660
212.500
213.380
214.280
215.170
216.060
216.980
217.880
218.800
219.700
220.590
221.460
222.380
223.290
224.140
225.050
225.950
226.790
227.680
228.530
229.450
230.340
231.210
232.120
232.990
233.900
234.800
235.700
236.610
237.490
238.410
239.280
240.230
241.090
242.000
242.920
243.780
244.720
245.680
246.630
247.560
248.530
249.470
250.410
251.360
252.270
253.220
254.150
255.080
255.980
256.870
257.840
258.730
259.650
260.570
261.540
262.430
263.400
264.370
265.250
266.170
267.040
267.980
268.840
269.790
270.660
271.620
272.560
273.500
274.400
275.290
276.220
277.160
278.050
278.980
