0.460
1.090
1.750
2.360
3.030
3.700
4.400
5.080
5.700
6.350
6.970
7.560
8.160
8.780
9.320
9.890
10.440
11.000
11.580
12.170
12.710
13.310
13.880
14.430
14.980
15.550
16.120
16.690
17.220
17.800
18.330
18.890
19.430
20.060
20.660
21.250
21.840
22.390
22.940
23.520
24.090
24.670
25.240
25.840
26.390
27.000
27.580
28.150
28.750
29.310
29.900
30.520
31.110
31.680
32.210
32.780
33.350
33.970
34.560
35.190
35.810
36.400
36.990
37.550
38.150
38.760
39.340
39.900
40.480
41.080
41.680
42.280
42.840
43.450
44.050
44.620
45.220
45.840
46.480
47.080
47.780
48.440
49.060
49.740
50.390
51.070
51.720
52.400
53.050
53.640
54.200
54.790
55.370
55.960
56.510
57.090
57.700
58.270
58.830
59.430
60.060
60.640
61.270
61.850
62.480
63.100
63.690
64.270
64.890
65.490
66.100
66.680
67.300
67.860
68.460
69.040
69.680
70.280
70.930
71.550
72.140
72.720
73.350
73.950
74.520
75.130
75.740
76.360
76.960
77.600
78.180
78.820
79.430
80.020
80.650
81.220
81.810
82.410
82.970
83.550
84.160
84.720
85.370
85.990
86.610
87.230
87.830
88.480
89.090
89.740
90.350
90.970
91.570
92.150
92.750
93.360
93.980
94.580
95.150
95.750
96.400
97.000
97.610
98.250
98.860
99.480
100.110
100.740
101.350
101.940
102.570
103.150
103.770
104.410
105.030
105.630
106.250
106.890
107.580
108.300
108.950
109.660
110.360
111.110
111.820
112.600
113.330
114.040
114.830
115.580
116.370
117.150
117.920
118.650
119.420
120.210
120.970
121.730
122.470
123.230
124.040
124.800
125.540
126.340
127.040
127.790
128.520
129.270
129.980
130.670
131.420
132.110
132.870
133.550
134.270
135.050
135.830
136.590
137.290
138.060
138.800
139.510
140.250
141.010
141.760
142.380
143.010
143.630
144.220
144.860
145.490
146.080
146.700
147.350
148.000
148.620
149.260
149.900
150.570
151.200
151.840
152.510
153.140
153.790
154.430
155.050
155.680
156.350
156.990
157.580
158.200
158.850
159.440
160.080
160.650
161.240
161.850
162.420
162.990
163.570
164.170
164.720
165.300
165.910
166.500
167.120
167.730
168.300
168.910
169.530
170.130
170.720
171.310
171.870
172.460
173.110
173.730
174.340
174.960
175.590
176.300
176.990
177.640
178.340
179.020
179.650
180.280
180.920
181.520
182.130
182.740
183.380
183.990
184.580
185.180
185.840
186.460
187.080
187.700
188.360
188.970
189.610
190.230
190.880
191.510
192.130
192.740
193.350
193.970
194.610
195.230
195.830
196.440
197.090
197.790
198.460
199.110
199.760
200.470
201.200
201.880
202.610
203.360
204.060
204.880
205.720
206.530
207.320
208.130
208.980
209.830
210.740
211.630
212.490
213.340
214.260
215.230
216.120
217.050
217.940
218.890
219.810
220.700
221.680
222.630
223.560
224.510
225.400
226.340
227.280
228.220
229.200
230.150
231.040
231.980
232.960
233.910
234.800
