0.660
1.640
2.580
3.480
4.390
5.340
6.270
7.200
8.110
9.040
9.970
10.890
11.800
12.700
13.620
14.540
15.440
16.360
17.270
18.180
19.110
19.980
20.890
21.810
22.720
23.650
24.540
25.460
26.370
27.300
28.190
28.990
29.750
30.450
31.160
31.850
32.530
33.260
33.920
34.600
35.270
35.860
36.450
37.050
37.650
38.260
38.880
39.480
40.100
40.700
41.290
41.870
42.470
43.100
43.690
44.320
44.920
45.530
46.150
46.740
47.350
47.990
48.590
49.190
49.820
50.420
51.050
51.670
52.260
52.800
53.260
53.740
54.180
54.660
55.110
55.570
56.030
56.490
56.960
57.400
57.860
58.320
58.780
59.220
59.700
60.180
60.630
61.060
61.500
61.940
62.380
62.810
63.260
63.700
64.150
64.600
65.040
65.480
65.920
66.370
66.790
67.240
67.680
68.130
68.560
69.000
69.440
69.880
70.320
70.750
71.200
71.640
72.050
72.470
72.860
73.280
73.730
74.180
74.620
75.050
75.480
75.940
76.370
76.820
77.260
77.690
78.110
78.540
78.980
79.400
79.830
80.290
80.730
81.170
81.640
82.090
82.540
82.970
83.440
83.860
84.320
84.750
85.180
85.620
86.080
86.520
86.950
87.380
87.830
88.240
88.680
89.110
89.540
89.960
90.400
90.800
91.240
91.650
92.090
92.520
92.950
93.360
93.800
94.230
94.660
95.090
95.510
95.930
96.350
96.780
97.210
97.630
98.060
98.490
98.920
99.350
99.790
100.210
100.640
101.070
101.530
101.950
102.390
102.820
103.240
103.670
104.100
104.530
104.960
105.400
105.830
106.250
106.700
107.140
107.550
107.970
108.400
108.820
109.270
109.700
110.130
110.540
110.950
111.350
111.790
112.230
112.630
113.050
113.490
113.900
114.330
114.740
115.170
115.600
116.020
116.450
116.880
117.290
117.730
118.150
118.570
119.010
119.430
119.850
120.280
120.710
121.170
121.600
122.000
122.430
122.840
123.260
123.680
124.120
124.530
124.950
125.370
125.790
126.200
126.620
127.050
127.480
127.890
128.280
128.700
129.130
129.570
129.990
130.400
130.820
131.240
131.660
132.070
132.510
132.930
133.340
133.750
134.170
134.560
134.970
135.400
135.840
136.270
136.680
137.110
137.520
137.940
138.370
138.790
139.240
139.650
140.100
140.520
140.950
141.370
141.810
142.260
142.690
143.120
143.560
143.980
144.410
144.840
145.270
145.690
146.140
146.560
147.020
147.450
147.890
148.330
148.760
149.200
149.640
150.070
150.510
150.930
151.350
151.800
152.210
152.660
153.090
153.550
153.960
154.400
154.830
155.250
155.670
156.080
156.510
156.940
157.380
157.790
158.210
158.620
159.050
159.480
159.900
160.350
160.760
161.170
161.610
162.050
162.480
162.890
163.320
163.750
164.180
164.610
165.020
165.440
165.890
166.300
166.740
167.170
167.600
168.040
168.470
168.880
169.310
169.740
170.170
170.590
171.000
171.420
171.860
172.280
172.700
173.130
173.570
174.000
174.440
174.850
175.300
175.750
176.170
176.610
177.070
177.500
177.930
178.350
178.790
179.220
179.650
180.090
180.540
180.960
181.370
181.780
182.180
182.600
183.030
183.460
183.900
184.320
184.750
185.170
185.600
186.030
186.450
186.850
187.240
187.630
187.990
188.380
188.800
189.200
189.630
190.060
190.480
190.890
191.310
191.730
192.150
192.570
192.990
193.410
193.840
194.250
194.690
195.120
195.560
195.980
196.400
196.840
197.280
197.690
198.120
198.550
198.970
199.390
199.830
200.260
200.690
201.120
201.560
201.990
202.430
202.860
203.310
203.740
204.170
204.600
205.030
205.460
205.880
206.320
206.730
207.170
207.600
208.020
208.460
208.890
209.310
209.730
210.170
210.590
211.020
211.450
211.890
212.310
212.740
213.180
213.600
214.030
214.450
214.880
215.320
215.750
216.170
216.590
216.990
217.400
217.830
218.260
218.680
219.100
219.530
219.950
220.370
220.790
221.200
221.610
222.020
222.430
222.830
223.260
223.670
224.090
224.520
224.930
225.360
225.790
226.210
226.620
227.040
227.460
227.880
228.290
228.720
229.140
229.570
229.990
230.410
230.830
231.260
231.680
232.110
232.540
232.970
233.410
233.830
234.260
234.680
235.100
235.540
235.980
236.400
236.830
237.250
237.680
238.100
238.540
238.960
239.380
239.800
240.210
240.630
241.040
241.460
241.860
242.270
242.690
243.100
243.510
243.930
244.360
244.780
245.190
245.600
246.010
246.410
246.850
247.250
247.670
248.060
248.490
248.900
249.300
249.700
250.130
250.540
250.960
251.380
251.800
252.240
252.660
253.100
253.530
253.950
254.380
254.810
255.240
255.680
256.110
256.530
256.940
257.360
257.770
258.210
258.610
259.040
259.460
259.890
260.310
260.740
261.180
261.600
262.010
262.430
262.870
263.280
263.700
264.120
264.550
264.970
265.400
265.820
266.250
266.670
267.100
267.510
267.940
268.370
268.800
269.230
269.670
270.100
270.530
270.960
271.400
271.830
272.250
272.680
273.100
273.530
273.950
274.370
274.800
275.220
275.640
276.030
276.420
276.830
277.230
277.670
278.110
278.540
278.950
279.350
279.760
280.170
280.570
281.000
281.390
281.800
282.230
282.680
283.100
283.540
283.930
284.350
284.770
285.180
285.570
286.000
286.410
286.800
287.220
287.620
288.050
288.470
288.920
289.340
289.750
290.170
290.590
291.030
291.450
291.860
292.290
292.710
293.120
293.570
293.990
294.420
294.830
295.250
295.670
296.090
296.530
296.930
297.360
297.790
298.210
298.610
299.040
299.460
299.870
300.300
300.710
301.120
301.530
301.960
302.400
302.840
303.320
303.780
304.230
304.690
305.120
305.510
305.900
306.280
306.690
307.060
307.460
307.850
308.240
308.620
308.990
309.370
309.730
310.100
310.460
310.820
311.180
311.550
311.940
312.360
312.760
313.140
313.540
313.930
314.300
314.650
315.030
315.410
315.800
316.180
316.540
316.920
317.280
317.660
318.040
318.410
318.780
319.160
319.510
319.880
320.260
320.620
320.980
321.350
321.700
322.050
322.410
322.760
323.090
323.480
323.830
324.230
324.600
324.990
325.360
325.730
326.130
326.510
326.870
327.250
327.640
328.030
328.390
328.780
329.160
329.550
329.910
330.310
330.660
331.050
331.390
331.750
332.120
332.480
332.850
333.230
333.610
333.980
334.330
334.730
335.110
335.480
335.860
336.220
336.600
336.960
337.330
337.670
338.060
338.420
338.800
339.150
339.530
339.880
340.260
340.610
340.980
341.340
341.730
342.080
342.450
342.810
343.170
343.520
343.890
344.270
344.630
344.980
345.340
345.700
346.050
346.420
346.810
347.190
347.570
347.950
348.340
348.710
349.060
349.420
349.810
350.190
350.570
350.950
351.310
351.670
352.060
352.450
352.850
353.260
353.700
354.100
354.510
354.930
355.320
355.720
356.130
356.530
356.940
357.340
357.740
358.150
358.570
358.960
359.360
359.750
360.160
360.570
360.950
361.350
361.770
362.170
362.580
362.980
363.380
363.770
364.180
364.580
364.980
365.390
365.790
366.180
366.580
366.970
367.370
367.750
368.130
368.540
368.910
369.310
369.710
370.100
370.500
370.880
371.260
371.680
372.060
372.460
372.870
373.250
373.640
374.050
374.460
374.850
375.240
375.650
376.040
376.420
376.810
377.220
377.610
378.020
378.430
378.830
379.210
379.600
380.010
380.400
380.800
381.190
381.610
382.000
382.390
382.810
383.200
383.600
384.010
384.390
384.800
385.190
385.570
385.970
386.360
386.750
387.130
387.530
387.960
388.350
388.780
389.160
389.550
389.930
390.320
390.710
391.100
391.490
391.890
392.290
392.700
393.080
393.490
393.870
394.250
394.660
395.050
395.420
395.800
396.180
396.590
396.960
397.380
397.780
398.190
398.590
398.980
399.390
399.790
400.200
400.600
401.020
401.420
401.800
402.210
402.600
403.000
403.420
403.840
404.290
404.710
405.110
405.480
405.880
406.310
406.710
407.130
407.550
407.970
408.370
408.810
409.210
409.630
410.050
410.480
410.910
411.320
411.730
412.120
412.530
412.950
413.350
413.770
414.210
414.630
415.040
415.450
415.840
416.210
416.620
417.030
417.420
417.820
418.190
418.580
418.950
419.340
419.700
420.090
420.500
420.890
421.270
421.660
422.050
422.450
422.830
423.260
423.700
424.270
424.890
425.590
426.280
427.160
428.040
428.930
429.770
430.630
431.510
432.380
433.240
434.080
434.970
435.850
436.720
437.580
438.470
439.310
440.170
441.020
441.870
442.730
443.600
444.440
445.280
446.140
447.170
448.150
449.130
450.130
451.040
452.020
452.990
453.970
455.070
456.180
457.220
458.350
459.400
