0.520
1.250
1.940
2.660
3.360
4.070
4.770
5.500
6.210
6.930
7.630
8.340
9.080
9.770
10.470
11.170
11.880
12.570
13.270
13.970
14.650
15.340
16.030
16.720
17.410
18.100
18.800
19.490
20.170
20.860
21.580
22.270
22.970
23.670
24.360
25.050
25.730
26.420
27.120
27.820
28.530
29.240
29.940
30.660
31.360
32.080
32.770
33.470
34.180
34.910
35.600
36.310
37.010
37.710
38.410
39.140
39.900
40.610
41.310
42.000
42.690
43.390
44.080
44.770
45.480
46.190
46.900
47.600
48.300
49.010
49.730
50.420
51.120
51.820
52.550
53.240
53.950
54.630
55.320
56.020
56.730
57.460
58.140
58.850
59.560
60.260
60.950
61.640
62.330
63.040
63.730
64.450
65.150
65.840
66.550
67.240
67.920
68.630
69.320
70.020
70.700
71.400
72.090
72.800
73.490
74.210
74.910
75.600
76.290
76.990
77.680
78.370
79.080
79.770
80.470
81.190
81.870
82.570
83.260
83.980
84.680
85.380
86.080
86.770
87.460
88.170
88.870
89.570
90.270
90.990
91.690
92.380
93.090
93.810
94.490
95.200
95.890
96.580
97.280
97.990
98.680
99.380
100.060
100.770
101.450
102.150
102.840
103.510
104.210
104.880
105.570
106.270
106.970
107.670
108.370
109.060
109.740
110.440
111.120
111.810
112.500
113.200
113.890
114.570
115.240
115.910
116.580
117.270
117.930
118.600
119.280
119.950
120.630
121.320
121.990
122.670
123.330
124.010
124.680
125.360
126.010
126.690
127.360
128.010
128.680
129.350
129.990
130.640
131.340
132.010
132.700
133.360
134.030
134.700
135.370
136.040
136.720
137.380
138.040
138.700
139.360
140.040
140.690
141.360
142.030
142.690
143.360
144.050
144.690
145.360
146.030
146.690
147.360
148.030
148.700
149.360
150.020
150.700
151.360
152.030
152.680
153.350
154.010
154.660
155.340
156.000
156.670
157.330
157.980
158.650
159.310
159.970
160.630
161.280
161.940
162.600
163.270
163.940
164.610
165.260
165.930
166.600
167.250
167.910
168.570
169.220
169.890
170.550
171.200
171.870
172.540
173.200
173.860
174.520
175.170
175.810
176.460
177.110
177.770
178.430
179.100
179.720
180.390
181.030
181.700
182.370
183.030
183.720
184.380
185.060
185.710
186.350
187.020
187.680
188.330
188.980
189.640
190.280
190.950
191.590
192.250
192.920
193.590
194.250
194.920
195.590
196.250
196.900
197.570
198.260
198.910
199.570
200.250
200.910
201.570
202.230
202.900
203.580
204.230
204.900
205.570
206.230
206.890
207.560
208.220
208.890
209.550
210.210
210.880
211.550
212.210
212.880
213.540
214.210
214.870
215.550
216.210
216.870
217.530
218.210
218.870
219.540
220.190
220.850
221.510
222.180
222.840
223.510
224.160
224.820
225.480
226.130
226.800
227.460
228.100
228.760
229.410
230.090
230.730
231.420
232.070
232.740
233.400
234.060
234.730
235.380
236.040
236.700
237.360
238.040
238.710
239.370
240.040
240.700
241.380
242.040
242.720
243.380
244.040
244.710
245.380
246.050
246.730
247.400
248.070
248.730
249.410
250.070
250.730
251.410
252.070
252.720
253.400
254.090
254.750
255.420
256.090
256.780
257.440
258.120
258.790
259.450
260.140
260.830
261.560
262.240
262.920
263.580
264.260
264.940
265.620
266.290
266.950
267.620
268.280
268.960
269.620
270.300
270.970
271.640
272.320
273.010
273.700
274.380
275.050
275.740
276.410
277.090
277.760
278.440
279.120
279.810
280.480
281.150
281.820
282.510
283.160
283.850
284.510
285.180
285.840
286.510
287.190
287.860
288.520
289.210
289.880
290.560
291.240
291.910
292.580
293.260
293.940
294.630
295.280
295.960
296.620
297.300
297.970
298.640
299.320
300.010
300.700
301.370
302.060
302.740
303.390
304.080
304.790
305.490
306.170
306.840
307.520
308.210
308.890
309.580
310.250
310.920
311.600
312.280
312.970
313.650
314.350
315.020
315.700
316.370
317.060
317.740
318.430
319.110
319.780
320.460
321.130
321.810
322.490
323.180
323.860
324.520
325.190
325.860
326.530
327.200
327.870
328.550
329.220
329.900
330.570
331.250
331.920
332.600
333.270
333.970
334.640
335.310
335.980
336.650
337.320
337.990
338.670
339.320
340.000
340.690
341.350
342.020
342.680
343.350
344.040
344.700
345.370
346.040
346.720
347.390
348.060
348.730
349.400
