0.040
0.350
0.670
1.000
1.310
1.640
1.950
2.280
2.590
2.900
3.220
3.530
3.840
4.150
4.450
4.770
5.080
5.390
5.700
6.000
6.310
6.630
6.940
7.250
7.560
7.880
8.200
8.530
8.860
9.190
9.500
9.830
10.150
10.460
10.780
11.110
11.430
11.740
12.050
12.360
12.680
12.990
13.290
13.610
13.910
14.230
14.540
14.860
15.180
15.510
15.830
16.150
16.470
16.790
17.100
17.420
17.740
18.040
18.370
18.680
19.000
19.320
19.650
19.960
20.280
20.580
20.890
21.210
21.520
21.830
22.150
22.460
22.790
23.100
23.440
23.760
24.100
24.420
24.730
25.050
25.370
25.690
26.020
26.340
26.660
27.000
27.320
27.650
27.970
28.290
28.600
28.930
29.240
29.560
29.890
30.200
30.510
30.820
31.130
31.440
31.750
32.060
32.370
32.690
33.000
33.310
33.610
33.930
34.240
34.560
34.890
35.210
35.530
35.850
36.160
36.480
36.800
37.120
37.440
37.760
38.090
38.400
38.730
39.050
39.360
39.680
40.000
40.300
40.620
40.920
41.240
41.550
41.870
42.180
42.510
42.830
43.140
43.470
43.780
44.100
44.420
44.740
45.050
45.360
45.680
46.010
46.330
46.640
46.940
47.260
47.570
47.880
48.180
48.490
48.810
49.110
49.420
49.730
50.070
50.400
50.720
51.050
51.390
51.720
52.040
52.360
52.690
53.010
53.330
53.660
53.980
54.290
54.610
54.940
55.260
55.570
55.890
56.190
56.510
56.810
57.120
57.430
57.740
58.050
58.360
58.680
58.990
59.300
59.610
59.910
60.220
60.530
60.840
61.150
61.460
61.770
62.080
62.380
62.690
62.990
63.300
63.610
63.910
64.220
64.530
64.840
65.150
65.460
65.770
66.080
66.400
66.700
67.010
67.320
67.630
67.940
68.260
68.570
68.880
69.180
69.510
69.820
70.140
70.450
70.760
71.080
71.390
71.700
72.000
72.330
72.650
72.970
73.280
73.600
73.910
74.220
74.520
74.830
75.150
75.460
75.760
76.070
76.390
76.700
77.010
77.320
77.620
77.940
78.240
78.560
78.870
79.180
79.480
79.790
80.110
80.410
80.730
81.030
81.350
81.660
81.970
82.280
82.590
82.900
83.200
83.530
83.850
84.170
84.480
84.800
85.120
85.440
85.760
86.060
86.370
86.690
87.000
87.320
87.640
87.950
88.270
88.590
88.910
89.220
89.540
89.840
90.150
90.470
90.780
91.090
91.410
91.720
92.030
92.340
92.660
92.970
93.270
93.580
93.890
94.210
94.530
94.840
95.170
95.490
95.790
96.100
96.410
96.720
97.040
97.340
97.660
97.960
98.250
98.550
98.830
99.120
99.420
99.700
99.990
100.300
100.600
100.890
101.200
101.490
101.810
102.120
102.430
102.740
103.050
103.360
103.660
103.980
104.280
104.590
104.880
105.190
105.490
105.800
106.110
106.410
106.720
107.030
107.350
107.650
107.960
108.260
108.570
108.870
109.180
109.480
109.790
110.110
110.410
110.720
111.030
111.350
111.650
111.970
112.280
112.590
112.890
113.210
113.530
113.840
114.150
114.460
114.770
115.080
115.400
115.700
116.020
116.320
116.630
116.950
117.260
117.570
117.870
118.190
118.500
118.810
119.120
119.430
119.730
120.050
120.360
120.650
120.950
121.250
121.560
121.850
122.170
122.470
122.780
123.070
123.370
123.670
123.980
124.290
124.600
124.900
125.230
125.540
125.870
126.180
126.500
126.810
127.130
127.430
127.740
128.050
128.360
128.670
128.980
129.300
129.610
129.910
130.230
130.530
130.840
131.150
131.470
131.770
132.080
132.400
132.710
133.020
133.330
133.630
133.950
134.260
134.570
134.880
135.190
135.510
135.840
136.160
136.470
136.770
137.080
137.380
137.680
137.970
138.270
138.590
138.920
139.230
139.560
139.870
140.180
140.500
140.800
141.110
141.420
141.750
142.060
142.390
142.710
143.010
143.300
143.600
143.900
144.200
144.510
144.810
145.110
145.410
145.730
146.040
146.350
146.650
146.960
147.280
147.580
147.890
148.200
148.510
148.820
149.110
149.420
149.720
150.010
150.310
150.630
150.940
151.240
151.550
151.860
152.180
152.480
152.780
153.080
153.390
153.700
154.010
154.330
154.640
154.950
155.260
155.560
155.870
156.160
156.470
156.770
157.060
157.360
157.660
157.960
158.260
158.570
158.890
159.190
159.490
159.800
160.100
160.390
160.700
161.010
161.330
161.660
161.980
162.300
162.610
162.920
163.230
163.530
163.850
164.150
164.460
164.770
165.080
165.390
165.710
166.020
166.320
166.630
166.920
167.220
167.520
167.820
168.130
168.430
168.730
169.020
169.320
169.630
169.950
170.250
170.570
170.880
171.180
171.490
171.800
172.120
172.420
172.740
173.040
173.350
173.660
173.970
174.270
174.570
174.870
175.180
175.490
175.800
176.120
176.420
176.740
177.040
177.330
177.640
177.940
178.260
178.570
178.880
179.190
179.500
179.810
180.120
180.430
180.730
181.040
181.340
181.640
181.950
182.240
182.540
182.860
183.170
183.480
183.800
184.110
184.430
184.750
185.050
185.360
185.680
185.990
186.300
186.620
186.930
187.250
187.580
187.890
188.200
188.520
188.830
189.140
189.440
189.740
190.040
190.340
190.640
190.940
191.270
191.590
191.900
192.220
192.550
192.850
193.170
193.480
193.790
194.110
194.460
194.820
195.210
195.670
196.130
196.580
197.070
197.520
198.000
198.490
199.090
199.700
200.330
200.930
201.580
202.200
202.830
203.460
204.090
204.710
205.340
205.960
206.620
207.270
207.910
208.520
209.130
209.760
210.400
211.040
211.660
212.250
212.860
213.480
214.080
214.690
215.320
215.920
216.520
217.110
217.720
218.300
218.920
219.530
220.130
220.740
221.350
221.920
222.530
223.150
223.760
224.360
224.980
225.590
226.160
226.770
227.350
227.910
228.520
229.120
229.720
230.310
230.920
231.510
232.130
232.730
233.320
233.910
234.510
235.100
235.700
236.290
236.870
237.380
237.910
238.450
239.010
239.590
240.140
240.750
241.330
241.940
242.500
243.090
243.720
244.320
244.910
245.510
246.090
246.690
247.300
247.920
248.500
249.130
249.730
250.330
250.940
251.570
252.180
252.780
253.360
253.990
254.570
255.170
255.750
256.330
256.950
257.560
258.150
258.770
259.380
259.980
260.570
261.180
261.760
262.360
262.960
263.520
264.140
264.750
265.340
265.930
266.560
267.390
268.280
269.200
270.080
270.980
271.880
272.820
273.710
274.590
275.510
276.470
277.450
278.530
279.620
280.680
281.740
282.770
283.620
284.550
285.390
286.280
287.170
288.100
289.000
289.840
290.760
