0.690
1.330
1.950
2.580
3.200
3.830
4.440
5.080
5.700
6.330
6.950
7.580
8.200
8.830
9.440
10.080
10.700
11.330
11.950
12.580
13.200
13.830
14.450
15.080
15.700
16.330
16.950
17.580
18.200
18.830
19.450
20.090
20.700
21.330
21.950
22.590
23.200
23.830
24.450
25.090
25.700
26.340
26.960
27.610
28.230
28.870
29.490
30.130
30.750
31.390
32.020
32.660
33.280
33.920
34.540
35.190
35.810
36.450
37.070
37.710
38.330
38.970
39.590
40.240
40.860
41.500
42.110
42.750
43.360
43.990
44.610
45.250
45.860
46.490
47.100
47.730
48.330
48.960
49.570
50.200
50.810
51.440
52.050
52.680
53.280
53.910
54.520
55.150
55.760
56.390
56.990
57.630
58.240
58.860
59.470
60.100
60.710
61.340
61.940
62.580
63.180
63.810
64.420
65.050
65.660
66.280
66.880
67.510
68.110
68.730
69.330
69.960
70.560
71.180
71.780
72.410
73.010
73.630
74.230
74.860
75.460
76.080
76.670
77.290
77.880
78.490
79.090
79.710
80.310
80.930
81.540
82.170
82.780
83.410
84.020
84.650
85.260
85.880
86.480
87.100
87.700
88.330
88.930
89.550
90.150
90.780
91.380
92.000
92.600
93.220
93.820
94.450
95.050
95.670
96.280
96.900
97.500
98.120
98.720
99.350
99.950
100.590
101.200
101.840
102.450
103.080
103.700
104.340
104.950
105.590
106.200
106.840
107.450
108.090
108.700
109.340
109.950
110.590
111.200
111.840
112.450
113.090
113.700
114.340
114.950
115.590
116.200
116.840
117.450
118.080
118.690
119.320
119.930
120.550
121.150
121.780
122.380
123.010
123.630
124.270
124.880
125.520
126.140
126.780
127.400
128.050
128.680
129.330
129.960
130.610
131.260
131.910
132.540
133.200
133.850
134.460
135.130
135.770
136.380
137.050
137.690
138.300
