0.340
0.870
1.350
1.880
2.390
2.920
3.420
3.930
4.450
4.940
5.430
5.950
6.450
6.940
7.440
7.960
8.480
8.980
9.500
10.010
10.540
11.030
11.550
12.060
12.570
13.080
13.600
14.100
14.630
15.140
15.660
16.190
16.710
17.220
17.730
18.250
18.770
19.290
19.800
20.330
20.850
21.350
21.860
22.360
22.900
23.410
23.900
24.430
24.950
25.470
25.960
26.470
27.000
27.530
28.030
28.570
29.080
29.590
30.100
30.610
31.130
31.640
32.130
32.660
33.160
33.680
34.180
34.710
35.210
35.720
36.230
36.720
37.240
37.760
38.250
38.760
39.260
39.780
40.290
40.780
41.290
41.810
42.300
42.820
43.340
43.860
44.350
44.870
45.380
45.880
46.400
46.910
47.430
47.950
48.450
48.980
49.490
50.000
50.520
51.020
51.550
52.040
52.550
53.080
53.580
54.100
54.600
55.120
55.640
56.150
56.670
57.180
57.690
58.200
58.700
59.220
59.720
60.240
60.750
61.280
61.790
62.300
62.810
63.330
63.850
64.360
64.870
65.390
65.890
66.410
66.920
67.420
67.920
68.410
68.950
69.440
69.970
70.480
70.970
71.490
72.000
72.540
73.030
73.550
74.070
74.590
75.080
75.590
76.120
76.630
77.140
77.640
78.150
78.640
79.170
79.670
80.190
80.690
81.200
81.700
82.240
82.760
83.280
83.840
84.380
84.900
85.440
85.960
86.490
87.030
87.560
88.090
88.630
89.170
89.720
90.240
90.780
91.300
91.840
92.370
92.910
93.430
93.960
94.490
95.020
95.550
96.060
96.590
97.130
97.650
98.190
98.720
99.260
99.790
100.280
100.790
101.320
101.830
102.330
102.850
103.390
103.910
104.400
104.910
105.440
105.960
106.460
106.970
107.470
107.990
108.490
109.000
109.510
110.020
110.530
111.050
111.570
112.080
112.590
113.090
113.600
114.110
114.610
115.130
115.650
116.160
116.680
117.200
117.710
118.200
118.740
119.230
119.760
120.270
120.770
121.270
121.780
122.300
122.810
123.310
123.830
124.340
124.840
125.360
125.870
126.380
126.890
127.370
127.870
128.390
128.880
129.400
129.910
130.430
130.930
131.440
131.960
132.470
133.000
133.520
134.060
134.590
135.130
135.650
136.170
136.690
137.220
137.750
138.280
138.810
139.350
139.880
140.430
140.950
141.480
142.000
142.530
143.060
143.610
144.120
144.650
145.170
145.710
146.240
146.770
147.300
147.840
148.380
148.920
149.450
150.000
150.530
151.070
151.610
152.150
152.680
153.200
153.740
154.280
154.810
155.340
155.870
156.410
156.950
157.490
158.010
158.550
159.080
159.630
160.170
160.720
161.240
161.790
162.320
162.860
163.390
163.930
164.470
165.020
165.560
166.110
166.650
167.190
167.730
168.270
168.810
169.370
169.900
170.450
170.980
171.530
172.070
172.590
173.120
173.660
174.180
174.710
175.240
175.780
176.330
176.860
177.390
177.920
178.450
178.970
179.510
180.050
180.590
181.140
181.680
182.210
182.760
183.300
183.840
184.360
184.910
185.450
185.990
186.540
187.080
187.620
188.150
188.690
189.220
189.760
190.290
190.840
191.390
191.920
192.460
193.000
193.540
194.110
194.640
195.190
195.740
196.290
196.830
197.400
197.920
198.470
199.010
199.550
200.090
200.640
201.210
201.730
202.270
202.820
203.360
203.900
204.450
205.000
205.540
206.090
206.630
207.160
207.700
208.240
208.770
209.310
209.840
210.390
210.930
211.480
212.010
212.550
213.100
213.650
214.170
214.700
215.230
215.780
216.330
216.880
217.440
217.990
218.520
219.030
219.540
220.060
220.570
221.110
221.620
222.130
222.660
223.150
223.680
224.180
224.700
225.210
225.730
226.230
226.740
227.240
227.750
228.270
228.780
229.300
229.810
230.320
230.830
231.330
231.830
232.330
232.830
233.350
233.860
234.360
234.870
235.360
235.870
236.370
236.890
237.380
237.890
238.400
238.910
239.410
239.930
240.430
240.920
241.430
241.950
242.450
242.970
243.460
243.970
244.480
244.970
245.460
245.970
246.470
246.980
247.480
247.990
248.490
249.010
249.520
250.030
250.530
251.020
251.540
252.040
252.540
253.030
253.560
254.060
254.570
255.080
255.600
256.090
256.600
257.100
257.600
258.110
258.600
259.110
259.610
260.100
260.610
261.080
261.600
262.080
262.580
263.090
263.580
264.080
264.570
265.060
265.540
266.010
266.480
266.960
267.440
267.940
268.420
268.880
