0.380
0.810
1.230
1.670
2.080
2.520
2.960
3.390
3.820
4.240
4.660
5.110
5.540
5.960
6.400
6.850
7.270
7.700
8.140
8.580
9.010
9.430
9.850
10.290
10.740
11.170
11.620
12.070
12.500
12.950
13.390
13.820
14.250
14.710
15.120
15.570
16.000
16.440
16.880
17.330
17.760
18.190
18.630
19.060
19.490
19.930
20.370
20.810
21.260
21.690
22.130
22.580
23.010
23.470
23.900
24.340
24.780
25.240
25.690
26.140
26.580
27.020
27.470
27.940
28.370
28.820
29.260
29.710
30.140
30.600
31.030
31.490
31.930
32.350
32.800
33.240
33.680
34.120
34.550
34.970
35.410
35.840
36.280
36.740
37.180
37.640
38.080
38.520
38.980
39.440
39.880
40.320
40.780
41.240
41.690
42.130
42.600
43.050
43.500
43.950
44.390
44.850
45.300
45.730
46.180
46.640
47.090
47.540
47.970
48.410
48.860
49.320
49.750
50.200
50.640
51.070
51.530
51.970
52.410
52.870
53.320
53.770
54.200
54.660
55.100
55.570
56.000
56.450
56.900
57.360
57.820
58.270
58.700
59.140
59.590
60.060
60.500
60.950
61.410
61.860
62.290
62.760
63.200
63.650
64.090
64.540
65.000
65.450
65.880
66.330
66.780
67.230
67.690
68.140
68.580
69.010
69.460
69.920
70.380
70.850
71.300
71.740
72.190
72.640
73.090
73.550
73.970
74.420
74.860
75.300
75.750
76.220
76.660
77.100
77.540
77.990
78.430
78.880
79.330
79.780
80.230
80.680
81.120
81.570
82.010
82.450
82.890
83.330
83.770
84.220
84.660
85.100
85.530
85.970
86.410
86.870
87.310
87.750
88.200
88.640
89.070
89.510
89.970
90.410
90.860
91.290
91.740
92.210
92.650
93.090
93.520
93.960
94.410
94.870
95.320
95.770
96.200
96.660
97.120
97.560
98.000
98.450
98.870
99.320
99.760
100.190
100.620
101.070
101.490
101.940
102.390
102.820
103.270
103.700
104.130
104.570
105.000
105.460
105.890
106.330
106.760
107.230
107.670
108.130
108.570
109.010
109.460
109.910
110.340
110.800
111.260
111.700
112.140
112.570
113.010
113.460
113.890
114.350
114.780
115.220
115.660
116.100
116.530
116.950
117.380
117.830
118.280
118.720
119.170
119.620
120.050
120.490
120.930
121.380
121.810
122.250
122.690
123.130
123.570
124.010
124.450
124.890
125.310
125.760
126.190
126.640
127.080
127.530
127.960
128.420
128.870
129.300
129.760
130.180
130.630
131.080
131.500
131.940
132.400
132.830
133.260
133.710
134.150
134.580
135.040
135.480
135.900
136.350
136.780
137.170
137.580
137.960
138.360
138.820
139.290
139.750
140.200
140.660
141.090
141.540
141.960
142.420
142.850
143.260
143.700
144.150
144.590
145.040
145.470
145.930
146.360
146.810
147.250
147.690
148.140
148.580
149.010
149.480
149.920
150.380
150.810
151.250
151.680
152.120
152.560
153.020
153.450
153.900
154.340
154.780
155.220
155.640
156.080
156.530
156.950
157.380
157.820
158.240
158.680
159.120
159.550
159.990
160.430
160.870
161.310
161.760
162.200
162.620
163.070
163.500
163.920
164.360
164.790
165.240
165.680
166.130
166.570
167.010
167.430
167.860
168.310
168.740
169.200
169.640
170.060
170.510
170.950
171.400
171.830
172.270
172.710
173.150
173.590
174.040
174.470
174.890
175.310
175.760
176.180
176.610
177.060
177.490
177.920
178.360
178.800
179.220
179.630
180.040
180.460
180.910
181.340
181.800
182.230
182.660
183.110
183.560
183.990
184.410
184.840
185.290
185.710
186.130
186.580
187.020
187.460
187.900
188.330
188.770
189.200
189.620
190.040
190.480
190.900
191.340
191.770
192.220
192.660
193.110
193.540
193.970
194.430
194.860
195.300
195.740
196.190
196.650
197.090
197.540
197.980
198.410
198.850
199.300
199.730
200.190
200.620
201.050
201.520
201.960
202.400
202.860
203.280
203.730
204.180
204.620
205.040
205.500
205.930
206.370
206.800
207.250
207.700
208.140
208.570
208.990
209.420
209.870
210.290
210.730
211.180
211.620
212.040
212.470
212.920
213.340
213.780
214.220
214.650
215.090
215.540
215.970
216.400
216.850
217.300
217.740
218.180
218.600
219.040
219.480
219.910
220.350
220.810
221.240
221.680
222.140
222.580
223.050
223.480
223.920
224.350
224.800
225.260
225.710
226.130
226.580
227.010
227.470
227.900
228.330
228.780
229.200
229.630
230.070
230.510
230.920
231.380
231.820
232.240
232.690
233.120
233.560
234.020
234.450
234.900
235.320
235.740
236.180
236.620
237.070
237.500
237.950
238.380
238.820
239.280
239.710
240.140
240.590
241.030
241.460
241.910
242.340
242.780
243.220
243.650
244.090
244.540
244.970
245.410
245.870
246.290
246.750
247.180
247.620
248.050
248.510
248.970
249.410
249.850
250.270
250.710
251.170
251.610
252.080
252.510
252.940
253.390
253.840
254.270
254.720
255.180
255.630
256.070
256.510
256.930
257.380
257.820
258.260
258.700
259.150
259.580
260.020
260.480
260.920
261.370
261.800
262.260
262.700
263.130
263.560
263.990
264.400
264.830
265.270
265.690
266.130
266.550
266.990
267.410
267.830
268.260
268.680
269.070
269.470
269.880
270.290
270.710
271.110
271.520
271.930
272.340
272.720
273.120
273.550
273.940
274.350
274.750
275.150
275.560
275.960
276.350
276.740
277.150
277.530
277.940
278.330
278.740
279.150
279.550
279.950
280.360
280.760
281.160
281.560
281.960
282.350
282.760
283.170
283.570
283.970
284.370
284.800
285.230
285.650
286.080
286.500
286.910
287.350
287.780
288.230
288.670
289.100
289.530
289.980
290.410
290.870
291.310
291.740
292.160
292.600
293.030
293.460
293.890
294.340
294.790
295.270
295.730
296.170
296.640
297.080
297.500
297.940
298.390
298.840
299.280
299.730
300.170
300.620
301.070
301.540
301.990
302.440
302.860
303.300
303.760
304.200
304.630
305.080
305.530
305.990
306.430
306.890
307.320
307.790
308.220
308.670
309.140
309.580
310.020
310.460
310.900
311.360
311.800
312.220
312.690
313.140
313.580
314.020
314.490
314.930
315.380
315.810
316.240
316.680
317.090
317.540
317.970
318.410
318.860
319.300
319.750
320.190
320.610
321.050
321.510
321.990
322.450
322.900
323.370
323.810
324.280
324.750
325.200
325.630
326.080
326.530
327.000
327.430
327.900
328.350
328.800
329.240
329.700
330.160
330.600
331.070
331.530
332.000
332.430
332.880
333.340
333.800
334.230
334.700
335.130
335.590
336.050
336.500
336.930
337.400
337.860
338.320
338.790
339.260
339.710
340.190
340.660
341.140
341.600
342.060
342.520
342.970
343.420
343.890
344.340
344.770
345.220
345.690
346.120
346.580
347.040
347.470
347.940
348.400
348.870
349.310
349.790
350.230
350.660
351.090
351.540
352.010
352.460
352.900
353.340
353.790
354.250
354.700
355.150
355.610
356.040
356.490
356.970
357.430
357.870
358.350
358.790
359.250
359.720
360.180
360.650
361.090
361.530
361.960
362.410
362.830
363.300
363.770
364.220
364.670
365.110
365.560
366.010
366.480
366.910
367.380
367.830
368.260
368.710
369.180
369.610
370.070
370.520
370.970
371.430
371.910
372.360
372.810
373.270
373.710
374.170
374.640
375.080
375.550
376.020
376.450
376.900
377.370
377.810
378.260
378.700
379.140
379.580
380.050
380.510
380.970
381.420
381.850
382.310
382.760
383.210
383.670
384.100
384.550
385.010
385.460
385.900
386.320
386.760
387.240
387.690
388.150
388.600
389.060
389.510
389.960
390.420
390.880
391.330
391.780
392.260
392.700
393.160
393.640
394.080
394.540
394.990
395.450
395.890
396.360
396.810
397.240
397.680
398.120
398.560
399.030
399.470
399.910
400.360
400.790
401.230
401.690
402.140
402.600
403.060
403.490
403.940
404.410
404.850
405.290
405.730
406.170
406.620
407.090
407.540
407.990
408.440
408.880
409.330
409.790
410.230
410.680
411.130
411.570
412.010
412.450
412.900
413.340
413.800
414.240
414.700
415.150
415.590
416.040
416.480
416.920
417.370
417.820
418.260
418.710
419.150
419.600
420.060
420.540
420.990
421.440
421.880
422.320
422.770
423.240
423.670
424.110
424.550
424.990
425.440
425.900
426.360
426.790
427.230
427.660
428.110
428.580
429.020
429.480
429.920
430.360
430.800
431.260
431.700
432.160
432.600
433.040
433.490
433.960
434.410
434.860
435.300
435.760
436.190
436.660
437.090
437.550
438.000
438.420
438.880
439.300
439.760
440.180
440.630
441.080
441.540
442.010
442.450
442.930
443.410
443.880
444.340
444.780
445.250
445.700
446.160
446.620
447.100
447.560
448.000
448.460
448.940
449.400
