0.230
0.900
1.570	1
2.250
2.930
3.620
4.280	1
4.970
5.660
6.350
7.020	1
7.680
8.350
9.030
9.710	1
10.410
11.110
11.800
12.460	1
13.170
13.850
14.530
15.190	1
15.880
16.540
17.240
17.900	1
18.590
19.250
19.970
20.630	1
21.310
22.000
22.690
23.350	1
24.030
24.700
25.400
26.100	1
26.820
27.550
28.260
28.990	1
29.730
30.460
31.170
31.900	1
32.630
33.340
34.110
34.850	1
35.560
36.320
37.100
37.830	1
38.580
39.280
40.050
40.780	1
41.510
42.220
42.970
43.720	1
44.460
45.200
45.920
46.680	1
47.430
48.170
48.900
49.680	1
50.440
51.210
51.980
52.770	1
53.520
54.270
55.030
55.820	1
56.560
57.320
58.110
58.850	1
59.630
60.400
61.170
61.930	1
62.730
63.480
64.260
65.020	1
65.790
66.560
67.350
68.110	1
68.890
69.690
70.470
71.290	1
72.060
72.840
73.600
74.360	1
75.150
75.930
76.730
77.490	1
78.300
79.080
79.810
80.570	1
81.370
82.120
82.900
83.690	1
84.480
85.250
86.020
86.790	1
87.540
88.320
89.080
89.830	1
90.610
91.370
92.140
92.910	1
93.680
94.430
95.230
95.980	1
96.780
97.520
98.290
99.040	1
99.820
100.590
101.360
102.170	1
102.960
103.740
104.540
105.310	1
106.130
106.910
107.690
108.420	1
109.190
109.970
110.750
111.500	1
112.280
113.020
113.790
114.520	1
115.260
116.050
116.790
117.530	1
118.280
119.050
119.810
120.570	1
121.370
122.110
122.900
123.660	1
124.460
125.210
126.020
126.760	1
127.580
128.320
129.120
129.890	1
130.680
131.420
132.220
133.010	1
133.750
134.550
135.330
136.120	1
136.910
137.700
138.500
139.260	1
140.050
140.860
141.620
142.440	1
143.220
144.000
144.820
145.610	1
146.430
147.230
148.000
148.830	1
149.620
150.450
151.320
152.110	1
152.890
153.720
154.550
155.360	1
156.180
156.990
157.830
158.600	1
159.320
160.100
160.920
161.680	1
162.450
163.230
164.020
164.770	1
165.570
166.310
167.170
168.050	1
168.940
169.790
170.670
171.510	1
