0.520
1.420
2.330
3.250
4.160
5.070
5.950
6.820
7.740
8.650
9.570
10.440
11.380
12.360
13.300
14.230
15.230
16.140
17.130
18.060
18.900
19.720
20.580
21.470
22.270
23.160
23.980
24.750
25.600
26.410
27.260
28.210
29.070
30.010
30.880
31.810
32.790
33.740
34.680
35.600
36.550
37.450
38.470
39.450
40.380
41.450
42.490
43.620
44.670
45.780
46.830
47.970
49.030
50.150
51.230
52.290
53.320
54.390
55.430
56.510
57.610
58.640
59.480
60.370
61.070
61.760
62.510
63.200
63.970
64.720
65.440
66.170
66.920
67.690
68.400
69.150
69.960
70.740
71.500
72.290
73.090
73.860
74.670
75.430
76.220
76.960
77.710
78.480
79.260
80.020
80.780
81.520
82.220
82.960
83.750
84.560
85.310
86.110
86.890
87.680
88.430
89.240
90.020
90.770
91.550
92.320
93.030
93.800
94.570
95.310
96.060
96.870
97.620
98.430
99.200
100.000
100.750
101.540
102.370
103.110
103.840
104.550
105.310
106.050
106.780
107.580
108.330
109.110
109.880
110.640
111.430
112.170
112.960
113.820
114.610
115.450
116.290
117.100
117.920
118.720
119.550
120.400
121.190
122.020
122.820
123.670
124.510
125.320
126.150
127.000
127.810
128.630
129.490
130.340
131.200
131.990
132.830
133.650
134.510
135.330
136.160
136.990
137.820
138.640
139.500
140.310
141.130
142.000
142.890
143.720
144.630
145.490
146.350
147.210
148.070
148.900
149.720
150.560
151.420
152.250
153.100
153.960
154.790
155.580
156.460
157.310
158.220
159.080
159.970
160.810
161.670
162.530
163.360
164.200
165.070
165.910
166.750
167.590
168.440
169.310
170.160
171.010
171.880
172.730
173.590
174.480
175.330
176.200
177.030
177.890
178.750
179.650
180.520
181.350
182.220
183.050
183.940
184.830
185.700
186.570
187.480
188.290
189.180
190.050
190.930
191.810
192.680
193.560
194.430
195.270
196.180
197.000
197.890
198.750
199.650
200.510
201.370
202.270
203.120
204.000
204.850
205.720
206.600
207.470
208.330
209.190
210.070
210.920
211.730
212.610
213.460
214.290
215.210
216.060
216.930
217.780
218.650
219.500
220.330
221.190
222.070
222.950
223.780
224.680
225.550
226.470
227.350
228.180
229.070
229.950
230.810
231.690
232.570
233.440
234.290
235.120
235.980
236.830
237.670
238.550
239.370
240.260
241.160
242.010
242.930
243.810
244.700
245.600
246.530
247.390
248.250
249.130
250.030
250.910
251.760
252.560
253.470
254.400
255.310
256.240
257.070
257.950
258.810
259.650
260.540
261.410
262.280
263.180
264.060
264.920
265.790
266.660
267.540
268.430
269.330
270.200
271.090
271.970
272.830
273.750
274.600
275.470
276.290
277.180
278.060
278.930
279.850
280.700
281.580
282.480
283.400
284.330
285.220
286.120
287.030
287.900
288.800
289.720
290.630
291.500
292.400
293.310
294.220
295.100
296.010
296.910
297.810
298.720
299.640
300.530
301.430
302.360
303.260
304.190
305.120
306.040
306.960
307.870
308.770
309.700
310.590
311.540
312.440
313.360
314.270
315.170
316.100
317.000
317.910
318.840
319.760
320.710
321.660
322.570
323.450
324.360
325.280
326.200
327.140
328.050
328.980
329.880
330.790
331.710
332.620
333.520
334.410
335.290
336.190
337.070
337.970
338.860
339.760
340.650
341.530
342.410
343.310
344.200
345.110
346.010
346.910
347.820
348.710
349.660
350.590
351.560
352.520
353.480
354.460
355.410
356.360
357.380
358.300
359.320
360.290
361.320
362.280
363.190
364.100
364.960
365.850
366.820
367.790
368.770
369.680
370.680
371.640
372.560
373.510
374.440
375.450
376.380
377.360
378.350
379.440
380.470
381.540
382.580
383.600
384.660
385.680
386.810
387.870
388.930
390.020
391.150
392.200
393.340
394.380
395.380
396.380
397.430
398.440
399.480
400.520
401.560
402.600
