0.630
1.550
2.530
3.500
4.410
5.390
6.290
7.250
8.190
9.160
10.080
11.040
12.000
12.950
13.860
14.850
15.890
16.980
18.040
19.020
20.110
21.140
22.120
23.190
24.170
25.240
26.290
27.340
28.390
29.480
30.470
31.470
32.560
33.650
34.670
35.670
36.720
37.700
38.740
39.800
40.860
41.910
42.940
43.940
44.950
45.920
46.950
47.970
49.070
49.900
50.610
51.270
51.830
52.340
52.910
53.420
53.980
54.470
54.970
55.440
55.920
56.420
56.930
57.440
57.940
58.460
58.950
59.490
59.990
60.530
61.030
61.570
62.110
62.650
63.150
63.710
64.210
64.730
65.240
65.770
66.280
66.840
67.430
67.990
68.550
69.110
69.660
70.200
70.780
71.320
71.900
72.480
73.090
73.660
74.210
74.760
75.280
75.820
76.350
76.920
77.460
78.020
78.550
79.120
79.670
80.230
80.840
81.390
82.010
82.600
83.160
83.770
84.360
84.960
85.490
86.060
86.590
87.140
87.680
88.200
88.750
89.300
89.840
90.420
90.970
91.540
92.080
92.670
93.200
93.760
94.350
94.890
95.400
95.930
96.460
96.990
97.510
98.070
98.570
99.110
99.630
100.190
100.690
101.240
101.760
102.290
102.780
103.280
103.790
104.340
104.900
105.490
106.070
106.610
107.180
107.780
108.290
108.820
109.360
109.900
110.430
110.960
111.470
112.030
112.540
113.090
113.600
114.130
114.650
115.190
115.740
116.250
116.770
117.270
117.800
118.340
118.850
119.320
119.790
120.250
120.730
121.190
121.650
122.150
122.690
123.220
123.740
124.230
124.800
125.330
125.850
126.410
126.940
127.500
128.040
128.560
129.140
129.660
130.240
130.760
131.320
131.860
132.440
132.970
133.510
134.100
134.660
135.220
135.760
136.310
136.910
137.490
138.100
138.700
139.260
139.860
140.460
141.090
141.690
142.240
142.820
143.430
143.990
144.530
145.100
145.680
146.240
146.780
147.340
147.960
148.580
149.240
149.860
150.560
151.310
152.050
152.850
153.630
154.450
155.220
155.980
156.740
157.550
158.240
158.950
159.710
160.400
161.190
162.000
162.780
163.540
164.350
165.140
165.950
166.700
167.530
168.280
169.070
169.860
170.690
