0.000	1
0.640
1.330
2.000
2.670	1
3.360
4.050
4.780
5.460	1
6.190
6.880
7.590
8.230	1
8.950
9.680
10.480
11.240	1
11.970
12.700
13.430
14.170	1
14.880
15.620
16.300
17.020	1
17.780
18.490
19.250
19.980	1
20.680
21.400
22.110
22.850	1
23.590
24.330
25.010
25.720	1
26.420
27.130
27.800
28.540	1
29.260
29.940
30.640
31.370	1
32.090
32.780
33.490
34.210	1
34.960
35.670
36.360
37.080	1
37.810
38.520
39.250
39.930	1
40.660
41.330
42.050
42.730	1
43.450
44.140
44.810
45.490	1
46.200
46.910
47.600
48.270	1
48.980
49.690
50.390
51.080	1
51.760
52.490
53.180
53.850	1
54.570
55.240
55.920
56.650	1
57.370
58.100
58.810
59.520	1
60.240
60.930
61.660
62.340	1
63.060
63.730
64.440
65.140	1
65.830
66.510
67.180
67.860	1
68.560
69.270
69.950
70.630	1
71.350
72.030
72.710
73.410	1
74.130
74.820
75.530
76.200	1
76.920
77.640
78.330
79.040	1
79.750
80.450
81.140
81.850	1
82.520
83.200
83.920
84.610	1
85.290
85.980
86.710
87.390	1
88.070
88.760
89.470
90.150	1
90.870
91.600
92.310
92.980	1
93.690
94.370
95.040
95.720	1
96.450
97.120
97.810
98.480	1
99.210
99.880
100.590
101.250	1
101.980
102.680
103.390
104.090	1
104.800
105.490
106.200
106.880	1
107.610
108.310
108.970
109.700	1
110.380
111.050
111.770
112.470	1
113.170
113.880
114.580
115.290	1
115.960
116.650
117.370
118.050	1
118.790
119.490
120.200
120.880	1
121.580
122.280
122.980
123.680	1
124.400
125.080
125.760
126.440	1
127.150
127.830
128.550
129.250	1
129.950
130.620
131.340
132.020	1
132.720
133.410
134.120
134.820	1
135.520
136.230
136.960
137.660	1
138.320
139.000
139.700
140.390	1
141.110
141.780
142.470
143.140	1
143.870
144.540
145.250
145.890	1
146.610
147.280
147.980
148.660	1
149.360
150.050
150.760
151.430	1
152.150
152.870
153.540
154.230	1
154.930
155.620
156.310
157.010	1
157.690
158.370
159.090
159.770	1
160.480
161.210
161.900
162.580	1
163.320
164.010
164.730
165.460	1
166.180
166.890
167.590
168.290	1
169.000
169.680
170.410
171.090	1
171.790
172.500
173.220
173.930	1
174.650
175.340
176.050
176.730	1
177.450
178.140
178.830
179.550	1
180.260
180.940
181.660
182.340	1
183.060
183.770
184.480
185.170	1
185.890
186.560
187.310
187.980	1
188.710
189.420
190.140
190.880	1
191.590
192.290
193.030
193.700	1
194.430
195.110
195.820
196.540	1
197.260
197.960
198.680
199.380	1
200.090
200.790
201.450
202.170	1
202.900
203.640
204.350
205.040	1
205.770
206.470
207.180
207.880	1
208.590
209.300
210.000
210.730	1
211.430
212.130
212.820
213.540	1
214.280
214.960
215.720
216.480	1
217.170
217.870
218.580
219.260	1
219.990
220.700
221.410
222.090	1
222.810
223.490
224.150
224.880	1
225.580
226.260
226.940
227.600	1
228.310
229.000
229.710
230.390	1
231.110
231.780
232.490
233.170	1
233.890
234.590
235.240
235.940	1
236.630
237.320
238.020
238.690	1
239.400
240.070
240.770
241.450	1
242.150
242.830
243.550
244.250	1
244.930
245.620
246.330
247.010	1
247.730
248.420
249.140
249.820	1
250.530
251.250
251.940
252.640	1
253.350
254.060
254.790
255.470	1
256.190
256.940
257.630
258.330	1
259.050
259.750
260.480
261.170	1
261.900
262.600
263.310
264.020	1
264.740
265.440
266.140
266.840	1
267.560
268.260
268.980
269.700	1
270.430
271.140
271.870
272.600	1
273.320
274.000
274.730
275.400	1
276.120
276.820
277.530
278.240	1
278.950
279.660
280.360
281.060	1
281.780
282.490
283.230
283.930	1
284.610
285.310
286.000
286.710	1
287.410
288.120
288.790
289.490	1
290.170
290.860
291.570
292.260	1
292.960
293.650
294.380
295.090	1
295.820
296.510
297.250
297.960	1
298.700
299.420
300.120
300.850	1
301.530
302.250
302.950
303.640	1
304.360
305.070
305.760
306.470	1
307.170
307.870
308.560
309.250	1
309.950
310.660
311.360
312.020	1
312.720
313.440
314.120
314.790	1
315.500
316.200
316.920
317.610	1
318.300
318.970
319.680
320.360	1
321.060
321.750
322.400
323.100	1
323.800
324.440
325.160
325.820	1
326.550
327.210
327.880
328.530	1
329.210
329.870
330.590
331.290	1
331.970
332.630
333.330
334.050	1
334.750
335.450
336.110
336.790	1
337.480
338.170
338.860
339.540	1
340.260
340.960
341.630
342.330	1
343.000
343.710
344.410
345.130	1
345.810
346.500
347.210
347.880	1
348.590
349.300
349.950
350.660	1
351.310
352.020
352.680
353.360	1
354.060
354.730
355.410
356.090	1
356.780
357.490
358.170
358.830	1
359.570
360.270
360.960
361.620	1
362.350
363.020
363.730
364.450	1
365.120
365.810
366.550
367.220	1
367.920
368.590
369.260
369.910	1
370.620
371.340
372.040
372.720	1
373.410
374.130
374.850
375.560	1
376.220
376.930
377.620
378.320	1
379.020
379.700
380.400
381.120	1
381.820
382.530
383.190
383.870	1
384.580
385.270
385.970
386.660	1
387.320
388.020
388.750
389.430	1
390.120
390.810
391.490
392.180	1
392.900
393.590
394.300
395.000	1
395.690
396.380
397.070
397.800	1
398.470
399.150
399.850
400.530	1
401.230
401.910
402.600
403.320	1
403.980
404.690
405.350
406.060	1
406.690
407.360
408.050
408.740	1
409.440
410.140
410.820
411.500	1
412.190
412.860
413.540
414.240	1
414.910
415.590
416.270
416.950	1
417.630
418.300
419.010
419.640	1
420.370
421.050
421.730
422.430	1
423.120
423.800
424.510
425.170	1
425.890
426.580
427.240
427.940	1
428.640
429.340
430.020
430.680	1
431.400
432.100
432.780
433.450	1
434.150
434.850
435.500
436.180	1
436.880
437.600
438.310
439.000	1
439.710
440.430
441.120
441.820	1
442.550
443.230
443.930
444.610	1
445.320
446.000
446.690
447.360	1
448.090
448.820
449.540
450.210	1
450.920
451.640
452.330
453.010	1
453.750
454.430
455.120
455.820	1
456.530
457.200
457.900
458.570	1
459.280	1
459.960
460.650
461.320
461.980	1
462.640
463.320
464.000
464.670	1
465.400
466.110
466.830
467.540	1
468.160
468.830
469.460
470.150	1
470.850
471.510
472.230
472.920	1
473.580
474.270
474.940
475.620	1
476.290
477.020
477.700
478.370	1
479.060
479.800
480.480
481.140	1
481.840
482.570
483.280
483.940	1
484.630
485.320
486.020
486.700	1
487.380
488.070
488.740
489.390	1
490.080
490.720
491.390
492.050	1
492.760
493.420
494.120
494.880	1
495.520
496.160
496.830
497.460	1
498.140
498.800
499.500
500.200	1
500.870
501.550
502.230
502.870	1
503.570
504.240
504.950
505.650	1
506.360
507.010
507.710
508.380	1
509.080
509.780
510.480
511.180	1
511.880
512.580
513.260
513.940	1
514.670
515.330
516.030
516.720	1
517.400
518.120
518.790
519.490	1
520.190
520.840
521.550
522.240	1
522.900
523.580
524.210
524.850	1
525.560
526.230
526.890
527.570	1
528.250
528.930
529.550
530.210	1
530.880
531.560
532.220
532.850	1
533.550
534.190
534.840
535.490	1
536.190
536.830
537.480
538.130	1
538.810
539.440
540.090
540.690	1
541.360
541.970
542.630
543.290	1
543.950
544.580
545.140
545.750	1
