0.170
0.390	1
0.610
0.830
1.050
1.280	1
1.510
1.725
1.940
2.160	1
2.380
2.600
2.820
3.035	1
3.250
3.475
3.700
3.915	1
4.130
4.345
4.560
4.765	1
4.970
5.185
5.400
5.615	1
5.830
6.045
6.260
6.475	1
6.690
6.905
7.120
7.335	1
7.550
7.765
7.980
8.200	1
8.420
8.635
8.850
9.065	1
9.280
9.495
9.710
9.925	1
10.140
10.355
10.570
10.790	1
11.010
11.225
11.440
11.645	1
11.850
12.065
12.280
12.500	1
12.720
12.945
13.170
13.395	1
13.620
13.830
14.040
14.270	1
14.500
14.725
14.950
15.165	1
15.380
15.615
15.850
16.075	1
16.300
16.520
16.740
16.970	1
17.200
17.425
17.650
17.875	1
18.100
18.320
18.540
18.765	1
18.990
19.210
19.430
19.660	1
19.890
20.115
20.340
20.565	1
20.790
21.015
21.240
21.460	1
21.680
21.905
22.130
22.360	1
22.590
22.815
23.040
23.275	1
23.510
23.730
23.950
24.170	1
24.390
24.620
24.850
25.080	1
25.310
25.525
25.740
25.975	1
26.210
26.430
26.650
26.870	1
27.090
27.320
27.550
27.780	1
28.010
28.230
28.450
28.675	1
28.900
29.130
29.360
29.590	1
29.820
30.055
30.290
30.520	1
30.750
30.980
31.210
31.440	1
31.670
31.890
32.110
32.335	1
32.560
32.790
33.020
33.240	1
33.460
33.690
33.920
34.140	1
34.360
34.585
34.810
35.040	1
35.270
35.500
35.730
35.945	1
36.160
36.390
36.620
36.845	1
37.070
37.300
37.530
37.755	1
37.985
38.214
38.444
38.673	1
38.903
39.133
39.363
39.593	1
39.820
40.047
40.273
40.500	1
40.730
40.960
41.190
41.420	1
41.645
41.870
42.095
42.320	1
42.545
42.770
42.990
43.210	1
43.450
43.690
43.915
44.140	1
44.375
44.610
44.840
45.070	1
45.300
45.530
45.755
45.980	1
46.210
46.440
46.675
46.910	1
47.135
47.360
47.585
47.810	1
48.045
48.280
48.505
48.730	1
48.965
49.200
49.435
49.670	1
49.900
50.130
50.360
50.590	1
50.810
51.030
51.265
51.500	1
51.725
51.950
52.185
52.420	1
52.640
52.860
53.090
53.320	1
53.545
53.770
53.995
54.220	1
54.450
54.680
54.910
55.140	1
55.365
55.590
55.825
56.060	1
56.290
56.520
56.750
56.980	1
57.200
57.420
57.660
57.900	1
58.130
58.360
58.580
58.800	1
59.030
59.260
59.505
59.750	1
59.995
60.240
60.475
60.710	1
60.935
61.160
61.385
61.610	1
61.845
62.080
62.310
62.540	1
62.775
63.010
63.235
63.460	1
63.685
63.910
64.145
64.380	1
64.615
64.850
65.080
65.310	1
65.540
65.770
65.995
66.220	1
66.450
66.680
66.915
67.150	1
67.380
67.610
67.825
68.040	1
68.275
68.510
68.740
68.970	1
69.200
69.430
69.655
69.880	1
70.106
70.333
70.559
70.786	1
71.028
71.270
71.513
71.755	1
71.985
72.215
72.445
72.675	1
72.890
73.100
73.310
73.540	1
73.770
74.000
74.230
74.455	1
74.680
74.905
75.130
75.370	1
75.610
75.840
76.070
76.290	1
76.510
76.750
76.990
77.210	1
77.430
77.640
77.850
78.075	1
78.300
78.525
78.750
78.980	1
79.210
79.440
79.670
79.890	1
80.110
80.350
80.590
80.815	1
81.040
81.265
81.490
81.730	1
81.970
82.195
82.420
82.640	1
82.860
83.085
83.310
83.530	1
83.750
83.980
84.210
84.435	1
84.660
84.885
85.110
85.330	1
85.550
85.780
86.010
86.240	1
86.470
86.695
86.920
87.140	1
87.360
87.570
87.780
87.995	1
88.210
88.430
88.650
88.875	1
89.100
89.335
89.570
89.805	1
90.040
90.280
90.520
90.760	1
91.000
91.220
91.440
91.665	1
91.890
92.125
92.360
92.585	1
92.810
93.030
93.250
93.480	1
93.710
93.930
94.150
94.380	1
94.610
94.835
95.060
95.290	1
95.520
95.760
96.000
96.220	1
96.440
96.665
96.890
97.120	1
97.350
97.575
97.800
98.025	1
98.250
98.475
98.700
98.925	1
99.150
99.380
99.610
99.835	1
100.060
100.290
100.520
100.750	1
100.980
101.215
101.450
101.680	1
101.910
102.135
102.360
102.585	1
102.810
103.040
103.270
103.500	1
103.730
103.960
104.190
104.420	1
104.650
104.885
105.120
105.350	1
105.580
105.815
106.050
106.275	1
106.500
106.735
106.970
107.190	1
107.410
107.640
107.870
108.095	1
108.320
108.550
108.780
109.010	1
109.240
109.460
109.680
109.905	1
110.130
110.365
110.600
110.825	1
111.050
111.275
111.500
111.740	1
111.980
112.205
112.430
112.655	1
112.880
113.120
113.360
113.590	1
113.820
114.050
114.280
114.500	1
114.720
114.950
115.180
115.420	1
115.660
115.885
116.110
116.335	1
116.560
116.795
117.030
117.275	1
117.520
117.745
117.970
118.195	1
118.420
118.660
118.900
119.125	1
119.350
119.565
119.780
120.010	1
120.240
120.470
120.700
120.925	1
121.150
121.365
121.580
121.805	1
122.030
122.265
122.500
122.725	1
122.950
123.170
123.390
123.620	1
123.850
124.075
124.300
124.520	1
124.740
124.970
125.200
125.425	1
125.650
125.885
126.120
126.345	1
126.570
126.795
127.020
127.250	1
127.480
127.710
127.940
128.165	1
128.390
128.610
128.830
129.060	1
129.290
129.515
129.740
129.960	1
130.180
130.410
130.640
130.870	1
131.100
131.340
131.580
131.805	1
132.030
132.265
132.500
132.715	1
132.930
133.160
133.390
133.615	1
133.840
134.060
134.280
134.510	1
134.740
134.965
135.190
135.420	1
135.650
135.880
136.110
136.335	1
136.560
136.785
137.010
137.230	1
137.450
137.675
137.900
138.120	1
138.340
138.570
138.800
139.025	1
139.250
139.470
139.690
139.920	1
140.150
140.375
140.600
140.830	1
141.060
141.280
141.500
141.725	1
141.950
142.175
142.400
142.620	1
142.840
143.060
143.280
143.510	1
143.740
143.965
144.190
144.420	1
144.650
144.870
145.090
145.315	1
145.540
145.765
145.990
146.215	1
146.440
146.665
146.890
147.125	1
147.360
147.590
147.820
148.040	1
148.260
148.485
148.710
148.930	1
149.150
149.380
149.610
149.835	1
150.060
150.285
150.510
150.735	1
150.960
151.185
151.410
151.640	1
151.870
152.095
152.320
152.550	1
152.780
153.000
153.220
153.445	1
153.670
153.900
154.130
154.355	1
154.580
154.805
155.030
155.260	1
155.490
155.705
155.920
156.155	1
156.390
156.620
156.850
157.075	1
157.300
157.530
157.760
157.990	1
158.220
158.460
158.700
158.930	1
159.160
159.385
159.610
159.825	1
160.040
160.265
160.490
160.725	1
160.960
161.185
161.410
161.635	1
161.860
162.085
162.310
162.535	1
162.760
162.985
163.210
163.430	1
163.650
163.875
164.100
164.325	1
164.550
164.775
165.000
165.230	1
165.460
165.675
165.890
166.115	1
166.340
166.575
166.810
167.030	1
167.250
167.470
167.690
167.915	1
168.140
168.355
168.570
168.795	1
169.020
169.240
169.460
169.660	1
169.860
170.075
170.290
170.505	1
170.720
170.925
171.130
171.335	1
171.540
171.770
172.000
172.230	1
172.460
172.680
172.900
173.125	1
173.350
173.575
173.800
174.020	1
174.240
174.470
174.700
174.920	1
175.140
175.365
175.590
175.825	1
176.060
176.290
176.520
176.745	1
176.970
177.200
177.430
177.665	1
177.900
178.120
178.340
178.570	1
178.800
179.035
179.270
179.495	1
179.720
179.940
180.160
180.390	1
180.620
180.850
181.080
181.305	1
181.530
181.765
182.000
182.230	1
182.460
182.690
182.920
183.145	1
183.370
183.605
183.840
184.065	1
184.290
184.515
184.740
184.965	1
185.190
185.405
185.620
185.850	1
186.080
186.300
186.520
186.750	1
186.980
187.220
187.460
187.690	1
187.920
188.150
188.380
188.605	1
188.830
189.060
189.290
189.515	1
189.740
189.975
190.210
190.435	1
190.660
190.885
191.110
191.335	1
191.560
191.785
192.010
192.245	1
192.480
192.705
192.930
193.155	1
193.380
193.600
193.820
194.045	1
194.270
194.495
194.720
194.950	1
195.180
195.410
195.640
195.880	1
196.120
196.350
196.580
196.800	1
197.020
197.240
197.460
197.690	1
197.920
198.140
198.360
198.590	1
198.820
199.045
199.270
199.505	1
199.740
199.995
200.250
200.495	1
200.740
200.980
201.220
201.470	1
201.720
201.955
202.190
202.420	1
202.650
202.885
203.120
203.345	1
203.570
203.795
204.020
204.250	1
204.480
204.720
204.960
205.185	1
205.410
205.635
205.860
206.080	1
206.300
206.525
206.750
206.975	1
207.200
207.425
207.650
207.880	1
208.110
208.350
208.590
208.810	1
209.030
209.270
209.510
209.740	1
209.970
210.200
210.430
210.655	1
210.880
211.105
211.330
211.550	1
211.770
211.995
212.220
212.445	1
212.670
212.895
213.120
213.340	1
213.560
213.790
214.020
214.245	1
214.470
214.690
214.910
215.150	1
215.390
215.615
215.840
216.070	1
216.300
216.525
216.750
216.975	1
217.200
217.420
217.640
217.870	1
218.100
218.330
218.560
218.775	1
218.990
219.225
219.460
219.685	1
219.910
220.135
220.360
220.580	1
220.800
221.025
221.250
221.480	1
221.710
221.930
222.150
222.380	1
222.610
222.830
223.050
223.280	1
223.510
223.725
223.940
224.155	1
224.370
224.595
224.820
225.045	1
225.270
225.490
225.710
225.935	1
226.160
226.395
226.630
226.845	1
227.060
227.285
227.510
227.745	1
227.980
228.200
228.420
228.640	1
228.860
229.085
229.310
229.530	1
229.750
229.970
230.190
230.420	1
230.650
230.875
231.100
231.320	1
231.540
231.775
232.010
232.230	1
232.450
232.690
232.930
233.155	1
233.380
233.610
233.840
234.065	1
234.290
234.510
234.730
234.965	1
235.200
235.410
235.620
235.850	1
236.080
236.300
236.520
236.740	1
236.960
237.175
237.390
237.620	1
237.850
238.075
238.300
238.530	1
238.760
238.980
239.200
239.425	1
239.650
239.870
240.090
240.320	1
240.550
240.780
241.010
241.220	1
241.430
241.660
241.890
242.100	1
242.310
242.545
242.780
243.000	1
243.220
243.450
243.680
243.900	1
244.120
244.340
244.560
244.785	1
245.010
245.240
245.470
245.710	1
245.950
246.175
246.400
246.630	1
246.860
247.085
247.310
247.540	1
247.770
247.995
248.220
248.445	1
248.670
248.900
249.130
249.355	1
249.580
249.805
250.030
250.255	1
250.480
250.705
250.930
251.155	1
251.380
251.600
251.820
252.040	1
252.260
252.485
252.710
252.945	1
253.180
253.395
253.610
253.840	1
254.070
254.295
254.520
254.740	1
254.960
255.190
255.420
255.645	1
255.870
256.090
256.310
256.535	1
256.760
256.985
257.210
257.445	1
257.680
257.905
258.130
258.355	1
258.580
258.800
259.020
259.240	1
259.460
259.680
259.900
260.125	1
260.350
260.575
260.800
261.020	1
261.240
261.465
261.690
261.915	1
262.140
262.365
262.590
262.825	1
263.060
263.280
263.500
263.720	1
263.940
264.165
264.390
264.620	1
264.850
265.075
265.300
265.530	1
265.760
265.980
266.200
266.425	1
266.650
266.880
267.110
267.335	1
267.560
267.785
268.010
268.230	1
268.450
268.680
268.910
269.135	1
269.360
269.590
269.820
270.045	1
270.270
270.490
270.710
270.945	1
271.180
271.405
271.630
271.850	1
272.070
272.300
272.530
272.755	1
272.980
273.195
273.410
273.650	1
273.890
274.115
274.340
274.570	1
274.800
275.025
275.250
275.485	1
275.720
275.945
276.170
276.400	1
276.630
276.860
277.090
277.315	1
277.540
277.770
278.000
278.230	1
278.460
278.680
278.900
279.130	1
279.360
279.585
279.810
280.025	1
280.240
280.465
280.690
280.920	1
281.150
281.375
281.600
281.835	1
282.070
282.305
282.540
282.770	1
283.000
283.230
283.460
283.690	1
283.920
284.145
284.370
284.585	1
284.800
285.025
285.250
285.485	1
285.720
285.935
286.150
286.380	1
286.610
286.835
287.060
287.290	1
287.520
287.735
287.950
288.185	1
288.420
288.645
288.870
289.085	1
289.300
289.535
289.770
290.000	1
290.230
290.460
290.690
290.915	1
291.140
291.380
291.620
291.850	1
292.080
292.300
292.520
292.750	1
292.980
293.210
293.440
293.680	1
293.920
294.140
294.360
294.595	1
294.830
295.060
295.290
295.520	1
295.750
295.975
296.200
296.430	1
296.660
296.895
297.130
297.355	1
297.580
297.810
298.040
298.260	1
298.480
298.710
298.940
299.175	1
299.410
299.630
299.850
300.080	1
300.310
300.540
300.770
301.000	1
301.230
301.455
301.680
301.900	1
302.120
302.345
302.570
302.795	1
303.020
303.250
303.480
303.710	1
303.940
304.160
304.380
304.615	1
304.850
305.075
305.300
305.540	1
305.780
306.010
306.240
306.460	1
306.680
306.905
307.130
307.350	1
307.570
307.795
308.020
308.250	1
308.480
308.715
308.950
309.180	1
309.410
309.630
309.850
310.070	1
310.290
310.515
310.740
310.980	1
311.220
311.450
311.680
311.900	1
312.120
312.350
312.580
312.815	1
313.050
313.285
313.520
313.750	1
313.980
314.195
314.410
314.640	1
314.870
315.100
315.330
315.555	1
315.780
316.005
316.230
316.455	1
316.680
316.895
317.110
317.340	1
317.570
317.795
318.020
318.245	1
318.470
318.695
318.920
319.150	1
319.380
319.605
319.830
320.055	1
320.280
320.500
320.720
320.945	1
321.170
321.400
321.630
321.850	1
322.070
322.300
322.530
322.740	1
322.975
323.211
323.446
323.681	1
323.911
324.141
324.370
324.600	1
324.830
325.040
325.275
325.510	1
325.735
325.960
326.185
326.410	1
326.635
326.860
327.080
327.300	1
327.525
327.750
327.970
328.190	1
328.430
328.670
328.895
329.120	1
329.345
329.570
329.800
330.030	1
330.250
330.470
330.700
330.930	1
331.155
331.380
331.615
331.850	1
332.075
332.300
332.535
332.770	1
332.990
333.210
333.445
333.680	1
333.905
334.130
334.360
334.590	1
334.815
335.040
335.275
335.510	1
335.735
335.960
336.185
336.410	1
336.635
336.860
337.085
337.310	1
337.525
337.740
337.965
338.190	1
338.420
338.650
338.880
339.110	1
339.330
339.550
339.780
340.010	1
340.225
340.440
340.665
340.890	1
341.110
341.330
341.555
341.780	1
342.000
342.220
342.450
342.680	1
342.910
343.140
343.355
343.570	1
343.800
344.030
344.260
344.490	1
344.700
344.910
345.140
345.370	1
345.590
345.810
346.030
346.250	1
346.470
346.690
346.925
347.160	1
347.380
347.600
347.820
348.040	1
348.270
348.500
348.720
348.940	1
349.170
349.400
349.630
349.860	1
350.085
350.310
350.525
350.740	1
350.970
351.200
351.420
351.640	1
351.855
352.070
352.300
352.530	1
352.755
352.980
353.205
353.430	1
353.645
353.860
354.085
354.310	1
354.535
354.760
354.980
355.200	1
355.430
355.660
355.875
356.090	1
356.325
356.560
356.780
357.000	1
357.225
357.450
357.665
357.880	1
358.105
358.330
358.555
358.780	1
358.995
359.210
359.435
359.660	1
359.875
360.090
360.315
360.540	1
360.760
360.980
361.199
361.419	1
361.651
361.882
362.114
362.345	1
362.550
362.770
362.990
363.215	1
363.440
363.655
363.870
364.095	1
364.320
364.540
364.760
364.980	1
365.200
365.420
365.640
365.865	1
366.090
366.310
366.530
366.765	1
367.000
367.220
367.440
367.670	1
367.900
368.125
368.350
368.575	1
368.800
369.020
369.240
369.470	1
369.700
369.925
370.150
370.375	1
370.600
370.825
371.050
371.275	1
371.500
371.720
371.940
372.165	1
372.390
372.620
372.850
373.070	1
373.290
373.515
373.740
373.960	1
374.180
374.410
374.640
374.865	1
375.090
375.310
375.530
375.755	1
375.980
376.200
376.420
376.655	1
376.890
377.110
377.330
377.550	1
377.770
377.995
378.220
378.440	1
378.660
378.885
379.110
379.330	1
379.550
379.775
380.000
380.220	1
380.440
380.670
380.900
381.125	1
381.350
381.565
381.780
382.005	1
382.230
382.455
382.680
382.900	1
383.120
383.345
383.570
383.795	1
384.020
384.245
384.470
384.690	1
384.910
385.140
385.370
385.595	1
385.820
386.045
386.270
386.495	1
386.720
386.940
387.160
387.380	1
387.600
387.825
388.050
388.270	1
388.490
388.720
388.950
389.175	1
389.400
389.620
389.840
390.065	1
390.290
390.515
390.740
390.970	1
391.200
391.420
391.640
391.875	1
392.110
392.330
392.550
392.780	1
393.010
393.235
393.460
393.685	1
393.910
394.130
394.350
394.570	1
394.790
395.015
395.240
395.465	1
395.690
395.915
396.140
396.370	1
396.600
396.815
397.030
397.250	1
397.470
397.695
397.920
398.145	1
398.370
398.595
398.820
399.040	1
399.260
399.485
399.710
399.935	1
400.160
400.385
400.610
400.840	1
401.070
401.285
401.500
401.730	1
401.960
402.175
402.390
402.610	1
402.830
403.055
403.280
403.505	1
403.730
403.945
404.160
404.385	1
404.610
404.820
405.030
405.270	1
405.510
405.730
405.950
406.190	1
406.430
406.650
406.870
407.105	1
407.340
407.560
407.780
408.005	1
408.230
408.455
408.680
408.900	1
409.120
409.340
409.560
409.780	1
410.000
410.235
410.470
410.690	1
410.910
411.140
411.370
411.590	1
411.810
412.040
412.270
412.485	1
412.700
412.930
413.160
413.385	1
413.610
413.830
414.050
414.270	1
414.490
414.720
414.950
415.175	1
415.400
415.620
415.840
416.070	1
416.300
416.520
416.740
416.960	1
417.180
417.415
417.650
417.865	1
418.080
418.305
418.530
418.765	1
419.000
419.220
419.440
419.665	1
419.890
420.115
420.340
420.565	1
420.790
421.015
421.240
421.460	1
421.680
421.895
422.110
422.340	1
422.570
422.795
423.020
423.245	1
423.470
423.695
423.920
424.135	1
424.350
424.575
424.800
425.030	1
425.260
425.485
425.710
425.935	1
426.160
426.390
426.620
426.840	1
427.060
427.285
427.510
427.735	1
427.960
428.190
428.420
428.645	1
428.870
429.100
429.330
429.555	1
429.780
430.010
430.240
430.460	1
430.680
430.910
431.140
431.355	1
431.570
431.805
432.040
432.260	1
432.480
432.700
432.920
433.145	1
433.370
433.595
433.820
434.050	1
434.280
434.505
434.730
434.955	1
435.180
435.405
435.630
435.855	1
436.080
436.300
436.520
436.750	1
436.980
437.205
437.430
437.650	1
437.870
438.100
438.330
438.555	1
438.780
439.005
439.230
439.450	1
439.670
439.895
440.120
440.340	1
440.560
440.785
441.010
441.230	1
441.450
441.675
441.900
442.125	1
442.350
442.580
442.810
443.030	1
443.250
443.475
443.700
443.925	1
444.150
444.375
444.600
444.820	1
445.040
445.265
445.490
445.710	1
445.930
446.155
446.380
446.610	1
446.840
447.065
447.290
447.520	1
447.750
447.975
448.200
448.430	1
448.660
448.875
449.090
449.315	1
449.540
449.770
450.000
450.220	1
450.440
450.670
450.900
451.130	1
451.360
451.580
451.800
452.030	1
452.260
452.485
452.710
452.935	1
453.160
453.385
453.610
453.830	1
454.050
454.270
454.490
454.720	1
454.950
455.175
455.400
455.620	1
455.840
456.065
456.290
456.515	1
456.740
456.965
457.190
457.410	1
457.630
457.860
458.090
458.310	1
458.530
458.750
458.970
459.205	1
459.440
459.660
459.880
460.105	1
460.330
460.555
460.780
461.000	1
461.220
461.450
461.680
461.905	1
462.130
462.350
462.570
462.795	1
463.020
463.245
463.470
463.705	1
463.940
464.170
464.400
464.625	1
464.850
465.080
465.310
465.540	1
465.770
465.995
466.220
466.450	1
466.680
466.915
467.150
467.375	1
467.600
467.825
468.050
468.280	1
468.510
468.745
468.980
469.205	1
469.430
469.650
469.870
470.095	1
470.320
470.555
470.790
471.000	1
471.210
471.440
471.670
471.885	1
472.100
472.330
472.560
472.790	1
473.020
473.240
473.460
473.680	1
473.900
474.130
474.360
474.580	1
474.800
475.020
475.240
475.465	1
475.699
475.932
476.178
476.423	1
476.632
476.842
477.058
477.274	1
477.508
477.743
477.968
478.194	1
478.428
478.663
478.888
479.114	1
479.338
479.562
479.787
480.012	1
480.243
480.474
480.698
480.922	1
481.137
481.352
481.577
481.802	1
482.027
482.252
482.467
482.682	1
482.898
483.114
483.328
483.543	1
483.763
483.983
484.203
484.423	1
484.643
484.863
485.088
485.314	1
485.534
485.754
485.963
486.172	1
486.392
486.612
486.827
487.042	1
487.262
487.482
487.707
487.932	1
488.158
488.383
488.618
488.852	1
489.087
489.322
489.547
489.772	1
489.983
490.194
490.403
490.612	1
490.838
491.063
491.288
491.514	1
491.734
491.954
492.174
492.394	1
492.614
492.834
493.054
493.274	1
493.503
493.732
493.967
494.202	1
494.422
494.642
494.862
495.082	1
495.307
495.532
495.758
495.983	1
496.212
496.442
496.662
496.882	1
497.107
497.332
497.547
497.762	1
497.992
498.223
498.443
498.663	1
498.888
499.114
499.338
499.562	1
499.792
500.023
500.248
500.474	1
500.708
500.943
501.158
501.372	1
501.583
501.794
502.008
502.223	1
502.432
502.642
502.867
503.092	1
503.318
503.543
503.776
504.010	1
504.229
504.449
504.687
504.925	1
505.150
505.375
505.600
505.835	1
506.070
506.295
506.520
506.745	1
506.970
507.195
507.420
507.640	1
507.860
508.085
508.310
508.535	1
508.760
508.985
509.210
509.440	1
509.670
509.890
510.110
510.340	1
510.570
510.785
511.000
511.225	1
511.450
511.675
511.900
512.125	1
512.350
512.575
512.800
513.030	1
513.260
513.485
513.710
513.940	1
514.170
514.395
514.620
514.845	1
515.070
515.290
515.510
515.735	1
515.960
516.180
516.400
516.625	1
516.850
517.080
517.310
517.540	1
517.770
517.995
518.220
518.440	1
518.660
518.880
519.100
519.335	1
519.570
519.790
520.010
520.230	1
520.450
520.680
520.910
521.135	1
521.360
521.585
521.810
522.030	1
522.250
522.480
522.710
522.935	1
523.160
523.385
523.610
523.825	1
524.040
524.270
524.500
524.725	1
524.950
525.170
525.390
525.620	1
525.850
526.075
526.300
526.525	1
526.750
526.975
527.200
527.420	1
527.640
527.870
528.100
528.320	1
528.540
528.775
529.010
529.230	1
529.450
529.675
529.900
530.130	1
530.360
530.590
530.820
531.040	1
531.260
531.495
531.730
531.950	1
532.170
532.395
532.620
532.855	1
533.090
533.320
533.550
533.775	1
534.000
534.225
534.450
534.685	1
534.920
535.150
535.380
535.615	1
535.850
536.070
536.290
536.525	1
536.760
536.990
537.220
537.445	1
537.670
537.900
538.130
538.345	1
538.560
538.795
539.030
539.250	1
539.470
539.695
539.920
540.140	1
540.360
540.585
540.810
541.035	1
541.260
541.495
541.730
541.955	1
542.180
542.405
542.630
542.850	1
543.070
543.300
543.530
543.755	1
543.980
544.205
544.430
544.650	1
544.870
545.085
545.300
545.505	1
545.710
545.930
546.150
546.375	1
546.600
546.815
547.030
547.255	1
547.480
547.710
547.940
548.170	1
548.400
548.635
548.870
549.095	1
549.320
549.535
549.750
549.970	1
550.190
550.415
550.640
550.865	1
551.090
551.305
551.520
551.745	1
551.970
552.185
552.400
552.625	1
552.850
553.070
553.290
553.515	1
553.740
553.960
554.180
554.405	1
554.630
554.860
555.090
555.310	1
555.530
555.740
555.950
556.175	1
556.400
556.625
556.850
557.060	1
557.270
557.490
557.710
557.935	1
558.160
558.385
558.610
558.840	1
559.070
559.300
559.530
559.770	1
560.010
560.240
560.470
560.710	1
560.926
561.143
561.359
561.576	1
561.798
562.021
562.244
562.466	1
562.675
562.883
563.092
563.300	1
563.530
563.760
563.970
564.180	1
564.405
564.630
564.845
565.060	1
565.285
565.510
565.725
565.940	1
566.165
566.390
566.625
566.860	1
567.085
567.310
567.530
567.750	1
567.975
568.200
568.430
568.660	1
568.885
569.110
569.330
569.550	1
569.765
569.980
570.195
570.410	1
570.635
570.860
571.085
571.310	1
571.520
571.730
571.960
572.190	1
572.405
572.620
572.835
573.050	1
573.270
573.490
573.720
573.950	1
574.165
574.380
574.595
574.810	1
575.035
575.260
575.495
575.730	1
575.960
576.190
576.410
576.630	1
576.861
577.093
577.324
577.556	1
577.786
578.016
578.246
578.476	1
578.695
578.915
579.135
579.354	1
579.577
579.800
580.022
580.245	1
580.470
580.695
580.920
581.145	1
581.380
581.600
581.820
582.050	1
582.280
582.520
582.760
582.990	1
583.220
583.445
583.670
583.885	1
584.100
584.335
584.570
584.785	1
585.000
585.235
585.470
585.685	1
585.900
586.130
586.360
586.580	1
586.800
587.025
587.250
587.475	1
587.700
587.930
588.160
588.385	1
588.610
588.830
589.050
589.270	1
589.490
589.705
589.920
590.145	1
590.370
590.585
590.800
591.025	1
591.250
591.475
591.700
591.935	1
799.721	1
799.956
800.190
800.396
800.601	1
800.812
801.022
801.242
801.462	1
801.682
801.902
802.131
802.360	1
802.580
802.800
803.010
803.220	1
803.445
803.670
803.885
804.100	1
804.325
804.550
804.765
804.980	1
805.195
805.410
805.630
805.850	1
806.065
806.280
806.490
806.700	1
806.905
807.110
807.320
807.530	1
807.735
807.940
808.155
808.370	1
808.595
808.820
809.035
809.250	1
809.465
809.680
809.890
810.100	1
810.315
810.530
810.750
810.970	1
811.170
811.370
811.585
811.800	1
812.010
812.220
812.425
812.630	1
812.855
813.080
813.285
813.490	1
813.705
813.920
814.140
814.360	1
814.575
814.790
815.010
815.230	1
815.440
815.650
815.860
816.070	1
816.285
816.500
816.715
816.930	1
817.140
817.350
817.575
817.800	1
818.005
818.210
818.425
818.640	1
818.865
819.090
819.295
819.500	1
819.715
819.930
820.155
820.380	1
820.595
820.810
821.020
821.230	1
821.440
821.650
821.870
822.090	1
822.305
822.520
822.735
822.950	1
823.160
823.370
823.595
823.820	1
824.030
824.240
824.465
824.690	1
824.910
825.130
825.350
825.570	1
825.795
826.020
826.240
826.460	1
826.680
826.900
827.115
827.330	1
827.545
827.760
827.970
828.180	1
828.390
828.600
828.825
829.050	1
829.260
829.470
829.685
829.900	1
830.115
830.330
830.555
830.780	1
830.995
831.210
831.425
831.640	1
831.855
832.070
832.295
832.520	1
832.735
832.950
833.165
833.380	1
833.585
833.790
834.010
834.230	1
834.445
834.660
834.880
835.100	1
835.320
835.540
835.755
835.970	1
836.195
836.420
836.645
836.870	1
837.090
837.310
837.530
837.750	1
837.960
838.170
838.395
838.620	1
838.840
839.060
839.275
839.490	1
839.710
839.930
840.145
840.360	1
840.585
840.810
841.020
841.230	1
841.445
841.660
841.875
842.090	1
842.305
842.520
842.755
842.990	1
843.210
843.430
843.660
843.890	1
844.110
844.330
844.545
844.760	1
844.975
845.190
845.420
845.650	1
845.860
846.070
846.295
846.520	1
846.735
846.950
847.170
847.390	1
847.615
847.840
848.055
848.270	1
848.500
848.730
848.945
849.160	1
849.370
849.580
849.790
850.000	1
