0.100
0.520
0.950
1.380
1.830
2.250
2.710
3.150
3.570
4.000
4.420
4.830
5.240
5.680
6.100
6.550
7.020
7.470
7.910
8.330
8.760
9.160
9.600
10.000
10.440
10.840
11.270
11.680
12.100
12.500
12.930
13.330
13.750
14.140
14.570
14.980
15.390
15.800
16.200
16.600
17.030
17.420
17.850
18.260
18.670
19.060
19.470
19.880
20.310
20.700
21.120
21.520
21.940
22.330
22.750
23.130
23.550
23.930
24.360
24.760
25.180
25.570
25.980
26.390
26.800
27.210
27.640
28.020
28.440
28.840
29.220
29.650
30.070
30.480
30.910
31.310
31.740
32.190
32.630
33.060
33.500
33.910
34.340
34.750
35.190
35.580
36.000
36.400
36.820
37.240
37.680
38.080
38.520
38.920
39.340
39.760
40.180
40.600
41.040
41.460
41.880
42.270
42.700
43.090
43.510
43.910
44.350
44.760
45.180
45.570
45.990
46.400
46.820
47.220
47.650
48.070
48.500
48.900
49.320
49.750
50.170
50.580
51.000
51.400
51.830
52.230
52.660
53.070
53.490
53.890
54.320
54.710
55.140
55.530
55.940
56.350
56.760
57.170
57.600
58.000
58.410
58.850
59.280
59.700
60.120
60.550
61.000
61.420
61.840
62.250
62.680
63.090
63.530
63.920
64.350
64.750
65.170
65.560
65.970
66.380
66.800
67.200
67.610
68.030
68.450
68.850
69.250
69.680
70.100
70.510
70.930
71.330
71.760
72.150
72.580
72.990
73.400
73.800
74.210
74.610
75.030
75.430
75.860
76.250
76.680
77.070
77.480
77.890
78.290
78.680
79.090
79.490
79.920
80.310
80.740
81.140
81.560
81.950
82.360
82.760
83.170
83.560
83.970
84.380
84.800
85.190
85.610
86.010
86.440
86.830
87.250
87.640
88.060
88.440
88.870
89.260
89.690
90.070
90.490
90.870
91.290
91.680
92.100
92.500
92.920
93.330
93.750
94.140
94.560
94.950
95.370
95.760
96.180
96.580
96.980
97.400
97.830
98.260
98.690
99.130
99.540
99.980
100.390
100.810
101.240
101.660
102.090
102.500
102.930
103.340
103.770
104.180
104.610
105.030
105.450
105.860
106.280
106.690
107.130
107.540
107.980
108.400
108.830
109.250
109.700
110.100
110.530
110.950
111.380
111.790
112.230
112.650
113.100
113.510
113.960
114.380
114.820
115.230
115.660
116.070
116.520
116.930
117.370
117.790
118.230
118.660
119.090
119.520
119.950
120.370
120.800
121.230
121.670
122.110
122.510
122.930
123.340
123.740
124.170
124.580
125.010
125.420
125.870
126.280
126.720
127.140
127.570
127.990
128.430
128.840
129.290
129.710
130.140
130.570
131.010
131.440
131.870
132.300
132.730
133.150
133.570
134.000
134.430
134.860
135.290
135.720
136.150
136.580
137.010
137.430
137.860
138.270
138.680
139.100
139.540
139.970
140.390
140.820
141.270
141.680
142.130
142.550
142.970
143.400
143.830
144.270
144.720
145.140
145.590
146.010
146.450
146.870
147.300
147.720
148.150
148.580
149.020
149.460
149.920
150.350
150.790
151.210
151.640
152.050
152.450
152.850
153.270
153.690
154.100
154.540
155.000
155.410
155.850
156.280
156.720
157.140
157.570
158.010
158.470
158.900
159.340
159.760
160.190
160.610
161.030
161.450
161.890
162.310
162.750
163.170
163.580
164.010
164.430
164.870
165.290
165.720
166.160
166.580
167.000
167.420
167.840
168.260
168.710
169.130
169.570
169.990
170.410
170.840
171.290
171.710
172.150
172.580
173.010
173.440
173.870
174.300
174.740
175.190
175.620
176.040
176.480
176.920
177.350
177.770
178.210
178.620
179.060
179.480
179.910
180.320
180.750
181.180
181.610
182.030
182.460
182.890
183.340
183.770
184.210
184.640
185.080
185.510
185.950
186.360
186.810
187.220
187.670
188.090
188.530
188.950
189.390
189.800
190.240
190.680
191.110
191.530
191.950
192.360
192.790
193.210
193.620
194.060
194.490
194.920
195.340
195.740
196.180
196.590
197.040
197.450
197.890
198.330
198.790
199.210
199.660
200.070
200.510
200.930
201.370
201.810
202.240
202.670
203.120
203.540
204.000
204.420
204.880
205.300
205.750
206.180
206.630
207.070
207.520
207.950
208.370
208.780
209.220
209.640
210.070
210.510
210.960
211.390
211.840
212.260
212.720
213.150
213.600
214.020
214.460
214.900
215.340
215.770
216.180
216.610
217.040
217.470
217.900
218.340
218.780
219.200
219.650
220.090
220.530
220.970
221.420
221.850
222.260
222.710
223.130
223.550
223.980
224.420
224.850
225.290
225.720
226.140
226.560
227.010
227.440
227.860
228.290
228.710
229.140
229.570
229.990
230.410
230.850
231.280
231.710
232.140
232.580
233.000
233.440
233.880
234.320
234.740
235.190
235.620
236.070
236.490
236.940
237.370
237.800
238.240
238.690
239.110
239.560
239.980
240.430
240.850
241.310
241.750
242.190
242.610
243.070
243.490
243.930
244.370
244.830
245.240
245.680
246.090
246.530
246.950
247.370
247.780
248.220
248.630
249.080
249.490
249.940
250.360
250.800
251.220
251.670
252.100
252.550
252.970
253.410
253.820
254.250
254.680
255.130
255.540
255.990
256.410
256.830
257.270
257.710
258.130
258.590
259.010
259.450
259.880
260.300
260.730
261.190
261.620
262.060
262.480
262.920
263.350
263.790
264.200
264.640
265.060
265.520
265.940
266.400
266.820
267.260
267.690
268.140
268.570
269.010
269.440
269.890
270.320
270.770
271.200
271.640
272.090
272.540
272.960
273.420
273.860
274.300
274.730
275.170
275.600
276.050
276.470
276.920
277.340
277.770
278.210
278.650
279.100
279.540
279.980
280.420
280.860
281.300
281.730
282.180
282.600
283.060
283.480
283.930
284.360
284.810
285.240
285.690
286.120
286.580
287.010
287.450
287.880
288.330
288.750
289.180
289.600
290.030
290.440
290.870
291.280
291.710
292.120
292.560
292.970
293.400
293.840
294.280
294.710
295.120
295.530
295.940
296.350
296.770
297.180
297.620
298.020
298.460
298.860
299.290
299.700
300.120
300.540
300.970
301.370
301.800
302.210
302.630
303.030
303.460
303.890
304.300
304.710
305.140
305.550
305.970
306.400
306.820
307.230
307.660
308.080
308.500
308.910
309.340
309.750
310.170
310.590
311.020
311.430
311.870
312.290
312.710
313.100
313.520
313.940
314.370
314.770
315.210
315.610
316.050
316.450
316.870
317.290
317.720
318.140
318.570
319.010
319.450
319.880
320.300
320.720
321.150
321.580
321.990
322.380
322.800
323.200
323.610
324.020
324.450
324.840
325.260
325.670
326.090
326.490
326.930
327.340
327.760
328.160
328.570
328.990
329.410
329.830
330.270
330.690
331.110
331.520
331.920
332.320
332.730
333.140
333.570
333.960
334.390
334.790
335.210
335.610
336.050
336.450
336.880
337.300
337.730
338.150
338.570
338.970
339.380
339.800
340.230
340.630
341.060
341.460
341.890
342.280
342.710
343.110
343.540
343.950
344.360
344.790
345.230
345.660
346.090
346.500
346.920
347.340
347.760
348.160
348.590
348.980
349.400
349.820
350.250
350.650
351.070
351.490
351.920
352.340
352.760
353.170
353.580
353.980
354.390
354.800
355.220
355.610
356.040
356.430
356.840
357.260
357.670
358.100
358.510
358.930
359.360
359.780
360.200
360.600
361.020
361.420
361.850
362.250
362.670
363.050
363.470
363.860
364.280
364.670
365.090
365.490
365.920
366.310
366.720
367.130
367.550
367.960
368.380
368.780
369.200
369.600
370.020
370.430
370.830
371.250
371.680
372.080
372.500
372.920
373.330
373.730
374.170
374.580
375.010
375.420
375.840
376.250
376.660
377.070
377.480
377.880
378.310
378.700
379.110
379.520
379.930
380.350
380.780
381.180
381.600
382.010
382.430
382.820
383.230
383.650
384.080
384.490
384.920
385.320
385.750
386.150
386.570
386.970
387.380
387.780
388.220
388.640
389.060
389.480
389.900
390.300
390.720
391.150
391.560
391.980
392.420
392.830
393.260
393.660
394.080
394.510
394.940
395.350
395.790
396.220
396.680
397.120
397.560
397.970
398.370
398.790
399.180
399.600
