0.840	1
1.220
1.600
1.990
2.380	1
2.750
3.140
3.510
3.870	1
4.230
4.600
4.960
5.330	1
5.690
6.060
6.430
6.800	1
7.180
7.540
7.930
8.290	1
8.670
9.040
9.410
9.810	1
10.180
10.530
10.900
11.270	1
11.640
12.020
12.400
12.770	1
13.140
13.500
13.860
14.250	1
14.600
14.970
15.350
15.730	1
16.100
16.470
16.830
17.200	1
17.560
17.930
18.310
18.670	1
19.040
19.410
19.760
20.130	1
20.470
20.850
21.220
21.600	1
21.950
22.330
22.690
23.050	1
23.420
23.790
24.150
24.500	1
24.860
25.220
25.600
25.960	1
26.330
26.700
27.070
27.460	1
27.810
28.200
28.560
28.930	1
29.310
29.670
30.040
30.400	1
30.780
31.140
31.530
31.900	1
32.270
32.630
33.010
33.370	1
33.740
34.110
34.470
34.850	1
35.230
35.590
35.970
36.330	1
36.710
37.080
37.460
37.820	1
38.190
38.560
38.930
39.310	1
39.680
40.060
40.430
40.790	1
41.160
41.540
41.900
42.280	1
42.660
43.030
43.390
43.760	1
44.100
44.480
44.850
45.210	1
45.590
45.960
46.320
46.690	1
47.060
47.430
47.790
48.160	1
48.550
48.920
49.290
49.660	1
50.010
50.380
50.770
51.150	1
51.510
51.890
52.250
52.620	1
53.000
53.370	1
53.740
54.100
54.460
54.840	1
55.210
55.570
55.930
56.260	1
56.610
56.970
57.330
57.660	1
58.010
58.370
58.730
59.080	1
59.450
59.830
60.210
60.560	1
60.930
61.290
61.660
62.030	1
62.400
62.780
63.140
63.490	1
63.860
64.230
64.610
64.970	1
65.340
65.700
66.060
66.420	1
66.780
67.150
67.510
67.880	1
68.230
68.600
68.940
69.310	1
69.670
70.020
70.380
70.760	1
71.120
71.490
71.860
72.210	1
72.590
72.950
73.310
73.670	1
74.030
74.400
74.780
75.150	1
75.520
75.890
76.270
76.640	1
77.000
77.380
77.740
78.120	1
78.490
78.850
79.210
79.570	1
79.950
80.310
80.690
81.060	1
81.430
81.790
82.150
82.520	1
82.890
83.270
83.630
84.000	1
84.370
84.760
85.120
85.490	1
85.870
86.230
86.600
86.980	1
87.350
87.710
88.090
88.440	1
88.820
89.190
89.540
89.910	1
90.280
90.650
91.030
91.390	1
91.770
92.130
92.510
92.890	1
93.240
93.620
94.000
94.380	1
94.740
95.120
95.490
95.870	1
96.240
96.610
96.980
97.350	1
97.720
98.110
98.470
98.840	1
99.210
99.590
99.980
100.360	1
100.730
101.100
101.480
101.860	1
102.230
102.610
102.980
103.350	1
103.710
104.070
104.450
104.810	1
105.190
105.560
105.930
106.300	1
106.660
107.030
107.400
107.780	1
108.140
108.520
108.880
109.280	1
109.650
110.030
110.390
110.760	1
111.140
111.500
111.860
112.220	1
112.570
112.950
113.320
113.700	1
114.050
114.440
114.810
115.200	1
115.560
115.930
116.310
116.670	1
117.050
117.420
117.790
118.180	1
118.540
118.900
119.260
119.640	1
119.990
120.360
120.730
121.100	1
121.450
121.790
122.130
122.490	1
122.850
123.220
123.600
123.950	1
124.330
124.720
125.110
125.480	1
125.830
126.210
126.590
126.980	1
127.340
127.740
128.100
128.470	1
128.850
129.220
129.600
129.950	1
130.350
130.710
131.110
131.470	1
131.850
132.210
132.590
132.960	1
133.340
133.720
134.090
134.480	1
134.840
135.220
135.580
135.940	1
136.320
136.700
137.090
137.470	1
137.820
138.210
138.570
138.950	1
139.340
139.700
140.090
140.460	1
140.830
141.200
141.570
141.940	1
142.300
142.670
143.040
143.420	1
143.770
144.150
144.530
144.920	1
145.280
145.660
146.040
146.400	1
146.780
147.160
147.520
147.910	1
148.290
148.670
149.040
149.410	1
149.770
150.150
150.540
150.910	1
151.290
151.680
152.050
152.430	1
152.820
153.190	1
153.570
153.930
154.290
154.660	1
155.010
155.380
155.740
156.100	1
156.440
156.800
157.160
157.530	1
