0.330
0.810
1.330
1.790
2.290
2.820
3.300
3.760
4.220
4.710
5.170
5.650
6.150
6.630
7.110
7.590
8.050
8.530
9.040
9.520
10.030
10.500
11.010
11.470
12.000
12.500
13.000
13.470
13.990
14.500
14.980
15.460
15.940
16.400
16.880
17.370
17.860
18.350
18.860
19.330
19.830
20.310
20.830
21.350
21.850
22.350
22.840
23.340
23.860
24.360
24.870
25.340
25.860
26.350
26.820
27.340
27.810
28.300
28.820
29.310
29.850
30.350
30.870
31.430
31.950
32.440
32.960
33.490
34.000
34.480
35.010
35.510
36.050
36.580
37.120
37.620
38.140
38.650
39.190
39.710
40.210
40.710
41.240
41.760
42.260
42.770
43.290
43.800
44.290
44.790
45.320
45.820
46.320
46.860
47.370
47.860
48.320
48.850
49.350
49.860
50.400
50.950
51.510
52.090
52.600
53.100
53.580
54.090
54.590
55.090
55.590
56.080
56.590
57.090
57.600
58.100
58.580
59.090
59.610
60.100
60.600
61.090
61.600
62.110
62.590
63.090
63.590
64.080
64.570
65.070
65.550
66.060
66.550
67.060
67.560
68.060
68.560
69.070
69.580
70.070
70.560
71.060
71.590
72.090
72.580
73.080
73.580
74.080
74.580
75.060
75.540
76.060
76.570
77.060
77.560
78.060
78.560
79.070
79.540
80.070
80.560
81.060
81.560
82.070
82.560
83.050
83.550
84.060
84.560
85.060
85.580
86.060
86.580
87.060
87.560
88.060
88.550
89.040
89.540
90.040
90.540
91.040
91.520
92.030
92.540
93.050
93.540
94.040
94.520
95.050
95.540
96.040
96.540
97.030
97.550
98.050
98.560
99.080
99.580
100.090
100.580
101.090
101.570
102.090
102.600
103.090
103.620
104.120
104.640
105.140
105.660
106.170
106.670
107.180
107.680
108.170
108.690
109.180
109.690
110.200
110.700
111.220
111.750
112.250
112.750
113.250
113.770
114.260
114.750
115.260
115.790
116.270
116.780
117.280
117.790
118.290
118.800
119.310
119.820
120.320
120.820
121.420
121.980
122.530
123.110
123.630
124.140
124.610
125.110
125.620
126.110
126.630
127.150
127.630
128.150
128.660
129.150
129.650
130.150
130.680
131.190
131.680
132.190
132.680
133.170
133.670
134.200
134.690
135.210
135.730
136.220
136.750
137.230
137.750
138.250
138.730
139.250
139.740
140.210
140.730
141.200
141.730
142.220
142.700
143.230
143.710
144.230
144.710
145.210
145.720
146.210
146.730
147.240
147.740
148.240
148.750
149.280
149.760
150.280
150.810
151.310
151.800
152.330
152.820
153.320
153.830
154.360
154.840
155.360
155.850
156.370
156.850
157.370
157.860
158.380
158.880
159.390
159.880
160.390
160.890
161.380
161.890
162.390
162.880
163.370
163.900
164.390
164.860
165.360
165.840
166.370
166.850
167.310
167.790
168.280
168.750
169.260
169.780
170.280
170.780
171.290
171.790
172.290
172.800
173.270
173.770
174.340
174.880
175.380
175.900
176.380
176.880
177.380
177.880
178.400
178.890
179.400
179.880
180.380
180.880
181.370
181.870
182.390
182.880
183.410
183.900
184.390
184.900
185.390
185.890
186.390
186.900
187.390
187.910
188.390
188.880
189.380
189.890
190.390
190.870
191.370
191.870
192.360
192.870
193.370
193.850
194.380
194.880
195.380
195.870
196.370
196.860
197.350
197.880
198.370
198.860
199.370
199.880
200.400
200.880
201.390
201.870
202.370
202.870
203.360
203.860
204.330
204.830
205.310
205.810
206.310
206.810
207.320
207.810
208.300
208.800
209.320
209.820
210.320
210.790
211.310
211.820
212.330
212.850
213.380
213.950
214.550
215.050
215.550
216.050
216.560
217.050
217.550
218.040
218.540
219.030
219.540
220.040
220.550
221.030
221.530
222.040
222.530
223.030
223.530
224.040
224.540
225.020
225.540
226.040
226.530
227.050
227.560
228.080
228.590
229.080
229.610
230.100
230.640
231.140
231.640
232.160
232.650
233.140
233.650
234.140
234.630
235.130
235.640
236.130
236.650
237.150
237.630
238.150
238.640
239.140
239.630
240.130
240.640
241.130
241.630
242.120
242.620
243.130
243.630
244.150
244.630
245.130
245.640
246.140
246.630
247.140
247.650
248.130
248.640
249.160
249.650
250.170
250.680
251.180
251.690
252.180
252.670
253.170
253.680
254.180
254.690
255.190
255.660
256.150
256.670
257.160
257.640
258.140
258.620
259.140
259.620
260.130
260.640
261.140
261.650
262.160
262.640
263.160
263.650
264.140
264.630
265.140
265.650
266.140
266.630
267.120
267.620
268.130
268.640
269.140
269.640
270.150
270.660
271.160
271.660
272.140
272.650
273.150
273.660
274.150
274.660
275.160
275.660
276.160
276.660
277.160
277.670
278.170
278.670
279.170
279.680
280.180
280.690
281.190
281.680
282.180
282.680
283.170
283.680
284.180
284.680
285.160
285.680
286.180
286.670
287.170
287.670
288.160
288.650
289.150
289.640
290.140
290.640
291.130
291.640
292.150
292.640
293.150
293.640
294.150
294.640
295.130
295.610
296.110
296.640
297.130
297.620
298.120
298.620
299.130
299.630
300.130
300.630
301.130
301.620
302.130
302.640
303.130
303.630
304.140
304.640
305.140
305.660
306.150
306.660
307.160
307.660
308.150
308.640
309.140
309.660
310.160
310.650
311.170
311.680
312.160
312.680
313.180
313.660
314.160
314.670
315.150
315.670
316.160
316.640
317.170
317.650
318.150
318.630
319.110
319.630
320.150
320.630
321.150
321.660
322.160
322.660
323.160
323.650
324.150
324.650
325.160
325.680
326.190
326.690
327.190
327.700
328.190
328.700
329.210
329.710
330.210
330.720
331.210
331.730
332.210
332.730
333.220
333.710
334.220
334.720
335.210
335.720
336.210
336.710
337.210
337.710
338.200
338.710
339.220
339.720
340.220
340.720
341.220
341.720
342.230
342.710
343.210
343.720
344.220
344.720
345.200
345.710
346.210
346.720
347.210
347.700
348.220
348.720
349.220
349.710
350.230
350.730
351.220
351.740
352.240
352.770
353.250
353.760
354.260
354.760
355.280
355.780
356.270
356.780
357.270
357.790
358.290
358.810
359.300
359.840
360.350
360.880
361.380
361.880
362.370
362.840
363.350
363.820
364.340
364.830
365.320
365.820
366.320
366.840
367.330
367.830
368.320
368.830
369.320
369.810
370.350
370.830
371.340
371.840
372.340
372.850
373.340
373.850
374.340
374.820
375.330
375.820
376.320
376.810
377.300
377.800
378.260
378.780
379.280
379.770
380.280
380.760
381.270
381.770
382.260
382.730
383.240
383.760
384.260
384.740
385.250
385.760
386.270
386.750
387.280
387.780
388.300
388.800
389.310
389.810
390.320
390.850
391.330
391.830
392.340
392.830
393.350
393.840
394.340
394.850
395.360
395.840
396.370
396.870
397.360
397.870
398.340
398.850
399.340
399.870
400.360
400.860
401.340
401.870
402.360
402.860
403.350
403.850
404.340
404.840
405.360
405.860
406.360
406.850
407.370
407.860
408.360
408.860
409.380
409.870
410.480
411.100
411.820
412.570
413.300
414.060
414.790
415.540
416.300
417.020
417.790
418.550
419.300
420.010
420.750
421.520
422.260
422.990
423.660
424.410
425.080
425.800
426.550
427.300
428.020
428.750
429.500
430.250
430.980
431.720
432.460
433.230
434.010
434.760
435.460
436.220
436.940
437.700
438.460
439.230
440.000
440.760
441.520
442.280
443.060
443.880
444.650
445.370
446.140
446.870
447.640
448.410
449.170
449.930
450.660
451.320
452.040
452.740
453.430
454.110
454.770
455.500
456.220
456.900
457.680
458.410
459.150
459.910
460.610
461.360
462.130
462.900
463.710
464.480
