0.290
0.630
0.960
1.290
1.640
1.960
2.300
2.640
2.990
3.320
3.660
3.990
4.300
4.630
4.960
5.300
5.620
5.960
6.300
6.630
6.970
7.300
7.640
7.980
8.320
8.650
8.990
9.330
9.670
10.010
10.340
10.680
11.020
11.350
11.690
12.030
12.360
12.700
13.050
13.390
13.730
14.070
14.400
14.730
15.060
15.390
15.720
16.060
16.390
16.720
17.040
17.370
17.710
18.040
18.370
18.700
19.020
19.350
19.680
20.010
20.340
20.660
21.000
21.330
21.670
22.000
22.340
22.670
23.010
23.340
23.690
24.030
24.380
24.710
25.050
25.380
25.730
26.070
26.410
26.740
27.090
27.420
27.770
28.110
28.450
28.780
29.130
29.480
29.820
30.160
30.510
30.850
31.190
31.530
31.880
32.220
32.570
32.920
33.260
33.600
33.940
34.280
34.620
34.960
35.310
35.650
35.990
36.330
36.680
37.020
37.360
37.710
38.060
38.400
38.750
39.080
39.420
39.760
40.110
40.450
40.790
41.130
41.470
41.810
42.160
42.490
42.830
43.160
43.510
43.840
44.190
44.530
44.870
45.200
45.550
45.880
46.230
46.560
46.900
47.240
47.580
47.920
48.270
48.620
48.970
49.310
49.660
50.010
50.340
50.690
51.030
51.380
51.720
52.060
52.410
52.750
53.100
53.450
53.780
54.120
54.470
54.810
55.160
55.500
55.850
56.190
56.530
56.870
57.220
57.560
57.900
58.240
58.580
58.920
59.270
59.610
59.960
60.300
60.640
60.990
61.320
61.660
62.000
62.340
62.680
63.020
63.360
63.710
64.060
64.400
64.740
65.090
65.440
65.780
66.120
66.460
66.800
67.150
67.500
67.830
68.180
68.520
68.860
69.200
69.550
69.890
70.250
70.590
70.940
71.280
71.630
71.970
72.320
72.670
73.030
73.370
73.720
74.070
74.420
74.760
75.120
75.460
75.800
76.160
76.500
76.850
77.200
77.540
77.890
78.230
78.570
78.920
79.270
79.620
79.970
80.310
80.660
81.010
81.360
81.710
82.050
82.400
82.750
83.100
83.440
83.780
84.130
84.460
84.800
85.150
85.500
85.840
86.180
86.530
86.880
87.230
87.590
87.940
88.290
88.630
88.970
89.300
89.640
89.990
90.350
90.690
91.040
91.370
91.700
92.050
92.410
92.760
93.110
93.470
93.820
