0.090
0.370
0.670
0.960
1.240
1.540
1.830
2.110
2.410
2.690
2.980
3.280
3.580
3.930
4.250
4.580
4.920
5.260
5.600
5.930
6.260
6.600
6.940
7.300
7.630
7.980
8.320
8.660
8.990
9.330
9.690
10.040
10.380
10.720
11.060
11.400
11.740
12.070
12.420
12.750
13.070
13.400
13.740
14.080
14.400
14.740
15.070
15.420
15.740
16.070
16.410
16.740
17.080
17.430
17.750
18.100
18.430
18.760
19.090
19.440
19.750
20.090
20.430
20.740
21.090
21.410
21.750
22.080
22.390
22.730
23.070
23.420
23.750
24.110
24.450
24.780
25.100
25.430
25.770
26.090
26.410
26.750
27.090
27.430
27.750
28.090
28.430
28.770
29.090
29.420
29.760
30.100
30.440
30.780
31.100
31.430
31.760
32.110
32.430
32.780
33.110
33.460
33.780
34.110
34.450
34.780
35.120
35.460
35.780
36.130
36.440
36.780
37.110
37.440
37.770
38.100
38.420
38.760
39.080
39.430
39.760
40.090
40.410
40.730
41.060
41.390
41.730
42.060
42.390
42.710
43.040
43.380
43.700
44.030
44.370
44.710
45.030
45.380
45.700
46.040
46.360
46.700
47.030
47.370
47.690
48.010
48.340
48.680
49.000
49.330
49.670
50.000
50.320
50.660
50.990
51.330
51.660
51.990
52.310
52.640
52.970
53.290
53.620
53.940
54.260
54.580
54.920
55.250
55.570
55.910
56.230
56.550
56.890
57.220
57.540
57.880
58.190
58.520
58.850
59.180
59.520
59.850
60.160
60.490
60.830
61.150
61.480
61.820
62.140
62.470
62.800
63.130
63.440
63.770
64.100
64.430
64.760
65.080
65.410
65.730
66.070
66.390
66.730
67.060
67.370
67.700
68.010
68.360
68.680
69.010
69.330
69.640
69.960
70.280
70.610
70.930
71.250
71.570
71.900
72.220
72.560
72.880
73.210
73.540
73.860
74.190
74.500
74.820
75.150
75.470
75.790
76.120
76.440
76.770
77.100
77.410
77.730
78.060
78.370
78.690
79.010
79.330
79.650
79.970
80.290
80.610
80.930
81.260
81.580
81.900
82.230
82.560
82.890
83.220
83.530
83.860
84.190
84.510
84.840
85.180
85.490
85.820
86.140
86.470
86.790
87.100
87.430
87.750
88.060
88.390
88.700
89.020
89.340
89.670
89.990
90.330
90.650
90.980
91.300
91.640
91.960
92.280
92.610
92.930
93.260
93.580
93.900
94.230
94.550
94.860
95.180
95.500
95.830
96.140
96.460
96.780
97.100
97.420
97.730
98.050
98.360
98.690
99.010
99.330
99.640
99.960
100.280
100.600
100.920
101.240
101.540
101.860
102.170
102.500
102.810
103.130
103.450
103.770
104.070
104.390
104.710
105.030
105.360
105.690
106.010
106.340
106.670
107.000
107.330
107.660
107.980
108.310
108.630
108.950
109.280
109.600
109.920
110.240
110.570
110.900
111.220
111.550
111.860
112.180
112.510
112.840
113.180
113.490
113.820
114.140
114.460
114.780
115.100
115.430
115.740
116.070
116.390
116.710
117.030
117.350
117.670
118.000
118.330
118.650
118.970
119.280
119.600
119.930
120.250
120.560
120.880
121.210
121.530
121.850
122.160
122.490
122.830
123.140
123.470
123.800
124.120
124.450
124.770
125.100
125.440
125.760
126.070
126.390
126.710
127.030
127.360
127.700
128.010
128.330
128.650
128.970
129.290
129.630
129.960
130.280
130.600
130.920
131.230
131.550
131.870
132.190
132.510
132.840
133.160
133.500
133.820
134.140
134.460
134.780
135.100
135.420
135.730
136.050
136.370
136.690
137.010
137.330
137.650
137.970
138.290
138.620
138.940
139.270
139.590
139.910
140.230
140.560
140.880
141.200
141.510
141.830
142.150
142.470
142.800
143.120
143.430
143.750
144.070
144.400
144.710
145.030
145.350
145.680
145.990
146.320
146.650
146.990
147.310
147.640
147.960
148.300
148.620
148.950
149.270
149.590
149.900
150.220
150.540
150.870
151.190
151.530
151.840
152.180
152.510
152.840
153.150
153.480
153.800
154.120
154.430
154.760
155.080
155.390
155.720
156.040
156.360
156.680
157.000
157.320
157.640
157.960
158.280
158.590
158.910
159.240
159.550
159.870
160.200
160.520
160.850
161.170
161.510
161.830
162.150
162.470
162.790
163.110
163.430
163.760
164.080
164.400
164.740
165.050
165.380
165.710
166.030
166.350
166.670
167.000
167.320
167.640
167.970
168.290
168.620
168.960
169.290
169.610
169.940
170.280
170.590
170.920
171.240
171.560
171.880
172.210
172.540
172.870
173.220
173.540
173.870
174.190
174.510
174.830
175.150
175.480
175.800
176.130
176.450
176.780
177.100
177.420
177.750
178.070
178.380
178.700
179.020
179.350
179.670
179.980
180.300
180.620
180.950
181.260
181.580
181.900
182.220
182.540
182.860
183.190
183.510
183.850
184.160
184.490
184.810
185.130
185.460
185.780
186.090
186.420
186.740
187.060
187.380
187.690
188.020
188.340
188.660
188.990
189.300
189.640
189.960
190.290
190.600
190.930
191.240
191.560
191.880
192.200
192.530
192.850
193.170
193.490
193.810
194.150
194.470
194.800
195.120
195.460
195.780
196.110
196.420
196.750
197.060
197.380
197.700
198.020
198.340
198.680
199.000
199.330
199.640
199.970
200.290
200.610
200.920
201.250
201.570
201.880
202.200
202.530
202.860
203.180
203.500
203.830
204.140
204.460
204.790
205.110
205.430
205.750
206.070
206.390
206.700
207.030
207.340
207.670
207.980
208.300
208.620
208.950
209.260
209.580
209.910
210.220
210.540
210.870
211.190
211.510
211.830
212.160
212.480
212.800
213.140
213.470
213.790
214.120
214.440
214.770
215.080
215.410
215.720
216.050
216.380
216.710
217.030
217.370
217.690
218.020
218.330
218.650
218.970
219.300
219.610
219.940
220.260
220.590
220.910
221.250
221.570
221.890
222.210
222.530
222.850
223.170
223.490
223.820
224.130
224.460
224.770
225.090
225.410
225.730
226.050
226.380
226.690
227.020
227.320
227.640
227.950
228.270
228.600
228.920
229.230
229.560
229.870
230.200
230.510
230.830
231.150
231.470
231.780
232.100
232.400
232.720
233.030
233.350
233.660
233.990
234.300
234.620
234.950
235.270
235.590
235.930
236.270
236.590
236.920
237.250
237.570
237.900
238.230
238.550
238.880
239.200
239.510
239.850
240.170
240.500
240.830
241.170
241.490
241.810
242.130
242.460
242.770
243.090
243.410
243.750
244.080
244.410
244.730
245.080
245.390
245.720
246.030
246.350
246.670
246.990
247.320
247.640
247.950
248.270
248.590
248.920
249.230
249.560
249.870
250.200
250.510
250.830
251.150
251.450
251.770
252.090
252.410
252.730
253.050
253.380
253.690
254.010
254.330
254.660
254.970
255.300
255.620
255.930
256.250
256.570
256.900
257.220
257.540
257.850
258.160
258.480
258.790
259.120
259.440
259.780
260.100
260.420
260.740
261.060
261.360
261.680
261.990
262.310
262.620
262.950
263.270
263.590
263.910
264.230
264.550
264.870
265.170
265.480
265.790
266.110
266.420
266.740
267.050
267.380
267.690
268.000
268.320
268.620
268.940
269.250
269.570
269.900
270.220
270.540
270.860
271.180
271.490
271.820
272.140
272.450
272.770
273.090
273.410
273.720
274.030
274.350
274.650
274.970
275.270
275.590
275.910
276.230
276.550
276.870
277.190
277.510
277.820
278.140
278.460
278.780
279.080
279.400
279.700
280.020
280.340
280.660
280.970
281.300
281.620
281.940
282.250
282.580
282.890
283.210
283.520
283.830
284.140
284.460
284.770
285.080
285.390
285.700
286.010
286.310
286.620
286.930
287.250
287.570
287.880
288.210
288.520
288.850
289.170
289.490
289.820
290.130
290.470
290.810
291.120
291.450
291.780
292.090
292.410
292.740
293.050
293.370
293.680
294.000
294.300
294.620
294.950
295.270
295.580
295.900
296.220
296.550
296.850
297.160
297.480
297.800
298.120
298.450
298.770
299.090
299.400
299.730
300.040
300.360
300.680
301.020
301.340
301.680
302.010
302.330
302.660
302.980
303.290
303.610
303.930
304.250
304.580
304.910
305.240
305.560
305.880
306.210
306.530
306.850
307.170
307.490
307.810
308.120
308.440
308.770
309.080
309.400
309.720
310.050
310.360
310.690
311.010
311.330
311.650
311.970
312.280
312.610
312.910
313.220
313.540
313.850
314.170
314.490
314.810
315.140
315.460
315.780
316.100
316.420
316.740
317.060
317.370
317.690
318.020
318.340
318.660
318.980
319.300
319.610
319.930
320.250
320.560
320.880
321.190
321.510
321.820
322.150
322.470
322.770
323.090
323.400
323.710
324.010
324.340
324.680
325.000
325.320
325.640
325.960
326.270
326.600
326.910
327.240
327.550
327.870
328.210
328.530
328.870
329.190
329.520
329.860
330.170
330.500
330.820
331.140
331.460
331.790
332.110
332.430
332.760
333.090
333.410
333.740
334.060
334.380
334.700
335.020
335.350
335.670
335.990
336.310
336.630
336.950
337.280
337.600
337.930
338.250
338.570
338.880
339.180
339.500
339.810
340.130
340.450
340.770
341.080
341.400
341.720
342.040
342.370
342.690
343.010
343.330
343.640
343.960
344.280
344.610
344.930
345.250
345.570
345.880
346.200
346.510
346.830
347.140
347.460
347.780
348.100
348.430
348.750
349.060
349.370
349.690
349.990
350.310
350.610
350.930
351.240
351.550
351.860
352.180
352.500
352.820
353.130
353.460
353.780
354.100
354.420
354.740
355.050
355.380
355.700
356.010
356.330
356.660
356.960
357.280
357.580
357.900
358.220
358.540
358.860
359.170
359.490
359.810
360.130
360.450
360.770
361.070
361.390
361.700
362.010
362.310
362.630
362.960
363.270
363.600
363.920
364.240
364.550
364.870
365.190
365.520
365.830
366.160
366.470
366.770
367.090
367.400
367.720
368.040
368.350
368.670
368.990
369.310
369.630
369.960
370.270
370.590
370.890
371.220
371.540
371.850
372.180
372.490
372.820
373.140
373.450
373.770
374.090
374.420
374.730
375.050
375.380
375.690
376.010
376.340
376.660
376.990
377.310
377.640
377.960
378.270
378.590
378.920
379.240
379.560
379.870
380.200
380.510
380.820
381.130
381.460
381.770
382.090
382.410
382.730
383.050
383.380
383.700
384.020
384.340
384.640
384.960
385.270
385.590
385.920
386.230
386.550
386.880
387.200
387.510
387.830
388.150
388.470
388.790
389.110
389.430
389.740
390.060
390.370
390.680
390.990
391.310
391.620
391.950
392.260
392.560
392.880
393.200
393.510
393.840
394.160
394.480
394.780
395.100
395.420
395.740
396.050
396.380
396.700
397.020
397.330
397.650
397.980
398.300
398.630
398.960
399.290
399.600
399.930
400.260
400.590
400.900
401.230
401.550
401.870
402.180
402.510
402.830
403.150
403.480
403.820
404.140
404.450
404.780
405.110
405.420
405.770
406.090
406.410
406.730
407.050
407.360
407.680
407.980
408.310
408.630
408.950
409.270
409.580
409.900
410.230
410.550
410.850
411.160
411.480
411.790
412.090
412.410
412.730
413.050
413.370
413.700
414.030
414.340
414.670
414.980
415.300
415.620
415.940
416.260
416.590
416.910
417.220
417.540
417.860
418.180
418.500
418.830
419.160
419.480
419.800
420.120
420.450
420.770
421.100
421.420
421.740
422.060
422.380
422.700
423.030
423.330
423.640
423.960
424.270
424.590
424.900
425.230
425.550
425.870
426.180
426.510
426.860
427.190
427.520
427.870
428.230
428.570
428.940
429.290
429.620
429.980
430.300
430.630
430.960
431.300
431.630
431.950
432.270
432.590
432.900
433.220
433.540
433.860
434.180
434.500
434.830
435.140
435.460
435.790
436.100
436.430
436.740
437.070
437.380
437.690
438.000
438.310
438.630
438.930
439.250
439.560
439.860
440.170
440.480
