0.490
1.140
1.810
2.490
3.170
3.820
4.510
5.150
5.820
6.470
7.120
7.800
8.460
9.110
9.770
10.430
11.090
11.750
12.390
13.060
13.730
14.400
15.060
15.700
16.370
17.020
17.700
18.370
19.040
19.690
20.360
21.030
21.690
22.370
23.030
23.720
24.380
25.050
25.740
26.410
27.070
27.710
28.380
29.080
29.750
30.400
31.080
31.720
32.400
33.060
33.700
34.370
35.030
35.700
36.330
37.020
37.680
38.330
38.980
39.660
40.320
40.990
41.670
42.340
43.000
43.690
44.340
45.000
45.690
46.330
46.990
47.640
48.310
48.960
49.610
50.270
50.930
51.590
52.230
52.870
53.550
54.200
54.850
55.500
56.150
56.800
57.440
58.110
58.760
59.420
60.080
60.720
61.360
62.050
62.680
63.350
63.990
64.640
65.310
65.980
66.650
67.310
68.000
68.670
69.300
69.960
70.610
71.270
71.920
72.590
73.210
73.890
74.530
75.190
75.870
76.550
77.190
77.870
78.490
79.170
79.850
80.520
81.180
81.870
82.540
83.210
83.910
84.550
85.210
85.860
86.570
87.200
87.860
88.520
89.210
89.840
90.520
91.180
91.880
92.520
93.180
93.840
94.510
95.170
95.820
96.500
97.180
97.850
98.520
99.180
99.840
100.480
101.130
101.790
102.460
103.100
103.760
104.430
105.080
105.750
106.410
107.060
107.740
108.380
109.050
109.770
110.480
111.150
111.850
112.470
113.140
113.760
114.430
115.080
115.750
116.410
117.070
117.740
118.400
119.040
119.720
120.380
121.050
121.720
122.420
123.090
123.730
124.380
125.080
125.730
126.410
127.070
127.720
128.380
129.050
129.690
130.360
131.040
131.760
132.420
133.080
133.750
134.420
135.110
135.790
136.450
137.120
137.780
138.460
139.120
139.800
140.450
141.130
141.820
142.460
143.140
143.810
144.500
145.150
145.830
146.490
147.170
147.840
148.500
149.160
149.810
150.450
151.140
151.820
152.510
153.170
153.840
154.490
155.130
155.810
156.500
157.150
157.820
158.500
159.190
159.850
160.490
161.170
161.830
162.510
163.150
163.840
164.500
165.180
165.850
166.510
167.170
167.840
168.510
169.180
169.850
170.520
171.180
171.830
172.500
173.190
173.860
174.520
175.220
175.900
176.570
177.250
177.930
178.590
179.280
179.960
180.650
181.330
181.980
182.660
183.360
184.050
184.700
185.370
186.060
186.710
187.370
188.060
188.750
189.400
190.060
190.750
191.410
192.080
192.770
193.460
194.150
194.820
195.480
196.160
196.840
197.490
198.200
198.860
199.540
200.210
200.860
201.540
202.230
202.900
203.580
204.280
204.990
205.640
206.350
206.990
207.680
208.380
209.070
209.730
210.450
211.140
211.790
212.530
213.220
213.900
214.600
215.310
216.030
216.740
217.480
218.240
218.950
219.720
220.440
221.200
221.950
222.690
223.430
224.130
224.890
225.590
226.310
227.080
227.770
