0.450
1.260
2.060
2.810
3.610
4.450
5.210
6.070
6.900
7.700
8.470
9.350
10.180
10.960
11.780
12.580
13.340
14.100
14.870
15.660
16.500
17.300
18.050
18.800
19.560
20.380
21.260
22.080
22.880
23.720
24.500
25.300
26.040
26.840
27.680
28.470
29.270
30.020
30.830
31.630
32.400
33.200
33.970
34.790
35.560
36.370
37.130
37.900
38.730
39.530
40.290
41.130
41.890
42.720
43.530
44.290
45.120
45.930
46.700
47.510
48.290
49.070
49.890
50.680
51.510
52.320
53.130
53.950
54.730
55.590
56.370
57.190
57.980
58.780
59.610
60.400
61.210
62.010
62.790
63.590
64.430
65.250
66.020
66.770
67.600
68.350
69.180
69.990
70.770
71.560
72.360
73.140
73.960
74.790
75.630
76.500
77.310
78.080
78.920
79.710
80.440
81.250
81.990
82.790
83.560
84.440
85.250
86.080
86.870
87.680
88.460
89.260
90.040
90.810
91.540
92.320
93.030
93.800
94.600
95.340
96.150
96.920
97.630
98.390
99.160
99.880
100.640
101.420
102.150
102.940
103.720
104.450
105.250
106.060
106.850
107.600
108.400
109.160
109.980
110.740
111.530
112.290
113.100
113.840
114.550
115.280
116.000
116.770
117.470
118.260
119.100
119.880
120.670
121.500
122.330
123.130
123.910
124.660
125.440
126.300
127.110
127.870
128.610
129.410
130.160
130.930
131.730
132.530
133.340
134.110
134.890
135.570
136.280
136.870
137.510
138.120
138.720
139.350
139.930
140.560
141.150
141.760
142.150
142.540
142.910
143.310
143.690
144.090
144.490
144.880
145.240
145.610
145.990
146.360
146.720
147.080
147.420
147.780
148.160
148.520
148.860
149.240
149.590
150.010
150.410
150.810
151.250
151.650
152.090
152.510
152.900
153.330
153.720
154.130
154.560
154.930
155.320
155.730
156.100
156.490
156.890
157.270
157.680
158.040
158.420
158.800
159.200
159.560
159.930
160.290
160.670
161.030
161.430
161.820
162.210
162.590
162.980
163.370
163.760
164.140
164.530
164.940
165.320
165.700
166.100
166.480
166.860
167.250
167.630
168.010
168.370
168.750
169.130
169.480
169.830
170.190
170.570
170.950
171.320
171.700
172.080
172.480
172.860
173.230
173.610
173.990
174.390
174.770
175.150
175.540
175.950
176.320
176.720
177.090
177.470
177.860
178.230
178.620
178.980
179.380
179.740
180.120
180.500
180.900
181.260
181.630
181.990
182.360
182.740
183.120
183.490
183.860
184.220
184.600
184.950
185.340
185.700
186.090
186.470
186.840
187.230
187.610
187.990
188.350
188.720
189.080
189.460
189.840
190.190
190.560
190.930
191.320
191.710
192.120
192.500
192.880
193.250
193.640
194.010
194.400
194.760
195.120
195.500
195.880
196.280
196.660
197.040
197.400
197.800
198.180
198.560
198.940
199.330
199.740
200.110
200.520
200.880
201.240
201.610
202.000
202.370
202.720
203.100
203.470
203.840
204.300
204.830
205.440
206.030
206.650
207.230
207.880
208.660
209.450
210.220
211.000
211.810
212.550
213.330
214.130
214.860
215.650
216.390
217.170
217.900
218.670
219.420
220.180
220.920
221.720
222.450
223.200
223.990
224.760
225.510
226.270
227.010
227.750
228.460
229.240
229.970
230.760
231.480
232.260
233.000
233.740
234.490
235.250
235.990
236.750
237.490
238.260
239.040
239.840
240.660
241.480
242.220
242.920
243.680
244.400
245.190
245.980
246.720
247.460
248.260
248.980
249.760
250.520
251.260
252.080
252.840
253.630
254.410
255.200
255.980
256.750
257.580
258.340
259.140
259.920
260.710
261.550
262.310
263.150
263.920
264.740
265.530
266.340
267.150
267.980
268.770
269.520
270.280
271.040
271.840
272.600
273.430
274.240
274.960
275.690
276.380
277.130
277.940
278.740
279.490
280.290
281.090
281.940
282.800
283.550
284.370
285.150
285.940
286.740
287.510
288.290
289.090
289.840
290.550
291.320
292.080
292.860
293.670
294.430
295.250
296.000
296.770
297.500
298.300
299.200
299.990
300.770
301.660
302.430
303.230
303.990
304.800
305.570
306.320
307.100
307.900
308.610
309.370
310.170
310.940
311.740
312.480
313.290
314.040
314.850
315.640
316.470
317.250
318.030
318.860
319.720
320.520
321.330
322.180
323.080
