0.430
1.220
2.010
2.810
3.590
4.440
5.250
6.060
6.910
7.720
8.480
9.280
9.910
10.540
11.220
11.840
12.500
13.160
13.820
14.460
15.110
15.750
16.400
17.030
17.710
18.330
18.990
19.610
20.270
20.900
21.570
22.190
22.850
23.480
24.140
24.760
25.400
26.010
26.680
27.300
27.950
28.570
29.240
29.880
30.530
31.170
31.820
32.460
33.110
33.750
34.410
35.020
35.660
36.290
36.940
37.560
38.210
38.840
39.470
40.090
40.740
41.360
42.000
42.630
43.270
43.890
44.560
45.160
45.810
46.440
47.070
47.690
48.320
48.950
49.580
50.200
50.840
51.470
52.110
52.740
53.380
54.010
54.650
55.300
55.940
56.560
57.200
57.810
58.460
59.090
59.720
60.340
60.980
61.610
62.250
62.870
63.520
64.150
64.790
65.410
66.050
66.660
67.300
67.930
68.560
69.190
69.850
70.470
71.090
71.700
72.330
72.940
73.580
74.210
74.820
75.460
76.110
76.740
77.370
77.990
78.630
79.260
79.900
80.520
81.160
81.770
82.400
83.020
83.660
84.280
84.900
85.530
86.180
86.790
87.450
88.060
88.700
89.310
89.940
90.580
91.210
91.840
92.480
93.100
93.760
94.400
95.040
95.670
96.300
96.940
97.570
98.190
98.830
99.450
100.080
100.700
101.330
101.950
102.580
103.210
103.850
104.490
105.130
105.740
106.390
106.990
107.640
108.270
108.910
109.530
110.170
110.790
111.420
112.030
112.670
113.290
113.940
114.580
115.220
115.840
116.480
117.100
117.730
118.360
118.990
119.620
120.270
120.890
121.520
122.130
122.770
123.410
124.070
124.700
125.330
125.950
126.600
127.220
127.860
128.480
129.120
129.740
130.400
131.030
131.660
132.300
132.940
133.590
134.230
134.860
135.500
136.120
136.770
137.410
138.040
138.660
139.290
139.920
140.570
141.180
141.820
142.450
143.100
143.740
144.390
145.030
145.670
146.290
146.920
147.570
148.220
148.830
149.470
150.080
150.720
151.360
151.990
152.610
153.240
153.870
154.520
155.150
155.790
156.400
157.050
157.680
158.290
158.920
159.540
160.150
160.780
161.380
162.000
162.620
163.260
163.870
164.510
165.140
165.770
166.390
167.020
167.610
168.250
168.870
169.460
170.050
170.620
171.170
171.700
172.280
172.820
173.430
174.010
174.610
175.180
175.780
176.380
177.030
177.630
178.270
178.860
179.420
180.040
180.600
181.190
181.810
