0.490
1.140
1.770
2.380
3.010
3.640
4.260
4.880
5.500
6.110
6.730
7.320
7.800
8.310
8.850
9.350
9.840
10.350
10.870
11.390
11.900
12.400
12.870
13.380
13.910
14.420
14.920
15.430
15.940
16.460
16.970
17.490
17.990
18.500
19.010
19.510
20.020
20.490
21.020
21.490
21.990
22.520
22.990
23.490
23.970
24.480
24.950
25.430
25.920
26.420
26.940
27.450
27.930
28.430
28.890
29.390
29.900
30.430
30.920
31.460
31.960
32.480
32.960
33.440
33.960
34.430
34.940
35.430
35.900
36.390
36.860
37.350
37.840
38.330
38.810
39.310
39.790
40.280
40.740
41.220
41.700
42.190
42.680
43.170
43.680
44.170
44.680
45.160
45.630
46.150
46.630
47.110
47.590
48.110
48.660
49.170
49.710
50.230
50.730
51.230
51.690
52.180
52.700
53.160
53.660
54.140
54.660
55.150
55.610
56.120
56.590
57.080
57.590
58.100
58.600
59.070
59.570
60.050
60.570
61.050
61.570
62.060
62.540
63.050
63.540
64.020
64.540
65.010
65.500
66.010
66.490
66.960
67.480
67.960
68.450
68.930
69.420
69.910
70.410
70.880
71.350
71.850
72.320
72.810
73.280
73.780
74.280
74.760
75.240
75.750
76.220
76.700
77.170
77.670
78.170
78.670
79.150
79.620
80.120
80.590
81.090
81.560
82.070
82.540
83.050
83.530
84.030
84.500
84.990
85.510
85.980
86.490
86.990
87.500
87.960
88.450
88.920
89.420
89.900
90.380
90.860
91.340
91.840
92.320
92.840
93.310
93.820
94.310
94.800
95.260
95.750
96.240
96.730
97.230
97.710
98.200
98.720
99.200
99.690
100.170
100.650
101.140
101.650
102.140
102.640
103.160
103.650
104.140
104.650
105.110
105.610
106.100
106.590
107.070
107.590
108.070
108.550
109.060
109.550
110.060
110.580
111.060
111.550
112.060
112.550
113.030
113.510
113.990
114.480
114.990
115.460
115.930
116.410
116.910
117.390
117.860
118.350
118.840
119.320
119.800
120.310
120.800
121.300
121.770
122.250
122.740
123.210
123.680
124.170
124.660
125.120
125.600
126.090
126.550
127.020
127.540
128.010
128.510
128.990
129.510
130.000
130.490
130.980
131.450
131.950
132.450
132.930
133.400
133.860
134.320
134.810
135.260
135.740
136.230
136.720
137.190
137.650
138.130
138.590
139.090
139.580
140.080
140.550
141.050
141.540
142.020
142.490
142.960
143.440
143.920
144.410
144.880
145.370
145.830
146.320
146.790
147.250
147.740
148.210
148.700
149.170
149.640
150.090
150.560
151.040
151.520
151.990
152.440
152.930
153.390
153.850
154.320
154.790
155.270
155.760
156.250
156.720
157.190
157.680
158.170
158.630
159.100
159.580
160.060
160.530
160.990
161.460
161.930
162.400
162.860
163.350
163.820
164.280
164.760
165.230
165.700
166.150
166.640
167.090
167.560
168.030
168.500
168.980
169.440
169.910
170.390
170.860
171.340
171.810
172.270
172.750
173.200
173.670
174.140
174.610
175.080
175.570
176.040
176.510
176.970
177.410
177.880
178.340
178.800
179.250
179.740
180.220
180.690
181.180
181.670
182.150
182.610
183.090
183.590
184.080
184.550
185.050
185.510
186.010
186.470
186.930
187.400
187.890
188.370
188.830
189.310
189.800
190.270
190.760
191.230
191.710
192.210
192.680
193.130
193.620
194.090
194.560
195.060
195.540
196.010
196.490
196.980
197.440
197.920
198.400
198.880
199.340
199.820
200.290
200.740
201.210
201.700
202.160
202.640
203.110
203.560
204.030
204.520
204.980
205.460
205.940
206.430
206.890
207.370
207.870
208.330
208.830
209.290
209.780
210.270
210.770
211.270
211.750
212.230
212.720
213.210
213.660
214.140
214.610
215.130
215.600
216.100
216.560
217.040
217.530
218.000
218.500
218.960
219.450
219.940
220.410
220.860
221.340
221.800
222.290
222.770
223.230
223.710
224.190
224.680
225.160
225.640
226.120
226.610
227.070
227.550
228.030
228.520
229.010
229.460
229.950
230.400
230.880
231.340
231.820
232.320
232.800
233.280
233.740
234.220
234.700
235.200
235.670
236.140
236.620
237.110
237.580
238.080
238.540
239.040
239.520
239.990
240.460
240.950
241.420
241.900
242.390
242.880
243.330
243.800
244.270
244.760
245.230
245.700
246.170
246.650
247.140
247.620
248.070
248.560
249.030
249.480
249.980
250.440
250.930
251.420
251.870
252.360
252.810
253.280
253.770
254.230
254.710
255.190
255.670
256.140
256.640
257.140
257.610
258.110
258.590
259.070
259.560
260.030
260.500
260.980
261.460
261.930
262.410
262.880
263.350
263.800
264.270
264.760
265.240
265.730
266.190
266.650
267.120
267.610
268.060
268.540
269.010
269.460
269.930
270.370
270.840
271.350
271.850
272.340
272.820
273.300
273.760
274.260
274.720
275.200
275.680
276.170
276.650
277.120
277.570
278.060
278.520
278.980
279.470
279.920
280.390
280.870
281.350
281.820
282.310
282.780
283.250
283.730
284.210
284.680
285.160
285.640
286.100
286.560
287.050
287.500
287.980
288.440
288.920
289.400
289.850
290.340
290.810
291.300
291.800
292.270
292.750
293.240
293.720
294.210
294.670
295.140
295.610
296.090
296.540
297.010
297.480
297.940
298.410
298.860
299.350
299.810
300.280
300.740
301.220
301.680
302.170
302.640
303.110
303.570
304.050
304.520
304.970
305.440
305.910
306.390
306.880
307.370
307.830
308.300
308.770
309.250
309.730
310.200
310.660
311.150
311.620
312.090
312.550
313.030
313.480
313.970
314.420
314.910
315.380
315.850
316.300
316.790
317.240
317.720
318.200
318.700
319.170
319.660
320.140
320.610
321.080
321.580
322.060
322.530
323.010
323.490
323.970
324.440
324.920
325.380
325.820
326.300
326.760
327.240
327.740
328.220
328.700
329.160
329.660
330.140
330.600
331.080
331.580
332.050
332.510
332.980
333.470
333.940
334.430
334.910
335.390
335.880
336.360
336.840
337.300
337.790
338.280
338.770
339.240
339.720
340.170
340.660
341.150
341.650
342.150
342.640
343.100
343.600
344.070
344.530
345.010
345.510
345.970
346.470
346.940
347.420
347.900
348.390
348.850
349.330
349.830
350.300
350.770
351.270
351.730
352.210
352.700
353.170
353.650
354.150
354.640
355.140
355.650
356.170
356.710
357.230
357.760
358.240
358.730
359.230
359.760
360.260
360.720
361.230
361.730
362.220
362.690
363.170
363.660
364.150
364.650
365.140
365.640
366.140
366.610
367.090
367.590
368.080
368.560
369.070
369.570
370.050
370.530
371.040
371.540
372.030
372.540
373.020
373.530
374.020
374.500
374.990
375.480
375.970
376.470
376.950
377.440
377.910
378.390
378.890
379.350
379.830
380.320
380.790
381.270
381.760
382.250
382.730
383.210
383.690
384.150
384.650
385.130
385.590
386.080
386.560
387.020
387.490
387.960
388.440
388.910
389.360
389.840
390.310
390.810
391.290
391.770
392.240
392.710
393.180
393.650
394.110
394.570
395.060
395.520
395.990
396.470
396.920
397.390
397.860
398.350
398.810
399.270
399.760
400.210
400.690
401.130
401.600
402.050
402.530
402.970
403.410
403.860
404.320
404.790
405.240
405.710
406.160
406.580
407.020
407.460
407.910
408.340
408.780
409.230
409.670
410.120
410.550
410.980
411.370
411.780
412.210
412.610
413.010
413.440
413.840
414.270
414.690
415.100
415.530
415.870
416.230
416.600
416.950
417.310
417.670
418.050
418.410
418.750
419.110
419.460
419.820
420.130
420.470
420.810
421.140
421.450
421.790
422.140
422.500
422.850
423.180
423.540
423.890
424.250
424.600
424.930
425.290
425.630
426.000
426.410
426.800
427.220
427.600
427.970
428.350
428.720
429.110
429.450
429.820
430.150
430.510
430.890
431.250
431.600
431.970
432.320
432.670
433.050
433.380
433.730
434.090
434.450
434.810
435.170
435.530
435.910
436.270
436.620
436.970
437.300
437.660
438.020
438.350
438.720
439.100
439.480
439.850
440.220
440.610
440.990
441.340
441.710
442.090
442.470
442.820
443.200
443.570
443.950
444.310
444.660
445.010
445.370
445.740
446.090
446.470
446.870
447.230
447.630
448.010
448.370
448.740
449.100
449.480
449.840
450.190
450.560
450.920
451.270
451.650
452.020
452.410
452.790
453.150
453.540
453.920
454.300
454.660
455.040
455.380
455.760
456.110
456.470
456.810
457.160
457.510
457.880
458.230
458.560
458.920
459.270
459.630
459.970
460.300
460.660
460.980
461.340
461.680
462.000
462.360
462.690
463.040
463.380
463.720
464.060
464.400
464.770
465.100
465.480
465.820
466.200
466.540
466.920
467.270
467.620
468.000
468.320
468.640
468.980
469.320
469.650
469.960
470.310
470.660
470.990
471.320
471.680
472.000
472.390
472.760
473.140
473.520
473.900
474.240
474.600
474.930
475.280
475.660
476.030
476.400
476.770
477.120
477.480
477.840
478.160
478.510
478.840
479.200
479.520
479.850
480.180
480.500
480.850
481.170
481.510
481.840
482.190
482.540
482.870
483.240
483.560
483.910
484.260
484.590
484.930
485.280
485.660
486.020
486.370
486.720
487.110
487.480
487.880
488.260
488.640
489.040
489.420
489.810
490.150
490.510
490.890
491.260
491.630
491.980
492.360
492.730
493.100
493.470
493.850
494.220
494.580
494.950
495.310
495.680
496.050
496.430
496.790
497.130
497.480
497.840
498.190
498.530
498.890
499.220
499.590
499.920
500.280
500.630
500.980
501.310
501.650
501.990
502.320
502.630
502.960
503.280
503.600
503.910
504.230
504.570
504.890
505.230
505.570
505.880
506.230
506.580
506.930
507.290
507.690
508.070
508.430
508.810
509.190
509.600
509.970
510.380
510.770
511.140
511.550
511.920
512.310
512.710
513.110
513.480
513.880
514.240
514.630
515.000
515.370
515.710
516.050
516.400
516.760
517.120
517.490
517.870
518.260
518.630
519.010
519.360
519.750
520.110
520.500
520.900
521.280
521.650
522.020
522.400
522.770
523.120
523.480
523.830
524.230
524.630
525.010
525.410
525.800
526.170
526.530
526.920
527.270
527.650
528.030
528.390
528.760
529.090
529.430
529.790
530.130
530.460
530.790
531.170
531.530
531.920
532.260
532.620
533.000
533.320
533.680
534.020
534.350
534.680
535.020
535.370
535.700
536.050
536.420
536.750
537.120
537.470
537.820
538.150
538.520
538.870
539.220
539.600
539.960
540.310
540.680
541.010
541.380
541.730
542.060
542.410
542.770
543.120
543.470
543.830
544.190
544.560
544.900
545.260
545.620
545.970
546.310
546.660
547.030
547.400
547.730
548.090
548.440
548.800
549.150
549.510
549.870
550.210
550.580
550.940
551.280
551.640
551.990
552.330
552.700
553.060
553.410
553.770
554.120
554.490
554.860
555.200
555.580
555.920
556.290
556.640
557.000
557.340
557.710
558.060
558.400
558.740
559.110
559.460
559.820
560.190
560.560
560.910
561.260
561.650
562.000
562.390
562.770
563.180
563.550
563.920
564.280
564.660
565.030
565.390
565.770
566.110
566.450
566.800
567.160
567.540
567.900
568.250
568.600
568.960
569.320
569.700
570.060
570.450
570.810
571.170
571.540
571.890
572.210
572.550
572.910
573.250
573.570
573.880
574.200
574.520
574.860
575.190
575.510
575.860
576.170
576.520
576.830
577.180
577.510
577.870
578.210
578.540
578.900
579.250
579.590
579.970
580.330
580.670
581.020
581.380
581.730
582.060
582.410
582.780
583.120
583.460
583.820
584.160
584.520
584.860
585.210
585.530
585.870
586.220
586.560
586.920
587.280
587.610
587.970
588.320
588.680
589.030
589.370
589.730
590.080
590.420
590.750
591.100
591.450
591.790
592.110
592.450
592.810
593.140
593.490
593.810
594.170
594.500
594.850
595.190
595.520
595.850
596.200
596.530
596.880
597.210
597.520
597.860
598.200
598.520
598.860
599.170
599.510
599.850
600.190
600.520
600.870
601.210
601.550
601.900
602.280
602.630
602.980
603.330
603.700
604.030
604.370
604.700
605.040
605.380
605.740
606.080
606.420
606.750
607.090
607.430
607.760
608.120
608.440
608.780
609.120
609.490
609.850
610.220
610.570
610.940
611.300
611.690
612.060
612.410
612.800
613.150
613.520
613.890
614.220
614.590
614.940
615.280
615.630
616.020
616.390
616.750
617.120
617.490
617.860
618.230
618.600
618.960
619.360
619.740
620.120
620.460
620.780
621.140
621.470
621.800
622.160
622.490
622.820
623.170
623.530
623.900
624.250
624.600
624.970
625.330
625.670
626.010
626.360
626.730
627.070
627.400
627.750
628.090
628.450
628.800
629.140
629.490
629.850
630.210
630.570
630.930
631.290
631.650
632.010
632.350
632.710
633.040
633.400
633.780
634.140
634.500
634.860
635.210
635.560
635.920
636.250
636.610
636.990
637.340
637.710
638.060
638.420
638.770
639.120
639.460
639.800
640.160
640.530
640.890
641.250
641.600
641.950
642.310
642.690
643.050
643.420
643.780
644.150
644.510
644.860
645.230
645.600
645.950
646.290
646.660
647.000
647.340
647.710
648.050
648.390
648.740
649.110
649.440
649.790
650.140
650.510
650.870
651.240
651.600
651.940
652.310
652.670
653.020
653.380
653.740
654.110
654.470
654.830
655.200
655.560
655.910
656.280
656.620
656.990
657.360
657.690
658.060
658.390
658.760
659.090
659.450
659.780
660.130
660.450
660.820
661.160
661.500
661.860
662.220
662.570
662.900
663.260
663.610
663.960
664.320
664.670
665.020
665.360
665.700
666.060
666.420
666.760
667.090
667.420
667.760
668.110
668.470
668.820
669.180
669.530
669.890
670.240
670.610
670.950
671.330
671.670
672.050
672.390
672.740
673.100
673.460
673.800
674.180
674.520
674.880
675.230
675.570
675.910
676.260
676.620
676.980
677.330
677.680
678.010
678.360
678.720
679.080
679.450
679.810
680.160
680.510
680.870
681.220
681.570
681.910
682.250
682.580
682.910
683.280
683.630
683.980
684.310
684.670
685.040
685.410
685.760
686.130
686.470
686.830
687.180
687.530
687.880
688.230
688.580
688.960
689.310
689.670
690.010
690.370
690.730
691.080
691.420
691.770
692.110
692.470
692.820
693.190
693.560
693.920
694.280
694.640
694.980
695.360
695.720
696.070
696.420
696.780
697.150
697.550
697.920
698.310
698.690
699.070
699.440
699.800
700.170
700.550
700.900
701.260
701.630
701.970
702.350
702.720
703.070
703.460
703.810
704.160
704.520
704.890
705.250
705.600
705.970
706.320
706.660
707.020
707.380
707.720
708.070
708.410
708.780
709.110
709.460
709.810
710.150
710.500
710.840
711.180
711.530
711.890
712.240
712.580
712.920
713.280
713.620
713.960
714.300
714.650
714.980
715.330
715.680
716.030
716.360
716.730
717.060
717.410
717.760
718.130
718.460
718.830
719.180
719.510
719.880
720.210
720.580
720.930
721.280
721.630
721.980
722.330
722.670
723.030
723.360
723.730
724.090
724.460
724.820
725.160
725.510
725.860
726.220
726.550
726.920
727.270
727.620
727.970
728.290
728.660
728.990
729.350
729.690
730.040
730.390
730.740
731.100
731.460
731.790
732.140
732.500
732.850
733.230
733.570
733.930
734.310
734.650
735.030
735.390
735.740
736.100
736.460
736.830
737.170
737.530
737.870
738.230
738.570
738.910
739.260
739.630
739.970
740.300
740.650
740.990
741.340
741.660
742.010
742.370
742.700
743.060
743.410
743.760
744.100
744.470
744.810
745.140
745.490
745.830
746.170
746.530
746.880
747.210
747.570
747.910
748.230
748.570
748.930
749.270
749.620
749.950
750.310
750.670
751.020
751.370
751.720
752.080
752.440
752.810
753.160
753.500
753.860
754.210
754.550
754.900
755.260
755.590
755.950
756.300
756.670
757.040
757.420
757.790
758.170
758.530
758.890
759.250
759.600
759.960
760.320
760.670
761.030
761.410
761.770
762.110
762.450
762.790
763.120
763.470
763.800
764.140
764.470
764.820
765.180
765.510
765.870
766.250
766.610
766.950
767.330
767.690
768.050
768.390
768.770
769.120
769.480
769.850
770.210
770.550
770.900
771.240
771.620
771.980
772.330
772.670
772.990
773.350
773.670
774.040
774.380
774.750
775.090
775.470
775.800
776.160
776.500
776.850
777.220
777.560
777.920
778.260
778.620
778.970
779.300
779.670
780.000
780.360
780.700
781.070
781.420
781.770
782.110
782.450
782.800
783.150
783.500
783.850
784.220
784.570
784.920
785.250
785.620
785.940
786.300
786.620
786.970
787.310
787.670
788.000
788.370
788.720
789.070
789.420
789.770
790.100
790.450
790.810
791.170
791.510
791.860
792.210
792.550
792.900
793.250
793.600
793.960
794.310
794.680
795.050
795.400
795.760
796.100
796.450
796.790
797.150
797.510
797.840
798.210
798.560
798.900
799.250
799.590
799.940
800.310
800.640
800.990
801.350
801.690
802.040
802.410
802.750
803.100
803.460
803.810
804.160
804.510
804.840
805.190
805.550
805.930
806.270
806.610
806.970
807.330
807.670
808.010
808.370
808.730
809.080
809.430
809.780
810.110
810.460
810.830
811.200
811.550
811.880
812.230
812.590
812.950
813.280
813.640
813.980
814.330
814.700
815.030
815.400
815.730
816.090
816.430
816.800
817.150
817.490
817.850
818.180
818.550
818.900
819.240
819.600
819.940
820.300
820.640
821.000
821.340
821.680
822.050
822.420
822.780
823.150
823.520
823.880
824.260
824.620
824.970
825.320
825.700
826.060
826.400
826.780
827.110
827.460
827.820
828.200
828.540
828.890
829.220
829.570
829.890
830.240
830.600
830.960
831.310
831.650
832.000
832.350
832.700
833.060
833.400
833.770
834.120
834.500
834.860
835.200
835.530
835.870
836.210
836.570
836.910
837.230
837.600
837.940
838.280
838.620
838.970
839.310
839.650
840.000
840.320
840.680
841.010
841.380
841.730
842.070
842.410
842.770
843.110
843.480
843.820
844.190
844.550
844.910
845.280
845.630
845.980
846.330
846.680
847.040
847.380
847.730
848.080
848.430
848.780
849.130
849.490
849.830
850.190
850.550
850.890
851.230
851.590
851.940
852.290
852.640
852.980
853.340
853.680
854.040
854.400
854.730
855.090
855.460
855.830
856.190
856.550
856.900
857.270
857.620
857.970
858.330
858.680
859.040
859.390
859.740
860.100
860.460
860.820
861.180
861.520
861.890
862.230
862.580
862.940
863.290
863.630
864.000
864.340
864.710
865.080
865.440
865.790
866.140
866.490
866.830
867.200
867.530
867.890
868.250
868.610
868.970
869.320
869.670
870.010
870.360
870.730
871.080
871.420
871.780
872.150
872.540
872.910
873.290
873.670
874.030
874.410
874.790
875.160
875.520
875.900
876.270
876.620
876.990
877.360
877.720
878.090
878.460
878.830
879.220
879.580
879.960
880.320
880.720
881.090
881.460
881.830
882.200
882.580
882.940
883.330
883.690
884.070
884.440
884.810
885.200
885.550
885.930
886.300
886.680
887.030
887.420
887.790
888.140
888.530
888.900
889.260
889.620
889.990
890.360
890.730
891.100
891.480
891.870
892.240
892.630
893.000
893.390
893.750
894.110
894.450
894.830
895.170
895.530
895.890
896.250
896.640
897.010
897.360
897.730
898.120
898.500
898.880
899.250
899.650
900.080
900.510
900.950
901.370
901.820
902.230
902.660
903.110
903.520
903.970
904.390
904.820
905.270
905.710
906.140
906.600
907.020
907.440
907.870
908.310
908.750
