0.720
1.470
2.280
3.090
3.910
4.700
5.490
6.290
7.050
7.840
8.690
9.500
10.390
11.220
12.160
13.070
13.990
14.920
15.700
16.520
17.330
18.170
19.000
19.860
20.720
21.590
22.490
23.340
24.130
24.990
25.820
26.700
27.600
28.480
29.380
30.230
31.040
31.870
32.770
33.650
34.570
35.460
36.290
37.120
37.980
38.820
39.780
40.660
41.580
42.490
43.400
44.210
45.080
45.940
46.810
47.740
48.640
49.540
50.390
51.280
52.140
53.050
53.980
54.860
55.780
56.660
57.530
58.370
59.220
60.140
61.010
61.890
62.800
63.700
64.610
65.450
66.280
67.150
68.040
68.970
69.820
70.720
71.600
72.500
73.350
74.250
75.170
76.080
76.940
77.870
78.750
79.670
80.530
81.430
82.370
83.250
84.140
85.040
85.900
86.770
87.650
88.560
89.420
90.350
91.250
92.170
92.980
93.830
94.650
95.550
96.360
97.260
98.160
99.090
99.970
100.850
101.700
102.570
103.410
104.290
105.220
106.090
106.990
107.860
108.760
109.680
110.570
111.450
112.260
113.040
113.850
114.710
115.610
116.470
117.310
118.110
118.980
119.840
120.640
121.420
122.220
122.990
123.780
124.570
125.310
126.120
126.860
127.650
128.420
129.140
129.920
130.670
131.420
132.130
132.860
133.560
134.320
135.030
135.760
136.440
137.190
137.940
138.650
139.360
140.090
140.850
141.580
142.290
143.030
143.710
144.440
145.110
145.830
146.440
146.990
147.560
148.160
148.720
149.270
149.850
150.440
151.030
151.600
152.170
152.720
153.300
153.820
154.380
154.950
155.490
156.020
156.600
