0.530
1.090
1.670
2.320
2.940
3.590
4.220
4.850
5.450
6.190
6.920
7.670
8.420
9.160
9.860
10.630
11.350
12.070
12.800
13.540
14.300
15.030
15.730
16.450
16.990
17.550
18.100
18.630
19.160
19.660
20.190
20.570
20.950
21.320
21.700
22.080
22.430
22.810
23.180
23.550
23.910
24.290
24.660
25.030
25.420
25.780
26.140
26.530
26.890
27.250
27.640
28.010
28.370
28.740
29.130
29.500
29.890
30.260
30.640
31.010
31.370
31.740
32.120
32.480
32.820
33.200
33.560
33.920
34.260
34.640
35.000
35.360
35.720
36.060
36.420
36.790
37.170
37.570
37.950
38.330
38.700
39.090
39.450
39.840
40.210
40.590
40.980
41.340
41.710
42.100
42.450
42.820
43.200
43.570
43.920
44.280
44.660
45.020
45.350
45.720
46.060
46.390
46.730
47.080
47.430
47.780
48.150
48.530
48.910
49.280
49.660
50.020
50.390
50.760
51.130
51.480
51.850
52.210
52.560
52.910
53.250
53.600
53.960
54.300
54.620
54.970
55.310
55.640
56.030
56.570
57.140
57.680
58.270
58.810
59.370
59.920
60.480
61.010
61.580
62.140
62.710
63.260
63.830
64.370
64.910
65.470
66.050
66.600
67.140
67.700
68.250
68.800
69.350
69.920
70.480
71.010
71.580
72.130
72.710
73.280
73.840
74.400
74.950
75.490
76.020
76.550
77.070
77.630
78.140
78.690
79.230
79.730
80.280
80.810
81.320
81.870
82.380
82.930
83.460
84.000
84.510
85.060
85.590
86.110
86.620
87.160
87.670
88.210
88.720
89.270
89.790
90.340
90.850
91.400
91.900
92.430
92.950
93.470
93.980
94.520
95.050
95.590
96.100
96.630
97.140
97.660
98.170
98.700
99.210
99.750
100.270
100.790
101.300
101.830
102.350
102.870
103.390
103.920
104.450
104.950
105.480
106.010
106.530
107.030
107.560
108.060
108.600
109.130
109.670
110.200
110.720
111.250
111.770
112.300
112.820
113.330
113.860
114.400
114.910
115.440
115.960
116.490
117.010
117.540
118.060
118.590
119.100
119.630
120.150
120.700
121.210
121.740
122.280
122.830
123.340
123.890
124.400
124.960
125.490
126.000
126.540
127.070
127.590
128.110
128.640
129.180
129.720
130.250
130.750
131.280
131.780
132.310
132.830
133.370
133.900
134.420
134.940
135.470
135.990
136.530
137.040
137.570
138.090
138.630
139.140
139.670
140.190
140.710
141.230
141.750
142.280
142.800
143.310
143.840
144.370
144.890
145.410
145.930
146.440
146.980
147.490
148.020
148.540
149.060
149.580
150.130
150.640
151.170
151.690
152.220
152.730
153.260
153.770
154.300
154.810
155.330
155.850
156.380
156.890
157.420
157.920
158.450
158.950
159.490
159.990
160.510
161.020
161.550
162.090
162.610
163.120
163.630
164.140
164.660
165.170
165.690
166.230
166.750
167.270
167.780
168.300
168.840
169.350
169.880
170.400
170.900
171.440
171.950
172.490
173.020
173.530
174.060
174.620
175.160
175.690
176.210
176.720
177.250
177.770
178.310
178.840
179.370
179.900
180.420
180.940
181.460
181.970
182.480
182.970
183.500
184.010
184.520
185.030
185.550
186.050
186.570
187.080
187.590
188.120
188.640
189.160
189.670
190.190
190.680
191.210
191.750
192.260
192.800
193.310
193.830
194.340
194.870
195.370
195.900
196.420
196.930
197.450
197.960
198.460
199.000
199.510
200.010
200.520
201.030
201.540
202.040
202.540
203.070
203.570
204.080
204.580
205.090
205.600
206.120
206.630
207.160
207.710
208.220
208.740
209.270
209.800
210.320
210.830
211.360
211.890
212.400
212.920
213.460
213.960
214.480
215.000
215.520
216.050
216.560
217.070
217.570
218.080
218.600
219.100
219.600
220.120
220.630
221.140
221.640
222.140
222.650
223.160
223.680
224.170
224.680
225.190
225.710
226.230
226.740
227.250
227.780
228.290
228.790
229.300
229.800
230.300
230.820
231.320
231.840
232.360
232.890
233.420
233.940
234.470
234.990
235.490
236.020
236.550
237.070
237.600
238.130
238.670
239.190
239.710
240.240
240.760
241.260
241.770
242.300
242.820
243.350
243.870
244.400
244.930
245.420
245.930
246.460
246.980
247.510
248.020
248.540
249.070
249.560
250.070
250.600
251.120
251.640
252.150
252.700
253.240
253.780
254.310
254.840
255.370
255.890
256.430
256.960
257.490
258.020
258.530
259.050
259.550
260.080
260.600
261.120
261.630
262.130
262.640
263.130
263.640
264.150
264.650
265.160
265.670
266.190
266.700
267.220
267.730
268.230
268.760
269.290
269.790
270.310
270.810
271.320
271.830
272.350
272.900
273.440
273.990
274.530
275.050
275.590
276.140
276.660
277.220
277.750
278.310
278.830
279.360
279.910
280.440
280.970
281.510
282.050
282.590
283.130
283.660
284.190
284.720
285.250
285.770
286.320
286.870
287.390
287.930
288.450
288.980
289.500
290.030
290.550
291.100
291.630
292.170
292.690
293.240
293.790
294.330
294.890
295.430
295.980
296.510
297.050
297.600
298.140
298.680
299.230
299.770
300.310
300.850
301.390
301.910
302.460
302.970
303.510
304.060
304.600
305.140
305.670
306.180
306.710
307.210
307.730
308.240
308.780
309.310
309.850
310.360
310.880
311.400
311.930
312.440
312.980
313.490
314.010
314.520
315.040
315.540
316.080
316.590
317.120
317.660
318.190
318.720
319.250
319.770
320.310
320.850
321.390
321.920
322.440
322.960
323.470
323.990
324.510
325.050
325.590
326.110
326.650
327.190
327.730
328.280
328.810
329.370
329.900
330.430
330.960
331.510
332.060
332.590
333.130
333.700
334.240
334.770
335.310
335.820
336.360
336.890
337.420
337.970
338.510
339.040
339.550
340.060
340.560
341.090
341.610
342.140
342.680
343.210
343.750
344.280
344.800
345.350
345.870
346.410
346.960
347.510
348.040
348.570
349.110
349.640
350.160
350.710
351.240
351.780
352.310
352.840
353.360
353.910
354.420
354.980
355.490
356.040
356.550
357.060
357.580
358.080
358.600
359.140
359.660
360.210
360.740
361.290
361.810
362.350
362.920
363.480
363.980
364.440
364.950
365.470
366.020
366.550
367.080
367.640
368.170
368.710
369.230
369.740
370.280
370.790
371.330
371.850
372.400
372.940
373.450
373.960
374.480
375.010
375.540
376.090
376.600
377.120
377.640
378.170
378.690
379.230
379.750
380.280
380.820
381.350
381.870
382.400
382.920
383.450
383.960
384.480
385.010
385.520
386.030
386.550
387.060
387.580
388.070
388.590
389.100
389.620
390.110
390.630
391.150
391.670
392.200
392.700
393.240
393.750
394.280
394.840
395.360
395.880
396.450
396.990
397.510
398.050
398.610
399.130
399.670
400.200
400.750
401.270
401.840
402.370
402.910
403.270
403.620
403.980
404.320
404.680
405.020
405.380
405.730
406.110
406.450
406.820
407.180
407.530
407.870
408.210
408.570
408.920
409.250
409.610
409.960
410.330
410.740
411.120
411.520
411.910
412.290
412.690
413.080
413.460
413.830
414.210
414.580
414.980
415.350
415.720
416.100
416.470
416.840
417.220
417.610
417.970
418.350
418.740
419.130
419.510
419.880
420.260
420.630
420.990
421.350
421.730
422.100
422.440
422.810
423.180
423.540
423.880
424.200
424.510
424.830
425.170
425.520
425.880
426.230
426.580
426.940
427.280
427.620
427.980
428.330
428.690
429.050
429.420
429.790
430.140
430.480
430.840
431.180
431.560
431.900
432.260
432.640
433.000
433.360
433.720
434.080
434.420
434.750
435.060
435.400
435.720
436.080
436.400
436.760
437.090
437.400
437.730
438.050
438.360
438.680
438.980
439.300
439.600
439.910
440.230
440.530
440.840
441.160
441.470
441.790
442.120
442.440
442.760
443.080
443.370
443.680
443.980
444.280
444.570
444.870
445.180
445.470
445.790
446.090
446.410
446.720
447.020
447.340
447.650
447.950
448.260
448.570
448.880
449.200
449.510
449.810
450.120
450.450
450.760
451.090
451.400
451.720
452.050
452.370
452.690
453.000
453.320
453.640
453.970
454.290
454.610
454.920
455.250
455.570
455.890
