0.570	1
1.410
2.230
3.070
3.890	1
4.700
5.480
6.330
7.180	1
8.010
8.890
9.730
10.590	1
11.510
12.460
13.360
14.260	1
15.060
15.930
16.830
17.720	1
18.670
19.580
20.470
21.380	1
22.260
23.160
24.040
24.920	1
25.880
26.760
27.710
28.600	1
29.530
30.430
31.330
32.260	1
33.190
34.120
35.040
35.940	1
36.850
37.770
38.660
39.620	1
40.610
41.510
42.410
43.360	1
44.330
45.280
46.230
47.220	1
48.130
49.090
50.060
50.990	1
51.990
52.940
53.860
54.820	1
55.760
56.700
57.630
58.590	1
59.520
60.500
61.500
62.430	1
63.410
64.370
65.270
66.220	1
67.280
68.260
69.300
70.260	1
71.240
72.150
73.140
74.110	1
75.050
76.010
76.970
77.980	1
78.950
79.930
80.900
81.860	1
82.790
83.810
84.780
85.760	1
86.750
87.690
88.650
89.580	1
90.610
91.570
92.490
93.600	1
94.590
95.570
96.490
97.490	1
98.460
99.460
100.450
101.420	1
102.370
103.290
104.290
105.330	1
106.300
107.250
108.300
109.250	1
110.190
111.170
112.220
113.230	1
114.170
115.130
116.170
117.170	1
118.110
119.130
120.080
121.060	1
122.000
123.030
123.990
125.030	1
126.000
126.990
127.980
128.980	1
129.910
130.880
131.880
132.850	1
133.800
134.810
135.800
136.800	1
137.850
138.860
139.810
140.780	1
141.800
142.780
143.770
144.780	1
145.760
146.750
147.750
148.730	1
149.720
150.760
151.750
152.670	1
153.669
154.649
155.689
156.680	1
157.609
158.669
159.669
160.639	1
161.579
162.568
163.520
164.539	1
165.520
166.410
167.420
168.470	1
169.440
170.440
171.480
172.490	1
173.440
174.480
175.500
176.470	1
177.460
178.460
179.440
180.430	1
181.460
182.420
183.400
184.380	1
185.340
186.390
187.430
188.420	1
189.460
190.520
