0.330
1.170
1.970
2.790
3.640
4.510
5.340
6.110
6.920
7.760
8.530
9.370
10.140
10.880
11.620
12.340
13.030
13.780
14.480
15.190
15.910
16.640
17.380
18.120
18.850
19.590
20.320
21.080
21.830
22.550
23.300
24.050
24.800
25.550
26.290
27.040
27.760
28.540
29.260
30.020
30.790
31.490
32.260
33.010
33.750
34.510
35.240
36.010
36.750
37.510
38.280
39.030
39.780
40.570
41.320
42.080
42.850
43.630
44.370
45.170
45.930
46.700
47.480
48.240
48.980
49.760
50.520
51.270
52.030
52.810
53.570
54.350
55.100
55.900
56.650
57.430
58.160
58.930
59.680
60.470
61.240
62.020
62.790
63.560
64.310
65.110
65.880
66.690
67.430
68.210
68.980
69.740
70.510
71.240
71.980
72.750
73.500
74.280
75.050
75.820
76.640
77.450
78.240
79.010
79.800
80.590
81.390
82.160
82.960
83.750
84.530
85.340
86.110
86.920
87.700
88.500
89.310
90.090
90.900
91.720
92.500
93.300
94.100
94.910
95.690
96.530
97.340
98.110
98.890
99.680
100.440
101.210
102.010
102.810
103.580
104.360
105.140
105.920
106.720
107.500
108.290
109.080
109.880
110.680
111.440
112.220
113.020
113.830
114.620
115.360
116.160
116.950
117.750
118.540
119.350
120.140
120.950
121.750
122.540
123.380
124.180
124.980
125.770
126.570
127.390
128.190
128.990
129.820
130.620
131.440
132.240
133.040
133.840
134.620
135.440
136.230
137.050
137.870
138.660
139.430
140.200
140.970
141.790
142.610
143.410
144.180
144.990
145.800
146.600
147.380
148.190
148.990
149.790
150.560
151.350
152.110
152.910
153.700
154.510
155.290
156.080
156.860
157.600
158.340
159.130
159.910
160.700
161.490
162.280
163.060
163.850
164.600
165.390
166.190
166.980
167.750
168.530
169.350
170.110
170.930
171.720
172.490
173.230
174.010
174.800
175.610
176.400
177.190
177.990
178.790
179.620
180.440
181.250
182.060
182.890
183.710
184.540
185.350
186.190
187.040
187.870
188.710
189.550
190.400
191.270
192.120
192.960
193.790
194.610
195.460
196.280
197.100
197.900
198.740
199.520
200.340
201.110
201.880
202.640
203.420
204.230
205.050
205.870
206.700
207.530
208.330
209.150
209.970
210.770
211.600
212.410
213.240
214.050
214.850
215.640
216.500
217.330
218.130
218.990
219.810
220.670
221.490
222.340
223.180
224.040
224.850
225.660
226.440
227.220
228.010
228.800
229.600
230.490
231.380
232.350
233.390
234.320
235.300
236.330
237.280
238.230
239.210
240.220
241.210
242.240
243.270
