0.160
0.570
0.990
1.410
1.810
2.190
2.570
2.980
3.390
3.780
4.170
4.580
4.990
5.380
5.780
6.180
6.580
6.990
7.390
7.790
8.190
8.580
8.980
9.380
9.790
10.190
10.600
11.000
11.400
11.800
12.210
12.630
13.020
13.450
13.840
14.250
14.670
15.060
15.470
15.870
16.280
16.670
17.090
17.490
17.920
18.320
18.710
19.120
19.520
19.920
20.320
20.750
21.130
21.550
21.950
22.350
22.740
23.150
23.570
23.980
24.370
24.770
25.190
25.580
25.970
26.390
26.800
27.220
27.620
28.000
28.400
28.790
29.200
29.590
29.990
30.390
30.770
31.170
31.560
31.960
32.350
32.750
33.150
33.550
33.930
34.320
34.720
35.110
35.500
35.890
36.260
36.660
37.040
37.450
37.830
38.220
38.600
39.000
39.450
39.860
40.310
40.730
41.130
41.520
41.900
42.290
42.680
43.050
43.430
43.820
44.220
44.610
45.000
45.380
45.770
46.180
46.560
46.940
47.340
47.710
48.090
48.480
48.870
49.270
49.650
50.020
50.400
50.800
51.180
51.580
51.970
52.350
52.740
53.130
53.530
53.910
54.290
54.670
55.050
55.420
55.810
56.200
56.600
56.960
57.340
57.730
58.120
58.490
58.870
59.250
59.650
60.050
60.440
60.830
61.220
61.600
61.990
62.370
62.760
63.150
63.540
63.910
64.300
64.680
65.080
65.460
65.840
66.230
66.620
67.010
67.400
67.790
68.180
68.570
68.960
69.350
69.740
70.120
70.510
70.890
71.280
71.650
72.050
72.440
72.810
73.200
73.570
73.950
74.320
74.680
75.040
75.380
75.750
76.120
76.500
76.900
77.270
77.650
78.020
78.420
78.790
79.170
79.560
79.940
80.310
80.690
81.090
81.460
81.830
82.220
82.610
82.980
83.350
83.740
84.110
84.490
84.870
85.270
85.660
86.030
86.430
86.800
87.180
87.570
87.940
88.330
88.710
89.110
89.490
89.880
90.270
90.660
91.030
91.410
91.790
92.180
92.570
92.960
93.350
93.730
94.100
94.480
94.880
95.250
95.620
96.010
96.390
96.770
97.170
97.540
97.930
98.330
98.700
99.080
99.470
99.840
100.220
100.600
101.000
101.370
101.760
102.130
102.510
102.910
103.300
103.670
104.050
104.430
104.810
105.190
105.560
105.960
106.320
106.700
107.090
107.490
107.880
108.250
108.640
109.030
109.420
109.800
110.190
110.570
110.980
111.350
111.730
112.120
112.490
112.880
113.260
113.650
114.040
114.430
114.790
115.170
115.540
115.910
116.300
116.680
117.050
117.450
117.820
118.210
118.580
118.990
119.370
119.740
120.110
120.500
120.880
121.270
121.660
122.030
122.430
122.800
123.170
123.550
123.940
124.320
124.700
125.090
125.470
125.860
126.240
126.630
127.020
127.410
127.790
128.170
128.550
128.960
129.350
129.730
130.120
130.510
130.890
131.290
131.680
132.050
132.430
132.820
133.190
133.570
133.950
134.340
134.720
135.110
135.510
135.900
136.290
136.660
137.050
137.450
137.840
138.230
138.610
138.980
139.370
139.760
140.140
140.530
140.910
141.290
141.680
142.070
142.460
142.840
143.220
143.600
144.000
144.370
144.740
145.130
145.510
145.880
146.260
146.650
147.030
147.410
147.780
148.170
148.550
148.930
149.310
149.700
150.090
150.460
150.860
151.220
151.610
151.990
152.370
152.750
153.140
153.520
153.880
154.280
154.670
155.060
155.440
155.830
156.220
156.590
156.970
157.350
157.740
158.110
158.500
158.880
159.260
159.640
160.020
160.410
160.800
161.180
161.560
161.950
162.350
162.720
163.090
163.470
163.860
164.240
164.620
165.010
165.390
165.770
166.170
166.540
166.930
167.320
167.700
168.080
168.460
168.840
169.220
169.600
169.990
170.370
170.760
171.150
171.530
171.920
172.310
172.710
173.070
173.470
173.860
174.250
174.680
175.120
175.560
175.980
176.370
176.760
177.130
177.510
177.910
178.280
178.670
179.050
179.440
179.830
180.220
180.610
180.990
181.360
181.750
182.130
182.520
182.900
183.270
183.650
184.040
184.440
184.820
185.200
185.580
185.970
186.350
186.730
187.130
187.510
187.900
188.260
188.660
189.040
189.410
189.790
190.180
190.550
190.930
191.320
191.690
192.070
192.450
192.830
193.210
193.580
193.970
194.350
194.730
195.110
195.500
195.870
196.250
196.640
197.010
197.390
197.780
198.160
198.540
198.920
199.300
199.680
200.060
200.440
200.820
201.220
201.590
201.970
202.360
202.730
203.130
203.520
203.910
204.280
204.670
205.050
205.440
205.830
206.200
206.590
206.970
207.360
207.730
208.110
208.490
208.880
209.250
209.630
210.000
210.390
210.770
211.150
211.550
211.930
212.320
212.700
213.090
213.470
213.850
214.230
214.620
215.000
215.380
215.760
216.150
216.520
216.910
217.280
217.660
218.050
218.430
218.810
219.190
219.560
219.960
220.340
220.720
221.090
221.480
221.870
222.250
222.640
223.030
223.430
223.810
224.210
224.600
224.990
225.370
225.830
226.250
226.710
227.110
227.490
227.890
228.270
228.660
229.040
229.430
229.800
230.200
230.570
230.960
231.330
231.730
232.110
232.500
232.890
233.280
233.660
234.060
234.440
234.840
235.210
235.590
235.980
236.360
236.740
237.130
237.520
237.910
238.280
238.670
239.050
239.440
239.820
240.200
240.580
240.970
241.340
241.720
242.110
242.490
242.880
243.280
243.670
244.070
244.450
244.820
245.200
245.590
245.980
246.360
246.740
247.130
247.500
247.900
248.280
248.670
249.050
249.450
249.830
250.220
250.590
250.980
251.360
251.730
252.110
252.490
252.870
253.270
253.660
254.020
254.410
254.800
255.180
255.560
255.950
256.340
256.720
257.100
257.490
257.870
258.260
258.640
259.030
259.400
259.800
260.190
260.570
260.950
261.330
261.730
262.120
262.500
262.880
263.280
263.660
264.040
264.420
264.800
265.180
265.570
265.960
266.340
266.730
267.120
267.510
267.890
268.280
268.660
269.050
269.430
269.820
270.190
270.570
270.950
271.340
271.730
272.100
272.490
272.880
273.250
273.630
274.020
274.400
274.800
275.180
275.550
275.930
276.310
276.680
277.060
277.440
277.830
278.220
278.610
279.010
279.390
279.780
280.160
280.530
280.930
281.320
281.710
282.090
282.490
282.880
283.250
283.640
284.020
284.400
284.770
285.160
285.530
285.910
286.290
286.700
287.070
287.470
287.830
288.220
288.600
288.970
289.370
289.760
290.150
290.550
290.930
291.320
291.710
292.100
292.470
292.860
293.260
293.650
294.050
294.410
294.800
295.190
295.570
295.970
296.340
296.720
297.100
297.500
297.880
298.260
298.640
299.030
299.420
299.810
300.190
300.600
300.990
301.350
301.740
302.130
302.510
302.890
303.310
303.730
304.180
304.610
305.000
305.380
305.770
306.160
306.550
306.950
307.320
307.700
308.090
308.480
308.870
309.240
309.630
310.000
310.400
310.780
311.160
311.560
311.950
312.330
312.720
313.100
313.490
313.860
314.260
314.660
315.040
315.420
315.800
316.180
316.580
316.950
317.330
317.720
318.120
318.500
318.890
319.290
319.680
320.060
320.450
320.830
321.210
321.600
321.990
322.390
322.780
323.180
323.560
323.960
324.350
324.730
325.130
325.510
325.900
326.290
326.670
327.060
327.440
327.830
328.220
328.610
329.010
329.390
329.780
330.170
330.560
330.950
331.310
331.700
332.100
332.480
332.860
333.250
333.650
334.100
334.530
334.990
335.380
335.760
336.140
336.540
336.940
337.310
337.700
338.090
338.450
338.850
339.240
339.620
340.010
340.400
340.810
341.200
341.590
341.970
342.350
342.710
343.100
343.500
343.870
344.280
344.650
345.020
345.400
345.800
346.180
346.560
346.960
347.350
347.740
348.110
348.510
348.900
349.300
349.680
350.080
350.460
350.840
351.240
351.640
352.010
352.380
352.760
353.160
353.540
353.930
354.320
354.720
355.100
355.470
355.850
356.250
356.620
357.000
357.390
357.790
358.160
358.550
358.950
359.370
359.770
360.160
360.530
360.920
361.330
361.700
362.090
362.490
362.880
363.260
363.640
364.030
364.400
364.780
365.180
365.570
365.950
366.330
366.720
367.100
367.490
367.870
368.250
368.650
369.020
369.410
369.800
370.210
370.570
370.890
371.230
371.540
371.870
372.180
372.510
372.830
373.150
373.470
373.780
374.110
374.430
374.740
375.070
375.380
375.710
376.030
376.340
376.670
376.990
377.310
377.620
377.950
378.270
