0.410
0.900
1.370
1.820
2.280
2.730
3.180
3.600
4.050
4.470
4.900
5.330
5.770
6.210
6.660
7.100
7.520
7.970
8.400
8.820
9.260
9.690
10.120
10.580
11.010
11.440
11.910
12.350
12.800
13.260
13.710
14.140
14.590
15.050
15.520
15.990
16.420
16.890
17.340
17.760
18.200
18.660
19.100
19.530
19.980
20.400
20.860
21.320
21.760
22.210
22.670
23.110
23.530
23.980
24.420
24.850
25.270
25.720
26.190
26.630
27.090
27.510
27.950
28.400
28.850
29.290
29.750
30.190
30.630
31.100
31.540
31.960
32.410
32.840
33.300
33.730
34.180
34.620
35.060
35.480
35.940
36.370
36.800
37.260
37.700
38.130
38.550
39.000
39.410
39.850
40.310
40.730
41.180
41.620
42.080
42.520
42.980
43.440
43.890
44.330
44.780
45.220
45.650
46.080
46.520
46.960
47.420
47.850
48.290
48.720
49.160
49.600
50.050
50.490
50.940
51.380
51.820
52.260
52.690
53.130
53.570
54.010
54.440
54.890
55.340
55.760
56.210
56.650
57.090
57.540
57.970
58.420
58.880
59.320
59.770
60.210
60.660
61.090
61.540
61.980
62.420
62.850
63.300
63.720
64.160
64.600
65.050
65.490
65.930
66.370
66.790
67.240
67.690
68.110
68.540
68.970
69.410
69.830
70.270
70.720
71.160
71.580
72.020
72.470
72.890
73.330
73.760
74.200
74.610
75.050
75.510
75.930
76.350
76.790
77.230
77.640
78.080
78.500
78.940
79.400
79.840
80.260
80.700
81.120
81.560
81.990
82.430
82.850
83.270
83.700
84.130
84.570
85.000
85.420
85.870
86.300
86.730
87.150
87.580
88.020
88.430
88.880
89.320
89.760
90.190
90.640
91.060
91.520
91.940
92.380
92.840
93.260
93.680
94.120
94.560
94.970
95.420
95.850
96.280
96.720
97.160
97.600
98.030
98.480
98.890
99.340
99.770
100.180
100.620
101.080
101.520
101.950
102.370
102.800
103.240
103.650
104.080
104.510
104.940
105.390
105.810
106.230
106.660
107.110
107.540
107.960
108.380
108.810
109.250
109.690
110.110
110.550
110.960
111.400
111.850
112.280
112.730
113.150
113.590
114.010
114.440
114.860
115.310
115.720
116.170
116.590
117.020
117.460
117.900
118.350
118.770
119.170
119.600
120.030
120.450
120.880
121.290
121.740
122.140
122.570
123.000
123.430
123.850
124.290
124.700
125.140
125.570
125.990
126.400
126.820
127.270
127.690
128.120
128.550
128.970
129.390
129.830
130.240
130.650
131.080
131.500
131.920
132.340
132.770
133.190
133.590
134.020
134.460
134.890
135.310
135.770
136.190
136.640
137.070
137.510
137.940
138.370
138.800
139.230
139.680
140.120
140.540
141.000
141.430
141.880
142.300
142.740
143.160
143.590
144.020
144.480
144.920
145.340
145.760
146.190
146.630
147.060
147.510
147.970
148.400
148.840
149.260
149.690
150.120
150.560
150.980
151.440
151.880
152.300
152.730
153.150
153.600
154.020
154.470
154.890
155.340
155.780
156.190
156.600
157.030
157.470
157.890
158.310
158.730
159.170
159.610
160.080
160.530
160.950
161.400
161.830
162.280
162.710
163.140
163.570
164.000
164.400
164.830
165.270
165.700
166.110
166.560
166.970
167.420
167.840
168.250
168.670
169.100
169.530
169.960
170.400
170.820
171.250
171.670
172.100
172.530
172.980
173.420
173.870
174.300
174.740
175.180
175.620
176.050
176.500
176.920
177.360
177.780
178.190
178.630
179.080
179.510
179.950
180.380
180.800
181.230
181.670
182.090
182.530
182.940
183.370
183.800
184.230
184.660
185.110
185.520
185.960
186.400
186.840
187.280
187.830
188.340
188.770
189.210
189.650
190.100
190.510
190.960
191.390
191.820
192.260
192.690
193.130
193.550
194.000
194.420
194.840
195.280
195.710
196.130
196.590
197.030
197.450
197.890
198.320
198.750
199.190
199.630
200.070
200.500
200.950
201.350
201.790
202.200
202.630
203.080
203.500
203.960
204.390
204.840
205.270
205.700
206.120
206.540
206.990
207.420
207.840
208.270
208.690
209.120
209.560
210.000
210.450
210.870
211.290
211.730
212.150
212.590
213.020
213.440
213.890
214.310
214.750
215.170
215.610
216.030
216.450
216.890
217.310
217.750
218.170
218.610
219.040
219.480
219.920
220.370
220.800
221.210
221.640
222.080
222.520
222.960
223.390
223.810
224.240
224.660
225.080
225.500
225.920
226.340
226.780
227.210
227.630
228.080
228.510
228.940
229.370
229.790
230.230
230.660
231.090
231.520
231.940
232.370
232.800
233.220
233.650
234.090
234.520
234.930
235.370
235.790
236.220
236.650
237.100
237.540
237.980
238.390
238.830
239.260
239.700
240.120
240.560
240.970
241.400
241.830
242.290
242.720
243.160
243.580
244.000
244.450
244.900
245.340
245.760
246.190
246.630
247.060
247.490
247.900
248.330
248.780
249.210
249.640
250.080
250.510
250.960
251.380
251.820
252.260
252.710
253.130
253.570
253.990
254.420
254.870
255.310
255.740
256.180
256.620
257.040
257.460
257.910
258.340
258.780
259.220
259.640
260.060
260.500
260.930
261.360
261.790
262.220
262.640
263.080
263.510
263.940
264.360
264.800
265.250
265.670
266.120
266.550
266.980
267.410
267.840
268.280
268.720
269.150
269.560
270.000
270.420
270.860
271.290
271.720
272.150
272.620
273.120
273.600
274.070
274.490
274.930
275.380
275.820
276.250
276.660
277.090
277.490
277.920
278.370
278.800
279.230
279.680
280.110
280.560
281.000
281.420
281.870
282.300
282.750
283.150
283.590
284.000
284.430
284.830
285.270
285.730
286.160
286.580
287.020
287.450
287.860
288.310
288.720
289.150
289.590
290.050
290.480
290.900
291.320
291.750
292.190
292.640
293.070
293.510
293.940
294.370
294.780
295.230
295.640
296.070
296.510
296.940
297.380
297.810
298.250
298.680
299.120
299.570
300.010
300.450
300.880
301.320
301.750
302.210
302.640
303.090
303.520
303.960
304.400
304.830
305.260
305.680
306.100
306.540
307.000
307.440
307.850
308.280
308.730
309.150
309.590
310.030
310.530
311.080
311.610
312.130
312.710
313.370
314.050
314.730
315.460
316.250
316.960
317.730
318.470
319.330
320.110
320.930
321.770
322.580
323.380
