0.360
1.020
1.640
2.310
2.960
3.620
4.210
4.840
5.420
6.070
6.690
7.380
8.000
8.640
9.260
9.900
10.530
11.170
11.820
12.500
13.170
13.850
14.490
15.150
15.790
16.440
17.080
17.720
18.360
19.000
19.660
20.300
20.940
21.600
22.220
22.890
23.540
24.190
24.820
25.480
26.140
26.790
27.420
28.070
28.720
29.360
30.000
30.650
31.310
31.980
32.680
33.340
34.000
34.680
35.320
35.980
36.640
37.310
37.970
38.610
39.250
39.900
40.530
41.170
41.810
42.470
43.140
43.790
44.470
45.140
45.800
46.450
47.110
47.780
48.420
49.070
49.740
50.390
51.060
51.700
52.370
53.040
53.730
54.390
55.080
55.740
56.390
57.050
57.700
58.370
59.030
59.690
60.370
61.030
61.680
62.320
62.970
63.620
64.300
64.950
65.640
66.330
67.000
67.650
68.320
69.010
69.660
70.330
70.970
71.640
72.330
72.990
73.650
74.330
75.020
75.670
76.360
77.030
77.690
78.340
78.990
79.650
80.340
81.040
81.730
82.390
83.060
83.720
84.380
85.040
85.700
86.350
87.000
87.690
88.350
88.990
89.660
90.320
90.950
91.620
92.280
92.950
93.600
94.260
94.920
95.600
96.270
96.910
97.600
98.240
98.900
99.560
100.230
100.890
101.580
102.220
102.880
103.550
104.200
104.870
105.520
106.200
106.880
107.530
108.190
108.860
109.500
110.150
110.830
111.470
112.130
112.800
113.480
114.140
114.810
115.480
116.140
116.830
117.500
118.170
118.850
119.500
120.200
120.850
121.530
122.200
122.870
123.530
124.210
124.880
125.560
126.220
126.910
127.580
128.280
128.940
129.630
130.290
130.960
131.640
132.320
133.010
133.650
134.310
134.990
135.650
136.320
137.010
137.670
138.340
139.000
139.700
140.410
141.050
141.760
142.420
143.090
143.750
144.440
145.110
145.770
146.460
147.140
147.830
148.480
149.170
149.840
150.530
151.200
151.870
152.550
153.210
153.880
154.580
155.250
155.940
156.600
157.280
157.950
158.630
159.320
160.020
160.700
161.390
162.050
162.730
163.410
164.080
164.750
165.420
166.060
166.710
167.390
168.070
168.720
169.370
170.040
170.720
171.390
172.110
172.810
173.520
174.230
174.980
175.740
176.550
177.350
178.250
179.160
180.090
181.000
181.860
182.800
183.770
184.710
185.630
186.590
187.630
188.620
189.600
190.610
191.680
192.680
193.590
194.550
195.560
