0.460
0.950
1.430
1.920
2.420
2.930
3.410
3.910
4.400
4.880
5.340
5.830
6.290
6.770
7.230
7.710
8.150
8.620
9.060
9.530
9.960
10.420
10.880
11.340
11.780
12.260
12.710
13.180
13.620
14.090
14.530
14.980
15.430
15.900
16.340
16.800
17.250
17.700
18.140
18.580
19.050
19.500
19.940
20.400
20.860
21.320
21.770
22.220
22.670
23.130
23.580
24.020
24.470
24.940
25.380
25.840
26.290
26.720
27.180
27.630
28.070
28.520
28.980
29.430
29.870
30.340
30.790
31.240
31.670
32.140
32.570
33.040
33.510
33.950
34.410
34.880
35.340
35.770
36.240
36.690
37.140
37.580
38.040
38.490
38.930
39.390
39.840
40.280
40.720
41.170
41.620
42.070
42.510
42.960
43.400
43.850
44.290
44.740
45.200
45.640
46.090
46.540
47.000
47.430
47.890
48.360
48.810
49.270
49.710
50.160
50.610
51.080
51.540
51.990
52.430
52.880
53.330
53.790
54.240
54.670
55.130
55.570
56.020
56.480
56.910
57.340
57.780
58.220
58.680
59.140
59.590
60.040
60.480
60.940
61.380
61.840
62.290
62.730
63.180
63.620
64.090
64.540
64.970
65.430
65.890
66.350
66.800
67.250
67.700
68.140
68.600
69.020
69.470
69.920
70.360
70.790
71.230
71.680
72.110
72.550
72.980
73.420
73.860
74.290
74.730
75.150
75.580
76.020
76.450
76.890
77.320
77.760
78.200
78.640
79.060
79.480
79.930
80.370
80.810
81.250
81.670
82.120
82.540
82.970
83.410
83.840
84.270
84.710
85.140
85.570
85.990
86.420
86.840
87.280
87.710
88.140
88.570
89.020
89.440
89.900
90.310
90.750
91.190
91.620
92.050
92.470
92.900
93.340
93.780
94.220
94.650
95.100
95.540
95.950
96.400
96.830
97.250
97.680
98.110
98.540
98.980
99.410
99.820
100.250
100.680
101.100
101.550
101.970
102.400
102.820
103.270
103.690
104.100
104.520
104.960
105.380
105.810
106.240
106.660
107.090
107.520
107.950
108.380
108.820
109.240
109.650
110.090
110.510
110.940
111.360
111.790
112.210
112.650
113.080
113.500
113.930
114.330
114.760
115.180
115.610
116.020
116.440
116.870
117.290
117.700
118.130
118.550
118.970
119.390
119.800
120.240
120.670
121.110
121.520
121.940
122.360
122.800
123.220
123.660
124.100
124.530
124.940
125.380
125.830
126.270
126.710
127.150
127.550
127.980
128.410
128.840
129.280
129.700
130.120
130.560
130.990
131.410
131.830
132.260
132.670
133.110
133.520
133.950
134.370
134.800
135.230
135.660
136.080
136.520
136.940
137.370
137.790
138.230
138.650
139.080
139.520
139.930
140.370
140.790
141.220
141.640
142.080
142.500
142.910
143.340
143.760
144.190
144.600
145.010
145.450
145.870
146.290
146.700
147.130
147.550
147.980
148.410
148.830
149.260
149.680
150.100
150.530
150.940
151.370
151.800
152.230
152.650
153.080
153.510
153.930
154.360
154.790
155.200
155.630
156.060
156.480
156.900
157.320
157.730
158.150
158.580
158.990
159.430
159.860
160.270
160.720
161.120
161.560
161.970
162.400
162.820
163.240
163.660
164.090
164.510
164.950
165.360
165.790
166.230
166.660
167.090
167.530
167.950
168.370
168.810
169.240
169.650
170.080
170.510
170.930
171.350
171.770
172.220
172.660
173.090
173.520
173.960
174.400
174.810
175.260
175.680
176.120
176.560
177.000
177.430
177.870
178.300
178.740
179.190
179.620
180.050
180.460
180.900
181.340
181.810
