0.310
0.720
1.110
1.510
1.910
2.320
2.710
3.100
3.480
3.880
4.270
4.640
5.020
5.400
5.790
6.180
6.550
6.940
7.320
7.700
8.080
8.460
8.840
9.240
9.620
10.010
10.390
10.770
11.150
11.540
11.920
12.300
12.680
13.070
13.440
13.830
14.210
14.600
14.980
15.360
15.750
16.130
16.510
16.890
17.260
17.650
18.030
18.410
18.780
19.170
19.530
19.920
20.300
20.680
21.080
21.450
21.840
22.230
22.600
22.980
23.350
23.730
24.090
24.460
24.820
25.210
25.580
25.960
26.340
26.710
27.080
27.450
27.840
28.220
28.580
28.960
29.330
29.700
30.080
30.440
30.820
31.200
31.560
31.940
32.310
32.680
33.050
33.420
33.800
34.170
34.540
34.900
35.270
35.630
36.010
36.370
36.750
37.110
37.500
37.860
38.220
38.610
38.980
39.330
39.710
40.090
40.460
40.830
41.180
41.550
41.920
42.290
42.670
43.040
43.410
43.780
44.130
44.500
44.860
45.230
45.600
45.970
46.340
46.720
47.070
47.450
47.810
48.180
48.540
48.920
49.280
49.640
50.010
50.380
50.760
51.130
51.500
51.860
52.220
52.600
52.980
53.330
53.680
54.050
54.420
54.770
55.160
55.520
55.900
56.260
56.620
56.990
57.360
57.730
58.100
58.470
58.850
59.220
59.590
59.970
60.340
60.710
61.070
61.450
61.810
62.170
62.540
62.920
63.290
63.650
64.010
64.360
64.730
65.110
65.470
65.840
66.200
66.570
66.940
67.330
67.690
68.050
68.410
68.770
69.130
69.510
69.880
70.250
70.610
70.990
71.370
71.740
72.110
72.460
72.830
73.200
73.560
73.940
74.310
74.670
75.040
75.400
75.770
76.130
76.490
76.860
77.220
77.600
77.970
78.330
78.700
79.080
79.440
79.810
80.180
80.550
80.910
81.280
81.650
82.030
82.380
82.750
83.120
83.480
83.840
84.200
84.550
84.930
85.290
85.650
86.010
86.390
86.750
87.120
87.480
87.860
88.220
88.580
88.950
89.330
89.690
90.040
90.400
90.780
91.140
91.500
91.850
92.210
92.570
92.940
93.300
93.660
94.020
94.380
94.740
95.100
95.470
95.830
96.180
96.550
96.900
97.260
97.630
97.990
98.360
98.720
99.080
99.450
99.810
100.190
100.540
100.910
101.260
101.630
101.970
102.340
102.690
103.060
103.420
103.780
104.140
104.500
104.850
105.220
105.570
105.930
106.290
106.640
107.000
107.370
107.740
108.110
108.480
108.830
109.190
109.550
109.900
110.270
110.630
110.990
111.350
111.710
112.060
112.430
112.790
113.140
113.520
113.880
114.250
114.600
114.960
115.320
115.670
116.030
116.400
116.760
117.130
117.480
117.850
118.200
118.560
118.920
119.290
119.640
120.010
120.370
120.720
121.080
121.450
121.810
122.160
122.520
122.880
123.220
123.570
123.940
124.310
124.660
125.020
125.390
125.750
126.110
126.470
126.860
127.210
127.570
127.940
128.290
128.640
128.990
129.360
129.710
130.050
130.370
130.710
131.060
131.400
131.760
132.110
132.460
132.800
133.160
133.510
133.860
134.210
134.560
134.900
135.260
135.650
136.000
136.390
136.750
137.100
137.450
137.790
138.140
138.510
138.870
139.220
139.570
139.940
140.300
140.650
140.990
141.350
141.700
142.060
142.410
142.760
143.110
143.480
143.830
144.190
144.540
144.880
145.210
145.560
145.900
146.230
146.560
146.880
147.250
147.590
147.960
148.310
148.670
149.030
149.390
149.750
150.090
150.440
150.800
151.150
151.510
151.860
152.210
152.570
152.920
153.270
153.610
153.950
154.290
154.630
154.980
155.330
155.690
156.030
156.350
156.670
157.010
157.330
157.660
157.990
158.350
158.710
159.080
159.420
159.800
160.150
160.510
160.870
161.240
161.590
161.960
162.300
162.670
163.030
163.380
163.740
164.110
164.470
164.830
165.200
165.550
165.910
166.240
166.590
166.960
167.300
167.650
168.030
168.410
168.780
169.150
169.520
169.870
170.250
170.610
170.950
171.320
171.670
172.010
172.350
172.720
173.060
173.400
173.740
174.080
174.440
174.780
175.130
175.480
175.830
176.220
176.580
176.950
177.320
177.680
178.040
178.400
178.770
179.140
179.490
179.860
180.210
180.570
180.920
181.280
181.620
181.980
182.340
182.700
183.060
183.430
183.790
184.160
184.510
184.870
185.240
185.590
185.950
186.320
186.670
187.020
187.390
187.740
188.110
188.470
188.830
189.200
189.580
189.950
190.320
190.670
191.040
191.400
191.760
192.110
192.460
192.830
193.190
193.560
193.910
194.280
194.660
195.030
195.400
195.760
196.120
196.480
196.830
197.180
197.540
197.900
198.250
198.630
198.970
199.340
199.710
200.070
200.430
200.800
201.160
201.530
201.890
202.250
202.610
202.970
203.330
203.690
204.030
204.400
204.760
205.110
205.470
205.810
206.160
206.500
206.860
207.210
207.570
207.940
208.290
208.640
209.000
209.350
209.700
210.040
210.410
210.750
211.100
211.460
211.790
212.160
212.500
212.860
213.190
213.560
213.910
214.240
214.610
214.960
215.310
215.640
215.990
216.340
216.660
217.000
217.360
217.700
218.020
218.370
218.680
219.010
219.320
219.640
219.960
220.290
220.610
220.920
221.240
221.560
221.890
222.210
222.520
222.850
223.180
223.500
223.840
224.180
224.510
224.850
225.190
225.530
225.880
226.250
226.630
226.990
227.350
227.740
228.100
228.460
228.820
229.180
229.540
229.890
230.240
230.600
