0.480
1.070
1.640
2.210
2.760
3.330
3.890
4.460
5.000
5.570
6.130
6.700
7.250
7.810
8.380
8.920
9.510
10.070
10.630
11.200
11.750
12.300
12.860
13.420
13.980
14.520
15.090
15.630
16.170
16.710
17.250
17.800
18.340
18.910
19.470
20.030
20.580
21.130
21.670
22.210
22.750
23.290
23.830
24.380
24.920
25.470
26.030
26.600
27.170
27.720
28.280
28.830
29.380
29.950
30.500
31.060
31.600
32.170
32.730
33.290
33.830
34.380
34.940
35.490
36.020
36.590
37.150
37.710
38.230
38.790
39.350
39.890
40.460
41.030
41.580
42.140
42.690
43.240
43.790
44.340
44.910
45.460
46.020
46.570
47.130
47.690
48.260
48.820
49.370
49.930
50.470
51.020
51.560
52.140
52.670
53.210
53.770
54.330
54.880
55.430
55.970
56.510
57.060
57.600
58.130
58.670
59.230
59.760
60.320
60.870
61.410
61.960
62.510
63.080
63.640
64.190
64.770
65.310
65.860
66.430
67.000
67.550
68.100
68.630
69.160
69.730
70.280
70.830
71.370
71.940
72.500
73.060
73.610
74.180
74.740
75.290
75.870
76.420
76.990
77.540
78.090
78.630
79.200
79.750
80.310
80.860
81.420
81.990
82.570
83.150
83.720
84.280
84.840
85.400
85.960
86.520
87.090
87.650
88.200
88.750
89.300
89.860
90.420
90.970
91.530
92.070
92.630
93.170
93.720
94.280
94.850
95.390
95.940
96.500
97.050
97.610
98.170
98.720
99.280
99.820
100.370
100.930
101.490
102.050
102.610
103.160
103.730
104.280
104.820
105.380
105.940
106.500
107.040
107.590
108.150
108.710
109.260
109.800
110.370
110.920
111.470
112.020
112.570
113.130
113.660
114.230
114.790
115.370
115.930
116.500
117.060
117.640
118.220
118.800
119.360
119.940
120.510
121.090
121.660
122.220
122.800
123.360
123.930
124.510
125.070
125.640
126.200
126.760
127.330
127.910
128.480
129.040
129.620
130.200
130.760
131.340
131.910
132.490
133.060
133.630
134.210
134.800
135.370
135.950
136.510
137.090
137.680
138.280
138.860
139.440
140.020
140.600
141.170
141.740
142.340
142.910
143.460
144.050
144.620
145.210
145.760
146.360
146.920
147.500
148.060
148.620
149.210
149.790
150.350
150.950
151.510
152.080
152.670
153.260
153.840
154.430
154.990
155.570
156.170
156.740
157.310
157.890
158.480
159.050
159.630
160.220
160.790
161.370
161.950
162.510
163.090
163.650
164.230
164.830
165.400
165.960
166.550
167.100
167.670
168.250
168.830
169.410
170.000
170.580
171.140
171.730
172.310
172.870
