0.420
1.040
1.670
2.340
2.980
3.580
4.180
4.760
5.350
5.960
6.550
7.180
7.780
8.350
8.980
9.570
10.170
10.800
11.490
12.180
12.900
13.560
14.310
15.120
15.900
16.720
17.540
18.200
18.900
19.570
20.340
21.080
21.850
22.650
23.390
24.190
25.010
25.800
26.570
27.300
28.060
28.840
29.620
30.340
31.110
31.920
32.700
33.420
34.220
34.920
35.690
36.400
37.170
37.870
38.490
39.130
39.800
40.440
41.050
41.750
42.420
43.140
43.800
44.520
45.210
45.860
46.570
47.290
47.960
48.730
49.450
50.240
50.970
51.780
52.610
53.400
54.280
55.230
56.230
57.170
58.050
58.990
59.870
60.830
61.690
62.660
63.700
64.710
65.810
66.910
67.950
69.000
70.120
71.160
72.310
73.320
74.360
75.430
76.540
77.610
78.640
79.700
80.740
81.760
82.840
83.870
84.940
85.960
87.050
88.070
89.160
90.170
91.240
92.330
93.410
94.490
95.580
96.640
97.720
98.750
99.860
100.930
101.950
103.000
104.150
105.200
106.290
107.380
108.490
109.590
110.660
111.740
112.760
113.810
114.900
115.890
116.970
118.040
119.100
120.120
121.230
122.230
123.370
124.470
125.520
126.580
127.710
128.760
129.860
130.990
132.080
133.090
134.160
135.260
136.340
137.410
138.470
139.540
140.630
141.650
142.760
143.810
144.910
145.970
147.070
148.110
149.220
150.290
151.330
152.450
153.530
154.600
155.670
156.760
157.830
158.860
159.880
160.940
161.990
163.080
164.150
165.200
166.250
167.380
168.470
169.510
170.620
171.720
172.840
173.920
174.990
176.100
177.180
178.290
179.360
180.410
181.510
182.600
183.720
184.800
185.900
187.010
188.040
188.990
189.940
190.910
192.000
192.990
194.080
195.220
196.260
197.350
198.480
199.580
200.640
201.720
202.830
203.850
204.940
205.950
207.060
208.100
209.190
210.320
211.410
212.500
213.570
214.630
215.760
216.810
