0.850
1.730
2.620
3.440
4.280
5.110
5.980
6.790
7.560
8.310
9.040
9.830
10.540
11.310
12.090
12.850
13.640
14.380
15.190
15.920
16.710
17.500
18.260
19.110
20.040
20.910
21.820
22.700
23.600
24.430
25.340
26.190
27.090
27.960
28.850
29.800
30.740
31.700
32.610
33.520
34.380
35.360
36.280
37.320
38.270
39.220
40.240
41.200
42.120
42.970
43.890
44.820
45.680
46.600
47.450
48.330
49.250
50.040
50.860
51.680
52.460
53.300
54.090
54.860
55.680
56.460
57.260
58.120
58.910
59.700
60.460
61.220
61.940
62.680
63.400
64.170
64.920
65.640
66.370
67.040
67.760
68.370
69.020
69.650
70.360
71.000
71.700
72.360
73.010
73.680
74.360
75.010
75.720
76.410
77.030
77.690
78.290
78.870
79.460
80.080
80.660
81.270
81.840
82.440
83.040
83.600
84.190
84.780
85.380
85.990
86.580
87.150
87.740
88.340
88.980
89.590
90.170
90.720
91.310
91.910
92.530
93.110
93.710
94.300
94.880
95.460
96.020
96.490
96.980
97.420
97.900
98.340
98.800
99.280
99.740
100.190
100.640
101.120
101.590
102.070
102.630
103.190
103.810
104.440
105.050
105.700
106.240
106.840
107.380
107.960
108.550
109.040
109.560
110.020
110.480
110.960
111.440
111.860
112.320
112.760
113.180
113.630
114.100
114.530
115.000
115.440
115.880
116.340
116.800
117.230
117.700
118.110
118.520
118.930
119.340
119.730
120.140
120.550
121.000
121.440
121.910
122.380
122.840
123.280
123.770
124.220
124.700
125.160
125.650
126.120
126.610
127.070
127.560
128.070
128.570
129.080
129.550
130.080
130.540
131.060
131.530
132.050
132.530
133.040
133.530
134.040
134.620
135.230
135.770
136.340
136.890
137.440
137.990
138.550
139.110
139.680
140.220
140.780
141.310
141.840
142.370
142.930
143.470
144.020
144.560
145.110
145.630
146.190
146.750
147.280
147.830
148.370
148.910
149.450
150.000
150.520
151.060
151.590
152.140
152.660
153.190
153.720
154.280
154.860
155.400
155.960
156.560
157.100
157.690
158.250
158.820
159.380
159.920
160.470
161.050
161.590
162.180
162.720
163.250
163.810
164.390
164.940
165.530
166.080
166.650
167.230
167.800
168.400
168.970
169.540
170.090
170.680
171.240
171.810
172.380
172.940
173.500
174.090
174.680
175.280
175.860
176.450
177.030
177.590
178.160
178.760
179.320
179.910
180.480
181.080
181.500
181.900
182.290
182.670
183.050
183.460
183.820
184.200
184.600
184.980
185.340
185.750
186.150
186.560
186.940
187.350
187.760
188.150
188.560
188.960
189.350
189.760
190.140
190.540
190.940
191.330
191.730
192.120
192.530
192.930
193.330
193.710
194.100
194.480
194.870
195.270
195.660
196.060
196.440
196.850
197.240
197.640
198.030
198.420
198.820
199.200
199.620
200.040
200.450
200.850
201.260
201.680
202.090
202.480
202.910
203.300
203.710
204.140
204.530
204.940
205.360
205.760
206.170
206.600
207.000
207.400
207.830
208.240
208.640
209.060
209.490
209.940
210.360
210.750
211.140
211.560
211.990
212.490
212.950
213.510
214.070
214.620
215.190
215.780
216.360
216.950
217.540
218.150
218.770
219.360
219.970
220.610
221.230
221.840
222.440
223.050
223.660
224.260
224.870
225.620
226.390
227.100
227.800
228.560
229.280
230.030
230.800
231.560
232.330
233.130
233.880
234.690
235.530
236.340
237.140
237.990
238.810
239.690
240.570
241.430
242.280
243.110
243.940
244.740
245.540
246.360
247.190
247.980
248.640
249.270
249.930
250.590
251.240
251.890
252.520
253.170
253.790
254.370
254.980
255.590
256.220
256.880
257.520
258.180
258.870
259.510
260.140
260.790
261.460
262.130
262.780
263.450
264.110
264.780
265.430
266.090
266.760
267.420
268.060
268.750
269.430
270.090
270.700
271.320
271.940
272.580
273.230
273.860
274.540
275.180
275.860
276.520
277.190
277.860
278.550
279.210
279.850
280.450
281.050
281.670
282.400
283.070
283.780
284.420
285.100
285.780
286.440
287.080
287.770
288.440
289.080
289.870
290.610
291.350
292.070
292.830
293.600
294.310
294.960
295.610
296.290
296.970
297.650
298.340
298.970
299.670
300.470
301.240
301.940
302.650
303.340
304.050
304.720
305.400
306.110
306.790
307.480
308.160
308.850
309.530
310.190
310.860
311.520
312.230
312.950
313.650
314.370
315.060
315.770
316.490
317.220
317.900
318.540
319.160
319.840
320.560
321.240
321.920
322.620
323.290
323.980
324.660
325.350
326.050
326.720
327.350
328.020
328.690
329.420
330.130
330.840
331.540
332.260
332.980
333.700
334.380
335.080
335.790
336.540
337.260
338.020
338.750
339.530
340.280
341.040
341.800
342.570
343.340
344.090
344.870
345.680
346.440
347.250
348.030
348.780
349.570
350.350
351.100
351.840
352.570
353.340
354.110
354.900
355.680
356.420
357.210
357.950
358.740
359.510
360.250
361.010
361.820
362.570
363.320
364.060
364.830
365.670
366.490
367.480
368.480
369.620
370.680
371.720
372.860
373.930
374.990
376.090
377.200
378.320
379.250
380.170
380.960
381.780
382.620
383.410
384.260
385.100
385.920
386.710
387.510
388.350
389.170
389.970
390.800
391.610
392.380
393.210
394.010
394.820
395.630
396.450
397.270
398.110
398.910
399.720
400.540
401.370
402.190
403.010
403.830
404.680
405.550
406.380
407.200
408.020
408.840
409.660
410.480
411.310
412.140
413.020
413.870
414.750
415.610
416.510
417.330
418.200
419.090
419.970
420.890
421.780
422.690
423.600
424.520
425.450
426.380
427.310
428.260
429.120
430.090
431.110
432.060
433.080
434.200
435.280
436.320
437.420
438.460
439.390
440.390
441.300
442.260
443.220
444.230
