0.610
1.440
2.220
3.030
3.850
4.590
5.370
6.160
6.980
7.750
8.540
9.340
10.080
10.850
11.620
12.390
13.130
13.910
14.630
15.330
16.070
16.790
17.550
18.280
19.090
19.920
20.690
21.480
22.240
23.000
23.810
24.580
25.300
26.080
26.730
27.320
27.860
28.430
29.020
29.580
30.180
30.740
31.360
31.920
32.540
33.130
33.850
34.520
35.260
35.930
36.710
37.470
38.250
38.980
39.780
40.590
41.370
42.170
43.010
43.810
44.580
45.370
46.190
46.940
47.720
48.490
49.220
49.970
50.710
51.490
52.230
53.030
53.820
54.560
55.350
56.100
56.880
57.700
58.460
59.240
59.990
60.790
61.520
62.310
63.040
63.840
64.600
65.380
66.120
66.930
67.680
68.440
69.220
69.990
70.740
71.470
72.250
72.950
73.720
74.420
75.150
75.900
76.460
77.010
77.600
78.140
78.710
79.200
79.680
80.170
80.660
81.120
81.620
82.100
82.560
82.990
83.450
83.870
84.330
84.710
85.130
85.510
85.880
86.270
86.630
87.030
87.410
87.780
88.170
88.530
88.900
89.260
89.630
90.000
90.390
90.770
91.150
91.510
91.870
92.240
92.630
93.010
93.370
93.750
94.150
94.510
94.910
95.290
95.650
96.050
96.410
96.750
97.120
97.470
97.830
98.190
98.560
98.930
99.270
99.640
100.030
100.390
100.750
101.140
101.500
101.860
102.230
102.600
102.990
103.360
103.730
104.100
104.450
104.820
105.170
105.540
105.920
106.290
106.660
107.020
107.380
107.770
108.130
108.500
108.860
109.210
109.570
109.920
110.280
110.660
111.040
111.390
111.790
112.190
112.580
112.960
113.320
113.670
114.000
114.360
114.710
115.090
115.440
115.830
116.180
116.560
116.940
117.310
117.660
118.060
118.420
118.800
119.200
119.570
119.950
120.290
120.660
121.020
121.350
121.710
122.080
122.430
122.810
123.150
123.510
123.890
124.230
124.600
124.980
125.350
125.720
126.100
126.470
126.830
127.170
127.530
127.900
128.250
128.610
128.980
129.350
129.730
130.090
130.450
130.820
131.200
131.560
131.930
132.280
132.640
132.990
133.350
133.720
134.070
134.430
134.790
135.160
135.540
135.900
136.300
136.670
137.040
137.430
137.810
138.160
138.550
138.910
139.270
139.660
140.010
140.400
140.750
141.140
141.510
141.870
142.230
142.600
142.970
143.340
143.720
144.090
144.450
144.840
145.210
145.590
145.970
146.330
146.720
147.110
147.470
147.830
148.220
148.580
148.960
149.330
149.680
150.050
150.420
150.800
151.210
151.580
151.980
152.390
152.800
153.200
153.600
153.980
154.380
154.790
155.200
155.590
155.950
156.330
156.720
157.110
157.480
157.850
158.230
158.630
159.010
159.360
159.750
160.100
160.480
160.870
161.230
161.630
162.000
162.370
162.740
163.110
163.470
163.840
164.220
164.580
164.940
165.310
165.690
166.080
166.460
166.830
167.230
167.610
167.990
168.360
168.750
169.110
169.490
169.870
170.260
170.630
171.010
171.410
171.770
172.160
172.520
172.900
173.270
173.650
174.010
174.370
174.750
175.120
175.510
175.870
176.270
176.640
177.000
177.390
177.760
178.120
178.490
178.880
179.260
179.640
180.010
180.390
180.770
181.160
181.520
181.880
182.220
182.580
182.950
183.340
183.730
184.090
184.480
184.860
185.230
185.610
185.960
186.360
186.720
187.110
187.490
187.880
188.260
188.620
188.980
189.350
189.690
190.050
190.420
190.800
191.180
191.550
191.920
192.280
192.640
193.010
193.380
193.770
194.130
194.510
194.880
195.260
195.630
196.000
196.390
196.760
197.140
197.530
197.910
198.270
198.660
199.030
199.410
199.780
200.180
200.550
200.920
201.320
201.700
202.080
202.440
202.830
203.210
203.600
203.990
204.370
204.750
205.130
205.530
205.910
206.280
206.670
207.040
207.420
207.790
208.170
208.550
208.950
209.310
209.710
210.070
210.460
210.820
211.180
211.550
211.920
212.310
212.680
213.050
213.430
213.800
214.200
214.580
214.950
215.330
215.720
216.090
216.480
216.840
217.230
217.610
218.000
218.360
218.740
219.120
219.520
219.880
220.270
220.640
221.030
221.420
221.790
222.170
222.560
222.930
223.320
223.690
224.080
224.450
224.840
225.220
225.610
225.980
226.360
226.740
227.110
227.490
227.880
228.250
228.640
229.020
229.400
229.780
230.170
230.530
230.930
231.290
231.690
232.050
232.440
232.830
233.210
233.580
233.960
234.340
234.720
235.100
235.480
235.870
236.250
236.630
237.000
237.380
237.750
238.130
238.530
238.900
239.290
239.650
240.030
240.400
240.790
241.150
241.540
241.910
242.290
242.690
243.090
243.460
243.860
244.260
244.630
244.990
245.370
245.730
246.100
246.490
246.860
247.220
247.620
247.980
248.370
248.760
249.140
249.500
249.900
250.270
250.680
251.050
251.440
251.810
252.190
252.580
252.960
253.330
253.720
254.100
254.510
254.880
255.290
255.670
256.050
256.420
256.810
257.190
257.560
257.950
258.330
258.700
259.100
259.460
259.840
260.220
260.600
260.980
261.380
261.760
262.140
262.510
262.890
263.280
263.660
264.040
264.390
264.740
265.110
265.490
265.890
266.260
266.650
267.020
267.410
267.770
268.170
268.540
268.930
269.310
269.690
270.070
270.460
270.850
271.240
271.610
272.010
272.400
272.800
273.180
273.570
273.950
274.340
274.710
275.100
275.490
275.870
276.250
276.650
277.020
277.410
277.800
278.170
278.550
278.940
279.330
279.720
280.100
280.490
280.870
281.250
281.640
282.020
282.420
282.790
283.180
283.560
283.950
284.360
284.740
285.140
285.530
285.920
286.280
286.680
287.040
287.420
287.830
288.200
288.590
288.980
289.370
289.730
290.130
290.490
290.890
291.270
291.640
292.040
292.410
292.790
293.180
293.570
293.930
294.320
294.690
295.060
295.440
295.820
296.200
296.570
296.950
297.340
297.720
298.090
298.470
298.860
299.240
299.610
299.990
300.370
300.760
301.140
301.520
301.920
302.300
302.690
303.080
303.470
303.850
304.240
304.610
304.980
305.340
305.720
306.080
306.460
306.860
307.260
307.640
308.030
308.410
308.790
309.150
309.550
309.930
310.310
310.670
311.070
311.440
311.810
312.210
312.590
312.960
313.360
313.750
314.130
314.520
314.890
315.280
315.660
316.040
316.420
316.780
317.160
317.540
317.930
318.320
318.700
319.080
319.480
319.860
320.240
320.630
321.020
321.390
321.790
322.160
322.540
322.920
323.300
323.660
324.040
324.420
324.810
325.190
325.560
325.940
326.310
326.690
327.070
327.460
327.850
328.220
328.610
328.990
329.390
329.770
330.160
330.550
330.930
331.310
331.710
332.080
332.470
332.830
333.230
333.590
334.000
334.390
334.780
335.160
335.560
335.940
336.320
336.730
337.100
337.490
337.890
338.280
338.670
339.070
339.450
339.840
340.210
340.600
341.000
341.390
341.790
342.170
342.570
342.980
343.370
343.760
344.150
344.530
344.920
345.300
345.700
346.080
346.480
346.860
347.260
347.630
348.030
348.400
348.780
349.170
349.560
349.950
350.340
350.730
351.120
351.510
351.900
352.280
352.660
353.060
353.440
353.810
354.200
354.550
354.940
355.290
355.680
356.070
356.470
356.850
357.230
357.630
358.020
358.420
358.790
359.170
359.550
359.930
360.340
360.710
361.120
361.510
361.890
362.280
362.660
363.060
363.450
363.830
364.210
364.590
364.980
365.350
365.740
366.120
366.510
366.890
367.270
367.640
368.020
368.420
368.780
369.180
369.560
369.940
370.310
370.700
371.080
371.470
371.870
372.250
372.650
373.020
373.410
373.790
374.180
374.550
374.930
375.310
375.700
376.060
376.440
376.820
377.200
377.590
377.960
378.360
378.740
379.120
379.510
379.920
380.310
380.690
381.080
381.480
381.860
382.250
382.630
383.020
383.410
383.790
384.180
384.550
384.940
385.330
385.710
386.100
386.480
386.860
387.240
387.610
388.000
388.380
388.770
389.150
389.520
389.890
390.290
390.680
391.050
391.440
391.830
392.230
392.630
392.990
393.380
393.760
394.150
394.510
394.910
395.280
395.670
396.040
396.440
396.820
397.220
397.610
398.000
398.390
398.760
399.160
399.520
399.900
400.310
400.700
401.070
401.470
401.850
402.240
402.640
403.040
403.430
403.820
404.230
404.610
405.010
405.400
405.800
406.180
406.570
406.960
407.360
407.760
408.150
408.550
408.940
409.330
409.710
410.110
410.520
410.920
411.320
411.720
412.120
412.520
412.900
413.300
413.680
414.070
414.470
414.880
415.260
415.680
416.060
416.440
416.840
417.220
417.620
418.020
418.410
418.790
419.180
419.560
419.950
420.350
420.770
421.160
421.570
421.950
422.360
422.750
423.150
423.540
423.940
424.330
424.740
425.130
425.530
425.920
426.310
426.720
427.110
427.520
427.920
428.300
428.690
429.080
429.480
429.880
430.290
430.670
431.060
431.450
431.830
432.220
432.620
433.010
433.400
433.780
434.170
434.570
434.960
435.340
435.730
436.100
436.490
436.880
437.280
437.680
438.080
438.460
438.860
439.260
439.650
440.050
440.450
440.830
441.220
441.600
442.000
442.390
442.770
443.170
443.570
443.960
444.340
444.730
445.140
445.520
445.950
446.340
446.770
447.150
447.530
447.930
448.320
448.710
449.110
449.510
449.910
450.300
450.700
451.090
451.470
451.870
452.260
452.670
453.070
453.470
453.870
454.280
454.660
455.050
455.450
455.840
456.230
456.610
457.000
457.400
457.780
458.160
458.570
458.950
459.340
459.720
460.110
460.510
460.900
461.300
461.700
462.090
462.490
462.880
463.290
463.680
464.090
464.480
464.880
465.270
465.680
466.050
466.450
466.840
467.230
467.620
468.010
468.390
468.770
469.160
469.550
469.920
470.310
470.700
471.090
471.480
471.880
472.260
472.640
473.040
473.430
473.820
474.220
474.610
475.000
475.390
475.770
476.150
476.560
476.940
477.320
477.720
478.100
478.470
478.860
479.240
479.640
480.030
480.420
480.810
481.200
481.590
481.970
482.360
482.740
483.120
483.510
483.910
484.300
484.670
485.050
485.440
485.830
486.210
486.600
486.990
487.360
487.740
488.110
488.500
488.890
489.290
489.670
490.040
490.430
490.820
491.220
491.600
491.990
492.380
492.770
493.140
493.530
493.910
494.300
494.690
495.080
495.450
495.840
496.210
496.610
496.980
497.360
497.750
498.120
498.520
498.910
499.300
499.690
500.050
500.440
500.820
501.210
501.610
502.000
502.390
502.780
503.150
503.530
503.920
504.300
504.680
505.080
505.450
505.850
506.230
506.620
507.000
507.380
507.760
508.160
508.540
508.920
509.300
509.710
510.080
510.450
510.840
511.230
511.590
511.980
512.350
512.750
513.130
513.510
513.890
514.280
514.650
515.030
515.410
515.790
516.170
516.540
516.930
517.310
517.700
518.080
518.460
518.830
519.220
519.600
519.990
520.390
520.770
521.150
521.520
521.900
522.280
522.650
523.040
523.420
523.810
524.200
524.580
524.970
525.360
525.740
526.120
526.510
526.890
527.270
527.650
528.050
528.430
528.810
529.200
529.610
530.000
530.380
530.760
531.150
531.520
531.900
532.290
532.700
533.090
533.490
533.880
534.380
534.990
535.770
536.530
537.310
538.060
538.840
539.590
540.380
541.150
541.910
542.700
543.440
544.220
544.990
545.730
546.490
547.230
548.030
548.770
549.530
550.300
551.090
551.860
552.620
553.410
554.200
554.950
555.710
556.450
557.240
557.990
558.770
559.550
560.330
561.070
561.850
562.610
563.400
564.140
564.910
565.660
566.420
567.180
567.930
568.690
569.480
570.230
570.980
571.730
572.500
573.260
574.000
574.750
575.540
576.310
577.080
577.810
578.580
579.320
580.090
580.840
581.610
582.390
583.160
583.890
584.660
585.400
586.170
586.910
587.700
588.440
589.210
589.970
590.750
591.490
592.290
593.040
593.810
594.570
595.320
596.060
596.830
597.590
598.350
599.120
599.880
600.650
601.410
602.200
602.980
603.730
604.470
605.230
605.980
606.740
607.490
608.250
608.990
609.770
610.490
611.260
612.020
612.760
613.540
614.280
615.060
615.800
616.570
617.340
618.100
618.840
619.600
620.370
621.150
621.880
622.690
623.410
624.200
624.940
625.710
626.480
627.280
628.010
628.820
629.550
630.300
631.050
631.860
632.590
633.360
634.120
634.890
635.630
636.390
637.130
637.910
638.660
639.430
640.170
640.920
641.690
642.450
643.210
643.970
644.740
645.510
646.250
647.030
647.770
648.550
649.280
650.050
650.820
651.610
652.390
653.120
653.840
654.540
655.280
656.030
656.710
657.340
658.040
658.700
659.330
659.990
660.640
661.300
661.910
662.580
663.190
663.840
664.480
665.130
665.780
666.420
667.090
667.720
668.360
668.940
669.550
670.170
670.730
671.300
671.920
672.500
673.080
673.680
674.270
674.800
675.370
675.930
676.450
677.040
677.600
678.200
678.840
679.470
