0.610
1.370
2.090
2.790
3.470
4.160
4.900
5.590
6.300
7.010
7.720
8.450
9.140
9.830
10.500
11.210
11.890
12.710
13.520
14.320
15.090
15.930
16.670
17.450
18.230
19.050
19.820
20.550
21.320
22.150
22.940
23.730
24.550
25.350
26.170
26.950
27.760
28.600
29.420
30.290
31.110
31.980
32.810
33.670
34.480
35.350
36.190
37.100
37.960
38.810
39.640
40.550
41.420
42.310
43.190
44.090
44.950
45.860
46.730
47.660
48.570
49.470
50.400
51.320
52.230
53.110
54.110
55.220
56.230
57.290
58.420
59.460
60.410
61.400
62.240
63.090
63.990
64.910
65.730
66.590
67.460
68.330
69.210
70.050
70.890
71.720
72.600
73.470
74.410
75.250
76.150
77.000
77.830
78.720
79.630
80.590
81.510
82.380
83.290
84.230
85.090
85.940
86.850
87.720
88.550
89.390
90.300
91.200
92.060
92.880
93.790
94.720
95.590
96.430
97.340
98.210
99.120
100.010
100.870
101.740
102.620
103.460
104.300
105.190
106.050
106.910
107.770
108.700
109.590
110.510
111.370
112.290
113.200
114.060
114.950
115.860
116.750
117.590
118.440
119.290
120.240
121.230
122.170
123.090
124.000
124.940
125.860
126.780
127.720
128.680
129.620
130.510
131.360
132.230
133.110
133.950
134.870
135.840
136.750
137.630
138.580
139.570
140.440
141.290
142.160
143.040
143.940
144.830
145.750
146.610
147.460
148.330
149.200
150.050
150.910
151.770
152.630
153.450
154.320
155.140
156.000
156.870
157.730
158.580
159.450
160.280
161.190
161.980
162.760
163.620
164.460
165.290
166.180
167.010
167.800
168.680
169.550
170.420
171.290
172.110
173.010
173.830
174.660
175.450
176.260
177.120
177.980
178.820
179.670
180.540
181.370
182.230
183.090
183.960
184.830
185.660
186.560
187.390
188.240
189.100
189.990
190.870
191.770
192.630
193.490
194.390
195.310
196.190
197.130
198.030
198.880
199.830
200.690
201.610
202.470
203.360
204.320
205.220
206.150
207.030
207.900
208.870
209.740
210.640
211.490
212.370
213.220
214.060
214.930
215.810
216.670
217.530
218.430
219.270
220.160
221.030
221.900
222.760
223.670
224.510
225.390
226.320
227.240
228.120
229.040
229.950
230.870
231.740
232.620
233.480
234.330
235.160
235.970
236.730
237.560
238.320
239.150
239.930
240.810
241.610
242.470
243.320
244.110
244.900
245.710
246.480
247.320
248.090
248.910
249.720
250.500
251.290
252.060
252.850
253.580
254.380
255.210
255.990
256.850
257.640
258.490
259.270
260.110
260.890
261.650
262.330
263.060
263.750
264.440
265.160
265.850
266.600
267.300
267.920
268.550
269.200
269.860
270.490
271.170
271.820
272.490
273.130
273.790
274.470
275.170
275.870
276.700
277.490
278.280
279.060
279.890
280.680
281.550
282.390
283.200
284.080
284.940
285.810
286.650
287.530
288.390
289.230
290.070
290.860
291.680
292.450
293.280
294.040
294.840
295.640
296.460
297.260
298.040
298.880
