0.560
1.310
2.020
2.750
3.470
4.220
4.960
5.700
6.410
6.920
7.410
7.890
8.380
8.860
9.370
9.880
10.370
10.840
11.350
11.820
12.300
12.770
13.270
13.730
14.210
14.710
15.200
15.710
16.200
16.670
17.190
17.680
18.170
18.670
19.160
19.630
20.100
20.590
21.080
21.580
22.070
22.530
23.050
23.540
24.000
24.490
24.980
25.490
25.980
26.470
26.950
27.460
27.940
28.430
28.910
29.400
29.900
30.370
30.870
31.360
31.830
32.330
32.820
33.320
33.800
34.290
34.770
35.260
35.730
36.200
36.710
37.190
37.670
38.160
38.650
39.170
39.660
40.130
40.640
41.120
41.600
42.110
42.600
43.060
43.550
44.040
44.540
45.050
45.540
46.010
46.520
47.010
47.480
47.950
48.460
48.930
49.430
49.920
50.420
50.940
51.420
51.890
52.400
52.880
53.380
53.890
54.400
54.870
55.350
55.840
56.330
56.850
57.330
57.810
58.320
58.800
59.280
59.780
60.280
60.760
61.260
61.750
62.240
62.760
63.260
63.760
64.250
64.740
65.240
65.750
66.240
66.720
67.200
67.680
68.170
68.630
69.110
69.610
70.080
70.590
71.070
71.800
72.520
73.270
74.020
74.810
75.550
76.320
77.110
77.900
78.640
79.430
80.170
80.960
81.730
82.470
83.260
84.030
84.760
85.530
86.300
87.060
87.840
88.640
89.380
90.160
90.920
91.690
92.460
93.220
93.980
94.710
95.470
96.260
97.000
97.760
98.510
99.320
100.070
100.820
101.570
102.340
103.090
103.890
104.650
105.440
106.210
107.040
107.820
108.600
109.380
110.150
110.940
111.720
112.490
113.270
114.030
114.790
115.560
116.350
117.100
117.880
118.640
119.420
120.210
120.960
121.760
122.540
123.300
124.100
124.870
125.620
126.400
127.210
127.970
128.750
129.510
130.300
131.080
131.870
132.630
133.420
134.160
134.930
135.700
136.480
137.230
138.050
138.810
139.590
140.350
141.100
141.890
142.660
143.410
144.190
144.970
145.780
146.590
147.390
148.170
148.980
149.780
150.590
151.380
152.160
152.940
153.730
154.500
155.310
156.070
156.860
157.630
158.440
159.210
160.000
160.770
161.560
162.350
163.130
163.930
164.710
165.490
166.290
167.060
167.810
168.590
169.360
170.140
170.920
171.690
172.450
173.220
173.990
174.750
175.530
176.320
177.050
177.840
178.600
179.360
180.120
180.870
181.620
182.350
183.070
183.860
184.640
185.400
186.170
186.940
187.710
188.510
189.280
190.070
190.820
191.560
192.300
193.090
193.870
194.660
195.430
196.200
196.930
197.690
198.420
199.200
199.990
200.770
201.550
202.310
203.090
203.850
204.660
205.410
206.190
206.980
207.760
208.550
209.330
210.120
210.930
211.690
212.470
213.250
214.060
214.840
215.610
216.390
217.180
217.950
218.720
219.470
220.230
221.040
221.810
222.620
223.420
224.190
224.950
225.700
226.440
227.220
227.960
228.740
229.510
230.270
231.020
231.780
232.520
233.320
234.070
234.850
235.640
236.400
237.190
237.960
238.710
239.460
240.200
240.970
241.740
242.500
243.270
244.010
244.790
245.570
246.320
247.110
247.910
248.680
249.460
250.240
251.020
251.770
252.520
253.290
254.050
254.800
255.570
256.340
257.150
257.920
258.730
259.470
260.290
261.070
261.840
262.600
263.380
264.230
265.040
265.810
266.580
267.390
268.180
268.950
269.770
270.540
271.420
272.250
273.100
273.900
274.700
275.460
