0.350
1.070
1.840
2.590
3.320
4.110
4.800
5.550
6.260
7.010
7.760
8.470
9.140
9.890
10.620
11.390
12.260
13.070
13.850
14.720
15.530
16.430
17.380
18.380
19.410
20.470
21.470
22.560
23.540
24.610
25.660
26.670
27.700
28.680
29.710
30.720
31.750
32.800
33.790
34.810
35.870
36.970
38.070
39.140
40.290
41.370
42.190
43.080
43.980
44.820
45.920
47.000
48.100
49.230
50.280
51.410
52.460
53.600
54.690
55.770
56.850
57.940
59.000
60.070
61.210
62.220
63.320
64.380
65.450
66.540
67.580
68.640
69.680
70.770
71.830
72.910
73.950
75.060
76.150
77.170
78.260
79.300
80.350
81.440
82.500
83.530
84.630
85.680
86.700
87.770
88.730
89.720
90.740
91.770
92.810
93.800
94.850
95.910
96.940
97.940
99.000
100.060
101.090
102.080
103.060
104.110
105.110
106.090
107.110
108.170
109.200
110.190
111.230
112.290
113.270
114.290
115.340
116.310
117.370
118.400
119.410
120.390
121.380
122.370
123.420
124.410
125.440
126.410
127.440
128.440
129.440
130.420
131.450
132.420
133.410
134.420
135.470
136.430
137.470
138.460
139.450
140.450
141.530
142.580
143.580
144.610
145.640
146.640
147.660
148.650
149.770
150.790
151.770
152.740
153.720
154.720
155.700
156.700
157.750
158.750
159.700
160.730
161.710
162.690
163.660
164.680
165.630
166.660
167.620
168.550
169.520
170.540
171.520
172.470
173.510
174.500
175.490
176.490
177.480
178.480
179.480
180.430
181.430
182.370
183.360
184.320
185.290
186.270
187.240
188.230
189.190
190.120
191.070
192.050
192.970
193.920
194.870
195.830
196.820
197.810
198.780
199.740
200.720
201.710
202.690
203.690
204.690
205.670
206.740
207.740
208.690
209.710
210.700
211.660
212.640
213.650
214.670
215.670
216.660
217.740
218.710
219.780
220.790
221.720
222.660
223.710
224.690
225.650
226.610
227.580
228.520
229.540
230.490
231.380
232.380
233.350
234.360
235.330
236.350
237.310
238.280
239.290
240.260
241.210
242.200
243.230
244.170
245.110
246.030
246.960
247.960
248.990
249.950
251.050
252.110
253.060
254.060
255.050
256.080
257.090
258.070
259.080
260.060
261.050
261.990
262.910
263.910
264.870
265.830
266.760
267.730
268.670
269.600
270.580
271.580
272.590
273.590
274.520
275.510
276.460
277.450
278.440
279.390
280.490
281.540
282.560
283.600
284.650
285.630
286.650
287.720
288.700
289.690
290.700
291.680
292.620
293.630
294.540
