0.580	1
0.885
1.190
1.490
1.790	1
2.080
2.370
2.655
2.940	1
3.225
3.510
3.795
4.080	1
4.370
4.660
4.960
5.260	1
5.540
5.820
6.110
6.400	1
6.685
6.970
7.270
7.570	1
7.855
8.140
8.425
8.710	1
9.005
9.300
9.605
9.910	1
10.200
10.490
10.780
11.070	1
11.370
11.670
11.980
12.290	1
12.590
12.890
13.165
13.440	1
13.700
13.960
14.235
14.510	1
14.815
15.120
15.430
15.740	1
16.035
16.330
16.640
16.950	1
17.265
17.580
17.890
18.200	1
18.495
18.790
19.110
19.430	1
19.740
20.050
20.355
20.660	1
20.960
21.260
21.545
21.830	1
22.135
22.440
22.725
23.010	1
23.315
23.620
23.920
24.220	1
24.509
24.797
25.086
25.374	1
25.673
25.971
26.270
26.568	1
26.868
27.168
27.468
27.768	1
28.037
28.307
28.576
28.846	1
29.179
29.513
29.846
30.180	1
30.470
30.780
31.070
31.380	1
31.690
32.000
32.300
32.620	1
32.920
33.230
33.550
33.850	1
34.160
34.470
34.780
35.100	1
35.400
35.720
36.030
36.340	1
36.640
36.960
37.260
37.570	1
37.880
38.200
38.510
38.810	1
39.120
39.440
39.740
40.060	1
40.360
40.680
40.980
41.300	1
41.610
41.920
42.230
42.530	1
42.840
43.150
43.460
43.770	1
44.080
44.390
44.690
44.990	1
45.290
45.590
45.880
46.190	1
46.480
46.790
47.090
47.400	1
47.700
48.020
48.320
48.620	1
48.920
49.230
49.520
49.830	1
50.120
50.430
50.720
51.030	1
51.320
51.630
51.920
52.230	1
52.520
52.830
53.120
53.420	1
53.720
54.020
54.330
54.630	1
54.920
55.220
55.500
55.800	1
56.080
56.380
56.670
56.980	1
57.280
57.600
57.900
58.210	1
58.510
58.810
59.110
59.410	1
59.710
60.010
60.300
60.600	1
60.900
61.200
61.510
61.810	1
62.100
62.400
62.690
62.980	1
63.270
63.570
63.860
64.140	1
64.440
64.730
65.010
65.300	1
65.590
65.880
66.170
66.470	1
66.750
67.050
67.340
67.630	1
67.920
68.200
68.500
68.780	1
69.060
69.340
69.620
69.910	1
70.180
70.470
70.740
71.050	1
71.350
71.650
71.950
72.250	1
72.540
72.850
73.140
73.440	1
73.740
74.050
74.340
74.640	1
74.940
75.250
75.540
75.840	1
76.140
76.450
76.740
77.050	1
77.350
77.650
77.940
78.250	1
78.540
78.840
79.120
79.420	1
79.700
80.000
80.290
80.590	1
80.880
81.190
81.480
81.790	1
82.080
82.390
82.670
82.960	1
83.250
83.550
83.830
84.140	1
84.440
84.740
85.030
85.320	1
85.610
85.910
86.200
86.510	1
86.800
87.110
87.410
87.710	1
87.990
88.290
88.590
88.890	1
89.180
89.480
89.780
90.080	1
90.380
90.680
90.990
91.290	1
91.590
91.890
92.190
92.490	1
92.790
93.080
93.380
93.680	1
93.990
94.290
94.590
94.890	1
95.190
95.490
95.790
96.090	1
96.380
96.690
96.990
97.290	1
97.580
97.880
98.180
98.480	1
98.770
99.060
99.340
99.640	1
99.920
100.220
100.500
100.800	1
101.090
101.380
101.670
101.970	1
102.280
102.580
102.870
103.150	1
103.450
103.740
104.020
104.290	1
104.570
104.850
105.130
105.420	1
105.700
105.980
106.260
106.560	1
106.850
107.140
107.420
107.720	1
108.000
108.290
108.580
108.870	1
109.160
109.460
109.740
110.040	1
110.320
110.620
110.920
111.230	1
111.520
111.820
112.120
112.420	1
112.720
113.030
113.320
113.610	1
113.910
114.190
114.480
114.780	1
115.070
115.380
115.670
115.980	1
116.270
116.570
116.860
117.150	1
117.430
117.730
118.010
118.310	1
118.590
118.890
119.170
119.460	1
119.750
120.040
120.330
120.620	1
120.910
121.210
121.510
121.810	1
122.100
122.400
122.690
122.970	1
123.260
123.560
123.840
124.140	1
124.420
124.710
125.000
125.290	1
125.580
125.880
126.170
126.460	1
126.750
127.040
127.330
127.620	1
127.910
128.200
128.490
128.800	1
129.100
129.400
129.700
129.990	1
130.290
130.590
130.890
131.180	1
131.470
131.760
132.060
132.350	1
132.640
132.930
133.220
133.520	1
133.820
134.120
134.410
134.720	1
135.010
135.320
135.610
135.920	1
136.210
136.520
136.810
137.110	1
137.410
137.710
138.010
138.320	1
138.620
138.920
139.210
139.520	1
139.800
140.100
140.380
140.680	1
140.970
141.270
141.570
141.870	1
142.160
142.460
142.750
143.050	1
143.330
143.640
143.940
144.230	1
144.530
144.830
145.120
145.410	1
145.700
146.000
146.280
146.590	1
146.880
147.190
147.480
147.770	1
148.060
148.350
148.650
148.940	1
149.230
149.520
149.800
150.100	1
150.390
150.700
150.990
151.300	1
151.590
151.900
152.190
152.490	1
152.790
153.100
153.400
153.720	1
154.020
154.330
154.630
154.940	1
155.230
155.530
155.830
156.130	1
156.430
156.730
157.030
157.340	1
157.630
157.940
158.230
158.540	1
158.830
159.130
159.430
159.730	1
160.010
160.310
160.590
160.890	1
161.170
161.470
161.760
162.050	1
162.340
162.650
162.940
163.240	1
163.530
163.820
164.110
164.410	1
164.690
164.990
165.280
165.570	1
165.850
166.150
166.440
166.740	1
167.030
167.330
167.630
167.930	1
168.230
168.520
168.800
169.100	1
169.380
169.680
169.970
170.280	1
170.580
170.870
171.170
171.480	1
171.780
172.090
172.390
172.700	1
173.010
173.320
173.630
173.950	1
174.260
174.570
174.860
175.170	1
175.470
175.770
176.060
176.360	1
176.670
176.970
177.250
177.540	1
177.830
178.130
178.420
178.710	1
179.010
179.320
179.600
179.900	1
180.180
180.470
180.760
181.060	1
181.350
181.640
181.920
182.220	1
182.510
182.800
183.090
183.380	1
183.650
183.950
184.230
184.530	1
184.810
185.110
185.400
185.680	1
185.970
186.270
186.550
186.840	1
187.140
187.420
187.720
188.010	1
188.300
188.610
188.900
189.210	1
189.510
189.810
190.100
190.410	1
190.700
191.000
191.300
191.600	1
191.900
192.200
192.500
192.800	1
193.100
193.400
193.700
194.010	1
194.310
194.600
194.910
195.200	1
195.500
195.810
196.110
196.400	1
196.700
197.010
197.290
197.590	1
197.870
198.170
198.450
198.760	1
199.050
199.360
199.650
199.950	1
200.240
200.540
200.820
201.120	1
201.410
201.700
201.990
202.300	1
202.590
202.900
203.180
203.480	1
203.770
204.060
204.360
204.660	1
204.950
205.260
205.540
205.840	1
206.130
206.420
206.700
207.010	1
207.300
207.600
207.900
208.210	1
208.510
208.810
209.100
209.410	1
209.700
210.010
210.310
210.600	1
210.900
211.200
211.500
211.800	1
212.100
212.400
212.700
213.000	1
213.280
213.580
213.870
214.170	1
214.470
214.770
215.060
215.370	1
215.660
215.970
216.250
216.550	1
216.840
217.130
217.410
217.710	1
218.000
218.300
218.590
218.900	1
219.200
219.490
219.790
220.080	1
220.360
220.660
220.940
221.240	1
221.520
221.820
222.100
222.400	1
222.710
222.990
223.290
223.580	1
223.870
224.160
224.440
224.740	1
225.020
225.320
225.620
225.910	1
226.220
226.520
226.800
227.100	1
227.380
227.680
227.970
228.250	1
228.540
228.830
229.120
229.420	1
229.710
230.000
230.290
230.580	1
230.870
231.160
231.450
231.730	1
232.020
232.320
232.600
232.900	1
233.180
233.480
233.760
234.050	1
234.340
234.630
234.920
235.220	1
235.500
235.800
236.080
236.370	1
236.660
236.960
237.250
237.540	1
237.830
238.110
238.410
238.710	1
239.000
239.310
239.590
239.880	1
240.170
240.470
240.750
241.050	1
241.330
241.630
241.920
242.210	1
242.490
242.790
243.070
243.370	1
243.670
243.960
244.250
244.550	1
244.840
245.120
245.410
245.700	1
246.000
246.280
246.570
246.870	1
247.160
247.450
247.740
248.040	1
248.330
248.630
248.930
249.220	1
249.510
249.810
250.090
250.390	1
250.680
250.970
251.250
251.550	1
251.830
252.130
252.410
252.700	1
252.990
253.280
253.570
253.870	1
254.160
254.440
254.710
254.990	1
255.270
255.550
255.840
256.130	1
256.420
256.710
256.990
257.290	1
257.580
257.860
258.140
258.430	1
258.700
258.980
259.260
259.550	1
259.830
260.120
260.400
260.700	1
260.980
261.280
261.570
261.870	1
262.170
262.480
262.770
263.070	1
263.380
263.670
263.980
264.270	1
264.560
264.850
265.150
265.430	1
265.730
266.040
266.330
266.630	1
266.930
267.220
267.510
267.800	1
268.090
268.390
268.670
268.970	1
269.250
269.550
269.840
270.130	1
270.410
270.710
270.990
271.280	1
271.570
271.870
272.150
272.450	1
272.730
273.030
273.320
273.610	1
273.900
274.190
274.470
274.750	1
275.040
275.330
275.620
275.910	1
276.200
276.490
276.780
277.070	1
277.350
277.640
277.940
278.230	1
278.520
278.800
279.110
279.410	1
279.700
280.000
280.280
280.580	1
280.860
281.150
281.440
281.730	1
282.020
282.320
282.600
282.890	1
283.180
283.470
283.760
284.060	1
284.350
284.640
284.920
285.230	1
285.520
285.820
286.120
286.430	1
286.720
287.010
287.300
287.600	1
287.890
288.180
288.470
288.780	1
289.070
289.380
289.660
289.960	1
290.240
290.540
290.820
291.120	1
291.410
291.700
291.980
292.280	1
292.570
292.870
293.160
293.460	1
293.740
294.040
294.330
294.620	1
294.910
295.200
295.480
295.770	1
296.050
296.340
296.620
296.890	1
297.180
297.460
297.740
298.020	1
298.300
298.600
298.900
299.210	1
299.500
299.810
300.100
300.410	1
300.720
301.030
301.330
301.640	1
301.940
302.240
302.540
302.840	1
303.140
303.440
303.740
304.040	1
304.330
304.630
304.920
305.220	1
305.510
305.800
306.090
306.380	1
306.670
306.960
307.250
307.540	1
307.820
308.120
308.400
308.690	1
308.980
309.270
309.560
309.860	1
310.140
310.430
310.720
311.010	1
311.300
311.600
311.880
312.180	1
312.470
312.760
313.050
313.340	1
313.620
313.920
314.210
314.500	1
314.790
315.080
315.370
315.660	1
315.950
316.230
316.520
316.820	1
317.100
317.390
317.680
317.980	1
318.270
318.560
318.840
319.140	1
319.420
319.720
320.000
320.310	1
320.600
320.900
321.210
321.510	1
321.810
322.110
322.410
322.700	1
323.000
323.300
323.580
323.880	1
324.170
324.470
324.760
325.060	1
325.360
325.670
325.960
326.250	1
326.540
326.830
327.120
327.430	1
327.730
328.020
328.310
328.600	1
328.890
329.190
329.470
329.770	1
330.050
330.350
330.640
330.930	1
331.210
331.510
331.790
332.090	1
332.380
332.680
332.970
333.270	1
333.560
333.860
334.150
334.440	1
334.720
335.020
335.320
335.620	1
335.920
336.220
336.510
336.810	1
337.110
337.410
337.700
338.000	1
338.290
338.580
338.880
339.180	1
339.480
339.780
340.070
340.370	1
340.670
340.970
341.270
341.570	1
341.870
342.180
342.480
342.770	1
343.080
343.380
343.680
343.980	1
344.270
344.580
344.870
345.180	1
345.470
345.770
346.060
346.360	1
346.660
346.960
347.250
347.560	1
347.850
348.150
348.450
348.740	1
349.030
349.320
349.620
349.910	1
350.190
350.490
350.780
351.070	1
351.360
351.650
351.940
352.240	1
352.530
352.830
353.130
353.420	1
353.710
354.000
354.300
354.590	1
354.880
355.170
355.460
355.760	1
356.060
356.360
356.650
356.960	1
357.250
357.550
357.860
358.150	1
358.450
358.750
359.050
359.350	1
359.650
359.950
360.230
360.540	1
360.840
361.140
361.440
361.740	1
362.040
362.340
362.640
362.940	1
363.240
363.540
363.840
364.140	1
364.430
364.730
365.030
365.310	1
365.600
365.900
366.180
366.470	1
366.770
367.070
367.370
367.670	1
367.960
368.260
368.550
368.850	1
369.130
369.420
369.710
370.010	1
370.310
370.600
370.900
371.190	1
371.480
371.770
372.050
372.340	1
372.630
372.930
373.210
373.510	1
373.800
374.110
374.400
374.710	1
374.990
375.290
375.570
375.870	1
376.150
376.450
376.740
377.030	1
377.320
377.620
377.910
378.220	1
378.510
378.820
379.110
379.410	1
379.710
380.000
380.280
380.580	1
380.860
381.150
381.440
381.740	1
382.020
382.320
382.610
382.890	1
383.180
383.480
383.760
384.050	1
384.340
384.620
384.900
385.190	1
385.460
385.750
386.040
386.330	1
386.610
386.900
387.190
387.490	1
387.770
388.070
388.360
388.660	1
388.950
389.250
389.550
389.850	1
390.140
390.440
390.720
391.030	1
391.320
391.630
391.920
392.230	1
392.520
392.820
393.110
393.400	1
393.700
393.990
394.280
394.570	1
394.860
395.160
395.450
395.750	1
396.050
396.360
396.650
396.960	1
397.240
397.530
397.820
398.120	1
398.400
398.690
398.980
399.280	1
399.560
399.860
400.150
400.440	1
400.720
401.010
401.300
401.590	1
401.880
402.170
402.460
402.760	1
403.040
403.340
403.620
403.920	1
404.200
404.500
404.780
405.070	1
405.360
405.660
405.950
406.240	1
406.530
406.830
407.120
407.420	1
407.710
408.000
408.290
408.570	1
408.860
409.150
409.440
409.730	1
410.020
410.310
410.600
410.900	1
411.200
411.500
411.800
412.100	1
412.390
412.700
412.990
413.290	1
413.580
413.880
414.170
414.480	1
414.770
415.070
415.370
415.670	1
415.970
416.270
416.580
416.880	1
417.180
417.480
417.780
418.070	1
418.370
418.670
418.970
419.270	1
419.580
419.880
420.180
420.480	1
420.770
421.070
421.370
421.680	1
421.970
422.270
422.570
422.870	1
423.160
423.450
423.740
424.030	1
424.320
424.620
424.900
425.200	1
425.490
425.800
426.090
426.390	1
426.680
426.970
427.260
427.550	1
427.840
428.130
428.410
428.700	1
428.990
429.280
429.570
429.870	1
430.150
430.440
430.720
431.010	1
431.300
431.590
431.870
432.170	1
432.460
432.740
433.040
433.330	1
433.610
433.900
434.190
434.480	1
434.770
435.070
435.370
435.680	1
435.970
436.270
436.570
436.850	1
437.150
437.440
437.720
438.010	1
438.310
438.600
438.890
439.190	1
439.490
439.790
440.080
440.380	1
440.660
440.960
441.250
441.550	1
441.840
442.150
442.440
442.740	1
443.020
443.320
443.610
443.910	1
444.200
444.510
444.800
445.110	1
445.400
445.700
445.990
446.280	1
446.570
446.870
447.170
447.460	1
447.760
448.060
448.360
448.660	1
448.960
449.260
449.560
449.860	1
450.140
450.450
450.740
451.040	1
451.340
451.640
451.950
452.240	1
452.540
452.840
453.140
453.450	1
567.213	1
567.517
567.820
568.120
568.420	1
568.715
569.010
569.320
569.630	1
569.925
570.220
570.515
570.810	1
571.105
571.400
571.695
571.990	1
572.285
572.580
572.860
573.140	1
573.435
573.730
574.035
574.340	1
574.635
574.930
575.230
575.530	1
575.830
576.130
576.425
576.720	1
577.020
577.320
577.615
577.910	1
578.205
578.500
578.795
579.090	1
579.390
579.690
579.980
580.270	1
580.565
580.860
581.150
581.440	1
581.730
582.020
582.320
582.620	1
582.910
583.200
583.515
583.830	1
584.125
584.420
584.715
585.010	1
585.310
585.610
585.925
586.240	1
586.540
586.840
587.135
587.430	1
587.735
588.040
588.360
588.680	1
588.965
589.250
589.550
589.850	1
590.140
590.430
590.730
591.030	1
591.325
591.620
591.920
592.220	1
592.520
592.820
593.120
593.420	1
593.725
594.030
594.330
594.630	1
594.930
595.230
595.530
595.830	1
596.130
596.430
596.730
597.030	1
597.330
597.630
597.925
598.220	1
598.525
598.830
599.125
599.420	1
599.715
600.010
600.320
600.630	1
600.925
601.220
601.505
601.790	1
602.080
602.370
602.660
602.950	1
603.245
603.540
603.850
604.160	1
604.460
604.760
605.050
605.340	1
605.655
605.970
606.270
606.570	1
606.870
607.170
607.460
607.750	1
608.045
608.340
608.645
608.950	1
609.240
609.530
609.815
610.100	1
610.390
610.680
610.980
611.280	1
611.575
611.870
612.165
612.460	1
612.760
613.060
613.355
613.650	1
613.940
614.230
614.540
614.850	1
615.145
615.440
615.720
616.000	1
616.295
616.590
616.885
617.180	1
617.485
617.790
618.075
618.360	1
618.658
618.956
619.254
619.552	1
619.854
620.156
620.458
620.760	1
621.038
621.316
621.594
621.872	1
622.167
622.462
622.756
623.051	1
623.318
623.585
623.853
624.140	1
624.460
624.750
625.050
625.340	1
625.630
625.930
626.230
626.520	1
626.830
627.120
627.420
627.720	1
628.010
628.310
628.590
628.890	1
629.170
629.470
629.760
630.060	1
630.360
630.650
630.950
631.250	1
631.530
631.830
632.110
632.400	1
632.690
632.990
633.270
633.560	1
633.850
634.140
634.440
634.730	1
635.010
635.300
635.590
635.890	1
636.180
636.460
636.730
637.020	1
637.290
637.580
637.850
638.150	1
638.440
638.730
639.010
639.310	1
639.580
639.860
640.150
640.420	1
640.710
641.000
641.290
641.580	1
641.870
642.150
642.450
642.740	1
643.050
643.350
643.650
643.950	1
644.240
644.550
644.850
645.140	1
645.440
645.740
646.040
646.340	1
646.650
646.930
647.220
647.510	1
647.800
648.100
648.380
648.680	1
648.970
649.270
649.560
649.860	1
650.150
650.440
650.740
651.030	1
651.310
651.610
651.900
652.190	1
652.470
652.760
653.060
653.340	1
653.640
653.910
654.200
654.480	1
654.760
655.030
655.320
655.590	1
655.870
656.160
656.440
656.720	1
657.010
657.300
657.600
657.890	1
658.180
658.450
658.740
659.010	1
659.290
659.580
659.850
660.140	1
660.420
660.700
660.970
661.250	1
661.530
661.820
662.100
662.400	1
662.700
663.000
663.290
663.610	1
663.910
664.230
664.540
664.850	1
665.150
665.460
665.770
666.080	1
666.380
666.690
666.990
667.290	1
667.580
667.880
668.190
668.490	1
668.790
669.090
669.390
669.680	1
669.980
670.280
670.580
670.890	1
671.180
671.490
671.790
672.090	1
672.380
672.680
672.980
673.260	1
673.550
673.850
674.140
674.430	1
674.710
675.000
675.290
675.590	1
675.870
676.150
676.430
676.710	1
676.980
677.270
677.540
677.820	1
678.100
678.390
678.660
678.940	1
679.220
679.500
679.790
680.070	1
680.380
680.690
681.000
681.310	1
681.620
681.920
682.230
682.540	1
682.860
683.170
683.480
683.790	1
684.090
684.400
684.710
685.020	1
685.330
685.640
685.950
686.260	1
686.570
686.880
687.200
687.510	1
687.820
688.130
688.430
688.750	1
689.060
689.370
689.680
689.980	1
690.300
690.610
690.910
691.240	1
691.560
691.880
692.190
692.500	1
692.810
693.130
693.430
693.750	1
694.050
694.360
694.680
694.990	1
695.320
695.640
695.950
696.280	1
696.580
696.900
697.200
697.520	1
697.820
698.140
698.450
698.770	1
699.080
699.410
699.730
700.050	1
700.360
700.690
701.000
701.330	1
701.640
701.970
702.280
702.610	1
702.920
703.240
703.550
703.870	1
704.180
704.480
704.800
705.110	1
705.437
705.764
706.092
706.419	1
706.734
707.049
707.365
707.680	1
708.000
708.320
708.640
708.960	1
709.265
709.570
709.875
710.180	1
710.500
710.860
711.170
711.500	1
711.810
712.140
712.450
712.770	1
713.080
713.400
713.700
714.030	1
714.340
714.670
714.980
715.310	1
715.620
715.950
716.270
716.590	1
716.900
717.220
717.540
717.860	1
718.170
718.490
718.790
719.100	1
719.420
719.720
720.040
720.360	1
720.680
721.010
721.330
721.640	1
721.970
722.280
722.600
722.920	1
723.240
723.560
723.880
724.210	1
724.530
724.850
725.170
725.490	1
725.800
726.130
726.470
726.810	1
727.130
727.470
727.780
728.100	1
728.430
728.750
729.050
729.360	1
729.680
729.980
730.290
730.640	1
730.990
731.320
731.670
732.010	1
732.360
732.710
733.050
733.400	1
733.730
734.060
734.420
734.740	1
735.065
735.391
735.716
736.041	1
