0.130
0.540
0.990
1.420
1.840
2.270
2.710
3.150
3.600
4.050
4.490
4.910
5.350
5.770
6.200
6.620
7.050
7.480
7.910
8.330
8.750
9.170
9.600
10.020
10.450
10.870
11.290
11.710
12.110
12.560
13.000
13.470
13.960
14.430
14.840
15.260
15.680
16.100
16.510
16.930
17.340
17.760
18.170
18.580
19.000
19.440
19.860
20.260
20.680
21.090
21.500
21.910
22.340
22.750
23.160
23.570
23.980
24.390
24.800
25.210
25.600
26.020
26.440
26.860
27.270
27.680
28.110
28.500
28.910
29.340
29.740
30.150
30.560
30.980
31.400
31.800
32.210
32.640
33.050
33.440
33.850
34.260
34.660
35.070
35.460
35.880
36.270
36.680
37.080
37.480
37.890
38.290
38.710
39.130
39.530
39.940
40.350
40.730
41.130
41.550
41.940
42.340
42.740
43.150
43.570
43.960
44.370
44.790
45.200
45.620
46.030
46.440
46.830
47.250
47.650
48.060
48.460
48.870
49.260
49.670
50.070
50.480
50.880
51.290
51.700
52.110
52.520
52.920
53.330
53.730
54.140
54.530
54.930
55.350
55.740
56.150
56.560
56.970
57.380
57.790
58.180
58.600
59.010
59.410
59.820
60.230
60.640
61.040
61.440
61.840
62.240
62.640
63.050
63.450
63.840
64.240
64.640
65.040
65.440
65.850
66.240
66.640
67.040
67.440
67.850
68.260
68.650
69.060
69.450
69.850
70.240
70.650
71.060
71.470
71.870
72.280
72.680
73.100
73.490
73.890
74.300
74.690
75.100
75.500
75.900
76.300
76.690
77.100
77.500
77.890
78.290
78.690
79.080
79.480
79.880
80.280
80.680
81.070
81.450
81.850
82.250
82.650
83.040
83.440
83.840
84.230
84.640
85.040
85.440
85.840
86.230
86.630
87.020
87.420
87.810
88.200
88.600
88.990
89.390
89.790
90.180
90.580
90.970
91.370
91.770
92.160
92.560
92.960
93.350
93.750
94.140
94.530
94.910
95.310
95.700
96.100
96.510
96.890
97.290
97.660
98.070
98.460
98.860
99.250
99.660
100.050
100.430
100.840
101.230
101.620
102.000
102.400
102.800
103.200
103.600
104.020
104.420
104.820
105.200
105.600
106.000
106.380
106.760
107.160
107.560
107.960
108.370
108.760
109.160
109.560
109.960
110.360
110.760
111.170
111.560
111.960
112.370
112.760
113.160
113.570
113.960
114.370
114.770
115.160
115.570
115.960
116.370
116.770
117.180
117.580
117.990
118.390
118.810
119.210
119.600
120.000
120.420
120.820
121.210
121.600
122.010
122.400
122.820
123.210
123.610
124.010
124.410
124.800
125.210
125.620
126.020
126.420
126.820
127.230
127.630
128.030
128.440
128.840
129.240
129.640
130.040
130.440
130.850
131.250
131.660
132.070
132.480
132.870
133.280
133.680
134.090
134.500
134.900
135.310
135.720
136.120
136.520
136.940
137.330
137.740
138.140
138.520
138.880
139.260
139.640
140.020
140.440
140.860
141.290
141.730
142.150
142.580
143.030
143.460
143.880
144.290
144.710
145.120
145.560
145.960
146.400
146.810
147.260
147.690
148.120
148.550
148.960
149.410
149.820
150.250
150.690
151.120
151.550
151.960
152.380
152.790
153.220
