0.210
0.620
1.020
1.430
1.840
2.250
2.660
3.070
3.460
3.880
4.290
4.690
5.090
5.510
5.920
6.320
6.730
7.140
7.540
7.950
8.350
8.760
9.150
9.550
9.950
10.370
10.780
11.180
11.580
11.990
12.380
12.800
13.200
13.620
14.040
14.460
14.870
15.280
15.690
16.110
16.530
16.920
17.340
17.740
18.150
18.570
18.980
19.370
19.770
20.190
20.580
21.000
21.420
21.830
22.230
22.640
23.040
23.450
23.860
24.270
24.690
25.080
25.490
25.890
26.300
26.700
27.110
27.520
27.920
28.330
28.720
29.130
29.530
29.950
30.350
30.760
31.170
31.570
31.960
32.380
32.760
33.190
33.590
34.000
34.400
34.820
35.230
35.650
36.050
36.470
36.880
37.310
37.710
38.120
38.520
38.910
39.340
39.760
40.160
40.580
41.020
41.410
41.820
42.230
42.640
43.060
43.470
43.890
44.290
44.700
45.100
45.520
45.920
46.340
46.740
47.160
47.580
47.980
48.400
48.820
49.220
49.640
50.050
50.470
50.880
51.280
51.680
52.090
52.500
52.920
53.340
53.760
54.170
54.570
54.990
55.400
55.820
56.230
56.640
57.050
57.460
57.860
58.270
58.680
59.090
59.500
59.910
60.320
60.740
61.150
61.560
61.970
62.390
62.800
63.210
63.640
64.040
64.460
64.870
65.270
65.680
66.120
66.550
66.980
67.370
67.790
68.190
68.600
69.010
69.420
69.840
70.250
70.660
71.080
71.480
71.900
72.300
72.710
73.130
73.540
73.960
74.370
74.780
75.220
75.640
76.040
76.440
76.860
77.270
77.680
78.080
78.490
78.910
79.330
79.750
80.190
80.610
81.010
81.430
81.820
82.230
82.660
83.080
83.510
83.900
84.330
84.730
85.150
85.550
85.970
86.380
86.790
87.200
87.630
88.040
88.450
88.870
89.280
89.690
90.110
90.520
90.930
91.350
91.760
92.170
92.600
92.990
93.410
93.820
94.230
94.650
95.060
95.480
95.880
96.290
96.700
97.120
97.510
97.920
98.350
98.740
99.160
99.570
99.990
100.380
100.800
101.220
101.640
102.050
102.490
102.880
103.310
103.710
104.130
104.550
104.990
105.420
105.840
106.270
106.690
107.110
107.520
107.940
108.350
108.780
109.180
109.600
110.000
110.400
110.820
111.220
111.630
112.020
112.420
112.830
113.250
113.660
114.090
114.510
114.920
115.330
115.760
116.170
116.590
117.010
117.430
117.840
118.230
118.640
119.060
119.470
119.890
120.300
120.710
121.110
121.530
121.940
122.360
122.780
123.200
123.620
124.030
124.430
124.840
125.260
125.670
126.080
126.500
126.910
127.320
127.730
128.150
128.570
128.990
129.390
129.810
130.230
130.630
131.040
131.480
131.900
132.320
132.750
133.170
133.590
134.010
134.440
134.850
135.270
135.700
136.120
136.540
136.940
137.360
137.780
138.180
138.610
139.020
139.430
139.850
140.260
140.680
141.100
141.520
141.950
142.380
142.770
143.200
143.610
144.020
144.440
144.860
145.280
145.710
146.100
146.510
146.930
147.330
147.750
148.160
148.570
148.970
149.380
149.800
150.210
150.630
151.040
151.460
151.860
152.260
152.680
153.090
153.490
153.910
154.330
154.740
155.140
155.560
155.990
156.390
156.790
157.210
157.620
158.050
158.460
158.880
159.320
159.730
160.160
160.570
160.970
161.380
161.800
162.200
162.630
163.030
163.460
163.880
164.290
164.730
165.140
165.550
165.950
166.380
166.790
167.200
167.620
168.040
168.440
168.850
169.260
169.680
170.090
170.520
170.920
171.340
171.770
172.160
172.590
173.020
173.430
173.860
174.280
174.690
175.110
175.530
175.960
176.390
176.810
177.240
177.660
178.080
178.510
178.940
179.360
179.800
180.210
180.650
181.080
181.520
181.940
182.370
182.780
183.210
183.630
184.050
184.480
184.900
185.330
185.750
186.160
186.600
187.030
187.460
187.880
188.300
188.700
189.130
189.540
189.970
190.380
190.800
191.230
191.660
192.080
192.500
192.920
193.340
193.750
194.180
194.600
195.010
195.430
195.860
196.270
196.700
197.110
197.520
197.940
198.360
198.780
199.210
199.640
200.080
200.500
200.920
201.340
201.770
202.200
202.640
203.070
203.490
203.920
204.350
204.770
205.200
205.630
206.060
206.490
206.900
207.310
207.740
208.160
208.590
209.020
209.440
209.840
210.270
210.680
211.110
211.520
211.950
212.370
212.800
213.220
213.660
214.070
214.510
214.950
215.370
215.790
216.220
216.640
217.090
217.510
217.930
218.370
218.810
219.230
219.660
220.090
220.520
220.940
221.370
221.790
222.220
222.630
223.060
223.480
223.910
224.330
224.750
225.150
225.580
226.010
226.420
226.850
227.250
227.670
228.100
228.510
228.940
229.360
229.790
230.220
230.650
231.070
231.500
231.930
232.330
232.740
233.160
233.560
233.980
234.400
234.820
235.260
235.670
236.100
236.510
236.930
237.370
237.790
238.200
238.630
239.040
239.460
239.880
240.300
240.720
241.130
241.560
241.980
242.400
242.810
243.220
243.640
244.060
244.490
244.910
245.330
245.740
246.160
246.580
247.000
247.420
247.830
248.250
248.670
249.100
249.520
249.950
250.350
250.770
251.180
251.600
252.030
252.460
252.880
253.300
253.720
254.160
254.570
255.000
255.410
255.820
256.240
256.660
257.080
257.520
257.930
258.360
258.780
259.200
259.610
260.030
260.430
260.840
261.260
261.690
262.110
262.520
262.940
263.360
263.780
264.200
264.620
265.040
265.460
265.900
266.320
266.730
267.150
267.570
267.980
268.400
268.830
269.250
269.670
270.090
270.520
270.940
271.360
271.790
272.200
272.630
273.060
273.470
273.890
274.320
274.730
275.160
275.580
276.000
276.430
276.850
277.260
277.700
278.120
278.540
278.960
279.380
279.800
280.210
280.630
281.040
281.460
281.880
282.300
282.710
283.110
283.540
283.940
284.370
284.780
285.190
285.610
286.020
286.440
286.870
287.270
287.700
288.110
288.540
288.960
289.390
289.790
290.230
290.630
291.040
291.460
291.890
292.310
292.750
293.160
293.580
294.000
294.430
294.840
295.260
295.670
296.090
296.520
296.930
297.350
297.770
298.180
298.610
299.020
299.440
299.860
300.280
300.690
301.120
301.530
301.960
302.380
302.800
303.210
303.630
304.040
304.470
304.890
305.310
305.730
306.150
306.570
307.000
307.410
307.830
308.250
308.670
309.080
309.510
309.930
310.350
310.760
311.190
311.610
312.030
312.440
312.860
313.270
313.680
314.100
314.520
314.950
315.370
315.780
316.210
316.640
317.050
317.460
317.890
318.300
318.720
319.140
319.550
319.980
320.390
320.800
321.230
321.650
322.070
322.490
322.910
323.330
323.750
324.160
324.580
325.000
325.410
325.830
326.260
326.680
327.100
327.510
327.940
328.350
328.780
329.190
329.610
330.030
330.460
330.890
331.330
331.740
332.160
332.570
333.010
333.430
333.860
334.270
334.700
335.110
335.530
335.960
336.390
336.820
337.250
337.670
338.090
338.510
338.940
339.350
339.790
340.210
340.620
341.040
341.470
341.890
342.320
342.740
343.160
343.580
344.010
344.430
344.880
345.280
345.710
346.130
346.550
346.970
347.400
347.830
348.250
348.670
349.100
349.530
349.950
350.370
350.810
351.230
351.660
352.090
352.510
352.930
353.370
353.790
354.230
354.640
355.080
355.510
355.950
356.360
356.790
357.210
357.620
358.030
358.460
358.880
359.310
359.730
360.160
360.570
361.000
361.450
361.870
362.290
362.720
363.140
363.560
363.980
364.410
364.840
365.270
365.690
366.110
366.520
366.950
367.360
367.790
368.210
368.650
369.070
369.490
369.900
370.340
370.770
371.200
371.600
372.040
372.470
372.900
373.320
373.740
374.160
374.580
375.010
375.450
375.860
376.280
376.710
377.140
377.560
377.980
378.420
378.840
379.260
379.700
380.120
380.530
380.950
381.380
381.800
382.230
382.640
383.070
383.490
383.940
384.340
384.760
385.180
385.610
386.040
386.460
386.860
387.290
387.710
388.120
388.570
388.990
389.420
389.850
390.280
390.710
391.150
391.550
391.980
392.410
392.830
393.250
393.650
394.080
394.510
394.930
395.380
395.800
396.230
396.650
397.070
397.500
397.920
398.350
398.780
399.210
399.640
400.060
400.490
400.930
401.370
401.770
402.200
402.630
403.050
403.490
403.910
404.330
404.750
405.180
405.600
406.030
406.450
406.870
407.290
407.730
408.130
408.560
408.970
409.400
409.810
410.240
410.660
411.090
411.510
411.920
412.360
412.790
413.210
413.640
414.050
414.460
414.870
415.290
415.710
416.130
416.560
417.000
417.410
417.840
418.250
418.670
419.090
419.500
419.920
420.340
420.780
421.200
421.620
422.020
422.430
422.840
423.270
423.700
424.120
424.540
424.950
425.380
425.780
426.220
426.630
427.060
427.470
427.900
428.320
428.750
429.190
429.620
430.040
430.470
430.890
431.310
431.730
432.160
432.570
433.010
433.430
433.860
434.270
434.700
435.110
435.530
435.950
436.380
436.810
437.240
437.670
438.100
438.540
438.950
439.380
439.820
440.260
440.690
441.110
441.540
441.960
442.390
442.800
443.230
443.680
444.100
444.540
444.970
445.390
445.810
446.220
446.650
447.070
447.490
447.900
448.340
448.750
449.140
449.560
449.990
450.400
450.830
451.240
451.670
452.090
452.510
452.930
453.350
453.770
454.200
454.610
455.010
455.420
455.840
456.260
456.680
457.100
457.520
457.970
458.380
458.790
459.220
459.640
460.080
460.490
460.910
461.330
461.750
462.160
462.580
462.990
463.420
463.830
464.250
464.670
465.100
465.520
465.950
466.380
466.790
467.200
467.630
468.050
468.470
468.900
469.310
469.730
470.150
470.570
470.980
471.380
471.810
472.230
472.660
473.060
473.480
473.890
474.310
474.720
475.130
475.560
475.990
476.430
476.890
477.330
477.760
478.180
478.610
479.040
479.460
479.890
480.310
480.740
481.170
481.590
482.010
482.450
482.880
483.290
483.720
484.150
484.580
484.990
485.430
485.850
486.290
486.690
487.120
487.540
487.950
488.380
488.800
489.220
489.640
490.060
490.490
490.900
491.340
491.770
492.180
492.620
493.040
493.480
493.920
494.340
494.780
495.200
495.610
496.030
496.450
496.870
497.290
497.720
498.140
498.550
498.970
499.390
499.830
500.240
500.660
501.070
501.500
501.910
502.330
502.760
503.160
503.580
504.000
504.410
504.830
505.260
505.660
506.080
506.510
506.920
507.360
507.840
508.280
