0.530	1
1.090
1.590
2.080
2.600	1
3.110
3.590
4.060
4.560	1
5.090
5.590
6.060
6.540	1
7.030
7.490
7.990
8.480	1
9.000
9.520
10.060
10.570	1
11.060
11.580
12.080
12.590	1
13.120
13.610
14.120
14.600	1
15.120
15.620
16.130
16.660	1
17.160
17.660
18.200
18.700	1
19.210
19.720
20.210
20.730	1
21.200
21.700
22.210
22.720	1
23.200
23.710
24.200
24.720	1
25.220
25.740
26.250
26.770	1
27.270
27.790
28.270
28.780	1
29.300
29.800
30.300
30.810	1
31.330
31.830
32.340
32.870	1
33.390
33.880
34.400
34.890	1
35.410
35.910
36.400
36.910	1
37.400
37.910
38.400
38.890	1
39.410
39.900
40.380
40.900	1
41.400
41.910
42.430
42.930	1
43.440
43.950
44.450
44.980	1
45.480
45.980
46.500
46.990	1
47.470
47.970
48.450
48.980	1
49.470
49.980
50.480
50.960	1
51.450
51.970
52.480
52.960	1
53.450
53.960
54.490
54.990	1
55.500
56.010
56.520
57.020	1
57.520
57.990
58.500
58.990	1
59.530
60.030
60.550
61.030	1
61.550
62.060
62.580
63.090	1
63.580
64.080
64.570
65.070	1
65.600
66.090
66.620
67.110	1
67.630
68.120
68.630
69.130	1
69.640
70.150
70.630
71.140	1
71.620
72.130
72.640
73.150	1
73.680
74.160
74.660
75.160	1
75.670
76.170
76.660
77.150	1
77.630
78.110
78.600
79.090	1
79.570
80.060
80.550
81.040	1
81.510
82.000
82.500
82.990	1
83.480
83.970
84.450
84.930	1
85.420
85.900
86.390
86.880	1
87.380
87.870
88.370
88.860	1
89.350
89.830
90.310
90.810	1
91.310
91.790
92.290
92.760	1
93.240
93.730
94.210
94.680	1
95.160
95.660
96.130
96.620	1
97.090
97.570
98.070
98.540	1
99.030
99.510
99.980
100.470	1
100.960
101.440
101.920
102.400	1
102.890
103.370
103.850
104.320	1
104.820
105.290
105.780
106.250	1
106.730
107.200
107.680
108.120	1
108.590
109.050
109.520
109.980	1
110.450
110.940
111.400
111.850	1
112.320
112.780
113.270
113.720	1
114.200
114.680
115.150
115.610	1
116.050
116.520
116.980
117.430	1
117.910
118.390
118.850
119.350	1
119.820
120.290
120.780
121.250	1
121.680
122.150
122.580
123.020	1
123.470
123.900
124.350
124.760	1
125.200
125.640
126.080
126.550	1
127.000
127.440
127.890
128.340	1
128.800
129.210
129.630
130.092	1
130.540
131.041
131.492
131.932	1
132.346
132.807
133.234
133.713	1
134.314
134.800
135.280
135.760	1
136.250
136.720
137.210
137.680	1
138.160
138.640
139.140
139.610	1
140.090
140.570
141.040
141.520	1
142.000
142.480
142.970
143.450	1
143.930
144.410
144.890
145.360	1
145.830
146.310
146.780
147.260	1
147.750
148.220
148.690
149.190	1
149.680
150.160
150.650
151.120	1
151.600
152.080
152.550
153.010	1
153.500
153.970
154.460
154.940	1
155.430
155.910
156.380
156.870	1
157.360
157.850
158.330
158.830	1
159.340
159.820
160.320
160.790	1
161.290
161.770
162.260
162.740	1
163.240
163.720
164.210
164.680	1
165.170
165.660
166.170
166.650	1
167.130
167.620
168.120
168.590	1
169.090
169.580
170.050
170.550	1
171.020
171.470
171.950
172.430	1
172.930
173.420
173.930
174.420	1
174.890
175.370
175.870
176.340	1
176.820
177.290
177.790
178.250	1
178.740
179.210
179.680
180.160	1
180.670
181.180
181.650
182.150	1
182.650
183.130
183.610
184.110	1
184.570
185.050
185.530
186.010	1
186.500
186.970
187.470
187.950	1
188.400
188.880
189.350
189.820	1
190.300
190.770
191.270
191.730	1
192.220
192.700
193.180
193.640	1
194.100
194.570
195.040
195.510	1
196.000
196.490
196.990
197.480	1
197.950
198.420
198.880
199.380	1
199.870
200.350
200.840
201.310	1
201.790
202.240
202.730
203.200	1
203.700
204.170
204.670
205.170	1
205.650
206.120
206.590
207.070	1
207.550
208.040
208.510
209.010	1
209.490
209.960
210.460
210.930	1
211.440
211.930
212.440
212.940	1
213.450
213.940
214.450
214.950	1
215.460
215.960
216.460
216.990	1
217.470
217.970
218.440
218.930	1
219.460
219.960
220.480
220.970	1
221.500
221.990
222.500
222.990	1
223.470
223.970
224.460
224.940	1
225.460
225.940
226.430
226.920	1
227.440
227.930
228.420
228.920	1
229.410
229.900
230.380
230.880	1
231.410
231.890
232.390
232.890	1
233.400
233.910
234.400
234.880	1
