0.210
0.900
1.530
2.230
2.880
3.460
4.070
4.690
5.280
5.830
6.390
6.990
7.560
8.210
8.880
9.490
10.020
10.560
11.120
11.640
12.200
12.710
13.260
13.820
14.460
15.080
15.620
16.200
16.770
17.320
17.830
18.350
18.910
19.420
19.960
20.510
21.050
21.630
22.190
22.790
23.410
23.990
24.610
25.180
25.790
26.410
26.960
27.500
28.080
28.620
29.200
29.750
30.360
30.930
31.540
32.110
32.710
33.360
33.950
34.580
35.280
35.980
36.650
37.340
38.060
38.730
39.430
40.100
40.800
41.460
42.130
42.840
43.520
44.180
44.840
45.520
46.170
46.830
47.470
48.040
48.580
49.170
49.770
50.280
50.800
51.140
51.480
51.850
52.170
52.510
52.860
53.200
53.550
53.870
54.200
54.540
54.880
55.200
55.540
55.870
56.180
56.510
56.850
57.190
57.510
57.850
58.220
58.560
58.920
59.270
59.600
59.950
60.290
60.640
60.980
61.310
61.630
61.970
62.310
62.650
62.990
63.330
63.670
63.990
64.320
64.660
64.970
65.320
65.650
65.980
66.320
66.670
67.020
67.360
67.700
68.020
68.360
68.690
69.010
69.350
69.690
70.020
70.350
70.690
71.030
71.370
71.730
72.080
72.420
72.760
73.110
73.430
73.780
74.120
74.460
74.810
75.140
75.470
75.800
76.120
76.440
76.770
77.120
77.460
77.800
78.140
78.470
78.830
79.180
79.510
79.860
80.210
80.550
80.890
81.210
81.550
81.890
82.230
82.570
82.900
83.230
83.560
83.910
84.240
84.590
84.940
85.270
85.610
85.930
86.260
86.580
86.930
87.270
87.620
87.950
88.280
88.610
88.940
89.270
89.610
89.940
90.290
90.630
90.980
91.300
91.640
91.990
92.310
92.630
92.980
93.310
93.620
93.950
94.280
94.630
94.950
95.300
95.650
95.990
96.310
96.650
97.000
97.370
97.700
98.050
98.420
98.770
99.100
99.460
99.800
100.130
100.460
100.800
101.160
101.490
101.830
102.160
102.500
102.850
103.190
103.530
103.880
104.210
104.560
104.920
105.270
105.620
105.970
106.300
106.640
106.990
107.330
107.690
108.030
108.370
108.730
109.060
109.410
109.760
110.120
110.500
110.850
111.210
111.580
111.920
112.280
112.610
112.960
113.330
113.650
113.990
114.340
114.690
115.020
115.360
115.700
116.050
116.410
116.790
117.150
117.510
117.860
118.220
118.590
118.940
119.300
119.660
120.030
120.380
120.730
121.060
121.390
121.740
122.090
122.420
122.760
123.100
123.450
123.810
124.170
124.510
124.870
125.220
125.570
125.900
126.270
