0.250
0.660
1.080
1.490	1
1.920
2.330
2.770
3.180	1
3.600
4.020
4.440
4.850	1
5.290
5.700
6.130
6.550	1
6.960
7.370
7.800
8.210	1
8.610
9.020
9.460
9.870	1
10.290
10.700
11.130
11.570	1
12.010
12.430
12.850
13.250	1
13.680
14.090
14.520
14.950	1
15.370
15.790
16.230
16.650	1
17.080
17.520
17.940
18.360	1
18.780
19.190
19.620
20.030	1
20.450
20.870
21.320
21.740	1
22.160
22.590
23.020
23.460	1
23.890
24.310
24.730
25.160	1
25.580
26.000
26.420
26.820	1
27.250
27.670
28.090
28.510	1
28.920
29.340
29.770
30.200	1
30.620
31.040
31.460
31.880	1
32.280
32.690
33.100
33.510	1
33.920
34.330
34.770
35.180	1
35.600
36.010
36.430
36.860	1
37.290
37.710
38.130
38.540	1
38.970
39.390
39.810
40.210	1
40.620
41.040
41.450
41.860	1
42.290
42.710
43.130
43.560	1
43.990
44.420
44.860
45.300	1
45.720
46.160
46.570
47.000	1
47.390
47.820
48.220
48.630	1
49.060
49.470
49.880
50.300	1
50.720
51.130
51.540
51.940	1
52.340
52.760
53.170
53.580	1
53.980
54.390
54.810
55.210	1
55.620
56.030
56.440
56.870	1
57.280
57.690
58.090
58.500	1
58.910
59.320
59.730
60.150	1
60.550
60.980
61.400
61.810	1
62.220
62.630
63.040
63.450	1
63.860
64.270
64.690
65.090	1
65.490
65.900
66.300
66.710	1
67.120
67.530
67.930
68.340	1
68.750
69.160
69.560
69.970	1
70.380
70.790
71.210
71.610	1
72.020
72.430
72.840
73.240	1
73.640
74.050
74.460
74.860	1
75.270
75.680
76.090
76.490	1
76.900
77.300
77.700
78.100	1
78.520
78.930
79.330
79.750	1
80.160
80.560
80.970
81.380	1
81.800
82.220
82.640
83.070	1
83.480
83.890
84.280
84.700	1
85.110
85.520
85.930
86.330	1
86.730
87.130
87.550
87.960	1
88.350
88.760
89.170
89.580	1
89.970
90.360
90.780
91.190	1
91.590
92.010
92.410
92.800	1
93.210
93.630
94.030
94.440	1
94.850
95.250
95.650
96.060	1
96.460
96.860
97.260
97.660	1
98.050
98.460
98.860
99.250	1
99.660
100.060
100.450
100.860	1
101.260
101.670
102.070
102.490	1
102.870
103.290
103.690
104.090	1
104.480
104.890
105.280
105.680	1
106.080
106.470
106.880
107.280	1
107.680
108.100
108.510
108.930	1
109.320
109.720
110.120
110.530	1
110.930
111.330
111.730
112.140	1
112.540
112.940
113.330
113.740	1
114.160
114.560
114.970
115.360	1
115.780
116.180
116.580
116.970	1
117.350
117.730
118.150
118.560	1
118.950
119.360
119.770
120.180	1
120.600
121.020
121.410
121.820	1
122.250
122.640
123.050
123.480	1
123.890
124.300
124.710
125.110	1
125.520
125.930
126.330
126.740	1
127.140
127.540
127.940
128.360	1
128.770
129.160
129.570
129.970	1
130.370
130.780
131.180
131.590	1
131.990
132.390
132.790
133.190	1
133.600
134.010
134.410
134.820	1
135.230
135.640
136.060
136.450	1
136.840
137.250
137.650
138.040	1
138.430
138.820
139.210
139.610	1
140.030
140.440
140.850
141.260	1
141.660
142.070
142.470
142.880	1
143.290
143.690
144.080
144.490	1
144.890
145.290
145.700
146.100	1
146.510
146.940
147.330
147.740	1
148.160
148.570
148.950
149.360	1
149.770
150.180
150.590
151.000	1
151.400
151.820
152.220
152.650	1
153.040
153.450
153.870
154.280	1
154.680
155.110
155.520
155.920	1
156.310
156.720
157.120
157.530	1
157.930
158.340
158.750
159.160	1
159.580
160.000
160.400
160.820	1
161.210
161.640
162.050
162.460	1
162.860
163.280
163.690
164.100	1
164.500
164.910
165.320
165.720	1
166.140
166.560
166.970
167.380	1
167.790
168.210
168.620
169.040	1
169.450
169.870
170.270
170.690	1
171.090
171.500
171.900
172.300	1
172.700
173.110
173.520
173.940	1
174.350
174.740
175.140
175.550	1
175.950
176.360
176.770
177.170	1
177.560
177.970
178.390
178.800	1
179.210
179.610
180.030
180.440	1
180.850
181.260
181.660
182.070	1
182.470
182.880
183.270
183.660	1
184.060
184.460
184.860
185.250	1
185.640
186.030
186.430
186.830	1
187.220
187.640
188.040
188.440	1
188.850
189.270
189.680
190.090	1
190.500
190.910
191.320
191.710	1
192.100
192.510
192.910
193.310	1
193.710
194.110
194.520
194.920	1
195.320
195.730
196.130
196.540	1
196.950
197.360
197.760
198.180	1
198.590
199.010
199.450
199.850	1
200.260
200.660
201.080
201.490	1
201.900
202.310
202.710
203.120	1
203.520
203.930
204.340
204.740	1
205.150
205.560
205.970
206.380	1
206.780
207.200
207.610
208.010	1
208.410
208.830
209.240
209.660	1
210.060
210.460
210.890
211.280	1
211.690
212.090
212.490
212.900	1
213.310
213.720
214.120
214.530	1
214.950
215.350
215.750
216.160	1
216.570
216.970
217.380
217.780	1
218.190
218.600
219.000
219.420	1
219.830
220.250
220.650
221.050	1
221.450
221.860
222.260
222.670	1
223.070
223.500
223.900
224.300	1
224.680
225.100
225.480
225.890	1
226.280
226.680
227.080
227.480	1
227.880
228.300
228.680
229.080	1
229.480
229.880
230.280
230.690	1
231.090
231.480
231.890
232.280	1
232.690
233.090
233.490
233.890	1
234.280
234.680
235.070
235.460	1
235.860
236.250
236.650
237.050	1
237.470
237.860
238.260
238.660	1
239.060
239.480
239.870
240.300	1
240.710
241.100
241.480
241.870	1
242.280
242.670
243.060
243.450	1
243.820
244.210
244.600
245.010	1
245.400
245.780
246.180
246.580	1
246.980
247.380
247.770
248.180	1
248.570
248.960
249.360
249.740	1
250.130
250.540
250.940
251.340	1
251.730
252.120
252.520
252.900	1
253.290
253.680
254.080
254.480	1
254.870
255.270
255.690
256.090	1
256.470
256.870
257.260
257.650	1
258.040
258.430
258.850
259.250	1
259.630
260.030
260.420
260.810	1
261.220
261.600
261.990
262.390	1
262.790
263.190
263.590
263.990	1
264.390
264.790
265.190
265.570	1
265.960
266.360
266.760
267.150	1
267.570
267.960
268.360
268.760	1
269.160
269.560
269.950
270.340	1
270.750
271.140
271.520
271.920	1
272.320
272.720
273.130
273.530	1
273.910
274.320
274.710
275.130	1
275.540
275.950
276.340
276.750	1
277.160
277.560
277.950
278.350	1
278.740
279.150
279.560
279.950	1
280.340
280.750
281.150
281.540	1
281.950
282.360
282.740
283.140	1
283.520
283.910
284.310
284.710	1
285.090
285.490
285.880
286.280	1
286.670
287.070
287.470
287.890	1
288.260
288.660
289.040
289.450	1
289.830
290.220
290.610
291.010	1
291.390
291.790
292.190
292.580	1
292.980
293.380
293.780
294.200	1
294.600
295.000
295.390
295.790	1
296.200
296.590
296.980
297.360	1
297.770
298.170
298.560
298.950	1
299.350
299.750
300.150
300.550	1
300.960
301.360
301.760
302.170	1
302.570
302.970
303.370
303.780	1
304.190
304.610
305.010
305.410	1
305.790
306.180
306.580
306.970	1
307.370
307.770
308.180
308.590	1
308.980
309.370
309.760
310.150	1
310.550
310.950
311.330
311.720	1
312.110
312.510
312.890
313.280	1
313.680
314.080
314.480
314.880	1
315.280
315.680
316.090
316.490	1
316.880
317.290
317.660
318.070	1
318.460
318.860
319.270
319.650	1
320.050
320.440
320.840
321.230	1
321.640
322.050
322.450
322.880	1
323.280
323.680
324.090
324.490	1
324.860
325.250
325.640
326.050	1
326.440
326.830
327.210
327.600	1
328.000
328.410
328.790
329.210	1
329.580
329.980
330.380
330.770	1
331.180
331.570
331.970
332.360	1
332.780
333.180
333.560
333.970	1
334.360
334.750
335.150
335.560	1
335.950
336.360
336.750
337.150	1
337.540
337.940
338.330
338.720	1
339.110
339.500
339.890
340.280	1
340.680
341.080
341.470
341.880	1
342.270
342.670
343.050
343.450	1
343.830
344.230
344.610
345.020	1
345.400
345.790
346.170
346.570	1
346.960
347.350
347.750
348.140	1
348.530
348.940
349.350
349.740	1
350.150
350.530
350.950
351.350	1
351.760
352.180
352.580
352.980	1
353.410
353.810
354.180
354.590	1
354.970
355.360
355.750
356.160	1
356.560
356.960
357.360
357.760	1
358.160
358.560
358.970
359.370	1
359.760
360.160
360.550
360.940	1
361.340
361.740
362.130
362.520	1
362.920
363.310
363.710
364.120	1
364.490
364.900
365.280
365.670	1
366.050
366.450
366.850
367.260	1
367.650
368.040
368.440
368.860	1
369.250
369.660
370.040
370.440	1
370.850
371.250
371.640
372.040	1
372.440
372.840
373.240
373.650	1
374.060
374.460
374.860
375.270	1
375.680
376.070
376.470
376.880	1
377.280
377.680
378.070
378.450	1
378.850
379.250
379.650
380.060	1
380.460
380.860
381.250
381.660	1
382.050
382.450
382.840
383.220	1
383.610
384.010
384.400
384.770	1
385.160
385.550
385.940
386.340	1
386.730
387.120
387.510
387.890	1
388.290
388.690
389.100
389.500	1
389.910
390.310
390.710
391.100	1
391.500
391.900
392.280
392.680	1
393.070
393.460
393.860
394.250	1
394.620
395.010
395.400
395.820	1
396.200
396.580
396.970
397.370	1
397.760
398.150
398.540
398.940	1
399.320
399.720
400.110
400.510	1
400.900
401.290
401.680
402.090	1
402.480
402.860
403.240
403.630	1
404.020
404.430
404.810
405.200	1
405.580
405.980
406.370
406.750	1
407.140
407.500
407.850
408.200	1
408.580
408.970
409.360
409.750	1
410.150
410.550
410.940
411.330	1
411.730
412.150
412.530
412.920	1
413.310
413.700
414.090
414.480	1
414.860
415.250
415.640
416.040	1
416.420
416.820
417.200
417.610	1
417.990
418.380
418.770
419.150	1
419.540
419.950
420.330
420.730	1
421.110
421.510
421.900
422.290	1
422.680
423.080
423.480
423.870	1
424.270
424.650
425.040
425.440	1
425.810
426.200
426.600
426.990	1
427.380
427.770
428.160
428.540	1
428.940
429.330
429.720
430.100	1
430.490
430.870
431.250
431.640	1
432.030
432.430
432.820
433.200	1
433.600
433.990
434.370
434.770	1
435.170
435.560
435.960
436.360	1
436.750
437.140
437.540
437.920	1
438.310
438.690
439.060
439.460	1
439.840
440.230
440.610
441.010	1
441.410
441.800
442.180
442.580	1
442.950
443.350
443.730
444.130	1
444.520
444.910
445.300
445.680	1
446.090
446.480
446.860
447.250	1
447.640
448.030
448.420
448.810	1
449.200
449.600
449.980
450.370	1
450.760
451.150
451.530
451.920	1
452.310
452.710
453.080
453.480	1
453.850
454.240
454.620
455.000	1
455.400
455.790
456.170
456.540	1
456.920
457.310
457.700
458.090	1
458.480
458.860
459.250
459.650	1
460.040
460.440
460.830
461.220	1
461.610
461.990
462.360
462.750	1
463.140
463.540
463.910
464.320	1
464.710
465.100
465.500
465.910	1
466.300
466.700
467.110
467.500	1
467.900
468.290
468.670
469.060	1
469.470
469.850
470.250
470.650	1
471.040
471.450
471.830
472.220	1
472.600
473.000
473.390
473.770	1
474.140
474.520
474.910
475.310	1
475.690
476.080
476.470
476.870	1
477.260
477.630
478.020
478.410	1
478.790
479.170
479.560
479.950	1
480.340
480.750
481.130
481.510	1
481.900
482.300
482.690
483.080	1
483.480
483.880
484.280
484.660	1
485.060
485.460
485.840
486.220	1
486.620
487.020
487.410
487.810	1
488.200
488.610
489.000
489.380	1
489.760
490.150
490.540
490.940	1
491.330
491.720
492.090
492.480	1
492.870
493.270
493.650
494.040	1
494.410
494.800
495.190
495.560	1
495.960
496.360
496.740
497.140	1
497.520
497.910
498.290
498.670	1
499.060
499.450
499.840
500.240	1
500.610
501.020
501.400
501.780	1
502.170
502.550
502.950
503.340	1
503.730
504.120
504.510
504.900	1
505.270
505.650
506.050
506.440	1
506.830
507.230
507.620
508.000	1
508.400
508.790
509.170
509.560	1
509.950
510.340
510.730
511.130	1
511.500
511.890
512.280
512.660	1
513.050
513.430
513.810
514.200	1
514.590
514.970
515.360
515.760	1
516.160
516.550
516.940
517.310	1
517.700
518.080
518.480
518.870	1
519.250
519.630
520.030
520.420	1
520.820
521.230
521.620
522.020	1
522.410
522.800
523.170
523.560	1
523.950
524.360
524.740
525.130	1
525.510
525.910
526.290
526.680	1
527.070
527.470
527.850
528.240	1
528.650
529.010
529.400
529.800	1
530.170
530.580
530.950
531.340	1
531.730
532.110
532.490
532.870	1
533.250
533.650
534.030
534.420	1
534.800
535.190
535.580
535.980	1
536.360
536.740
537.130
537.500	1
537.890
538.260
538.650
539.030	1
539.410
539.790
540.170
540.560	1
540.940
541.330
541.710
542.100	1
542.480
542.870
543.250
543.630	1
544.020
544.410
544.810
545.190	1
545.580
545.970
546.350
546.740	1
547.130
547.520
547.900
548.290	1
548.690
549.060
549.440
549.820	1
550.200
550.590
550.970
551.350	1
551.740
552.130
552.520
552.920	1
553.300
553.690
554.070
554.450	1
554.830
555.230
555.600
555.990	1
556.380
556.770
557.160
557.520	1
557.920
558.300
558.690
559.080	1
559.450
559.850
560.230
560.620	1
561.000
561.400
561.780
562.160	1
562.540
562.930
563.310
563.690	1
564.070
564.450
564.830
565.220	1
565.610
565.990
566.370
566.750	1
567.130
567.520
567.890
568.260	1
568.640
569.020
569.400
569.790	1
570.160
570.560
570.920
571.300	1
571.700
572.070
572.450
572.850	1
573.230
573.620
574.010
574.390	1
574.780
575.170
575.550
575.930	1
576.310
576.710
577.100
577.480	1
577.860
578.250
578.640
579.030	1
579.420
579.810
580.190
580.590	1
580.970
581.350
581.750
582.140	1
582.540
582.920
583.320
583.710	1
584.100
584.490
584.880
585.270	1
585.650
586.040
586.420
586.800	1
587.190
587.580
587.960
588.350	1
588.730
589.120
589.500
589.890	1
590.280
590.670
591.050
591.430	1
591.810
592.200
592.580
592.970	1
593.330
593.740
594.130
594.500	1
594.890
595.280
595.670
596.080	1
596.460
596.850
597.250
597.630	1
598.030
598.420
598.810
599.190	1
599.570
599.960
600.350
600.750	1
601.140
601.540
601.920
602.300	1
602.680
603.070
603.450
603.840	1
604.220
604.620
605.000
605.370	1
605.760
606.140
606.510
606.890	1
607.270
607.650
608.050
608.430	1
608.830
609.220
609.610
610.000	1
610.380
610.780
611.160
611.550	1
611.930
612.330
612.730
613.100	1
613.490
613.890
614.280
614.690	1
615.070
615.460
615.850
616.240	1
616.630
617.030
617.420
617.820	1
618.210
618.580
618.960
619.340	1
619.730
620.130
620.510
620.890	1
621.300
621.670
622.070
622.450	1
622.820
623.220
623.610
623.990	1
624.380
624.770
625.160
625.540	1
625.930
626.320
626.700
627.080	1
627.470
627.860
628.250
628.630	1
629.010
629.400
629.770
630.170	1
630.540
630.930
631.330
631.720	1
632.110
632.500
632.910
633.310	1
633.740
634.130
634.540
634.950	1
635.370
635.790
636.190
636.600	1
637.010
637.420
637.840
638.260	1
638.650
639.040
639.450
639.860	1
640.270
640.680
641.100
641.520	1
641.945
642.370
642.775
643.180	1
643.570
643.960
644.360
644.760	1
645.170
645.580
645.990
646.400	1
646.825
647.250
647.670
648.090	1
648.490
648.890
649.310
649.730	1
650.125
650.520
650.930
651.340	1
651.740
652.140
652.565
652.990	1
653.405
653.820
654.235
654.650	1
655.060
655.470
655.865
656.260	1
656.670
657.080
657.495
657.910	1
658.310
658.710
659.135
659.560	1
659.965
660.370
660.780
661.190	1
661.615
662.040
662.440
662.840	1
663.240
663.640
664.055
664.470	1
664.865
665.260
665.670
666.080	1
666.490
666.900
667.315
667.730	1
668.145
668.560
668.960
669.360	1
669.775
670.190
670.570
670.950	1
