0.010
0.610
1.220
1.830
2.430
3.030
3.620
4.210
4.830
5.340
5.850
6.400
6.920
7.440
7.930
8.440
8.960
9.420
9.900
10.390
10.880
11.340
11.780
12.200
12.660
13.100
13.520
13.980
14.400
14.860
15.300
15.720
16.170
16.620
17.040
17.480
17.920
18.360
18.820
19.260
19.670
20.110
20.520
20.940
21.370
21.770
22.200
22.650
23.090
23.530
23.970
24.410
24.840
25.320
25.790
26.280
26.760
27.250
27.720
28.220
28.720
29.230
29.730
30.260
30.770
31.260
31.800
32.310
32.850
33.390
33.900
34.400
34.890
35.370
35.860
36.330
36.820
37.340
37.840
38.380
38.900
39.430
39.980
40.520
41.050
41.600
42.110
42.680
43.190
43.740
44.300
44.810
45.370
45.930
46.490
47.080
47.620
48.200
48.760
49.320
49.870
50.440
51.020
51.560
52.130
52.710
53.320
53.900
54.450
55.030
55.630
56.250
56.850
57.450
58.070
58.690
59.310
59.920
60.570
61.220
61.830
62.480
63.130
63.800
64.460
65.090
65.730
66.390
67.020
67.620
68.280
68.910
69.540
70.160
70.820
71.450
72.100
72.730
73.320
73.890
74.450
75.040
75.610
76.260
76.860
77.510
78.180
78.820
79.500
80.200
80.860
81.540
82.190
82.870
83.560
84.220
84.940
85.610
86.290
87.000
87.700
88.390
89.100
89.790
90.510
91.220
91.910
92.600
93.330
94.040
94.740
95.440
96.160
96.860
97.550
98.240
98.950
99.650
100.360
101.090
101.790
102.510
103.220
103.950
104.700
105.450
106.170
106.900
107.630
108.380
109.080
109.800
110.530
111.270
111.980
112.700
113.420
114.170
114.890
115.620
116.350
117.070
117.810
118.550
119.250
119.990
120.730
121.480
122.210
122.930
123.660
124.390
125.120
125.840
126.570
127.320
128.030
128.750
129.470
130.210
130.900
131.640
132.390
133.120
133.870
134.620
135.370
136.100
136.830
137.550
138.280
139.010
139.750
140.480
141.220
141.960
142.680
143.420
144.180
144.940
145.670
146.400
147.140
147.900
148.670
149.420
150.170
150.910
151.660
152.380
153.140
153.880
154.660
155.400
156.130
156.860
157.590
158.330
159.080
159.810
160.560
161.300
162.070
162.820
163.570
164.360
165.120
165.860
166.630
167.380
168.110
168.890
169.650
170.390
171.140
171.900
172.660
173.400
174.140
174.910
175.650
176.390
177.110
177.900
178.640
179.380
180.120
180.880
181.640
182.420
183.190
183.940
184.670
185.440
186.240
187.010
187.750
188.500
189.250
190.020
190.760
191.510
192.280
193.020
193.790
194.560
195.320
196.080
196.830
197.580
198.370
199.110
199.890
200.630
201.380
202.120
202.860
203.580
204.310
205.040
205.800
206.550
207.320
208.110
208.890
209.640
210.420
211.180
211.950
212.690
213.440
214.210
214.940
215.710
216.430
217.180
217.920
218.650
219.420
220.190
220.940
221.680
222.450
223.180
223.910
224.660
225.380
226.140
226.840
227.590
228.360
229.100
229.860
230.600
231.350
232.130
232.870
233.560
234.270
234.850
235.480
236.070
236.730
237.370
238.010
238.680
239.340
240.010
240.710
241.430
242.170
242.840
243.550
244.310
244.990
245.790
246.630
247.390
248.230
249.030
249.780
250.580
251.360
252.170
252.980
253.750
254.560
255.310
256.120
256.870
257.690
258.470
259.210
260.010
260.820
261.580
262.380
263.160
263.910
264.670
265.390
266.110
266.880
267.630
268.330
269.090
269.880
270.600
271.380
272.150
272.800
273.500
274.160
274.870
275.530
276.150
276.820
277.510
278.150
278.810
279.450
280.120
280.810
281.470
282.090
282.760
283.470
284.170
284.820
285.540
286.220
286.930
287.560
288.200
288.840
289.500
290.110
290.760
291.410
292.050
292.700
293.330
293.920
294.530
295.130
295.730
296.330
296.950
297.540
298.120
298.720
299.320
299.940
300.520
301.150
301.720
