0.460
0.950
1.460
1.960
2.470
2.980
3.470
3.950
4.450
4.950
5.440
5.930
6.420
6.910
7.410
7.900
8.370
8.870
9.370
9.840
10.330
10.820
11.300
11.760
12.250
12.750
13.240
13.710
14.220
14.710
15.190
15.650
16.130
16.650
17.140
17.610
18.100
18.600
19.090
19.570
20.030
20.510
21.010
21.480
21.950
22.440
22.930
23.410
23.880
24.380
24.840
25.340
25.800
26.290
26.770
27.260
27.720
28.200
28.700
29.170
29.630
30.110
30.580
31.060
31.530
32.010
32.480
32.970
33.450
33.940
34.420
34.920
35.390
35.870
36.350
36.820
37.320
37.830
38.320
38.840
39.310
39.830
40.350
40.880
41.380
41.920
42.460
42.990
43.470
44.000
44.510
45.000
45.480
45.990
46.510
47.010
47.480
47.990
48.490
49.000
49.490
49.990
50.470
50.980
51.490
51.970
52.460
52.940
53.430
53.940
54.410
54.920
55.400
55.900
56.380
56.860
57.330
57.820
58.300
58.760
59.240
59.730
60.200
60.680
61.160
61.660
62.140
62.560
62.970
63.380
63.770
64.180
64.620
65.020
65.460
65.860
66.260
66.670
67.100
67.510
67.910
68.350
68.760
69.180
69.650
70.100
70.540
71.050
71.560
72.080
72.560
73.090
73.600
74.070
74.560
75.060
75.530
76.030
76.540
77.020
77.490
77.970
78.450
78.910
79.400
79.910
80.390
80.860
81.360
81.820
82.310
82.790
83.260
83.710
84.110
84.540
84.960
85.370
85.840
86.290
86.730
87.250
87.740
88.250
88.750
89.240
89.730
90.220
90.720
91.180
91.680
92.170
92.670
93.170
93.640
94.150
94.610
95.110
95.570
96.070
96.530
97.020
97.490
98.000
98.480
98.980
99.470
99.980
100.480
100.980
101.480
101.990
102.480
102.990
103.470
103.940
104.420
104.910
105.390
105.870
106.360
106.840
107.310
107.800
108.280
108.760
109.230
109.690
110.190
110.690
111.210
111.690
112.160
112.620
113.110
113.570
114.040
114.520
114.980
115.460
115.910
116.400
116.860
117.350
117.820
118.300
118.780
119.280
119.750
120.230
120.690
121.170
121.650
122.120
122.610
123.080
123.550
124.030
124.490
124.960
125.440
125.910
126.390
126.850
127.320
127.790
128.250
128.740
129.220
129.690
130.170
130.630
131.110
131.590
132.070
132.560
133.030
133.510
133.990
134.470
134.950
135.420
135.910
136.390
136.870
137.340
137.800
138.300
138.770
139.240
139.740
140.220
140.680
141.170
141.650
142.140
142.620
143.090
143.570
144.040
144.540
145.010
145.490
145.970
146.440
146.910
147.380
147.860
148.330
148.790
149.280
149.750
150.230
150.700
151.170
151.640
152.110
152.570
153.030
153.500
153.990
154.460
154.930
155.400
155.890
156.370
156.820
157.300
157.770
158.220
158.690
159.140
159.610
160.070
160.540
161.030
161.490
161.970
162.440
162.910
163.370
163.830
164.310
164.780
165.260
165.730
166.190
166.650
167.130
167.610
168.080
168.570
169.040
169.510
169.990
170.470
170.930
171.400
171.880
172.340
172.820
173.270
173.740
174.240
174.710
175.170
175.650
176.140
176.630
177.090
177.530
177.990
178.480
178.940
179.410
179.880
180.350
180.830
181.300
181.780
182.250
182.740
183.210
183.690
184.160
184.640
185.110
185.560
186.020
186.490
186.960
187.420
187.880
188.320
188.810
189.260
189.750
190.200
190.680
191.180
191.640
192.110
192.580
193.050
193.500
193.950
194.380
194.850
195.320
195.840
196.300
196.820
197.290
197.770
198.230
198.720
199.190
199.660
200.110
200.590
201.050
201.530
201.990
202.490
202.960
203.440
203.920
204.410
204.870
205.360
205.830
206.310
206.780
207.250
207.740
208.240
208.700
209.200
209.700
210.200
210.680
211.170
211.640
212.120
212.580
213.040
213.490
213.970
214.430
214.890
215.360
215.840
216.290
216.740
217.200
217.680
218.130
218.600
219.080
219.550
219.990
220.470
220.930
221.390
221.840
222.310
222.750
223.210
223.690
224.150
224.610
225.080
225.540
226.010
226.460
226.910
227.380
227.840
228.310
228.770
229.220
229.700
230.160
230.600
231.070
231.530
232.000
232.460
232.920
233.360
233.830
234.280
234.750
235.210
235.670
236.140
236.570
237.030
237.500
237.960
238.420
238.880
239.320
239.790
240.250
240.700
241.170
241.620
242.090
242.550
243.010
243.460
243.930
244.400
244.850
245.320
245.800
246.260
246.710
247.180
247.640
248.110
248.550
249.030
249.470
249.950
250.400
250.840
251.270
251.710
252.170
252.640
253.090
253.530
254.000
254.450
254.900
255.350
255.790
256.230
256.680
257.150
257.600
258.050
258.500
258.940
259.390
259.840
260.320
260.770
261.230
261.680
262.140
262.620
263.060
263.520
263.960
264.410
264.860
265.320
265.750
266.210
266.640
267.100
267.550
268.010
268.450
268.920
269.380
269.820
270.260
270.730
271.190
271.660
272.100
272.560
273.030
273.490
273.950
274.410
274.870
275.330
275.800
276.280
276.750
277.240
277.710
278.210
278.680
279.140
279.620
280.110
280.580
281.080
281.560
282.030
282.520
283.000
283.490
283.930
284.390
284.840
285.280
285.740
286.180
286.630
287.120
287.640
288.150
288.670
289.180
289.680
290.130
290.600
291.090
291.550
292.010
292.500
292.950
293.440
293.910
294.380
294.880
295.360
295.840
296.310
296.790
297.270
297.740
298.240
298.720
299.200
299.680
300.160
300.620
301.100
301.600
302.060
302.560
303.040
303.520
304.020
304.490
304.980
305.450
305.940
306.400
306.890
307.370
307.860
308.330
308.800
309.290
309.760
310.240
310.710
311.180
311.670
312.120
312.600
313.070
313.570
314.060
314.540
315.020
315.490
315.960
316.440
316.920
317.420
317.900
318.370
318.830
319.320
319.780
320.280
320.730
321.220
321.670
322.140
322.630
323.080
323.570
324.040
324.500
324.980
325.450
325.910
326.370
326.810
327.290
327.760
328.260
328.740
329.200
329.700
330.160
330.640
331.120
331.570
332.060
332.530
332.980
333.450
333.950
334.430
334.910
335.370
335.850
336.350
336.830
337.280
337.760
338.240
338.690
339.180
339.650
340.110
340.590
341.040
341.520
342.000
342.500
342.980
343.450
343.940
344.400
344.890
345.380
345.850
346.340
346.820
347.300
347.770
348.230
348.720
349.210
349.690
350.150
350.640
351.110
351.610
352.090
352.590
353.080
353.570
354.040
354.530
355.040
355.520
355.980
356.470
356.920
357.390
357.880
358.350
358.820
359.280
359.720
360.180
360.650
361.100
361.570
362.030
362.480
362.930
363.380
363.850
364.290
364.750
365.250
365.720
366.200
366.680
367.180
367.660
368.150
368.600
369.080
369.550
370.010
370.490
370.960
371.400
371.880
372.320
372.810
373.270
373.730
374.180
374.640
375.100
375.540
375.990
376.430
376.910
377.410
377.880
378.320
378.770
379.230
379.670
380.120
380.570
381.020
381.460
381.920
382.390
382.830
383.280
383.720
384.190
384.640
385.080
385.540
385.980
386.460
386.910
387.400
387.810
388.230
388.650
389.070
389.510
389.940
390.380
390.760
391.120
391.500
391.900
392.320
392.720
393.100
393.530
393.920
394.420
394.910
395.410
395.910
396.380
396.880
397.390
397.860
398.360
398.840
399.330
399.820
400.310
400.810
401.250
401.730
402.180
402.560
402.910
403.290
403.670
404.090
404.510
404.900
405.330
405.720
406.130
406.560
406.970
407.370
407.770
408.190
408.590
409.000
409.420
409.820
410.320
410.800
411.300
411.810
412.290
412.800
413.280
413.760
414.220
414.690
415.160
415.640
416.130
416.590
417.090
417.580
418.060
418.530
419.000
419.480
419.930
420.420
420.890
421.390
421.870
422.340
422.810
423.300
423.760
424.230
424.700
425.180
425.650
426.110
426.580
427.060
427.560
428.010
428.490
428.970
429.420
429.890
430.360
430.850
431.320
431.770
432.250
432.710
433.190
433.640
434.110
434.570
435.040
435.490
435.960
436.420
436.860
437.330
437.820
438.290
438.760
439.220
439.680
440.160
440.620
441.090
441.570
442.050
442.520
442.970
443.440
443.920
444.410
444.880
445.330
445.810
446.290
446.750
447.220
447.690
448.160
448.650
449.140
449.590
450.060
450.510
450.990
451.510
452.010
452.490
453.020
453.540
454.070
454.580
455.070
455.590
456.080
456.600
457.120
457.670
458.220
458.730
459.290
459.820
460.390
460.940
461.500
462.040
462.570
463.140
463.720
464.250
464.840
465.400
465.960
466.490
467.070
467.610
468.180
468.800
469.380
470.010
470.590
471.210
471.910
472.570
473.290
473.960
474.650
475.420
476.250
477.130
477.980
478.810
479.780
480.750
481.650
482.630
483.550
484.500
485.500
486.400
487.400
488.300
489.300
