0.110
0.820
1.520
2.220
2.930
3.660
4.340
5.020
5.720
6.450
7.180
7.950
8.640
9.400
10.120
10.860
11.570
12.270
12.990
13.700
14.440
15.190
15.950
16.670
17.410
18.110
18.820
19.570
20.290
21.010
21.680
22.420
23.110
23.820
24.560
25.230
25.940
26.670
27.310
27.700
28.070
28.420
28.790
29.160
29.500
29.870
30.240
30.600
30.930
31.290
31.640
31.990
32.360
32.720
33.060
33.420
33.750
34.120
34.480
34.840
35.190
35.550
35.900
36.260
36.610
36.960
37.320
37.660
38.020
38.370
38.750
39.100
39.460
39.810
40.150
40.520
40.880
41.240
41.610
41.950
42.300
42.640
43.000
43.350
43.700
44.050
44.410
44.760
45.110
45.450
45.800
46.150
46.520
46.880
47.220
47.550
47.890
48.240
48.590
48.930
49.290
49.650
49.990
50.320
50.660
51.010
51.380
51.720
52.060
52.420
52.780
53.130
53.480
53.820
54.170
54.510
54.880
55.230
55.550
55.900
56.220
56.540
56.860
57.170
57.490
57.810
58.130
58.470
58.810
59.150
59.510
59.860
60.220
60.560
60.930
61.280
61.640
62.000
62.350
62.710
63.070
63.430
63.780
64.110
64.480
64.810
65.180
65.540
65.890
66.240
66.600
66.960
67.330
67.690
68.060
68.410
68.770
69.120
69.470
69.830
70.190
70.550
70.890
71.260
71.620
71.980
72.340
72.690
73.030
73.390
73.730
74.090
74.460
74.810
75.170
75.520
75.880
76.230
76.560
76.930
77.260
77.620
77.960
78.320
78.680
79.010
79.380
79.720
80.070
80.430
80.780
81.130
81.470
81.810
82.190
82.550
82.890
83.230
83.590
83.940
84.270
84.620
84.950
85.280
85.640
85.980
86.340
86.690
87.030
87.380
87.750
88.090
88.440
88.780
89.130
89.470
89.810
90.140
90.500
90.860
91.200
91.540
91.890
92.230
92.570
92.920
93.280
93.620
93.980
94.310
94.680
95.030
95.360
95.710
96.080
96.420
96.760
97.110
97.450
97.800
98.140
98.480
98.820
99.170
99.500
99.870
100.210
100.550
100.900
101.270
101.610
101.960
102.300
102.640
102.980
103.310
103.670
104.010
104.370
104.720
105.060
105.400
105.760
106.110
106.460
106.800
107.140
107.490
107.840
108.200
108.550
108.900
109.250
109.610
109.950
110.290
110.650
110.990
111.360
111.710
112.060
112.400
112.740
113.090
113.440
113.780
114.150
114.490
114.830
115.190
115.540
115.900
116.260
116.610
116.960
117.310
117.670
118.020
118.370
118.710
119.070
119.420
119.770
120.120
120.450
120.810
121.160
121.510
121.870
122.210
122.560
122.920
123.280
123.640
123.990
124.350
124.710
125.040
125.410
125.760
126.080
126.420
126.770
127.130
127.470
127.830
128.190
128.550
128.910
129.290
129.650
130.000
130.350
130.710
131.070
131.420
131.770
132.130
132.480
132.830
133.180
133.530
133.890
134.240
134.590
134.930
135.290
135.640
135.990
136.340
136.690
137.030
137.370
137.720
138.070
138.430
138.790
139.130
139.490
139.830
140.190
140.520
140.890
141.240
141.580
141.920
142.260
142.600
142.940
143.300
143.640
143.990
144.340
144.680
145.040
145.380
145.720
146.060
146.420
146.750
147.100
147.430
147.790
148.130
148.480
148.820
149.170
149.520
149.880
150.240
150.600
150.960
151.330
151.680
152.050
152.410
152.760
153.120
153.480
153.820
154.170
154.540
154.890
155.240
155.590
155.940
156.290
156.640
156.990
157.330
157.680
158.030
158.380
158.730
159.080
159.420
159.770
160.120
160.470
160.830
161.190
161.540
161.880
162.220
162.550
162.880
163.240
163.590
163.950
164.300
164.660
165.030
165.390
165.730
166.090
166.440
166.800
167.140
167.500
167.860
168.210
168.560
168.910
169.270
169.630
169.980
170.340
170.710
171.050
171.420
171.770
172.120
172.480
172.820
173.180
173.550
173.900
174.270
174.620
174.970
175.340
175.680
176.030
176.410
176.760
177.120
177.480
177.830
178.190
178.530
178.890
179.250
179.580
179.920
180.260
180.620
180.980
181.340
181.700
182.070
182.450
182.800
183.160
183.510
183.870
184.200
184.570
184.920
185.260
185.620
185.970
186.330
186.690
187.040
187.390
187.760
188.120
188.480
188.840
189.180
189.530
189.880
190.230
190.590
190.940
191.320
191.660
192.000
192.340
192.690
193.030
193.370
193.700
194.040
194.380
194.720
195.060
195.380
195.720
196.060
196.380
196.700
197.040
197.380
197.700
198.020
198.370
198.690
199.010
199.330
199.660
199.990
200.310
200.630
200.970
201.330
201.690
202.050
202.420
202.790
203.150
203.510
203.890
204.250
204.610
204.970
205.320
205.690
206.040
206.400
206.740
207.110
207.440
207.770
208.090
208.420
208.740
209.050
209.370
209.700
210.060
210.440
210.820
211.180
211.550
211.920
212.280
212.660
213.030
213.390
213.730
214.100
214.470
214.820
215.200
215.560
215.930
216.300
216.680
217.050
217.380
217.730
218.100
218.430
218.800
219.130
219.450
219.780
220.100
220.420
220.740
221.050
221.370
221.690
222.010
222.330
222.650
222.970
223.300
223.610
223.940
