0.570
1.390
2.140
2.970
3.730
4.590
5.390
6.260
7.080
7.920
8.750
9.520
10.390
11.210
12.000
12.800
13.660
14.450
15.310
16.080
16.890
17.720
18.610
19.400
20.270
21.120
21.860
22.570
23.310
24.080
24.800
25.630
26.460
27.310
28.180
29.100
29.910
30.680
31.490
32.310
33.120
33.890
34.620
35.390
36.180
36.930
37.780
38.660
39.490
40.300
41.130
42.040
42.870
43.780
44.650
45.470
46.340
47.240
48.120
48.880
49.690
50.480
51.280
52.110
52.920
53.690
54.420
55.210
55.930
56.710
57.450
58.220
58.770
59.330
59.850
60.440
61.000
61.540
62.110
62.670
63.210
63.740
64.250
64.790
65.330
65.860
66.340
66.870
67.370
67.890
68.410
68.890
69.430
69.940
70.460
71.000
71.500
72.020
72.540
73.080
73.570
74.090
74.590
75.100
75.630
76.160
76.670
77.180
77.710
78.230
78.730
79.230
79.760
80.260
80.780
81.290
81.840
82.360
82.850
83.380
83.890
84.400
84.890
85.370
85.900
86.400
86.920
87.410
87.930
88.440
88.950
89.470
89.970
90.480
90.970
91.470
92.000
92.510
93.000
93.520
94.040
94.570
95.080
95.580
96.100
96.630
97.120
97.630
98.140
98.660
99.130
99.650
100.160
100.670
101.160
101.690
102.200
102.710
103.210
103.710
104.210
104.730
105.200
105.710
106.210
106.730
107.220
107.720
108.210
108.720
109.220
109.740
110.240
110.750
111.260
111.750
112.250
112.750
113.260
113.760
114.260
114.770
115.250
115.730
116.230
116.730
117.240
117.760
118.270
118.770
119.250
119.770
120.270
120.760
121.270
121.760
122.270
122.770
123.250
123.770
124.280
124.750
125.260
125.760
126.260
126.780
127.270
127.770
128.270
128.770
129.250
129.750
130.240
130.730
131.200
131.690
132.210
132.680
133.160
133.650
134.160
134.650
135.160
135.640
136.120
136.630
137.100
137.590
138.090
138.580
139.070
139.550
140.010
140.490
140.990
141.500
142.010
142.490
142.970
143.460
143.950
144.450
144.920
145.400
145.890
146.350
146.850
147.330
147.810
148.300
148.780
149.300
149.790
150.280
150.760
151.240
151.730
152.210
152.690
153.170
153.660
154.130
154.620
155.080
155.560
156.070
156.560
157.050
157.520
158.010
158.520
158.990
159.470
159.970
160.450
160.930
161.420
161.920
162.380
162.870
163.350
163.830
164.310
164.780
165.270
165.760
166.240
166.720
167.210
167.680
168.160
168.640
169.130
169.590
170.080
170.550
171.030
171.420
171.810
172.220
172.720
173.190
173.680
174.150
174.620
175.120
175.590
176.040
176.520
177.000
177.450
177.940
178.400
178.860
179.360
179.840
180.310
180.790
181.270
181.740
182.220
182.670
183.150
183.640
184.110
184.610
185.090
185.550
186.040
186.530
187.000
187.470
187.970
188.470
188.930
189.420
189.900
190.380
190.860
191.340
191.820
192.310
192.780
193.250
193.730
194.220
194.690
195.170
195.650
196.120
196.600
197.080
197.560
198.040
198.500
198.970
199.440
199.920
200.390
200.850
201.320
201.800
202.300
202.770
203.280
203.750
204.200
204.670
205.140
205.610
206.090
206.560
207.030
207.490
207.970
208.440
208.910
209.370
209.860
210.330
210.800
211.290
211.770
212.230
212.680
213.140
213.600
214.090
214.560
215.020
215.490
215.950
216.420
216.910
217.380
217.850
218.350
218.810
219.320
219.800
220.290
220.780
221.270
221.770
222.240
222.720
223.210
223.690
224.170
224.660
225.140
225.610
226.080
226.570
227.040
227.520
227.970
228.450
228.930
229.390
229.860
230.340
230.810
231.280
231.740
232.210
232.710
233.180
233.700
234.160
234.650
235.110
235.580
236.060
236.550
237.020
237.500
237.990
238.460
238.920
239.400
239.850
240.320
240.760
241.220
241.710
242.200
242.680
243.160
243.610
244.080
244.570
245.040
245.490
245.950
246.420
246.890
247.340
247.820
248.270
248.780
249.270
249.750
250.210
250.690
251.160
251.640
252.120
252.590
253.080
253.560
254.020
254.500
254.980
255.450
255.930
256.400
256.880
257.360
257.840
258.310
258.800
259.250
259.730
260.200
260.660
261.130
261.600
262.060
262.520
262.990
263.460
263.910
264.400
264.870
265.320
265.790
266.270
266.740
267.210
267.670
268.140
268.620
269.070
269.540
269.990
270.480
270.950
271.450
271.910
272.390
272.860
273.340
273.820
274.290
274.760
275.230
275.690
276.170
276.620
277.100
277.570
278.070
278.540
279.040
279.520
280.000
280.470
280.940
281.410
281.880
282.350
282.830
283.300
283.780
284.250
284.730
285.190
285.660
286.130
286.590
287.080
287.550
288.020
288.500
288.970
289.450
289.920
290.380
290.860
291.320
291.780
292.250
292.740
293.200
293.660
294.150
294.620
295.100
295.580
296.040
296.500
296.980
297.450
297.920
298.380
298.850
299.320
299.790
300.260
300.730
301.210
301.660
302.130
302.620
303.070
303.550
304.030
304.500
304.970
305.430
305.900
306.360
306.830
307.310
307.780
308.280
308.750
309.220
309.710
310.190
310.660
311.130
311.600
312.060
312.540
313.010
313.480
313.960
314.420
314.900
315.370
315.850
316.320
316.770
317.250
317.710
318.190
318.640
319.130
319.600
320.070
320.530
320.990
321.460
321.930
322.420
322.880
323.350
323.810
324.290
324.750
325.220
325.710
326.180
326.630
327.110
327.590
328.050
328.520
328.990
329.450
329.920
330.380
330.860
331.330
331.790
332.250
332.700
333.190
333.640
334.120
334.580
335.040
335.510
335.970
336.420
336.890
337.350
337.830
338.300
338.750
339.230
339.700
340.170
340.660
341.130
341.610
342.080
342.550
343.030
343.500
343.960
344.430
344.900
345.380
345.840
346.320
346.780
347.250
347.720
348.180
348.640
349.100
349.570
350.030
350.490
350.960
351.430
351.890
352.350
352.810
353.280
353.750
354.220
354.690
355.140
355.610
356.060
356.530
357.020
357.480
357.960
358.420
358.870
359.340
359.800
360.270
360.720
361.180
361.670
362.130
362.600
363.060
363.520
364.000
364.460
364.930
365.390
365.850
366.330
366.790
367.250
367.720
368.200
368.680
369.160
369.630
370.120
370.570
371.040
371.520
371.980
372.450
372.930
373.400
373.870
374.340
374.810
375.290
375.760
376.220
376.680
377.160
377.630
378.100
378.570
379.030
379.490
379.940
380.410
380.880
381.340
381.800
382.260
382.750
383.210
383.690
384.160
384.630
385.100
385.560
386.040
386.490
386.970
387.420
387.880
388.360
388.820
389.290
389.750
390.210
390.690
391.160
391.610
392.070
392.550
393.010
393.490
393.930
394.400
394.860
395.310
395.790
396.250
396.720
397.180
397.640
398.130
398.600
399.060
399.530
400.000
400.460
400.930
401.400
401.860
402.330
402.800
403.270
403.730
404.200
404.660
405.120
405.590
406.050
406.530
407.000
407.450
407.920
408.380
408.830
409.300
409.750
410.220
410.670
411.130
411.600
412.040
412.520
412.960
413.420
413.910
414.370
414.850
415.320
415.790
416.240
416.720
417.180
417.640
418.110
418.560
419.030
419.500
419.940
420.420
420.900
421.370
421.830
422.300
422.770
423.240
423.700
424.170
424.620
425.080
425.550
426.010
426.460
426.930
427.400
427.880
428.350
428.820
429.290
429.760
430.230
430.690
431.170
431.630
432.090
432.550
433.020
433.490
433.950
434.410
434.890
435.350
435.800
436.250
436.730
437.180
437.650
438.120
438.590
439.060
439.530
439.980
440.430
440.890
441.360
441.830
442.290
442.760
443.220
443.690
444.170
444.650
445.110
445.590
446.050
446.500
446.970
447.420
447.890
448.350
448.800
449.270
449.710
450.170
450.640
451.120
451.580
452.060
452.510
452.980
453.460
453.910
454.390
454.850
455.320
455.780
456.240
456.710
457.170
457.650
458.120
458.590
459.050
459.520
459.990
460.450
460.910
461.370
461.840
462.300
462.760
463.220
463.680
464.140
464.600
465.080
465.530
466.000
466.460
466.920
467.370
467.830
468.290
468.760
469.200
469.670
470.130
470.580
471.050
471.520
471.980
472.450
472.920
473.410
473.860
474.350
474.820
475.280
475.750
476.220
476.660
477.140
477.600
478.070
478.540
479.000
479.460
479.920
480.370
480.840
481.300
481.770
482.230
482.670
483.140
483.590
484.050
484.490
484.960
485.430
485.880
486.330
486.800
487.250
487.710
488.200
488.650
489.130
489.600
490.060
490.520
490.990
491.440
491.910
492.370
492.830
493.290
493.750
494.220
494.690
495.150
495.630
496.100
496.570
497.040
497.500
497.970
498.430
498.900
499.360
499.830
500.280
500.740
501.200
501.650
502.120
502.600
503.060
503.520
503.980
504.440
504.910
505.370
505.830
506.300
506.750
507.210
507.670
508.130
508.590
509.050
509.530
510.000
510.450
510.920
511.380
511.830
512.300
512.760
513.200
513.670
514.130
514.580
515.060
515.520
515.980
516.440
516.920
517.370
517.840
518.300
518.770
519.240
519.710
520.170
520.630
521.090
521.560
522.020
522.470
522.940
523.410
523.870
524.320
524.780
525.240
525.700
526.150
526.610
527.070
527.530
527.990
528.440
528.900
529.360
529.810
530.280
530.740
531.200
531.660
532.130
532.590
533.050
533.510
533.970
534.430
534.890
535.350
535.810
536.270
536.740
537.190
537.640
538.100
538.560
539.040
539.500
539.960
540.440
540.890
541.350
541.810
542.280
542.730
543.200
543.650
544.120
544.580
545.030
545.490
545.950
546.430
546.880
547.360
547.830
548.290
548.760
549.220
549.680
550.150
550.600
551.070
551.540
551.990
552.450
552.910
553.380
553.840
554.300
554.760
555.220
555.670
556.140
556.600
557.050
557.510
557.970
558.430
558.880
559.340
559.800
560.250
560.710
561.160
561.600
562.080
562.540
563.000
563.470
563.930
564.390
564.850
565.320
565.780
566.230
566.700
567.160
567.610
568.070
568.520
568.990
569.460
569.920
570.380
570.850
571.310
571.770
572.210
572.680
573.140
573.600
574.050
574.520
574.970
575.430
575.900
576.370
576.830
577.300
577.760
578.230
578.690
579.150
579.620
580.080
580.530
581.000
581.460
581.920
582.380
582.840
583.300
583.770
584.230
584.690
585.150
585.610
586.070
586.530
586.990
587.440
587.880
588.340
588.790
589.250
589.700
590.150
590.630
591.090
591.540
592.010
592.460
592.920
593.370
593.820
594.290
594.740
595.200
595.660
596.110
596.560
597.020
597.470
597.940
598.400
598.870
599.330
599.790
600.250
600.710
601.180
601.630
602.090
602.550
603.000
603.450
603.910
604.360
604.820
605.280
605.730
606.190
606.650
607.100
607.560
608.020
608.480
608.940
609.390
609.850
610.300
610.760
611.220
611.680
612.140
612.600
613.070
613.520
613.990
614.440
614.900
615.360
615.820
616.270
616.720
617.170
617.630
618.080
618.530
618.990
619.460
619.900
620.360
620.830
621.300
621.760
622.210
622.670
623.130
623.590
624.020
624.500
624.940
625.410
625.860
626.310
626.750
627.220
627.670
628.130
628.600
629.050
629.520
629.970
630.430
630.880
631.340
631.800
632.250
632.710
633.160
633.620
634.070
634.450
634.810
635.190
635.570
635.960
636.340
636.690
637.060
637.450
637.820
638.190
638.540
638.910
639.280
639.680
640.060
640.420
640.800
641.200
641.580
641.950
642.300
642.680
643.040
643.430
643.800
644.150
644.540
644.910
645.310
645.680
646.040
646.420
646.770
647.140
647.540
647.900
648.290
648.660
649.080
649.550
650.000
650.480
650.950
651.420
651.900
652.360
652.830
653.290
653.750
654.220
654.680
655.150
655.610
656.060
656.470
656.920
657.350
657.760
658.190
658.660
659.130
659.620
660.080
660.550
661.020
661.500
661.970
662.440
662.890
663.380
663.840
664.310
664.770
665.250
665.730
666.190
666.660
667.120
667.590
668.050
668.500
668.950
669.410
669.900
670.370
670.740
671.130
671.530
671.920
672.290
672.660
673.010
673.380
673.770
674.130
674.510
674.860
675.230
675.610
676.000
676.390
676.750
677.150
677.510
677.880
678.260
678.610
678.980
679.350
679.740
680.110
680.460
680.830
681.210
681.610
681.990
682.360
682.730
683.130
683.550
683.950
684.340
684.720
685.090
685.440
685.810
686.180
686.570
686.940
687.300
687.680
688.030
688.410
688.790
689.190
689.570
689.940
690.310
690.710
691.120
691.520
691.930
692.310
692.690
693.040
693.430
693.780
694.180
694.560
694.920
695.320
695.680
696.060
696.460
696.840
697.220
697.580
697.960
698.350
698.770
699.160
699.550
699.950
700.370
700.750
701.150
701.540
701.930
702.320
702.690
703.090
703.490
703.880
704.260
704.620
705.010
705.420
705.790
706.200
706.590
706.980
707.340
707.690
708.050
708.420
708.790
709.150
709.530
709.910
710.310
710.730
711.180
711.590
712.030
712.470
712.900
713.310
713.760
714.170
714.630
715.090
715.530
715.970
716.450
716.890
717.350
717.830
718.290
718.740
719.210
719.670
720.160
720.610
721.100
