0.080
0.380
0.700
1.010
1.310
1.620
1.910
2.230
2.540
2.840
3.160
3.470
3.770
4.080
4.390
4.700
5.010
5.340
5.650
5.960
6.270
6.580
6.890
7.200
7.520
7.830
8.140
8.450
8.760
9.070
9.380
9.700
10.030
10.380
10.700
11.040
11.360
11.680
12.010
12.330
12.630
12.950
13.260
13.570
13.880
14.190
14.510
14.820
15.150
15.470
15.790
16.110
16.420
16.750
17.070
17.390
17.700
18.030
18.350
18.670
18.970
19.290
19.590
19.910
20.230
20.540
20.850
21.170
21.470
21.780
22.100
22.410
22.720
23.020
23.330
23.650
23.960
24.270
24.570
24.890
25.190
25.510
25.830
26.140
26.460
26.780
27.100
27.430
27.730
28.040
28.350
28.670
28.980
29.280
29.610
29.920
30.230
30.550
30.850
31.170
31.480
31.800
32.120
32.440
32.760
33.100
33.410
33.730
34.050
34.380
34.690
35.020
35.340
35.640
35.960
36.270
36.570
36.890
37.210
37.530
37.840
38.170
38.470
38.790
39.100
39.410
39.730
40.050
40.360
40.680
41.010
41.330
41.650
41.970
42.280
42.600
42.900
43.220
43.550
43.870
44.190
44.510
44.820
45.140
45.470
45.780
46.110
46.430
46.750
47.080
47.400
47.720
48.030
48.350
48.670
48.990
49.290
49.620
49.930
50.250
50.570
50.900
51.220
51.540
51.860
52.180
52.500
52.820
53.130
53.460
53.780
54.100
54.430
54.760
55.080
55.410
55.730
56.050
56.370
56.700
57.020
57.340
57.650
57.970
58.300
58.630
58.940
59.270
59.590
59.910
60.230
60.540
60.870
61.190
61.510
61.830
62.140
62.460
62.780
63.100
63.420
63.740
64.070
64.390
64.710
65.020
65.340
65.660
65.980
66.300
66.630
66.940
67.250
67.560
67.880
68.190
68.500
68.810
69.130
69.440
69.760
70.090
70.390
70.710
71.020
71.340
71.660
71.980
72.310
72.620
72.940
73.270
73.570
73.890
74.200
74.520
74.850
75.170
75.490
75.800
76.120
76.440
76.760
77.080
77.390
77.700
78.010
78.340
78.650
78.970
79.300
79.620
79.930
80.250
80.570
80.890
81.210
81.540
81.850
82.170
82.490
82.810
83.130
83.440
83.760
84.070
84.390
84.700
85.020
85.350
85.660
86.000
86.320
86.640
86.970
87.290
87.610
87.940
88.260
88.580
88.890
89.200
89.520
89.840
90.160
90.480
90.790
91.110
91.430
91.750
92.070
92.390
92.710
93.040
93.350
93.680
93.990
94.310
94.630
94.960
95.270
95.590
95.910
96.230
96.550
96.870
97.190
97.510
97.830
98.150
98.470
98.800
99.120
99.440
99.760
100.080
100.400
100.720
101.030
101.360
101.680
102.010
102.340
102.660
102.980
103.300
103.620
103.930
104.250
104.570
104.900
105.220
105.540
105.880
106.190
106.520
106.840
107.150
107.470
107.790
108.110
108.430
108.750
109.070
109.390
109.720
110.040
110.360
110.680
111.000
111.320
111.630
111.950
112.270
112.600
112.910
113.230
113.560
113.880
114.210
114.530
114.870
115.180
115.510
115.830
116.150
116.460
116.790
117.110
117.420
117.750
118.060
118.380
118.700
119.020
119.330
119.650
119.980
120.300
120.610
120.930
121.250
121.570
121.890
122.210
122.540
122.860
123.180
123.500
123.810
124.130
124.450
124.770
125.090
125.410
125.730
126.050
126.370
126.670
126.990
127.310
127.630
127.960
128.270
128.600
128.920
129.240
129.560
129.880
130.200
130.520
130.840
131.140
131.470
131.780
132.100
132.420
132.750
133.060
133.390
133.700
134.030
134.350
134.670
134.990
135.310
135.630
135.950
136.260
136.590
136.910
137.230
137.540
137.870
138.180
138.500
138.820
139.150
139.460
139.790
140.100
140.420
140.740
141.070
141.380
141.700
142.010
142.330
142.640
142.960
143.280
143.600
143.910
144.240
144.560
144.870
145.180
145.490
145.820
146.130
146.450
146.770
147.100
147.410
147.730
148.050
148.370
148.680
149.000
149.310
149.620
149.930
150.250
150.570
150.890
151.200
151.520
151.840
152.150
152.470
152.780
153.110
153.420
153.750
154.060
154.380
154.700
155.030
155.340
155.660
155.980
156.300
156.610
156.930
157.240
157.560
157.880
158.200
158.510
158.830
159.150
159.470
159.790
160.110
160.430
160.750
161.070
161.390
161.700
162.010
162.310
162.620
162.930
163.250
163.560
163.870
164.200
164.510
164.820
165.130
165.450
165.760
166.080
166.400
166.710
167.030
167.350
167.670
167.980
168.290
168.610
168.920
169.240
169.560
169.870
170.190
170.510
170.840
171.150
171.470
171.790
172.110
172.420
172.720
173.030
173.350
173.650
173.970
174.280
174.600
174.920
175.240
175.550
175.870
176.190
176.510
176.840
177.160
177.480
177.800
178.130
178.450
178.780
179.110
179.430
179.750
180.080
180.400
180.720
181.030
181.350
181.670
181.990
182.320
182.640
182.950
183.280
183.600
183.920
184.250
184.570
184.890
185.200
185.540
185.860
186.180
186.500
186.820
187.140
187.470
187.790
188.100
188.420
188.740
189.060
189.380
189.700
190.030
190.340
190.670
190.980
191.310
191.630
191.940
192.260
192.580
192.890
193.200
193.520
193.850
194.170
194.490
194.810
195.130
195.440
195.760
196.080
196.400
196.720
197.040
197.360
197.670
197.990
198.310
198.630
198.940
199.260
199.590
199.900
200.220
200.530
200.850
201.160
201.480
201.790
202.120
202.430
202.750
203.070
203.390
203.710
204.030
204.360
204.680
205.000
205.320
205.650
205.970
206.310
206.630
206.960
207.280
207.600
207.930
208.240
208.560
208.880
209.200
209.520
209.850
210.160
210.480
210.810
211.130
211.440
211.760
212.090
212.410
212.730
213.050
213.370
213.680
214.000
214.330
214.630
214.950
215.260
215.580
215.900
216.220
216.540
216.860
217.170
217.500
217.810
218.140
218.450
218.770
219.100
219.410
219.730
220.060
220.380
220.700
221.020
221.340
221.650
221.980
222.290
222.610
222.930
223.230
223.540
223.860
224.180
224.510
224.820
225.140
225.450
225.760
226.080
226.400
226.710
227.040
227.350
227.670
227.990
228.310
228.610
228.930
229.240
229.560
229.880
230.200
230.510
230.840
231.150
231.470
231.790
232.100
232.410
232.730
233.040
233.360
233.670
233.990
234.310
234.630
234.950
235.280
235.590
235.910
236.220
236.530
236.840
237.160
237.480
237.810
238.120
238.440
238.760
239.080
239.390
239.710
240.020
240.330
240.650
240.970
241.290
241.610
241.930
242.250
242.560
242.890
243.200
243.520
243.840
244.170
244.470
244.790
245.100
245.430
245.750
246.060
246.380
246.700
247.020
247.350
247.660
247.980
248.300
248.620
248.920
249.240
249.550
249.870
250.190
250.510
250.820
251.140
251.460
251.780
252.090
252.410
252.720
253.030
253.340
253.660
253.980
254.300
254.610
254.920
255.230
255.550
255.870
256.190
256.500
256.810
257.130
257.440
257.760
258.070
258.400
258.720
259.040
259.350
259.670
259.990
260.310
260.630
260.950
261.270
261.580
261.890
262.210
262.520
262.830
263.150
263.460
263.790
264.090
264.410
264.720
265.030
265.340
265.660
265.970
266.290
266.590
266.910
267.220
267.530
267.860
268.180
268.490
268.820
269.130
269.450
269.770
270.090
270.410
270.720
271.040
271.350
271.660
271.980
272.300
272.620
272.940
273.260
273.570
273.890
274.210
274.530
274.850
275.180
275.480
275.790
276.110
276.420
276.740
277.050
277.370
277.700
278.020
278.340
278.650
278.970
279.280
279.600
279.910
280.230
280.550
280.880
281.190
281.500
281.810
282.130
282.440
282.750
283.060
283.370
283.680
284.000
284.310
284.640
284.950
285.260
285.570
285.880
286.190
286.500
286.810
287.130
287.440
287.750
288.060
288.370
288.680
288.990
289.300
289.600
289.910
290.220
290.540
290.870
291.180
291.500
291.820
292.130
292.440
292.760
293.070
293.390
293.700
294.020
294.330
294.640
294.950
295.260
295.570
295.890
296.200
296.510
296.820
297.130
297.450
297.770
298.070
298.380
298.690
299.010
299.330
299.650
299.960
300.280
300.600
300.920
301.220
301.530
301.850
302.160
302.480
302.800
303.110
303.430
303.740
304.050
304.370
304.680
304.990
305.300
305.620
305.940
306.250
306.570
306.870
307.180
307.490
307.820
308.130
308.440
308.740
309.050
309.370
309.680
309.990
310.310
310.630
310.940
311.250
311.570
311.880
312.180
312.490
312.800
313.110
313.420
313.730
314.050
314.350
314.660
314.980
315.280
315.600
315.910
316.220
316.530
316.830
317.150
317.450
317.770
318.080
318.390
318.700
319.000
319.310
319.620
319.930
320.240
320.550
320.860
321.170
321.480
321.800
322.100
322.420
322.730
323.030
323.350
323.650
323.960
324.270
324.580
324.900
325.210
325.520
325.830
326.140
326.450
326.780
327.100
327.410
327.720
328.030
328.350
328.650
328.960
329.270
329.590
329.900
330.210
330.520
330.830
331.140
331.450
331.750
332.060
332.370
332.680
332.990
333.300
333.610
333.920
334.230
334.550
334.850
335.160
335.470
335.800
336.110
336.430
336.750
337.060
337.370
337.680
338.000
338.300
338.610
338.930
339.240
339.550
339.840
340.150
340.450
340.750
341.050
341.340
341.660
341.970
342.270
342.570
342.870
343.180
343.500
343.810
344.140
344.450
344.760
345.080
345.390
345.710
346.030
346.350
346.660
346.980
347.290
347.590
347.910
348.230
348.550
348.860
349.180
349.480
349.790
350.100
350.400
350.700
351.000
351.290
351.600
351.910
352.220
352.530
352.850
353.160
353.470
353.770
354.090
354.400
354.710
355.030
355.350
355.680
355.980
356.290
356.600
356.910
357.220
357.540
357.860
358.170
358.490
358.820
359.120
359.440
359.750
360.060
360.370
360.680
360.980
361.290
361.580
361.890
362.190
362.480
362.790
363.100
363.410
363.710
364.020
364.340
364.640
364.950
365.270
365.580
365.890
366.200
366.510
366.830
367.150
367.460
367.780
368.100
368.420
368.730
369.040
369.350
369.670
369.980
370.290
370.600
370.900
371.210
371.510
371.820
372.120
372.420
372.720
373.020
373.320
373.620
373.910
374.220
374.510
374.820
375.130
375.440
375.760
376.070
376.380
376.690
377.010
377.330
377.650
377.980
378.280
378.590
378.900
379.210
379.530
379.840
380.150
380.460
380.760
381.050
381.360
381.650
381.950
382.260
382.550
382.860
383.160
383.460
383.750
384.050
384.350
384.660
384.990
385.300
385.620
385.950
386.260
386.580
386.910
387.230
387.540
387.860
388.190
388.510
388.820
389.140
389.460
389.780
390.110
390.430
390.750
391.070
391.370
391.670
391.960
392.260
392.560
392.860
393.160
393.440
393.730
394.030
394.320
394.620
394.940
395.250
395.550
395.870
396.180
396.500
396.820
397.140
397.460
397.770
398.080
398.400
398.700
399.020
399.330
399.640
399.930
400.240
400.540
400.830
401.140
401.430
401.720
402.000
402.300
402.580
402.870
403.160
403.450
403.760
404.060
404.360
404.680
404.990
405.310
405.620
405.950
406.270
406.590
406.910
407.230
407.550
407.870
408.190
408.500
408.820
409.130
409.450
409.760
410.060
410.380
410.680
410.980
411.290
411.600
411.900
412.220
412.520
412.830
413.140
413.450
413.750
414.050
414.360
414.670
415.020
415.340
415.650
415.970
416.280
416.590
416.900
417.220
417.530
417.840
418.150
418.470
418.790
419.110
419.430
419.750
420.070
420.390
420.710
421.020
421.350
421.660
421.990
422.310
422.630
422.950
423.260
423.580
423.900
424.220
424.540
424.850
425.160
425.470
425.790
426.090
426.410
426.720
427.030
427.350
427.680
427.980
428.300
428.600
428.910
429.240
429.560
429.870
430.180
430.490
430.810
431.130
431.450
431.760
432.080
432.400
432.720
433.030
433.340
433.650
433.970
434.280
434.590
434.900
435.210
435.530
435.860
436.180
436.500
436.810
437.140
437.450
437.770
438.080
438.400
438.700
439.010
439.330
439.650
439.960
440.280
440.590
440.900
441.220
441.540
441.850
442.180
442.480
442.800
443.110
443.430
443.740
444.060
444.370
444.670
445.000
445.320
445.630
445.960
446.280
446.590
446.910
447.240
447.540
447.850
448.160
448.480
448.780
449.090
449.420
449.740
450.060
450.370
450.680
451.000
451.310
451.630
451.950
452.270
452.590
452.910
453.250
453.560
453.890
454.220
454.550
454.870
455.200
455.510
455.820
456.120
456.430
456.740
457.030
457.340
457.630
457.920
458.200
458.480
458.750
459.030
459.340
459.650
459.970
460.290
460.600
460.930
461.240
461.570
461.890
462.200
462.530
462.840
463.190
463.520
463.850
464.170
464.470
464.770
465.070
465.370
465.670
465.960
466.270
466.570
466.860
467.160
467.470
467.790
468.100
468.400
468.710
469.030
469.350
469.670
470.000
470.320
470.640
