0.360
1.280
2.280
3.200
4.070
4.990
5.890
6.820
7.680
8.570
9.440
10.340
11.190
12.070
12.930
13.810
14.680
15.530
16.370
17.250
18.090
18.970
19.830
20.700
21.540
22.400
23.260
24.150
24.990
25.840
26.680
27.520
28.350
29.200
30.030
30.930
31.820
32.730
33.580
34.440
35.280
36.120
37.020
37.880
38.760
39.600
40.460
41.320
42.140
43.010
43.880
44.760
45.590
46.450
47.300
47.930
48.490
49.050
49.520
50.020
50.480
50.890
51.340
51.770
52.180
52.630
53.060
53.470
53.910
54.330
54.770
55.200
55.620
56.060
56.490
56.930
57.380
57.810
58.260
58.690
59.090
59.520
59.960
60.370
60.810
61.230
61.670
62.110
62.520
62.950
63.380
63.830
64.260
64.680
65.120
65.550
65.980
66.390
66.830
67.260
67.680
68.110
68.550
68.970
69.370
69.800
70.230
70.670
71.090
71.500
71.920
72.350
72.760
73.170
73.590
74.010
74.430
74.850
75.290
75.690
76.130
76.550
76.960
77.370
77.800
78.220
78.620
79.020
79.460
79.880
80.280
80.710
81.150
81.570
82.010
82.440
82.860
83.280
83.720
84.160
84.600
85.050
85.500
85.930
86.360
86.780
87.210
87.640
88.070
88.510
88.950
89.380
89.790
90.230
90.670
91.090
91.530
91.970
92.420
92.870
93.310
93.720
94.150
94.580
95.030
95.440
95.890
96.310
96.720
97.130
97.550
97.970
98.370
98.790
99.210
99.640
100.070
100.470
100.890
101.330
101.750
102.160
102.590
103.010
103.430
103.850
104.260
104.690
105.130
105.540
105.970
106.390
106.820
107.250
107.660
108.100
108.530
108.950
109.390
109.820
110.220
110.650
111.090
111.550
111.980
112.420
112.850
113.300
113.720
114.170
114.580
115.030
115.480
115.910
116.360
116.780
117.210
117.640
118.080
118.490
118.940
119.360
119.800
120.230
120.650
121.060
121.490
121.910
122.330
122.740
123.170
123.590
123.990
124.410
124.860
125.280
125.710
126.130
126.580
127.010
127.410
127.830
128.260
128.700
129.140
129.570
130.010
130.460
130.930
131.380
131.790
132.180
132.590
133.010
133.410
133.830
134.230
134.650
135.070
135.490
135.910
136.360
136.780
137.200
137.600
138.030
138.460
138.890
139.310
139.750
140.190
140.610
141.050
141.500
141.940
142.370
142.800
143.240
143.670
144.100
144.510
144.940
145.380
145.830
146.250
146.710
147.150
147.560
147.970
148.410
148.840
149.260
149.690
150.110
150.550
150.970
151.390
151.780
152.200
152.630
153.030
153.460
153.890
154.310
154.700
155.120
155.540
155.940
156.370
156.780
157.210
157.660
158.070
158.520
158.950
159.380
159.790
160.240
160.670
161.100
161.530
161.960
162.370
162.820
163.250
163.660
164.090
164.500
164.930
165.330
165.750
166.170
166.590
167.020
167.460
167.900
168.330
168.740
169.150
169.590
170.010
170.420
170.860
171.290
171.710
172.140
172.570
172.990
173.440
173.840
174.280
174.700
175.100
175.520
175.960
176.360
176.790
177.230
177.670
178.090
178.500
178.910
179.330
179.760
180.170
180.600
181.030
181.450
181.850
182.290
182.720
183.140
183.570
183.990
184.410
184.820
185.230
185.650
186.070
186.510
186.920
187.350
187.750
188.190
188.610
189.020
189.470
189.900
190.310
190.740
191.190
191.590
192.010
192.450
192.850
193.290
193.710
194.120
194.550
194.990
195.420
195.850
196.270
196.710
197.130
197.560
197.980
198.410
198.810
199.230
199.660
200.100
200.540
200.950
201.400
201.820
202.260
202.670
203.110
203.540
203.960
204.390
204.820
205.240
205.640
206.060
206.490
206.910
207.340
207.740
208.160
208.600
209.000
209.420
209.860
210.280
210.700
211.100
211.540
211.960
212.370
212.760
213.170
213.580
213.990
214.420
214.820
215.220
215.610
216.000
216.410
216.820
217.220
217.640
218.040
218.430
218.840
219.250
219.680
220.110
220.530
220.970
221.380
221.800
222.210
222.640
223.060
223.480
223.890
224.290
224.710
225.130
225.530
225.930
226.330
226.740
227.140
227.570
228.020
228.450
228.870
229.270
229.690
230.120
230.550
230.970
231.380
231.810
232.230
232.630
233.050
233.480
233.920
234.340
234.790
235.220
235.630
236.060
236.460
237.040
237.770
238.580
239.360
240.240
241.050
241.930
242.750
243.590
244.430
245.280
246.100
246.950
247.780
248.620
249.420
250.240
251.090
251.910
252.700
253.560
254.370
255.210
256.030
256.830
257.610
258.430
259.210
260.040
260.850
261.680
262.490
263.310
264.120
264.940
265.690
266.480
267.310
268.090
268.900
269.710
270.500
271.300
272.100
272.910
273.730
274.580
275.370
276.150
276.960
277.790
278.560
279.390
280.230
281.070
281.890
282.750
283.550
284.410
285.180
286.020
286.860
287.670
288.490
289.310
290.140
290.970
291.760
292.620
293.420
294.290
295.070
295.940
296.770
297.590
298.400
299.230
300.050
300.910
301.710
302.530
303.400
304.240
305.050
305.940
306.760
307.620
308.420
309.220
310.030
310.890
311.700
312.510
313.350
314.190
315.000
315.810
316.650
317.480
318.310
319.130
319.920
320.770
321.550
322.340
323.110
323.920
324.700
325.510
326.300
327.100
327.890
328.720
329.590
330.410
331.190
332.010
332.860
333.680
334.530
335.360
336.180
336.990
337.780
338.590
339.400
340.230
341.040
341.850
342.730
343.590
344.380
345.230
346.060
346.860
347.660
348.480
349.260
350.090
350.850
351.690
352.520
353.370
354.170
354.980
355.810
356.580
357.400
358.190
359.000
359.870
360.670
361.490
362.370
363.150
363.930
364.730
365.560
366.380
367.180
368.030
368.810
369.640
370.450
371.230
372.060
372.900
373.670
374.490
375.290
376.100
376.900
377.700
378.500
379.270
380.070
380.840
381.630
382.450
383.240
384.020
384.770
385.560
386.340
387.140
387.930
388.740
389.530
390.320
391.130
391.940
392.690
393.480
394.350
395.140
395.930
396.730
397.490
398.320
399.130
399.930
400.750
401.620
402.420
403.220
404.030
404.870
405.690
406.500
407.300
408.160
408.960
409.790
410.750
411.710
412.660
413.650
414.600
415.560
416.470
417.430
418.370
419.310
