0.070
0.370
0.680
0.990
1.310
1.620
1.930
2.230
2.550
2.850
3.160
3.460
3.770
4.060
4.370
4.680
4.990
5.310
5.620
5.930
6.240
6.540
6.860
7.170
7.480
7.780
8.100
8.400
8.720
9.020
9.340
9.640
9.950
10.260
10.580
10.890
11.200
11.510
11.810
12.130
12.440
12.740
13.050
13.360
13.660
13.960
14.260
14.570
14.870
15.160
15.460
15.770
16.070
16.370
16.660
16.980
17.290
17.600
17.900
18.220
18.530
18.830
19.150
19.460
19.760
20.070
20.380
20.690
21.010
21.310
21.620
21.920
22.230
22.520
22.840
23.140
23.450
23.760
24.070
24.390
24.700
25.010
25.320
25.630
25.940
26.240
26.550
26.870
27.180
27.490
27.800
28.110
28.420
28.720
29.040
29.330
29.640
29.940
30.260
30.560
30.880
31.180
31.490
31.800
32.110
32.420
32.730
33.040
33.360
33.670
33.980
34.290
34.590
34.900
35.230
35.550
35.860
36.180
36.490
36.800
37.120
37.420
37.740
38.050
38.360
38.660
38.970
39.270
39.570
39.880
40.170
40.470
40.780
41.080
41.380
41.670
41.980
42.280
42.590
42.890
43.210
43.510
43.820
44.130
44.430
44.730
45.040
45.330
45.640
45.940
46.240
46.540
46.840
47.130
47.430
47.730
48.030
48.320
48.620
48.910
49.210
49.500
49.800
50.100
50.400
50.700
51.000
51.290
51.580
51.870
52.160
52.460
52.750
53.040
53.330
53.620
53.930
54.230
54.530
54.830
55.120
55.420
55.730
56.020
56.330
56.620
56.920
57.220
57.530
57.820
58.130
58.420
58.720
59.020
59.320
59.610
59.910
60.200
60.490
60.780
61.080
61.380
61.680
61.970
62.280
62.570
62.860
63.150
63.450
63.740
64.030
64.320
64.630
64.920
65.220
65.520
65.830
66.130
66.440
66.750
67.060
67.350
67.660
67.950
68.250
68.550
68.860
69.150
69.460
69.750
70.050
70.360
70.660
70.950
71.250
71.540
71.840
72.120
72.430
72.720
73.030
73.320
73.630
73.930
74.230
74.530
74.830
75.120
75.430
75.730
76.040
76.330
76.640
76.940
77.240
77.530
77.840
78.130
78.440
78.730
79.040
79.330
79.640
79.940
80.240
80.540
80.830
81.140
81.430
81.720
82.020
82.310
82.590
82.890
83.180
83.480
83.770
84.070
84.380
84.670
84.980
85.270
85.580
85.870
86.170
86.460
86.750
87.040
87.330
87.620
87.920
88.200
88.510
88.810
89.100
89.400
89.700
89.990
90.280
90.580
90.870
91.160
91.450
91.740
92.020
92.310
92.600
92.890
93.190
93.480
93.790
94.080
94.390
94.680
94.980
95.270
95.570
95.860
96.150
96.430
96.730
97.010
97.300
97.590
97.890
98.170
98.470
98.760
99.070
99.350
99.650
99.930
100.230
100.510
100.810
101.090
101.390
101.690
101.990
102.280
102.570
102.860
103.160
103.440
103.740
104.020
104.320
104.600
104.910
105.200
105.510
105.790
106.090
106.370
106.670
106.960
107.250
107.540
107.830
108.110
108.410
108.710
109.010
109.310
109.610
109.910
110.210
110.500
110.810
111.100
111.400
111.700
112.010
112.300
112.600
112.900
113.200
113.490
113.790
114.080
114.380
114.670
114.970
115.270
115.570
115.870
116.160
116.450
116.750
117.040
117.330
117.610
117.910
118.190
118.490
118.780
119.070
119.360
119.650
119.930
120.220
120.520
120.810
121.110
121.410
121.710
122.000
122.290
122.580
122.870
123.160
123.450
123.750
124.030
124.330
124.620
124.910
125.200
125.490
125.780
126.070
126.360
126.660
126.950
127.250
127.540
127.830
128.120
128.420
128.710
129.000
129.290
129.580
129.870
130.170
130.460
130.760
131.050
131.350
131.630
131.930
132.220
132.510
132.790
133.090
133.380
133.670
133.960
134.270
134.560
134.860
135.170
135.450
135.750
136.040
136.340
136.630
136.930
137.230
137.540
137.830
138.130
138.430
138.730
139.040
139.330
139.630
139.930
140.230
140.530
140.830
141.120
141.410
141.720
142.020
142.320
142.620
142.920
143.210
143.520
143.810
144.110
144.420
144.710
145.010
145.310
145.610
145.910
146.200
146.490
146.790
147.080
147.380
147.680
147.980
148.260
148.560
148.850
149.130
149.420
149.710
150.010
150.290
150.560
150.840
151.130
151.410
151.690
151.960
152.250
152.520
152.800
153.090
153.370
153.650
153.930
154.210
154.490
154.770
155.060
155.350
155.630
155.920
156.220
156.510
156.800
157.100
157.400
157.690
158.000
158.290
158.590
158.900
159.200
159.490
159.770
160.060
160.360
160.640
160.930
161.210
161.480
161.760
162.050
162.330
162.620
162.930
163.230
163.520
163.830
164.130
164.430
164.730
165.040
165.340
165.660
165.960
166.260
166.560
166.870
167.160
167.470
167.760
168.070
168.380
168.680
168.990
169.300
169.610
169.920
170.230
170.520
170.820
171.130
171.420
171.720
172.020
172.330
172.620
172.910
173.200
173.480
173.780
174.090
174.410
174.720
175.030
175.350
175.660
175.980
176.310
176.630
176.950
177.250
177.570
177.870
178.180
178.500
178.810
179.110
179.430
179.730
180.050
180.350
180.660
