0.150
0.460
0.790
1.130
1.470
1.790
2.120
2.440
2.750
3.070
3.390
3.730
4.070
4.390
4.730
5.070
5.400
5.730
6.070
6.410
6.760
7.090
7.400
7.730
8.040
8.360
8.690
9.000
9.330
9.650
9.970
10.300
10.630
10.940
11.280
11.620
11.960
12.300
12.640
12.970
13.300
13.610
13.950
14.280
14.620
14.940
15.270
15.610
15.960
16.280
16.630
16.970
17.300
17.630
17.980
18.290
18.630
18.950
19.300
19.620
19.960
20.280
20.600
20.930
21.260
21.590
21.940
22.260
22.600
22.910
23.250
23.570
23.920
24.240
24.580
24.910
25.250
25.580
25.900
26.240
26.570
26.880
27.220
27.560
27.890
28.220
28.550
28.880
29.230
29.550
29.900
30.220
30.550
30.870
31.210
31.540
31.880
32.220
32.570
32.900
33.230
33.590
33.920
34.250
34.580
34.890
35.230
35.550
35.880
36.210
36.550
36.880
37.220
37.530
37.860
38.190
38.530
38.850
39.200
39.530
39.860
40.180
40.520
40.850
41.170
41.500
41.840
42.170
42.510
42.850
43.180
43.510
43.850
44.180
44.510
44.850
45.200
45.530
45.860
46.190
46.530
46.860
47.170
47.500
47.830
48.150
48.470
48.780
49.110
49.430
49.760
50.100
50.440
50.750
51.100
51.420
51.760
52.080
52.400
52.740
53.080
53.410
53.740
54.060
54.390
54.730
55.060
55.390
55.730
56.060
56.410
56.730
57.080
57.400
57.740
58.060
58.390
58.720
59.060
59.370
59.700
60.030
60.380
60.730
61.060
61.390
61.730
62.050
62.390
62.710
63.050
63.370
63.700
64.030
64.360
64.680
65.020
65.340
65.680
66.000
66.340
66.660
67.000
67.330
67.660
67.990
68.330
68.660
69.000
69.320
69.660
69.980
70.310
70.640
70.970
71.290
71.620
71.960
72.300
72.620
72.950
73.300
73.640
73.960
74.300
74.610
74.940
75.270
75.620
75.940
76.260
76.600
76.920
77.250
77.590
77.910
78.250
78.580
78.910
79.240
79.590
79.920
80.250
80.580
80.910
81.240
81.590
81.920
82.250
82.580
82.920
83.240
83.570
83.910
84.230
84.560
84.900
85.230
85.570
85.910
86.240
86.560
86.890
87.210
87.540
87.870
88.210
88.530
88.870
89.210
89.540
89.870
90.190
90.520
90.850
91.180
91.510
91.840
92.180
92.490
92.830
93.140
93.480
93.800
94.130
94.450
94.810
95.130
95.480
95.800
96.150
96.470
96.810
97.140
97.470
97.800
98.130
98.440
98.770
99.100
99.440
99.770
100.110
100.440
100.780
101.110
101.460
101.780
102.120
102.450
102.790
103.110
103.450
103.780
104.120
104.440
104.780
105.110
105.440
105.770
106.090
106.410
106.750
107.080
107.410
107.740
108.070
108.390
108.730
109.050
109.380
109.720
110.060
110.390
110.720
111.040
111.370
111.700
112.030
112.350
112.690
113.020
113.360
113.690
114.010
114.320
114.660
114.980
115.300
115.630
115.970
116.310
116.630
116.960
117.300
117.610
117.950
118.280
118.620
118.940
119.260
119.600
119.940
120.260
120.600
120.930
121.260
121.580
121.920
122.250
122.600
122.940
123.250
123.580
123.930
124.250
124.580
124.910
125.250
125.580
125.910
126.240
126.570
126.890
127.220
127.550
127.890
128.220
128.560
128.880
129.220
129.540
129.860
130.190
130.540
130.860
131.200
131.520
131.850
132.180
132.500
132.820
133.150
133.480
133.800
134.140
134.450
134.790
135.110
135.440
135.780
136.110
136.440
136.770
137.110
137.440
137.760
138.100
138.450
138.770
139.120
139.440
139.770
140.100
140.450
140.780
141.110
141.430
141.760
142.100
142.410
142.740
143.070
143.400
143.730
144.080
144.410
144.730
145.060
145.380
145.710
146.040
146.380
146.700
147.050
147.360
147.690
148.020
148.360
148.680
149.020
149.350
149.700
150.020
150.360
150.680
151.010
151.340
151.680
152.000
152.340
152.660
153.000
153.330
153.660
153.990
154.320
154.630
154.970
155.300
155.620
155.950
156.300
156.610
156.960
157.280
157.620
157.940
158.280
158.600
158.940
159.260
159.590
159.920
160.260
160.590
160.920
161.250
161.560
161.890
162.220
162.540
162.870
163.200
163.530
163.840
164.170
164.510
164.850
165.180
165.500
165.810
166.140
166.460
166.780
167.100
167.430
167.750
168.100
168.420
168.740
169.080
169.420
169.740
170.070
170.400
170.730
171.070
171.420
171.740
172.060
172.390
172.740
173.050
173.390
173.730
174.050
174.390
174.740
175.060
175.410
175.730
176.070
176.400
176.740
177.050
177.380
177.710
178.050
178.370
178.710
179.040
179.360
179.700
180.040
180.370
180.700
181.030
181.370
181.690
182.030
182.360
182.690
183.000
183.340
183.660
184.000
184.330
184.670
185.000
185.340
185.670
186.010
186.350
186.670
187.010
187.350
187.660
188.000
188.320
188.670
188.980
189.320
189.650
189.990
190.310
190.650
190.970
191.310
191.650
191.990
192.320
192.660
193.010
193.340
193.660
194.010
194.330
194.680
195.020
195.350
195.680
196.030
196.360
196.690
197.020
197.360
197.680
198.020
198.360
198.680
199.000
199.340
199.670
200.000
200.320
200.650
200.980
201.330
201.660
201.980
202.320
202.670
203.000
203.330
203.650
204.000
204.320
204.660
205.000
205.340
205.670
206.000
206.330
206.670
206.990
207.340
207.660
208.010
208.340
208.700
209.010
209.340
209.690
210.020
210.350
210.680
210.990
211.320
211.660
211.990
212.320
212.640
212.950
213.270
213.620
213.940
214.260
214.610
214.930
215.270
215.590
215.930
216.260
216.600
216.930
217.280
217.590
217.930
218.250
218.590
218.920
219.240
219.570
219.910
220.240
220.570
220.900
221.240
221.560
221.900
222.210
222.560
222.880
223.230
223.560
223.910
224.230
224.560
224.890
225.240
225.550
225.900
226.220
226.560
226.890
227.220
227.550
227.870
228.190
228.530
228.850
229.170
229.500
229.830
230.150
230.500
230.820
231.160
231.480
231.820
232.150
232.480
232.800
233.140
233.450
233.790
234.120
234.450
234.770
235.110
235.440
235.800
236.130
236.460
236.780
237.090
237.410
237.740
238.050
238.390
238.710
239.060
239.370
239.710
240.040
240.380
240.700
241.060
241.380
241.730
242.060
242.390
242.710
243.050
243.360
243.700
244.030
244.350
244.690
245.020
245.360
245.710
246.020
246.360
246.680
247.030
247.350
247.680
248.010
248.350
248.670
249.020
249.340
249.700
250.030
250.340
250.670
251.010
251.330
251.670
251.990
252.320
252.650
252.980
253.320
253.650
253.980
254.320
254.640
254.980
255.300
255.630
255.970
256.290
256.630
256.960
257.280
257.600
257.940
258.270
258.590
258.920
259.250
259.570
259.890
260.230
260.560
260.900
261.220
261.580
261.890
262.240
262.560
262.900
263.230
263.550
263.870
264.210
264.540
264.860
265.190
265.530
265.860
266.180
266.530
266.860
267.170
267.520
267.830
268.170
268.510
268.840
269.170
269.490
269.830
270.150
270.490
270.800
271.140
271.460
271.810
272.120
272.440
272.780
273.100
273.450
273.770
274.100
274.430
274.760
275.080
275.430
275.750
276.090
276.410
276.760
277.080
277.430
277.760
278.080
278.410
278.750
279.070
279.410
279.730
280.070
280.390
280.730
281.050
281.390
281.710
282.040
282.370
282.710
283.020
283.370
283.680
284.030
284.340
284.670
285.000
285.350
285.670
286.010
286.360
286.690
287.040
287.360
287.700
288.030
288.380
288.690
289.020
289.350
289.680
290.020
290.340
290.680
291.000
291.340
291.660
291.990
292.320
292.670
293.000
293.330
293.650
293.980
294.310
294.640
294.960
295.280
295.600
295.930
296.250
296.590
296.910
297.250
297.570
297.900
298.220
298.570
298.890
299.230
299.540
299.870
300.210
300.530
300.850
301.180
301.490
301.840
302.150
302.500
302.810
303.160
303.470
303.810
304.140
304.470
304.790
305.130
305.450
305.780
306.100
306.420
306.740
307.070
307.400
307.750
308.060
308.410
308.740
309.050
309.380
309.720
310.060
310.380
310.700
311.010
311.340
311.670
311.990
312.320
312.650
312.990
313.310
313.640
313.970
314.290
314.620
314.960
315.270
315.590
315.920
316.240
316.560
316.880
317.210
317.540
317.850
318.200
318.520
318.860
319.180
319.510
319.830
320.170
320.510
320.870
321.210
321.550
321.870
322.200
322.500
322.810
323.130
323.450
323.770
324.090
324.400
324.720
325.060
325.400
325.730
326.050
326.370
326.700
327.020
327.340
327.680
328.010
328.330
328.660
328.980
329.310
329.640
329.970
330.300
330.650
330.960
331.280
331.610
331.920
332.250
332.560
332.900
333.240
333.550
333.890
334.220
334.550
334.860
335.190
335.510
335.850
336.160
336.490
336.810
337.140
337.450
337.770
338.090
338.420
338.740
339.070
339.400
339.730
340.050
340.380
340.710
341.030
341.360
341.690
342.010
342.330
342.650
342.980
343.300
343.620
343.940
344.260
344.590
344.920
345.240
345.580
345.890
346.220
346.540
346.870
347.190
347.500
347.830
348.150
348.470
348.790
349.120
349.450
349.770
350.120
350.450
350.770
351.100
351.410
351.730
352.050
352.370
352.700
353.020
353.340
353.660
353.970
354.290
354.620
354.940
355.280
355.590
355.920
356.240
356.570
356.880
357.200
357.520
357.850
358.170
358.490
358.800
359.130
359.460
359.780
360.110
360.440
360.760
361.080
361.400
361.730
362.060
362.400
362.730
363.040
363.380
363.690
364.020
364.350
364.670
365.010
365.330
365.660
365.990
366.330
366.660
366.990
367.310
367.640
367.960
368.280
368.580
368.900
369.210
369.520
369.840
370.170
370.480
370.810
371.130
371.470
371.780
372.130
372.440
372.780
373.090
373.420
373.740
374.050
374.380
374.690
375.020
375.340
375.650
375.970
376.300
376.620
376.940
377.260
377.580
377.910
378.240
378.570
378.890
379.220
379.530
379.850
380.180
380.500
380.830
381.160
381.480
381.830
382.140
382.480
382.800
383.110
383.430
383.760
384.070
384.390
384.710
385.030
385.350
385.670
385.990
386.320
386.630
386.950
387.280
387.590
387.930
388.270
388.580
388.900
389.230
389.550
389.870
390.180
390.500
390.830
391.140
391.470
391.780
392.120
392.440
392.770
393.100
393.440
393.760
394.080
394.410
394.730
395.050
395.370
395.690
396.010
396.330
396.650
396.960
397.300
397.630
397.960
398.270
398.600
398.930
399.240
399.560
399.890
400.210
400.530
400.840
401.170
401.490
401.810
402.130
402.450
402.780
403.110
403.440
403.770
404.090
404.410
404.720
405.050
405.370
405.680
406.010
406.330
406.650
406.970
407.310
407.640
407.960
408.280
408.610
408.920
409.240
409.560
409.880
410.210
410.530
410.860
411.200
411.510
411.850
412.170
412.500
412.840
413.160
413.500
413.820
414.150
414.460
414.780
415.100
415.420
415.740
416.070
416.380
416.700
417.020
417.350
417.670
418.000
418.320
418.640
418.970
419.310
419.620
419.950
420.270
420.610
420.930
421.270
421.580
421.910
422.230
422.550
422.870
423.200
423.530
423.850
424.170
424.510
424.830
425.180
425.490
425.840
426.150
426.500
426.820
427.140
427.470
427.800
428.130
428.470
428.810
429.140
429.470
429.810
430.130
430.470
430.780
431.120
431.460
431.780
432.110
432.470
432.800
433.150
433.470
433.830
434.160
434.500
434.810
435.150
435.480
435.810
436.140
436.460
436.790
437.120
437.450
437.780
438.110
438.460
438.790
439.120
439.450
439.780
440.100
440.440
440.770
441.130
441.450
441.770
442.100
442.440
442.760
443.110
443.430
443.770
444.090
444.420
444.760
445.090
445.400
445.740
446.070
446.400
446.730
447.050
447.400
447.720
448.050
448.380
448.710
449.040
449.380
449.710
450.030
450.370
450.690
451.020
451.340
451.670
451.990
452.330
452.660
452.990
453.310
453.660
453.980
454.320
454.650
454.960
455.320
455.640
456.000
456.340
456.660
457.000
457.330
457.660
457.970
458.320
458.640
458.970
459.300
459.640
459.950
460.300
460.630
460.960
461.280
461.610
461.920
462.250
462.560
462.890
463.220
463.560
463.890
464.240
464.560
464.890
465.230
465.560
465.880
466.230
466.550
466.880
467.220
467.550
467.870
468.210
468.520
468.850
469.160
469.500
469.830
470.160
470.470
470.810
471.130
471.480
471.790
472.140
472.450
472.790
473.110
473.430
473.750
474.080
474.400
474.730
475.070
475.400
475.720
476.060
476.380
476.710
477.030
477.350
477.680
478.010
478.330
478.670
478.990
479.310
479.630
479.950
480.270
480.600
480.920
481.250
481.580
481.910
482.230
482.560
482.890
483.230
483.550
483.890
484.220
484.540
484.860
485.210
485.530
485.860
486.180
486.510
486.830
487.180
487.490
487.830
488.150
488.490
488.810
489.160
489.480
489.800
490.150
490.470
490.800
491.120
491.450
491.800
492.110
492.450
492.770
493.100
493.430
493.760
494.090
494.410
494.740
495.070
495.400
495.750
496.070
496.390
496.700
497.030
497.350
497.670
498.000
498.330
498.660
498.990
499.330
499.650
499.970
500.290
500.610
500.930
501.260
501.580
501.910
502.250
502.560
502.890
503.220
503.540
503.860
504.190
504.520
504.840
505.180
505.500
505.840
506.170
506.490
506.810
507.140
507.470
507.790
508.110
508.450
508.780
509.100
509.440
509.760
510.110
510.430
510.760
511.080
511.410
511.740
512.060
512.390
512.710
513.030
513.350
513.670
514.000
514.330
514.660
514.980
515.300
515.620
515.940
516.270
516.590
516.930
517.250
517.600
517.920
518.260
518.590
518.900
519.240
519.560
519.870
520.190
520.530
520.850
521.190
521.510
521.840
522.170
522.500
522.820
523.150
523.480
523.810
524.140
524.450
524.780
525.110
525.430
525.760
526.090
526.420
526.750
527.090
527.400
527.730
528.050
528.390
528.710
529.040
529.380
529.710
530.030
530.370
530.680
531.000
531.320
531.640
531.960
532.300
532.640
532.960
533.310
533.660
533.980
534.310
534.640
534.980
535.300
535.610
535.950
536.290
536.600
536.940
537.270
537.610
537.920
538.240
538.560
538.880
539.200
539.540
539.860
540.200
540.540
540.860
541.200
541.530
541.840
542.190
542.520
542.840
543.160
543.480
543.800
544.130
544.450
544.770
545.080
545.400
545.730
546.050
546.370
546.690
547.010
547.330
547.660
547.990
548.310
548.640
548.960
549.280
549.610
549.920
550.240
550.570
550.890
551.210
551.530
551.860
552.190
552.510
552.830
553.150
553.470
553.810
554.130
554.470
554.790
555.120
555.440
555.770
556.090
556.410
556.740
557.060
557.380
557.700
558.030
558.370
558.690
559.020
559.340
559.660
559.980
560.310
560.620
560.950
561.260
561.590
561.920
562.240
562.570
562.900
563.230
563.550
563.870
564.200
564.520
564.840
565.170
565.500
565.830
566.170
566.490
566.820
567.140
567.480
567.810
568.140
568.470
568.800
569.130
569.470
569.800
570.130
570.450
570.800
571.120
571.480
571.800
572.140
572.470
572.810
573.150
573.460
573.790
574.130
574.470
574.800
575.110
575.440
575.750
576.060
576.370
576.680
576.990
577.300
577.620
577.920
578.230
578.550
578.860
579.170
579.480
579.790
580.090
580.430
580.750
581.070
581.400
581.750
582.060
582.410
582.720
583.070
583.400
583.760
584.110
584.520
584.930
585.310
585.730
586.150
586.550
586.950
587.380
587.780
588.190
588.590
589.030
589.470
589.940
590.410
590.910
591.390
591.860
592.330
592.810
593.300
593.800
594.300
594.790
595.270
595.770
596.250
596.750
597.250
597.740
598.230
598.760
599.280
599.800
600.300
600.820
601.370
601.900
602.450
602.980
603.560
604.110
604.650
605.250
605.810
606.420
607.040
607.670
608.270
608.960
609.600
610.200
610.840
611.490
612.110
612.750
613.380
