0.450
0.930
1.430
1.910
2.380
2.850
3.350
3.830
4.300
4.770
5.250
5.750
6.230
6.710
7.170
7.650
8.150
8.630
9.090
9.570
10.110
10.620
11.100
11.640
12.150
12.640
13.160
13.690
14.190
14.710
15.220
15.740
16.240
16.770
17.310
17.840
18.360
18.890
19.430
19.920
20.430
20.950
21.460
21.990
22.500
23.040
23.560
24.070
24.590
25.090
25.600
26.120
26.620
27.140
27.630
28.150
28.650
29.170
29.690
30.180
30.690
31.180
31.700
32.210
32.710
33.210
33.690
34.200
34.710
35.230
35.720
36.270
36.790
37.340
37.870
38.370
38.870
39.380
39.870
40.390
40.880
41.380
41.890
42.370
42.880
43.400
43.910
44.400
44.940
45.440
45.990
46.510
47.030
47.570
48.110
48.650
49.150
49.690
50.210
50.720
51.260
51.760
52.280
52.790
53.320
53.830
54.350
54.870
55.410
55.910
56.440
56.960
57.500
58.010
58.520
59.040
59.570
60.070
60.590
61.090
61.620
62.100
62.630
63.150
63.670
64.190
64.720
65.230
65.720
66.240
66.750
67.270
67.780
68.280
68.810
69.310
69.840
70.380
70.890
71.430
71.960
72.470
73.000
73.530
74.050
74.550
75.080
75.600
76.100
76.640
77.150
77.640
78.170
78.720
79.240
79.750
80.280
80.780
81.320
81.820
82.340
82.840
83.370
83.870
84.390
84.900
85.440
85.950
86.450
86.990
87.510
88.020
88.530
89.050
89.570
90.090
90.600
91.110
91.640
92.150
92.660
93.170
93.680
94.190
94.710
95.220
95.730
96.270
96.790
97.310
97.830
98.360
98.870
99.400
99.920
100.440
100.950
101.460
101.980
102.480
102.990
103.510
104.030
104.530
105.060
105.580
106.100
106.600
107.130
107.640
108.180
108.680
109.180
109.690
110.210
110.720
111.220
111.730
112.240
112.760
113.270
113.770
114.280
114.790
115.300
115.800
116.310
116.820
117.330
117.810
118.320
118.840
119.340
119.850
120.340
120.850
121.340
121.860
122.350
122.850
123.340
123.850
124.350
124.860
125.360
125.850
126.360
126.860
127.360
127.880
128.410
128.910
129.440
129.940
130.480
130.990
131.500
132.000
132.520
133.030
133.540
134.050
134.580
135.090
135.610
136.130
136.650
137.160
137.690
138.210
138.730
139.250
139.770
140.300
140.800
141.310
141.810
142.310
142.820
143.330
143.840
144.360
144.890
145.390
145.910
146.430
146.950
147.470
147.990
148.510
149.020
149.540
150.070
150.570
151.090
151.610
152.110
152.640
153.150
153.640
154.150
154.660
155.170
155.680
156.200
156.710
157.220
157.730
158.250
158.740
159.260
159.770
160.280
160.790
161.320
161.840
162.360
162.880
163.410
163.920
164.420
164.950
165.440
165.950
166.460
166.980
167.470
168.000
168.500
169.010
169.530
170.040
170.540
171.060
171.570
172.100
172.610
173.110
173.620
174.120
174.640
175.140
175.660
176.170
176.680
177.190
177.710
178.230
178.750
179.250
179.770
180.290
180.790
181.320
181.830
182.350
182.860
183.380
183.910
184.420
184.930
185.450
185.960
186.460
186.980
187.490
188.020
188.530
189.030
189.520
190.070
190.560
191.080
191.630
192.150
192.640
193.160
193.690
194.220
194.740
195.250
195.760
196.280
196.770
197.280
197.790
198.290
198.800
199.300
199.820
200.320
200.840
201.340
201.860
202.380
202.900
203.410
203.920
204.420
204.940
205.450
205.980
206.500
207.000
207.520
208.040
208.570
209.080
209.570
210.050
210.570
211.090
211.620
212.130
212.650
213.170
213.680
214.200
214.720
215.240
215.750
216.260
216.770
217.280
217.790
218.290
218.810
219.340
219.860
220.370
220.890
221.420
221.930
222.440
222.960
223.480
224.000
224.510
225.020
225.530
226.060
226.570
227.110
227.630
228.150
228.670
229.190
229.710
230.230
230.750
231.280
231.790
232.310
232.830
233.410
233.990
234.580
235.090
235.620
236.140
236.650
237.180
237.680
238.200
238.710
239.220
239.740
240.230
240.740
241.260
241.780
242.290
242.800
243.350
243.870
244.410
244.930
245.450
245.980
246.510
247.030
247.550
248.090
248.610
249.150
249.670
250.190
250.700
251.220
251.760
252.290
252.820
253.360
253.880
254.410
254.940
255.450
255.970
256.520
257.020
257.540
258.050
258.580
259.090
259.590
260.100
260.610
261.130
261.660
262.170
262.680
263.220
263.740
264.260
264.780
265.290
265.830
266.360
266.870
267.380
267.890
268.440
268.970
269.520
270.040
270.580
271.110
271.640
272.170
272.710
273.230
273.740
274.260
274.780
275.290
275.790
276.320
276.820
277.370
277.980
278.550
