0.430
0.870
1.310
1.740
2.170
2.580
3.010
3.460
3.880
4.320
4.730
5.160
5.560
6.000
6.400
6.840
7.240
7.690
8.140
8.610
9.060
9.500
9.950
10.500
11.040
11.580
12.170
12.740
13.300
13.910
14.470
15.050
15.590
16.180
16.710
17.270
17.830
18.300
18.830
19.320
19.800
20.300
20.720
21.170
21.620
22.050
22.480
22.910
23.320
23.750
24.180
24.620
25.060
25.490
25.870
26.270
26.670
27.070
27.480
27.890
28.280
28.670
29.070
29.470
29.890
30.280
30.680
31.080
31.470
31.860
32.270
32.640
33.060
33.450
33.850
34.250
34.640
35.070
35.470
35.890
36.300
36.700
37.100
37.470
37.880
38.250
38.660
39.020
39.420
39.790
40.180
40.530
40.910
41.270
41.670
42.030
42.440
42.820
43.220
43.610
44.030
44.410
44.830
45.230
45.620
45.990
46.400
46.770
47.160
47.570
47.970
48.360
48.770
49.170
49.550
49.940
50.320
50.720
51.120
51.500
51.890
52.270
52.670
53.050
53.420
53.820
54.170
54.540
54.910
55.290
55.660
56.020
56.410
56.780
57.140
57.480
57.840
58.210
58.590
58.980
59.390
59.770
60.180
60.590
60.980
61.360
61.760
62.150
62.550
62.950
63.370
63.740
64.150
64.530
64.910
65.310
65.690
66.050
66.440
66.810
67.220
67.610
68.000
68.370
68.760
69.160
69.560
69.940
70.310
70.680
71.060
71.450
71.830
72.200
72.590
72.980
73.380
73.770
74.150
74.540
74.920
75.330
75.720
76.130
76.540
76.930
77.320
77.690
78.080
78.470
78.880
79.260
79.650
80.010
80.390
80.770
81.150
81.550
81.930
82.310
82.690
83.070
83.450
83.810
84.230
84.670
85.120
85.540
85.980
86.460
86.960
87.450
87.930
88.440
88.900
89.370
89.810
90.250
90.710
91.140
91.590
91.990
92.420
92.850
93.240
93.670
94.060
94.490
94.870
95.270
95.660
96.050
96.420
96.830
97.200
97.600
98.030
98.420
98.860
99.270
99.700
100.110
100.510
100.910
101.320
101.740
102.160
102.550
102.960
103.390
103.780
104.200
104.600
105.030
105.420
