0.580
1.450
2.380
3.260
4.210
5.160
6.130
7.010
7.980
8.890
9.840
10.740
11.690
12.630
13.530
14.470
15.460
16.390
17.400
18.310
19.270
20.200
21.200
22.150
23.170
24.130
25.130
26.090
27.090
28.040
29.000
29.930
30.930
31.880
32.860
33.840
34.780
35.740
36.760
37.730
38.700
39.670
40.620
41.610
42.610
43.540
44.500
45.450
46.400
47.400
48.370
49.340
50.300
51.290
52.260
53.230
54.190
55.150
56.150
57.130
58.120
59.080
60.040
60.980
61.960
62.920
63.900
64.840
65.830
66.860
67.800
68.770
69.780
70.730
71.740
72.710
73.720
74.700
75.690
76.660
77.640
78.580
79.550
80.460
81.430
82.380
83.320
84.300
85.270
86.190
87.150
88.080
89.070
90.020
90.980
91.910
92.860
93.820
94.800
95.770
96.720
97.710
98.660
99.640
100.590
101.580
102.510
103.490
104.420
105.380
106.370
107.320
108.240
109.190
110.190
111.130
112.100
113.090
114.100
115.080
116.090
117.100
118.060
119.040
120.050
121.090
122.070
123.040
124.040
125.020
126.020
127.000
127.940
128.970
130.020
130.970
132.010
132.990
133.970
135.060
136.060
137.140
138.150
139.180
140.140
141.120
142.130
143.110
144.080
145.100
145.960
146.890
147.770
148.680
149.680
150.610
151.600
152.550
153.450
154.420
155.370
156.450
157.470
158.520
159.540
160.600
161.690
162.830
163.860
164.950
166.010
167.050
168.190
169.230
170.310
171.410
172.480
173.630
174.670
175.770
176.900
177.990
179.020
180.170
