0.550
1.110
1.670
2.170
2.710
3.240
3.750
4.290
4.810
5.330
5.840
6.340
6.860
7.410
7.960
8.540
9.070
9.640
10.190
10.720
11.240
11.810
12.340
12.890
13.410
13.970
14.500
15.040
15.560
16.130
16.640
17.200
17.730
18.290
18.830
19.370
19.880
20.450
20.970
21.520
22.040
22.600
23.160
23.690
24.240
24.810
25.320
25.870
26.420
26.970
27.500
28.050
28.580
29.120
29.670
30.200
30.730
31.270
31.800
32.350
32.890
33.450
33.980
34.560
35.080
35.660
36.170
36.740
37.270
37.820
38.340
38.890
39.460
40.030
40.590
41.140
41.690
42.230
42.780
43.310
43.850
44.380
44.930
45.470
46.020
46.570
47.100
47.670
48.190
48.760
49.290
49.860
50.390
50.930
51.470
52.030
52.560
53.110
53.660
54.200
54.750
55.290
55.840
56.380
56.930
57.480
58.030
58.590
59.120
59.680
60.220
60.760
61.280
61.820
62.340
62.880
63.400
63.930
64.470
65.000
65.520
66.090
66.630
67.160
67.690
68.240
68.760
69.300
69.870
70.400
70.940
71.480
72.070
72.650
73.210
73.740
74.280
74.820
75.340
75.860
76.370
76.900
77.420
77.940
78.460
78.980
79.500
80.020
80.560
81.090
81.610
82.130
82.650
83.160
83.680
84.200
84.710
85.230
85.750
86.300
86.810
87.330
87.860
88.400
88.910
89.430
89.960
90.490
90.990
91.510
92.030
92.550
93.080
93.620
94.140
94.630
95.140
95.680
96.170
96.680
97.190
97.690
98.210
98.700
99.210
99.730
100.230
100.770
101.260
101.810
102.310
102.840
103.350
103.850
104.340
104.880
105.370
105.900
106.390
106.900
107.400
107.910
108.450
108.970
109.540
110.100
110.620
111.200
111.730
112.290
112.840
113.390
113.920
114.470
114.990
115.530
116.060
116.600
117.130
117.700
118.230
118.780
119.310
119.850
120.390
120.930
121.470
122.000
122.540
123.100
123.620
124.180
124.720
125.280
125.820
126.360
126.910
127.450
127.980
128.530
129.070
129.600
130.150
130.680
131.250
131.800
132.350
132.900
133.450
134.030
134.560
135.130
135.720
136.300
136.840
137.450
138.030
138.580
139.160
139.770
140.320
140.930
141.460
142.050
142.610
143.150
143.720
144.290
144.820
145.420
146.010
146.630
147.240
147.820
148.430
149.040
149.640
150.220
150.800
151.400
151.950
152.540
153.140
153.700
154.300
154.920
155.520
156.120
156.700
157.290
157.860
158.450
159.070
159.660
160.220
160.830
161.430
161.990
162.620
163.280
163.880
164.510
165.170
165.800
166.430
