0.360	1
1.140
1.980
2.770
3.550	1
4.340
5.130
5.920
6.740	1
7.530
8.350
9.150
9.960	1
10.800
11.610
12.410
13.210	1
14.070
14.880
15.680
16.500	1
17.310
18.120
18.970
19.750	1
20.540
21.360
22.220
23.020	1
23.810
24.620
25.480
26.360	1
27.190
28.030
28.890
29.740	1
30.600
31.450
32.320
33.220	1
34.080
34.930
35.780
36.670	1
37.500
38.360
39.200
40.060	1
40.930
41.780
42.650
43.490	1
44.380
45.260
46.140
46.990	1
47.900
48.790
49.650
50.480	1
51.360
52.280
53.180
54.090	1
54.970
55.880
56.750
57.640	1
58.530
59.400
60.340
61.290	1
62.140
63.050
63.970
64.870	1
65.740
66.660
67.560
68.470	1
69.360
70.280
71.170
72.130	1
73.110
74.010
74.920
75.850	1
76.750
77.680
78.550
79.460	1
80.370
81.260
82.130
83.040	1
83.940
84.870
85.810
86.730	1
87.620
88.570
89.510
90.450	1
91.410
92.370
93.300
94.260	1
95.230
96.140
97.080
98.020	1
98.980
99.900
100.850
101.820	1
102.750
103.670
104.490
105.370	1
106.340
107.300
108.280
109.210	1
110.210
111.170
112.140
113.090	1
114.050
115.070
116.030
117.000	1
117.990
119.050
120.040
121.030	1
121.930
122.890
123.850
124.840	1
125.771
126.859
128.139
129.910	1
