0.000
0.530
1.060
1.580
2.100
2.650
3.170
3.650
4.130
4.610
5.090
5.520
5.940
6.390
6.810
7.260
7.700
8.120
8.590
9.100
9.710
10.320
10.920
11.530
12.110
12.720
13.270
13.870
14.410
14.980
15.530
16.060
16.590
17.120
17.680
18.220
18.740
19.270
19.790
20.320
20.860
21.440
21.990
22.530
23.100
23.640
24.210
24.740
25.310
25.860
26.400
26.930
27.500
28.030
28.610
29.130
29.720
30.270
30.810
31.360
31.900
32.450
32.980
33.530
34.060
34.620
35.140
35.690
36.240
36.770
37.310
37.850
38.370
38.900
39.450
39.990
40.530
41.060
41.600
42.140
42.660
43.180
43.720
44.240
44.760
45.290
45.810
46.340
46.870
47.390
47.940
48.470
49.030
49.540
50.110
50.610
51.160
51.690
52.210
52.730
53.240
53.770
54.320
54.830
55.360
55.910
56.420
56.970
57.480
57.990
58.500
59.020
59.550
60.070
60.590
61.140
61.660
62.180
62.700
63.210
63.720
64.250
64.800
65.340
65.850
66.390
66.910
67.440
67.970
68.480
69.020
69.540
70.070
70.590
71.130
71.640
72.170
72.680
73.220
73.740
74.250
74.740
75.260
75.790
76.320
76.830
77.370
77.880
78.410
78.930
79.460
79.990
80.520
81.040
81.560
82.080
82.590
83.120
83.620
84.160
84.660
85.170
85.710
86.240
86.760
87.290
87.820
88.340
88.870
89.410
89.930
90.450
90.970
91.510
92.020
92.540
93.070
93.600
94.120
94.640
95.180
95.710
96.240
96.760
97.300
97.830
98.360
98.880
99.400
99.920
100.460
100.970
101.500
102.020
102.530
103.030
103.560
104.080
104.610
105.120
105.630
106.140
106.680
107.190
107.730
108.250
108.740
109.250
109.790
110.300
110.820
111.330
111.840
112.370
112.900
113.410
113.930
114.470
115.000
115.530
116.040
116.560
117.090
117.590
118.110
118.640
119.180
119.680
120.230
120.740
121.270
121.790
122.310
122.810
123.340
123.860
124.390
124.920
125.450
125.970
126.480
127.010
127.530
128.040
128.580
129.100
129.630
130.140
130.660
131.180
131.730
132.240
132.760
133.270
133.800
134.290
134.820
135.340
135.840
136.350
136.860
137.380
137.920
138.440
138.950
139.470
139.990
140.520
141.050
141.580
142.110
142.620
143.150
143.660
144.180
144.720
145.270
145.780
146.290
146.830
147.360
147.880
148.420
148.960
149.460
149.980
150.490
151.030
151.560
152.080
152.610
153.120
153.650
154.170
154.700
155.230
155.730
156.270
156.820
157.350
157.870
158.400
158.930
159.470
160.000
160.510
161.010
161.540
162.070
162.600
163.100
163.600
164.130
164.640
165.180
165.700
166.220
166.740
167.260
167.780
168.310
168.840
169.360
169.870
170.390
170.900
171.410
171.950
172.480
172.990
173.490
174.010
174.540
175.060
175.570
176.080
176.600
177.110
177.620
178.130
178.660
179.160
179.680
180.170
180.700
181.220
181.740
182.260
182.750
183.250
183.790
184.270
184.810
185.300
185.840
186.360
186.880
187.390
187.930
188.430
188.950
189.460
190.010
190.510
191.040
191.580
192.110
192.690
193.310
193.890
194.500
195.150
195.740
196.370
197.000
197.600
198.270
198.880
199.520
200.190
200.820
201.460
