0.210
0.670
1.150
1.650
2.130
2.610
3.090
3.560
4.040
4.530
5.010
5.500
5.980
6.470
6.960
7.430
7.910
8.400
8.890
9.390
9.890
10.380
10.880
11.360
11.860
12.340
12.840
13.330
13.830
14.300
14.800
15.310
15.810
16.300
16.810
17.290
17.790
18.270
18.770
19.270
19.780
20.270
20.770
21.280
21.780
22.270
22.780
23.280
23.780
24.290
24.800
25.290
25.810
26.310
26.820
27.310
27.830
28.320
28.830
29.330
29.820
30.310
30.810
31.320
31.820
32.330
32.830
33.330
33.840
34.340
34.830
35.350
35.850
36.340
36.850
37.330
37.840
38.330
38.840
39.360
39.850
40.370
40.880
41.370
41.880
42.390
42.890
43.390
43.900
44.400
44.900
45.410
45.910
46.410
46.900
47.400
47.910
48.400
48.910
49.410
49.920
50.420
50.910
51.410
51.910
52.410
52.910
53.400
53.900
54.390
54.880
55.380
55.850
56.350
56.840
57.320
57.790
58.270
58.760
59.270
59.770
60.290
60.790
61.280
61.790
62.280
62.790
63.270
63.780
64.280
64.780
65.290
65.800
66.290
66.780
67.260
67.760
68.250
68.750
69.240
69.740
70.240
70.740
71.270
71.780
72.280
72.800
73.300
73.800
74.310
74.810
75.320
75.840
76.350
76.840
77.350
77.850
78.380
78.890
79.390
79.890
80.390
80.890
81.390
81.900
82.390
82.890
83.390
83.890
84.390
84.880
85.370
85.890
86.370
86.880
87.370
87.860
88.350
88.840
89.320
89.800
90.360
90.890
91.380
91.880
92.360
92.870
93.360
93.850
94.330
94.820
95.320
95.820
96.300
96.800
97.280
97.770
98.240
98.740
99.240
99.720
100.210
100.700
101.200
101.690
102.180
102.660
103.150
103.650
104.130
104.630
105.120
105.610
106.090
106.580
107.080
107.570
108.060
108.550
109.040
109.530
110.020
110.510
111.000
111.490
111.980
112.470
112.960
113.430
113.910
114.410
114.920
115.440
115.960
116.500
117.000
117.520
118.000
118.530
119.020
119.540
120.050
120.520
121.030
121.530
122.020
122.500
122.990
123.460
123.980
124.450
124.990
125.520
126.050
126.570
