0.560	1
1.380
2.220
3.100
3.990
4.890
5.820
6.900	1
7.970
9.050
10.140
11.090	1
12.040
13.000
14.000
14.940	1
15.940
16.910
17.870
18.860	1
19.880
20.870
21.840
22.810	1
23.850
24.820
25.800
26.800	1
27.810
28.820
29.830
30.790	1
31.800
32.790
33.790
34.810	1
35.860
36.850
37.880
38.890	1
39.930
40.890
41.910
42.890	1
43.920
44.880
45.890
46.880	1
47.880
48.880
49.850
50.860	1
51.870
52.890
53.880
54.850	1
55.830
56.870
57.850
58.880	1
59.910
60.870
61.930
62.880	1
63.930
64.900
65.920
66.950	1
67.950
68.950
69.940
70.930	1
71.970
72.950
73.950
74.910	1
75.950
76.900
77.900
78.890	1
79.900
80.870
81.900
82.900	1
83.930
84.930
85.920
86.940	1
87.930
88.940
90.000
90.970	1
92.030
93.030
94.060
95.100	1
96.090
97.110
98.080
99.070	1
100.140
101.100
102.180
103.170	1
104.240
105.240
106.310
107.290	1
108.320
109.280
110.320
111.300	1
112.320
113.360
114.360
115.360	1
116.460
117.430
118.420
119.450	1
120.470
121.450
122.460
123.490	1
124.490
125.520
126.520
127.540	1
128.590
129.640
130.660
131.700	1
