0.790
1.840
2.910
3.950
5.000
6.120
7.220
8.330
9.410
10.450
11.570
12.680
13.600
14.590
15.570
16.520
17.470
18.350
19.270
20.230
21.130
22.060
22.970
23.900
24.780
25.620
26.530
27.370
28.280
29.130
30.110
31.050
31.990
32.790
33.660
34.560
35.390
36.300
37.180
38.030
38.920
39.850
40.730
41.570
42.480
43.270
44.140
44.990
45.820
46.670
47.490
48.330
49.150
50.060
50.940
51.840
52.690
53.530
54.360
55.240
56.080
56.910
57.820
58.780
59.740
60.670
61.600
62.550
63.500
64.490
65.410
66.420
67.320
68.130
69.020
69.880
70.760
71.600
72.480
73.440
74.350
75.250
76.210
77.160
78.020
78.890
79.770
80.690
81.590
82.420
83.340
84.200
84.870
85.540
86.230
86.890
87.550
88.210
88.930
89.610
90.400
91.220
91.910
92.620
93.350
94.020
94.770
95.440
96.150
96.900
97.600
98.290
98.950
99.690
100.480
101.270
102.050
102.870
103.650
104.420
105.180
105.980
106.770
107.490
108.200
108.860
109.600
110.290
110.980
111.690
112.320
112.950
113.550
114.180
114.850
115.490
116.100
116.750
117.390
118.050
118.680
119.300
119.970
120.590
121.250
121.920
122.550
123.190
123.890
124.610
125.330
126.050
126.710
127.390
128.050
128.710
129.390
130.060
130.710
131.340
132.020
132.680
133.360
134.070
134.790
135.470
136.280
137.020
137.840
138.640
139.420
140.190
140.900
141.670
142.440
143.130
143.850
144.530
145.290
145.970
146.720
147.450
148.160
148.900
149.660
150.460
151.220
151.950
152.740
153.490
154.230
155.010
155.840
156.580
157.390
158.140
158.950
159.740
160.530
161.340
162.100
162.950
163.730
164.590
165.380
166.140
166.880
167.670
168.400
169.220
169.980
170.760
171.550
172.360
173.130
173.960
174.760
175.630
176.590
177.440
178.380
179.240
180.150
181.110
182.020
182.860
183.730
184.590
185.500
186.340
187.200
188.100
188.990
189.850
190.850
191.840
192.790
193.800
194.790
195.850
196.830
197.860
198.960
200.000
201.030
202.080
203.160
204.190
205.200
206.150
207.190
208.210
