0.200
0.660	1
1.160
1.640
2.120
2.600	1
3.070
3.540
4.020
4.480	1
4.950
5.440
5.910
6.360	1
6.830
7.320
7.790
8.260	1
8.740
9.210
9.690
10.170	1
10.640
11.120
11.570
12.030	1
12.500
12.970
13.430
13.900	1
14.360
14.840
15.300
15.770	1
16.240
16.700
17.160
17.630	1
18.110
18.570
19.030
19.500	1
19.960
20.420
20.890
21.360	1
21.840
22.310
22.770
23.230	1
23.700
24.170
24.640
25.110	1
25.590
26.060
26.530
26.990	1
27.470
27.930
28.400
28.880	1
29.350
29.810
30.270
30.740	1
31.210
31.670
32.140
32.610	1
33.070
33.520
33.980
34.440	1
34.910
35.380
35.840
36.300	1
36.770
37.240
37.700
38.170	1
38.640
39.110
39.560
40.030	1
40.480
40.960
41.390
41.840	1
42.300
42.770
43.220
43.680	1
44.140
44.610
45.060
45.510	1
45.980
46.430
46.900
47.370	1
47.820
48.280
48.740
49.200	1
49.660
50.130
50.580
51.050	1
51.510
51.990
52.450
52.930	1
53.390
53.860
54.320
54.800	1
55.260
55.730
56.180
56.640	1
57.100
57.570
58.020
58.500	1
58.960
59.410
59.870
60.330	1
60.790
61.250
61.710
62.180	1
62.660
63.110
63.580
64.040	1
64.500
64.950
65.410
65.880	1
66.350
66.840
67.300
67.790	1
68.270
68.740
69.220
69.700	1
70.190
70.670
71.150
71.630	1
72.100
72.580
73.040
73.520	1
73.990
74.450
74.940
75.400	1
75.870
76.350
76.800
77.250	1
77.730
78.190
78.650
79.110	1
79.570
80.040
80.510
80.970	1
81.440
81.930
82.400
82.870	1
83.350
83.810
84.280
84.760	1
85.230
85.700
86.160
86.640	1
87.100
87.560
88.030
88.500	1
88.980
89.460
89.920
90.380	1
90.850
91.320
91.800
92.250	1
92.720
93.190
93.650
94.120	1
94.590
95.050
95.530
96.010	1
96.480
96.960
97.410
97.880	1
98.370
98.830
99.310
99.770	1
100.260
100.730
101.200
101.680	1
102.160
102.620
103.100
103.580	1
104.070
104.540
105.020
105.500	1
105.970
106.430
106.920
107.390	1
107.870
108.340
108.810
109.290	1
109.770
110.230
110.700
111.190	1
111.660
112.120
112.590
113.080	1
113.570
114.050
114.530
115.020	1
115.520
115.980
116.450
116.910	1
117.390
117.870
118.340
118.820	1
119.310
119.790
120.250
120.730	1
121.210
121.680
122.150
122.630	1
123.100
123.580
124.060
124.540	1
125.010
125.480
125.940
126.430	1
126.920
127.400
127.880
128.380	1
128.860
129.350
129.820
130.310	1
130.760
131.240
131.710
132.190	1
132.660
133.130
133.610
134.090	1
134.560
135.020
135.490
135.960	1
136.430
136.910
137.360
137.830	1
138.300
138.770
139.250
139.720	1
140.200
140.680
141.160
141.650	1
142.120
142.600
143.060
143.510	1
143.990
144.460
144.920
145.400	1
145.860
146.320
146.800
147.250	1
147.720
148.200
148.670
149.150	1
149.610
150.080
150.520
150.960	1
151.440
151.890
152.350
152.840	1
153.300
153.770
154.220
154.690	1
155.160
155.630
156.100
156.580	1
157.030
157.500
157.970
158.420	1
158.890
159.370
159.820
160.290	1
160.760
161.220
161.690
162.150	1
162.610
163.090
163.560
164.010	1
164.490
164.950
165.400
165.860	1
166.320
166.800
167.240
167.720	1
168.180
168.640
169.080
169.550	1
170.000
170.480
170.920
171.390	1
171.850
172.310
172.780
173.230	1
173.710
174.180
174.660
175.130	1
175.600
176.080
176.550
177.000	1
177.470
177.940
178.410
178.900	1
179.360
179.830
180.310
180.760	1
181.240
181.710
182.170
182.640	1
183.120
183.590
184.060
184.540	1
185.000
185.490
185.980
186.460	1
186.950
187.430
187.890
188.350	1
