0.570
1.500
2.450
3.380
4.400
5.460
6.370
7.350
8.370
9.370
10.480
11.460
12.480
13.480
14.460
15.340
16.220
17.130
18.110
19.110
20.100
21.000
21.950
22.910
23.870
24.790
25.770
26.730
27.730
28.690
29.670
30.690
31.650
32.680
33.640
34.630
35.630
36.550
37.540
38.500
39.460
40.430
41.410
42.370
43.340
44.260
45.170
46.070
46.980
47.940
48.820
49.760
50.710
51.620
52.570
53.490
54.410
55.340
56.260
57.160
58.060
58.930
59.820
60.720
61.610
62.530
63.440
64.370
65.270
66.150
67.040
67.900
68.820
69.750
70.630
71.570
72.500
73.420
74.330
75.190
76.100
77.010
77.920
78.840
79.760
80.690
81.530
82.450
83.340
84.240
85.160
86.090
87.020
87.930
88.820
89.740
90.680
91.600
92.540
93.410
94.320
95.220
96.150
97.100
98.030
98.930
99.810
100.770
101.690
102.600
103.500
104.390
105.290
106.180
107.100
107.960
108.850
109.710
110.580
111.500
112.420
113.330
114.220
115.170
116.060
117.010
117.890
118.770
119.640
120.490
121.430
122.360
123.340
124.300
125.180
126.070
126.980
127.880
128.760
129.710
130.660
131.650
132.560
133.280
133.750
134.210
134.670
135.150
135.600
136.070
136.530
136.990
137.440
137.900
138.360
138.810
139.260
139.720
140.180
140.630
141.090
141.550
142.010
142.470
142.900
143.370
143.800
144.230
144.670
145.130
145.600
146.060
146.530
146.980
147.440
147.890
148.340
148.800
149.240
149.690
150.160
150.610
151.060
151.510
151.960
152.410
152.850
153.320
153.770
154.210
154.660
155.110
155.530
155.990
156.430
156.890
157.350
157.800
158.260
158.700
159.150
159.600
160.040
160.490
160.940
161.390
161.840
162.280
162.720
163.160
163.610
164.070
164.520
164.990
165.450
165.910
166.360
166.820
167.270
167.730
168.180
168.640
169.090
169.540
169.970
170.430
170.880
171.320
171.780
172.210
172.640
173.080
173.550
173.990
174.450
174.920
175.380
175.840
176.290
176.740
177.180
177.640
178.100
178.570
179.020
179.470
179.910
180.380
180.830
181.270
181.710
182.150
182.600
183.050
183.500
183.940
184.390
184.840
185.310
185.760
186.200
186.640
187.090
187.530
187.980
188.410
188.850
189.300
189.740
190.170
190.620
191.050
191.490
191.930
192.370
192.800
193.250
193.680
194.110
194.550
194.990
195.430
195.870
196.320
196.750
197.200
197.630
198.100
198.540
198.970
199.400
199.840
200.280
200.730
201.170
201.610
202.040
202.480
202.890
203.340
203.750
204.200
204.620
205.070
205.500
205.950
206.380
206.810
207.260
207.690
208.140
208.590
209.030
209.470
209.900
210.340
210.790
211.230
211.660
212.090
212.530
212.950
213.380
213.830
214.240
214.690
215.140
215.560
215.990
216.410
216.840
217.270
217.700
218.150
218.570
219.010
219.450
219.880
220.330
220.790
221.220
221.660
222.110
222.540
222.980
223.430
223.870
224.310
224.740
225.190
225.660
226.110
226.560
227.010
227.470
227.920
228.370
228.830
229.290
229.740
230.200
230.650
231.110
231.560
232.020
232.460
232.890
233.330
233.770
234.220
234.670
235.110
235.540
235.970
236.420
236.850
237.310
237.730
238.170
238.610
239.070
239.510
239.940
240.410
240.840
241.300
241.750
242.210
242.650
243.080
243.530
243.950
244.390
244.840
245.290
245.740
246.190
246.650
247.080
247.530
247.980
248.440
248.900
249.330
249.800
250.260
250.720
251.170
251.620
252.060
252.500
252.950
253.390
253.840
254.280
254.700
255.120
255.560
256.010
256.470
256.930
257.390
257.850
258.310
258.790
259.260
259.710
260.170
260.600
261.030
261.470
261.930
262.370
262.800
263.230
263.680
264.130
264.560
265.000
265.440
265.860
266.300
266.750
267.180
267.620
268.080
268.520
268.960
269.400
269.830
270.280
270.700
271.140
271.630
272.100
272.600
273.080
273.560
274.030
274.520
274.970
275.410
275.870
276.300
276.720
277.150
277.580
278.040
278.520
278.970
279.410
279.870
280.320
280.740
281.200
281.650
282.100
282.560
282.990
283.440
283.870
284.300
284.750
285.170
285.610
286.020
286.450
286.890
287.310
287.760
288.170
288.610
289.050
289.480
289.890
290.320
290.770
291.190
291.630
292.040
292.490
292.900
293.350
293.780
294.210
294.630
295.030
295.450
295.880
296.290
296.680
297.110
297.510
297.930
298.330
298.710
299.130
299.530
299.960
300.370
300.790
301.220
301.650
302.110
302.550
302.980
303.440
303.880
304.330
304.770
305.220
305.680
306.160
306.600
307.070
307.530
308.000
308.420
308.860
309.270
309.710
310.160
310.580
311.040
311.460
311.910
312.340
312.750
313.160
313.580
314.050
314.500
314.940
315.380
315.840
316.260
316.710
317.160
317.580
318.030
318.470
318.900
319.340
319.800
320.240
320.660
321.120
321.530
321.960
322.410
322.820
323.270
323.750
324.190
324.650
325.130
325.580
326.050
326.510
326.970
327.430
327.870
328.340
328.810
329.250
329.720
330.190
330.630
331.150
331.640
332.170
332.650
333.170
333.700
334.200
334.700
335.160
335.640
336.110
336.570
337.040
337.510
337.990
338.470
338.940
339.430
339.890
340.370
340.850
341.350
341.810
342.290
342.790
343.250
343.750
344.220
344.690
345.180
345.670
346.150
346.610
347.090
347.590
348.050
348.550
349.010
349.510
349.970
350.470
350.950
351.430
351.890
352.370
352.870
353.350
353.810
354.290
354.770
355.250
355.750
356.210
356.700
357.170
357.650
358.140
358.630
359.110
359.570
360.070
360.540
361.010
361.490
361.970
362.470
362.960
363.430
363.930
364.400
364.890
365.370
365.850
366.320
366.810
367.290
367.770
368.250
368.720
369.210
369.690
370.150
370.630
371.110
371.610
372.070
372.560
373.050
373.510
373.990
374.490
