0.450
1.360
2.230
3.180
4.080
5.090
6.030
7.050
8.070
9.170
10.250
11.310
12.430
13.530
14.580
15.690
16.740
17.850
18.850
19.510
20.180
20.750
21.370
21.950
22.570
23.160
23.800
24.350
24.870
25.440
26.000
26.530
27.100
27.650
28.170
28.740
29.300
29.840
30.370
30.900
31.460
31.970
32.530
33.150
33.730
34.350
34.960
35.540
36.100
36.640
37.160
37.720
38.260
38.800
39.320
39.890
40.400
40.970
41.500
42.050
42.560
43.120
43.640
44.180
44.740
45.280
45.790
46.360
46.860
47.420
47.940
48.470
49.000
49.530
50.050
50.610
51.120
51.680
52.220
52.770
53.280
53.820
54.350
54.890
55.400
55.950
56.460
57.010
57.530
58.050
58.570
59.110
59.610
60.140
60.670
61.220
61.740
62.290
62.810
63.330
63.840
64.390
64.920
65.430
65.960
66.480
67.020
67.570
68.080
68.620
69.150
69.660
70.190
70.710
71.220
71.750
72.300
72.850
73.400
73.920
74.460
75.000
75.510
76.030
76.560
77.070
77.590
78.080
78.560
79.060
79.560
80.080
80.560
81.060
81.590
82.090
82.590
83.080
83.570
84.070
84.560
85.080
85.560
86.050
86.550
87.060
87.560
88.060
88.540
89.040
89.560
90.030
90.550
91.060
91.540
92.040
92.510
92.990
93.480
93.980
94.490
94.970
95.440
95.950
96.460
96.970
97.470
97.960
98.450
98.970
99.450
99.960
100.440
100.930
101.430
101.930
102.410
102.890
103.380
103.870
104.360
104.870
105.360
105.880
106.350
106.840
107.330
107.850
108.340
108.830
109.320
109.790
110.280
110.780
111.250
111.760
112.250
112.750
113.260
113.760
114.240
114.730
115.210
115.720
116.190
116.680
117.170
117.660
118.150
118.630
119.120
119.620
120.090
120.590
121.070
121.560
122.050
122.540
123.020
123.520
124.000
124.510
125.000
125.510
125.980
126.480
126.960
127.470
127.960
128.460
128.940
129.430
129.920
130.420
130.910
131.400
131.870
132.360
132.850
133.340
133.830
134.330
134.810
135.290
135.780
136.270
136.780
137.270
137.760
138.260
138.740
139.240
139.720
140.220
140.700
141.190
141.680
142.170
142.640
143.150
143.620
144.110
144.580
145.060
145.550
146.060
146.580
147.060
147.560
148.030
148.500
148.990
149.480
149.970
150.460
150.940
151.430
151.920
152.400
152.880
153.360
153.840
154.330
154.800
155.300
155.780
156.300
156.760
157.240
157.730
158.210
158.680
159.160
159.660
160.140
160.610
161.100
161.560
162.050
162.540
163.000
163.480
163.980
164.460
164.940
