0.000
0.860
1.700
2.460
3.240
3.940
4.680
5.420
6.180
6.930
7.630
8.290
8.990
9.700
10.410
11.120
11.850
12.500
13.150
13.780
14.440
15.080
15.700
16.330
16.970
17.660
18.330
18.980
19.670
20.330
20.980
21.610
22.240
22.900
23.600
24.230
24.910
25.580
26.240
26.900
27.520
28.210
28.880
29.530
30.200
30.900
31.550
32.210
32.880
33.560
34.260
34.970
35.620
36.310
37.020
37.690
38.390
39.040
39.730
40.420
41.060
41.770
42.430
43.090
43.790
44.490
45.130
45.710
46.310
46.910
47.550
48.180
48.800
49.400
50.050
50.740
51.460
52.160
52.820
53.440
54.050
54.680
55.340
56.060
56.740
57.410
58.090
58.820
59.470
60.200
60.890
61.550
62.240
62.880
63.500
64.130
64.770
65.440
66.080
66.710
67.410
68.040
68.760
69.410
70.140
70.910
71.630
72.310
72.980
73.660
74.290
74.930
75.570
76.240
76.850
77.520
78.130
78.800
79.420
80.070
80.720
81.410
82.060
82.690
83.390
84.010
84.680
85.280
85.930
86.540
87.170
87.820
88.410
89.050
89.620
90.240
90.820
91.430
92.050
92.630
93.180
93.790
94.370
94.920
95.520
96.160
96.760
97.400
98.060
98.730
99.410
100.050
100.700
101.370
102.000
102.670
103.310
103.960
104.580
105.250
105.880
106.480
107.110
107.770
108.370
109.030
109.660
110.270
110.900
111.520
112.190
112.800
113.480
114.150
114.760
115.350
115.940
116.530
117.160
117.760
118.370
118.980
119.650
120.280
120.900
121.540
122.180
122.850
123.450
124.080
124.720
125.340
125.980
126.610
127.260
127.840
128.450
129.060
129.700
130.290
130.880
131.470
131.990
132.540
133.100
133.670
134.270
134.750
135.270
135.740
136.250
136.800
137.360
137.870
138.440
138.950
139.490
140.050
140.570
141.150
141.680
142.230
142.820
143.420
143.980
144.600
145.210
145.850
146.450
147.080
147.750
148.390
148.950
149.510
150.070
150.620
151.200
151.750
152.310
152.810
153.360
153.860
154.390
154.910
155.550
156.190
156.860
157.490
158.140
158.750
159.390
160.030
160.700
161.240
161.790
162.370
162.920
163.470
164.060
164.550
165.070
165.590
166.140
166.660
167.150
167.670
168.210
168.760
169.310
169.840
170.400
170.930
171.510
172.100
172.660
173.250
173.830
174.450
175.030
175.630
176.250
176.840
177.430
178.060
178.690
179.310
179.960
180.680
181.470
182.230
183.000
183.780
184.510
185.280
186.090
186.840
187.610
188.370
189.160
189.900
190.530
191.200
191.860
192.500
193.100
193.720
194.330
194.970
195.590
196.250
196.860
197.480
198.140
198.750
199.370
200.020
200.630
201.200
201.770
202.340
202.920
203.530
204.080
204.730
205.370
205.970
206.600
207.260
207.820
208.420
208.990
209.570
210.150
210.760
211.350
211.920
212.510
213.100
213.710
214.330
214.960
215.560
216.110
216.620
217.140
217.690
218.190
218.780
219.390
219.970
220.550
221.140
221.750
222.340
222.900
223.500
224.120
224.710
225.310
225.940
226.570
227.200
227.770
228.330
228.890
229.460
230.100
230.730
231.390
232.020
232.690
233.360
234.040
234.660
235.320
236.030
236.720
237.410
238.070
238.660
239.270
239.900
240.520
241.130
241.780
242.410
243.050
243.650
244.290
244.950
245.570
246.190
246.840
247.470
248.110
248.700
249.340
249.980
250.620
251.230
251.820
252.430
253.050
253.660
254.290
254.870
255.500
256.130
256.790
257.430
258.030
258.650
259.300
259.890
260.530
261.150
261.810
262.440
263.040
263.690
264.300
264.960
265.600
266.260
267.060
267.920
268.750
269.640
270.490
271.270
272.070
272.900
273.740
274.510
275.330
276.120
276.940
277.770
278.540
279.350
280.160
280.950
281.780
282.580
283.450
284.270
285.110
285.920
286.800
287.640
288.490
289.410
290.280
291.080
291.910
292.710
293.540
294.430
295.240
296.090
296.870
297.720
298.520
299.260
299.940
300.670
301.360
302.060
302.690
303.320
304.000
304.660
305.280
305.940
306.570
307.230
307.870
308.550
309.140
309.760
310.370
310.990
311.620
312.200
312.830
313.400
313.950
314.480
315.030
315.620
316.230
316.870
317.480
318.130
318.790
319.450
320.020
320.630
321.190
321.780
322.400
322.960
323.560
324.250
324.940
325.570
326.250
326.880
327.550
328.260
328.900
329.540
330.240
330.860
331.470
332.110
332.700
333.310
333.950
334.540
335.140
335.780
336.380
336.970
337.580
338.200
338.850
339.450
340.070
340.650
341.260
341.870
342.490
343.120
343.710
344.340
344.940
345.540
346.140
346.770
347.360
347.990
348.640
349.270
349.900
350.510
351.180
351.800
352.450
353.150
353.810
354.460
355.090
355.750
356.460
357.210
357.900
358.660
359.340
360.110
360.910
361.710
362.520
363.300
364.040
364.860
365.600
366.420
367.160
367.970
368.720
369.530
370.360
371.160
372.000
372.770
373.560
374.400
375.170
376.000
376.790
377.600
378.360
379.200
379.980
380.760
381.560
382.390
383.160
384.050
384.960
385.820
386.690
387.550
388.460
389.380
390.240
391.160
392.010
392.930
393.810
394.710
395.720
396.630
397.640
398.590
399.510
400.500
401.480
402.390
403.390
404.310
