0.360
0.720
1.120
1.480
1.870
2.240
2.620
3.030
3.430
3.840
4.220
4.630
5.000
5.390
5.790
6.200
6.590
7.000
7.380
7.790
8.180
8.560
8.950
9.340
9.730
10.140
10.510
10.920
11.300
11.690
12.100
12.500
12.910
13.310
13.700
14.100
14.500
14.890
15.250
15.640
16.050
16.450
16.830
17.240
17.630
18.050
18.440
18.850
19.250
19.630
20.030
20.430
20.850
21.240
21.630
22.040
22.450
22.850
23.240
23.650
24.050
24.440
24.830
25.230
25.640
26.050
26.440
26.830
27.240
27.640
28.020
28.410
28.820
29.230
29.620
30.030
30.420
30.820
31.210
31.620
32.020
32.410
32.800
33.180
33.560
33.960
34.340
34.730
35.130
35.510
35.890
36.280
36.670
37.060
37.450
37.830
38.230
38.600
38.980
39.370
39.750
40.130
40.520
40.920
41.300
41.700
42.080
42.470
42.870
43.260
43.650
44.030
44.400
44.800
45.200
45.590
45.980
46.370
46.740
47.130
47.520
47.920
48.310
48.690
49.090
49.500
49.900
50.270
50.660
51.060
51.460
51.850
52.240
52.620
53.000
53.390
53.800
54.180
54.560
54.970
55.340
55.750
56.140
56.510
56.890
57.260
57.660
58.060
58.450
58.840
59.210
59.600
59.990
60.370
60.750
61.130
61.510
61.880
62.280
62.680
63.060
63.440
63.820
64.210
64.570
64.970
65.350
65.730
66.130
66.510
66.910
67.280
67.670
68.040
68.420
68.800
69.190
69.580
69.960
70.330
70.730
71.100
71.470
71.870
72.290
72.680
73.060
73.460
73.860
74.240
74.630
75.040
75.440
75.840
76.230
76.640
77.020
77.410
77.790
78.180
78.580
78.980
79.370
79.750
80.160
80.570
80.970
81.360
81.750
82.140
82.540
82.930
83.320
83.720
84.090
84.490
84.890
85.270
85.640
86.030
86.410
86.800
87.200
87.590
87.990
88.360
88.770
89.160
89.560
89.950
90.350
90.760
91.150
91.550
91.930
92.340
92.750
93.130
93.530
93.930
94.330
94.700
95.090
95.480
95.850
96.250
96.630
97.030
97.430
97.840
98.220
98.620
99.000
99.390
99.790
100.180
100.570
100.970
101.370
101.770
102.180
102.570
102.960
103.360
103.780
104.190
104.590
104.990
105.390
105.790
106.200
106.590
106.990
107.400
107.800
108.200
108.600
109.000
109.390
109.780
110.190
110.590
111.000
111.380
111.770
112.180
112.570
112.970
113.360
113.760
114.160
114.550
114.930
115.310
115.710
116.110
116.510
116.920
117.310
117.700
118.110
118.520
118.920
119.310
119.700
120.100
120.500
120.910
121.310
121.690
122.090
122.500
122.900
123.300
123.690
124.060
124.430
124.830
125.220
125.630
126.060
126.460
126.870
127.260
127.660
128.070
128.460
128.870
129.280
129.680
130.090
130.500
130.920
131.320
131.720
132.130
132.530
132.930
133.310
133.710
134.120
134.530
134.920
135.330
135.720
136.130
136.520
136.920
137.330
137.730
138.120
138.530
138.930
139.320
139.710
140.100
140.500
140.900
141.280
141.680
142.090
142.480
142.870
143.270
143.670
144.080
144.460
144.860
145.260
145.670
146.080
146.480
146.870
147.280
147.660
148.060
148.470
148.860
149.270
149.670
150.090
150.490
150.880
151.280
151.690
152.090
152.490
152.900
153.300
153.710
154.100
154.510
154.930
155.340
155.730
156.140
156.550
156.950
157.360
157.750
158.160
158.580
158.980
159.360
159.760
160.180
160.570
160.970
161.380
161.770
162.170
162.580
162.980
163.380
163.770
164.190
164.590
165.010
165.390
165.790
166.190
166.590
166.960
167.360
167.770
168.170
168.560
168.960
169.360
169.770
170.170
170.560
170.960
171.360
171.770
172.160
172.560
172.950
173.350
173.750
174.160
174.560
174.970
175.350
175.760
176.160
176.580
176.970
177.390
177.790
178.200
178.600
179.000
179.410
179.810
180.220
180.630
181.050
181.430
181.830
182.250
182.650
183.050
183.450
183.850
184.260
184.670
185.060
185.470
185.870
186.270
186.660
187.080
187.480
187.850
188.250
188.650
189.060
189.450
189.840
190.230
190.630
191.000
191.410
191.810
192.210
192.600
192.990
193.400
193.810
194.200
194.600
195.020
195.420
195.820
196.220
196.630
197.040
197.450
197.850
198.260
198.660
199.060
199.460
199.860
200.270
200.680
201.080
201.490
201.890
202.300
202.710
203.110
203.510
203.920
204.320
204.750
205.140
205.540
205.950
206.350
206.760
207.170
207.570
207.980
208.390
208.790
209.190
209.600
210.010
210.410
210.830
211.230
211.630
212.030
212.440
212.850
213.260
213.670
214.080
214.480
214.880
215.290
215.690
216.100
216.510
216.920
217.300
217.720
218.120
218.500
218.910
219.320
219.730
220.130
220.530
220.960
221.360
221.770
222.170
222.580
223.000
223.400
223.800
224.210
224.590
225.010
225.420
225.840
226.240
226.630
227.040
227.450
227.850
228.240
228.650
229.070
229.480
229.880
230.290
230.700
231.100
231.490
231.910
232.310
232.730
233.150
233.560
233.960
234.370
234.780
235.190
235.600
236.010
236.420
236.840
237.250
237.660
238.060
238.470
238.890
239.310
239.700
240.100
240.510
240.920
241.340
241.740
242.130
242.540
242.930
243.330
243.740
244.120
244.540
244.940
245.350
245.760
246.170
246.590
247.000
247.410
247.790
248.200
248.620
249.010
249.430
249.830
250.240
250.650
251.050
251.450
251.860
252.260
252.670
253.070
253.480
253.890
254.290
254.700
255.110
255.530
255.940
256.340
256.760
257.170
257.580
257.980
258.400
258.810
259.220
259.640
260.060
260.470
260.880
261.300
261.710
262.120
262.530
262.940
263.350
263.750
264.160
264.560
264.980
265.400
265.800
266.210
266.610
267.030
267.420
267.830
268.240
268.650
269.070
269.470
269.870
270.270
270.660
271.060
271.480
271.890
272.300
272.710
273.130
273.530
273.940
274.350
274.770
275.180
275.590
276.000
276.400
276.810
277.210
277.620
278.030
278.440
278.840
279.260
279.680
280.090
280.510
280.920
281.340
281.750
282.170
282.590
283.010
283.430
283.830
284.230
284.650
285.060
285.470
285.890
286.300
286.710
287.110
287.530
287.930
288.340
288.750
289.150
289.580
289.970
290.380
290.780
291.190
291.600
291.990
292.400
292.800
293.190
293.590
294.000
294.400
294.790
295.190
295.590
295.980
296.380
296.780
297.190
297.600
298.000
298.400
298.790
299.210
299.610
300.010
300.420
300.820
301.220
301.620
302.020
302.430
302.840
303.240
303.650
304.050
304.460
304.850
305.240
305.670
306.060
306.450
306.830
307.250
307.660
308.070
308.470
308.870
309.270
309.660
310.070
310.490
310.910
311.320
311.720
312.130
312.550
312.940
313.330
313.730
314.140
314.530
314.940
315.350
315.750
316.140
316.540
316.960
317.360
317.750
318.150
318.570
318.970
319.350
319.750
320.170
320.560
320.960
321.360
321.770
322.160
322.560
322.950
323.360
323.770
324.170
324.560
324.990
325.380
325.770
326.170
326.590
326.980
327.380
327.790
328.190
328.600
329.000
329.400
329.810
330.210
330.620
331.020
331.430
331.840
332.240
332.650
333.060
333.460
333.860
334.270
334.670
335.080
335.490
335.910
336.300
336.700
337.100
337.500
337.910
338.310
338.710
339.100
339.520
339.910
340.310
340.700
341.100
341.510
341.880
342.280
342.670
343.060
343.450
343.860
344.260
344.650
345.040
345.430
345.810
346.230
346.630
347.020
347.420
347.810
348.210
348.620
349.030
349.420
349.810
350.220
350.630
351.010
351.390
351.780
352.200
352.580
352.990
353.390
353.810
354.200
354.590
355.000
355.410
355.810
356.210
356.600
357.010
357.390
357.800
358.210
358.610
359.030
359.440
359.840
360.240
360.660
361.040
361.450
361.860
362.270
362.680
363.100
363.500
363.900
364.300
364.710
365.120
365.520
365.930
366.340
366.740
367.160
367.550
367.950
368.350
368.760
369.170
369.560
369.980
370.370
370.760
371.170
371.570
371.980
372.400
372.790
373.190
373.590
373.990
374.380
374.790
375.200
375.600
376.000
376.400
376.820
377.220
377.620
378.040
378.430
378.840
379.250
379.650
380.060
380.460
380.860
381.270
381.680
382.080
382.490
382.900
383.320
383.730
384.120
384.540
384.960
385.370
385.780
386.190
386.590
387.000
387.400
387.820
388.230
388.640
389.050
389.470
389.880
390.290
390.700
391.100
391.520
391.940
392.340
392.740
393.160
393.560
393.960
394.370
394.770
395.170
395.580
395.970
396.370
396.760
397.160
397.570
397.970
398.380
398.770
399.180
399.570
399.980
400.380
400.800
401.190
401.580
402.000
402.420
402.830
403.250
403.640
404.070
404.460
404.860
405.270
405.680
406.080
406.490
406.900
407.300
407.710
408.120
408.530
408.940
409.350
409.730
410.140
410.550
410.950
411.370
411.780
412.200
412.610
413.030
413.450
413.880
414.280
414.690
415.110
415.530
415.950
416.350
416.760
417.180
417.590
417.990
418.390
418.800
419.210
419.620
420.040
420.460
420.860
421.280
421.690
422.110
422.530
422.940
423.360
423.760
424.160
424.590
425.000
425.400
425.820
426.230
426.640
427.050
427.470
427.880
428.280
428.690
429.110
429.520
429.930
430.350
430.760
431.160
431.560
431.990
432.390
432.800
433.220
433.620
434.030
434.450
434.860
435.250
435.670
436.070
436.480
436.890
437.300
437.720
438.130
438.550
438.960
439.360
439.780
440.200
440.620
441.040
441.440
441.850
442.280
442.690
443.100
443.510
443.930
444.340
444.740
445.160
445.570
445.990
446.400
446.800
447.220
447.610
448.020
448.440
448.850
449.260
449.650
450.060
450.470
450.880
451.290
451.690
452.110
452.510
452.920
453.330
453.750
454.160
454.570
454.980
455.390
455.800
456.220
456.620
457.030
457.440
457.840
458.250
458.660
459.060
459.460
459.860
460.270
460.690
461.080
461.510
461.910
462.320
462.730
463.130
463.540
463.960
464.370
464.780
465.180
465.580
466.010
466.420
466.830
467.250
467.670
468.070
468.490
468.910
469.320
469.740
470.160
470.570
470.970
471.390
471.800
472.210
472.620
473.030
473.450
473.870
474.280
474.690
475.110
475.520
475.920
476.330
476.730
477.140
477.530
477.940
478.330
478.730
479.130
479.550
479.970
480.370
480.780
481.190
481.600
482.020
482.420
482.830
483.250
483.650
484.060
484.460
484.860
485.260
485.650
486.070
486.470
486.880
487.280
487.700
488.110
488.520
488.930
489.360
489.770
490.180
490.580
490.990
491.410
491.820
492.220
492.630
493.050
493.480
493.890
494.300
494.720
495.110
495.530
495.930
496.350
496.760
497.170
497.580
497.970
498.380
498.780
499.190
499.590
500.000
500.410
500.830
501.230
501.630
502.030
502.430
502.840
503.240
503.650
504.050
504.440
504.830
505.230
505.660
506.060
506.460
506.880
507.280
507.690
508.070
508.490
508.880
509.290
509.680
510.090
510.500
510.910
511.300
511.700
512.100
512.510
512.910
513.320
513.720
514.140
514.550
514.960
515.370
515.770
516.180
516.590
517.010
517.400
517.810
518.230
518.650
519.070
519.480
519.880
520.290
520.710
521.110
521.510
521.930
522.330
522.750
523.150
523.540
523.950
524.350
524.760
525.150
525.560
525.970
526.380
526.790
527.180
527.560
527.960
528.370
528.760
529.170
529.550
529.970
530.360
530.760
531.160
531.580
531.980
532.410
532.820
533.230
533.640
534.050
534.450
534.850
535.280
535.680
536.090
536.500
536.900
537.310
537.700
538.120
538.520
538.940
539.350
539.750
540.160
540.550
540.970
541.380
541.790
542.180
542.590
543.000
543.410
543.800
544.200
544.610
545.000
545.410
545.790
546.200
546.600
547.000
547.400
547.800
548.200
548.600
549.010
549.390
549.810
550.220
550.620
551.020
551.420
551.810
552.220
552.630
553.020
553.400
553.790
554.190
554.610
555.010
555.380
555.780
556.180
556.550
556.960
557.380
557.780
558.180
558.580
558.980
559.370
559.780
560.150
560.570
560.960
561.370
561.770
562.170
562.580
562.990
563.370
563.770
564.170
564.570
564.980
565.380
565.790
566.180
566.580
566.990
567.390
567.770
568.170
568.590
568.990
569.390
569.820
570.220
570.640
571.030
571.460
571.860
572.270
572.680
573.110
573.580
574.060
574.580
575.050
575.560
576.030
576.520
576.980
577.480
577.960
578.440
578.920
579.380
579.860
