0.210
0.720
1.220
1.740
2.240
2.780
3.300
3.800
4.350
4.870
5.410
5.940
6.480
6.990
7.530
8.080
8.600
9.160
9.670
10.220
10.770
11.290
11.850
12.400
12.960
13.510
14.060
14.570
15.040
15.550
16.120
16.710
17.290
17.840
18.400
18.980
19.530
20.110
20.660
21.190
21.760
22.350
22.910
23.490
24.040
24.620
25.200
25.760
26.320
26.890
27.460
28.030
28.600
29.170
29.720
30.290
30.840
31.410
31.980
32.550
33.100
33.680
34.260
34.840
35.400
35.970
36.560
37.130
37.710
38.290
38.860
39.430
40.000
40.580
41.150
41.710
42.280
42.850
43.410
43.980
44.550
45.110
45.700
46.290
46.850
47.420
47.980
48.560
49.140
49.710
50.280
50.860
51.420
51.970
52.580
53.150
53.750
54.330
54.910
55.490
56.090
56.660
57.230
57.810
58.400
58.980
59.550
60.140
60.720
61.290
61.860
62.440
63.030
63.620
64.180
64.770
65.350
65.940
66.490
67.050
67.650
68.230
68.810
69.370
69.950
70.540
71.130
71.700
72.270
72.830
73.400
73.980
74.570
75.140
75.710
76.300
76.860
77.430
78.010
78.600
79.180
79.770
80.330
80.910
81.480
82.090
82.630
83.210
83.800
84.360
84.930
85.510
86.090
86.660
87.240
87.810
88.410
88.960
89.510
90.080
90.640
91.180
91.780
92.350
92.920
93.500
94.080
94.670
95.230
95.790
96.360
96.960
97.520
98.120
98.700
99.280
99.860
100.440
101.010
101.580
102.170
102.760
103.310
103.880
104.460
105.040
105.620
106.210
106.780
107.360
107.950
108.530
109.090
109.660
110.260
110.840
111.410
112.000
112.560
113.150
113.720
114.290
114.880
115.480
116.050
116.630
117.210
117.780
118.350
118.940
119.520
120.110
120.690
121.280
121.850
122.420
123.000
123.600
124.170
124.750
125.320
125.920
126.470
127.060
127.640
128.180
128.500
128.810
129.090
129.380
129.670
129.970
130.260
130.550
130.840
131.130
131.410
131.720
132.010
132.300
132.590
132.890
133.170
133.460
133.760
134.050
134.340
134.620
134.920
135.210
135.500
135.790
136.080
136.370
136.670
136.970
137.260
137.560
137.860
138.150
138.440
138.740
139.030
139.320
139.620
139.930
140.210
140.500
140.790
141.080
141.370
141.670
141.950
142.250
142.540
142.830
143.120
143.410
143.700
143.980
144.280
144.570
144.860
145.150
145.440
145.720
146.010
146.300
146.590
146.880
147.170
147.460
147.750
148.050
148.340
148.640
148.930
149.220
149.510
149.800
150.080
150.380
150.660
150.960
151.250
151.540
151.820
152.110
152.400
152.690
152.980
153.270
153.560
153.860
154.130
154.420
154.690
154.990
155.280
155.570
155.850
156.140
156.430
156.720
157.010
157.310
157.600
157.880
158.180
158.470
158.760
159.050
159.350
159.640
159.940
160.240
160.530
160.820
161.110
161.410
161.690
161.990
162.270
162.560
162.860
163.150
163.440
163.730
164.020
164.310
164.600
164.890
165.180
165.480
165.770
166.070
166.370
166.660
166.950
167.250
167.530
167.820
168.110
168.400
168.690
168.980
169.280
169.570
169.860
170.150
170.440
170.730
171.020
171.330
171.610
171.910
172.200
172.490
172.780
173.070
173.360
173.650
173.940
174.220
174.510
174.800
175.090
175.390
175.680
175.980
176.270
176.570
176.860
177.150
177.440
177.730
178.020
178.310
178.600
178.890
179.190
179.490
179.770
180.060
180.360
180.650
180.940
181.230
181.520
181.810
182.090
182.370
182.650
182.940
183.210
183.490
183.770
184.050
184.330
184.620
184.900
185.200
185.490
185.790
186.080
186.380
186.670
186.960
187.250
187.540
187.830
188.120
188.420
188.710
189.000
189.290
189.580
189.870
190.160
190.450
190.730
191.020
191.320
191.610
191.900
192.190
192.480
192.760
193.050
193.340
193.630
193.930
194.210
194.500
194.770
195.060
195.350
195.630
195.920
196.220
196.510
196.800
197.080
197.380
197.660
197.940
198.220
198.500
198.770
199.050
199.330
199.620
199.900
200.190
200.470
200.770
201.060
201.350
201.630
201.920
202.210
202.500
202.800
203.090
203.380
203.680
203.970
204.270
204.570
204.870
205.160
205.460
205.750
206.040
206.330
206.620
206.910
207.190
207.480
207.770
208.060
208.350
208.650
208.930
209.220
209.510
209.800
210.090
210.390
210.680
210.970
211.260
211.550
211.850
212.150
212.440
212.730
213.020
213.310
213.610
213.900
214.190
214.480
214.780
215.080
215.370
215.670
215.960
216.250
216.540
216.830
217.120
217.410
217.710
217.990
218.280
218.580
218.870
219.160
219.450
219.730
220.030
220.320
220.610
220.890
221.180
221.480
221.770
222.050
222.350
222.640
222.940
223.240
223.530
223.820
224.120
224.410
224.700
224.980
225.280
225.570
225.860
226.140
226.440
226.730
227.010
227.300
227.600
227.890
228.180
228.470
228.760
229.050
229.340
229.630
229.920
230.210
230.490
230.780
231.080
231.370
231.670
231.960
232.260
232.570
232.850
233.140
233.440
233.730
234.020
234.310
234.600
234.890
235.180
235.470
235.750
236.050
236.330
236.620
236.910
237.200
237.500
237.780
238.080
238.370
238.660
238.950
239.240
239.520
239.820
240.110
240.400
240.690
240.980
241.280
241.570
241.880
242.160
242.450
242.750
243.030
243.330
243.620
243.910
244.200
244.490
244.770
245.060
245.350
245.650
245.930
246.220
246.510
246.810
247.090
247.380
247.670
247.960
248.250
248.540
248.830
249.110
249.390
249.680
249.960
250.250
250.540
250.830
251.120
251.410
251.690
251.990
252.270
252.570
252.850
253.150
253.430
253.720
254.010
254.300
254.590
254.880
255.170
255.470
255.760
256.050
256.340
256.630
256.910
257.200
257.480
257.750
258.040
258.320
258.610
258.910
259.190
259.490
259.770
260.060
260.360
260.650
260.930
261.220
261.510
261.800
262.090
262.380
262.670
262.950
263.230
263.520
263.810
264.100
264.380
264.670
264.960
265.260
265.530
265.810
266.100
266.380
266.660
266.940
267.230
267.520
267.810
268.100
268.390
268.680
268.960
269.260
269.540
269.830
270.120
270.410
270.700
270.990
271.260
271.550
271.820
272.120
272.410
272.700
272.980
273.270
273.560
273.850
274.140
274.420
274.700
274.990
275.270
275.560
275.850
276.140
276.420
276.720
277.000
277.290
277.580
277.870
278.160
278.460
278.750
279.040
279.330
279.610
279.900
280.190
280.490
280.780
281.070
281.360
281.640
281.930
282.220
282.510
282.800
283.090
283.380
283.670
283.960
284.240
284.530
284.830
285.120
285.400
285.700
285.980
286.270
286.560
286.840
287.130
287.410
287.700
287.990
288.270
288.570
288.860
289.140
289.440
289.720
290.010
290.300
290.590
290.880
291.170
291.460
291.750
292.030
292.320
292.600
292.890
293.180
293.460
293.750
294.050
294.330
294.610
294.890
295.180
295.470
295.760
296.050
296.340
296.630
296.930
297.220
297.510
297.800
298.080
298.370
298.680
298.970
299.260
299.550
299.850
300.130
300.420
300.710
301.010
301.290
301.590
301.880
302.170
302.450
302.750
303.040
303.320
303.610
303.900
304.190
304.490
304.770
305.060
305.350
305.640
305.930
306.220
306.510
306.810
307.100
307.390
307.670
307.970
308.250
308.540
308.830
309.130
309.420
309.710
310.000
310.290
310.580
310.870
311.160
311.450
311.730
312.020
312.310
312.610
312.900
313.180
313.480
313.760
314.060
314.360
314.650
314.940
315.240
315.530
315.820
316.100
316.400
316.690
316.970
317.260
317.550
317.850
318.130
318.430
318.710
319.000
319.290
319.580
319.870
320.170
320.450
320.750
321.030
321.340
321.620
321.920
322.210
322.500
322.790
323.080
323.370
323.660
323.950
324.240
324.530
324.820
325.100
325.400
325.680
326.080
326.560
327.160
327.740
328.330
328.920
329.500
330.070
330.650
331.220
331.800
332.380
332.960
333.530
334.110
334.690
335.280
335.860
336.450
337.040
337.610
338.200
338.770
339.360
339.940
340.520
341.100
341.700
342.280
342.860
343.440
344.040
344.600
345.180
345.730
346.310
346.900
347.480
348.060
348.620
349.190
349.780
350.350
350.900
351.490
352.090
352.660
353.220
353.810
354.350
354.880
355.450
355.980
356.490
357.030
357.560
358.110
358.640
359.120
359.630
360.110
360.630
361.120
361.610
362.100
362.600
363.080
363.550
364.040
364.530
365.060
365.550
366.050
366.560
367.050
367.540
368.070
368.590
369.160
369.710
370.280
370.820
371.390
371.920
372.470
373.020
373.590
374.130
374.610
375.090
375.570
376.050
376.510
376.990
377.470
377.960
378.450
378.910
379.390
379.870
380.360
380.850
381.330
381.790
382.290
382.770
383.230
383.730
384.190
384.670
385.150
385.630
386.130
