0.050
0.730
1.430
2.090
2.750
3.430
4.150
4.800
5.500
6.150
6.820
7.490
8.140
8.800
9.470
10.120
10.780
11.430
12.090
12.760
13.420
14.100
14.780
15.450
16.100
16.760
17.450
18.120
18.800
19.480
20.180
20.850
21.530
22.200
22.900
23.570
24.230
24.910
25.600
26.290
26.970
27.650
28.330
29.000
29.670
30.360
31.070
31.740
32.420
33.090
33.790
34.460
35.130
35.820
36.510
37.190
37.870
38.560
39.250
39.920
40.610
41.300
41.990
42.660
43.340
44.030
44.720
45.390
46.080
46.770
47.460
48.140
48.820
49.510
50.200
50.880
51.550
52.250
52.930
53.610
54.300
55.010
55.700
56.390
57.090
57.800
58.490
59.200
59.880
60.580
61.290
61.970
62.640
63.360
64.050
64.740
65.450
66.150
66.840
67.530
68.210
68.910
69.600
70.300
70.990
71.680
72.380
73.070
73.760
74.450
75.150
75.830
76.520
77.220
77.930
78.620
79.310
80.020
80.720
81.410
82.110
82.800
83.500
84.190
84.880
85.580
86.270
86.970
87.660
88.350
89.050
89.750
90.450
91.150
91.850
92.550
93.250
93.960
94.650
95.320
96.020
96.710
97.390
98.070
98.750
99.450
100.140
100.820
101.490
102.180
102.870
103.560
104.270
104.960
105.660
106.350
107.030
107.730
108.410
109.110
109.810
110.500
111.160
111.860
112.550
113.220
113.910
114.600
115.280
115.970
116.650
117.340
118.040
118.710
119.420
120.100
120.780
121.480
122.170
122.860
123.540
124.250
124.920
125.610
126.280
126.990
127.690
128.380
129.080
129.780
130.480
131.150
131.850
132.550
133.250
133.960
134.660
135.360
136.040
136.730
137.420
138.100
138.800
139.500
140.180
140.870
141.560
142.240
142.920
143.630
144.340
145.050
145.740
146.460
147.160
147.870
148.580
149.290
149.990
150.680
151.400
152.110
152.800
153.510
154.210
154.940
155.610
156.270
156.970
157.630
158.320
159.010
159.690
160.380
161.070
161.750
162.430
163.120
163.800
164.490
165.180
165.890
166.570
167.290
167.990
168.710
169.420
170.120
170.810
171.540
172.260
172.940
173.630
174.370
175.060
175.750
176.460
177.160
177.870
178.540
179.220
179.910
180.610
181.280
181.960
182.660
183.330
184.000
184.680
185.390
186.070
186.750
187.430
188.130
188.800
189.460
190.120
190.820
191.500
192.190
192.860
193.510
194.150
194.870
195.540
196.210
196.910
197.580
198.260
198.920
199.600
200.240
200.940
201.610
202.270
202.950
203.630
204.300
204.970
205.640
206.310
206.970
207.650
208.330
209.010
209.660
210.350
211.020
211.700
212.410
213.130
213.820
214.520
215.240
215.930
216.620
217.320
218.030
218.730
219.430
220.130
220.840
221.540
222.240
222.940
223.660
224.360
225.040
225.750
226.440
227.150
227.850
228.560
229.260
229.950
230.660
231.350
232.050
232.760
233.460
234.160
234.860
235.560
236.270
236.970
237.670
238.380
239.090
239.790
240.510
241.210
241.910
242.610
243.330
244.040
244.750
245.460
246.170
246.870
247.610
248.310
249.040
249.750
250.460
251.170
251.900
252.630
253.360
254.050
254.780
255.500
256.210
256.910
257.620
258.340
259.030
259.740
260.460
261.200
261.890
262.630
263.380
264.080
264.750
265.460
266.190
266.930
267.650
268.380
269.100
269.840
270.560
271.280
272.020
272.760
273.480
274.200
274.950
275.730
276.470
277.230
277.920
278.630
279.300
280.040
280.700
281.440
282.160
282.840
283.540
284.270
285.010
285.760
286.490
287.250
288.040
288.800
289.550
290.290
291.080
291.820
292.600
293.320
294.100
294.870
295.630
296.370
297.130
297.890
