0.570
1.270
1.940
2.610
3.310
4.000
4.720
5.410
6.140
6.830
7.540
8.190
8.910
9.640
10.440
11.200
11.920
12.650
13.400
14.140
14.850
15.600
16.280
17.010
17.760
18.470
19.240
19.970
20.670
21.390
22.110
22.850
23.590
24.330
25.010
25.730
26.440
27.150
27.820
28.560
29.240
29.970
30.660
31.400
32.130
32.820
33.520
34.280
35.000
35.720
36.400
37.130
37.860
38.580
39.300
39.990
40.720
41.400
42.120
42.800
43.520
44.220
44.890
45.570
46.270
46.990
47.680
48.350
49.040
49.760
50.470
51.180
51.860
52.590
53.280
53.950
54.680
55.350
56.080
56.760
57.480
58.220
58.930
59.640
60.370
61.060
61.790
62.480
63.190
63.890
64.580
65.280
65.970
66.650
67.330
68.020
68.710
69.430
70.110
70.790
71.520
72.190
72.870
73.580
74.310
75.010
75.710
76.390
77.110
77.830
78.530
79.240
79.950
80.650
81.340
82.050
82.730
83.410
84.120
84.830
85.520
86.210
86.940
87.620
88.300
89.000
89.700
90.390
91.110
91.840
92.550
93.240
93.940
94.620
95.300
95.980
96.710
97.390
98.080
98.750
99.480
100.160
100.860
101.530
102.270
102.970
103.680
104.380
105.090
105.780
106.500
107.190
107.920
108.610
109.270
110.000
110.690
111.370
112.080
112.790
113.490
114.220
114.910
115.610
116.290
116.990
117.700
118.390
119.130
119.850
120.540
121.210
121.930
122.640
123.330
124.040
124.760
125.480
126.170
126.820
127.530
128.200
128.920
129.620
130.320
131.010
131.720
132.440
133.120
133.810
134.510
135.220
135.920
136.630
137.370
138.060
138.730
139.420
140.110
140.810
141.520
142.200
142.860
143.560
144.290
144.970
145.670
146.330
147.040
147.730
148.420
149.130
149.800
150.500
151.200
151.880
152.600
153.320
153.990
154.700
155.380
156.080
156.780
157.480
158.150
158.840
159.570
160.250
160.950
161.680
162.380
163.060
163.800
164.490
165.200
165.960
166.670
167.380
168.090
168.790
169.500
170.200
170.920
171.600
172.310
173.020
173.740
174.450
175.170
175.870
176.580
177.270
177.980
178.680
179.370
180.090
180.800
181.490
182.210
182.890
183.610
184.330
185.040
185.730
186.450
187.120
187.870
188.540
189.280
189.990
190.710
191.440
192.170
192.870
193.600
194.280
195.010
195.700
196.400
197.130
197.850
198.550
199.280
199.980
200.680
201.390
202.060
202.790
203.500
204.250
204.960
205.650
206.380
207.080
207.790
208.490
209.200
209.920
210.610
211.350
212.050
212.750
213.450
214.170
214.900
215.580
216.340
217.110
217.800
218.510
219.210
219.900
220.630
221.340
222.050
222.740
223.430
224.130
224.810
225.530
226.230
226.910
227.590
228.260
228.960
229.660
230.360
231.050
231.780
232.450
233.160
233.830
234.550
235.250
235.910
236.590
237.300
238.000
238.680
239.370
240.060
240.750
241.450
242.140
242.830
243.510
244.230
244.910
245.600
246.300
247.000
247.690
248.420
249.110
249.830
250.510
251.220
251.940
252.640
253.360
254.050
254.790
255.480
256.180
256.940
257.660
258.330
259.030
259.750
260.480
261.180
261.890
262.610
263.370
264.070
264.740
265.450
266.150
266.850
267.550
268.280
268.970
269.690
270.410
271.130
271.860
272.590
273.320
274.040
274.760
275.450
276.120
276.830
277.540
278.260
278.990
279.710
280.420
281.120
281.820
282.560
283.270
284.000
284.710
285.390
286.090
286.790
287.490
288.190
288.900
289.570
290.280
290.960
291.650
292.350
293.060
293.760
294.440
295.180
295.890
296.620
297.310
298.040
298.760
299.500
300.230
300.920
301.650
302.340
303.060
303.760
304.460
305.170
305.880
306.580
307.290
307.990
308.700
309.390
310.080
310.780
311.490
312.190
312.850
313.560
314.270
314.950
315.610
316.340
317.050
317.760
318.460
319.160
319.830
320.560
321.220
321.920
322.610
323.270
323.960
324.660
325.320
326.030
326.690
327.360
328.060
328.760
329.410
330.100
330.760
331.480
332.180
332.860
333.520
334.220
334.950
335.650
336.350
337.010
337.700
338.380
339.070
339.770
340.450
341.170
341.870
342.550
343.250
343.920
344.640
345.330
346.060
346.740
347.430
348.150
348.810
349.520
350.230
350.890
351.600
352.260
352.970
353.640
354.330
355.010
355.700
356.370
357.050
357.740
358.460
359.130
359.820
360.560
361.240
361.940
362.600
363.340
364.000
364.710
365.440
366.110
366.810
367.540
368.210
368.920
369.590
370.270
370.920
371.630
372.340
373.050
373.740
374.430
375.150
375.860
376.570
377.250
377.960
378.650
379.360
380.050
380.730
381.430
382.170
382.870
383.590
384.240
384.920
385.630
386.330
387.020
387.720
388.390
389.080
389.820
390.500
391.190
391.890
392.570
393.270
393.980
394.700
395.390
396.090
396.790
397.480
398.170
398.900
399.570
400.260
400.950
401.640
402.340
403.040
403.740
404.440
405.100
405.810
406.470
407.200
407.830
408.510
409.190
409.880
410.560
411.280
411.970
412.660
413.340
414.020
414.710
415.400
416.060
416.760
417.440
418.120
418.800
419.480
420.180
420.830
421.540
422.230
422.920
423.620
424.310
425.000
425.710
426.380
427.090
427.780
428.450
429.160
429.850
430.550
431.240
431.910
432.630
433.320
434.000
434.690
435.380
436.090
436.740
437.420
438.120
438.860
439.560
440.260
440.960
441.690
442.390
443.080
443.810
444.500
445.210
445.890
446.600
447.270
447.980
448.650
449.380
450.100
450.830
451.510
452.220
452.940
453.630
454.310
455.050
455.730
456.420
457.130
457.850
458.520
459.220
459.890
460.600
461.290
461.980
462.650
463.310
463.980
464.660
465.340
466.010
466.750
467.460
468.180
468.870
469.510
470.180
470.820
471.500
472.210
472.920
473.600
474.300
474.950
475.650
476.320
477.000
477.700
478.400
479.080
479.760
480.450
481.180
481.860
482.560
483.240
483.960
484.680
485.350
486.030
486.730
487.420
488.100
488.790
489.480
490.180
490.800
491.490
492.120
492.800
493.480
494.190
494.850
495.560
496.320
496.980
497.600
498.270
498.900
499.580
500.250
500.960
501.650
502.320
503.000
503.680
504.330
505.030
505.710
506.420
507.120
507.830
508.490
509.190
509.860
510.560
511.260
511.960
512.660
513.380
514.070
514.720
515.410
516.150
516.830
517.540
518.230
518.910
519.610
520.300
520.970
521.700
522.350
523.060
523.760
524.420
525.100
525.740
526.380
527.090
527.760
528.430
529.110
529.790
530.470
531.100
531.760
532.430
533.110
533.770
534.410
535.110
535.750
536.410
537.060
537.710
538.400
539.050
539.710
540.390
541.010
541.660
542.280
542.940
543.570
544.220
544.890
545.550
546.210
546.820
547.460
