0.190
1.080
2.000
2.900
3.960
5.000
5.960
6.990
7.860
8.680
9.560
10.420
11.260
12.160
12.950
13.710
14.530
15.300
16.160
17.000
17.860
18.690
19.630
20.530
21.400
22.420
23.360
24.350
25.390
26.360
27.400
28.370
29.190
29.950
30.750
31.630
32.570
33.590
34.520
35.440
36.440
37.350
38.340
39.260
40.310
41.420
42.380
43.280
44.220
45.190
46.140
47.050
47.990
48.990
49.940
50.820
51.800
52.740
53.660
54.630
55.540
56.540
57.490
58.360
59.240
60.200
61.060
62.020
62.940
63.860
64.830
65.670
66.530
67.380
68.180
69.000
69.830
70.820
71.750
72.660
73.600
74.600
75.550
76.510
77.510
78.450
79.450
80.400
81.310
82.310
83.240
84.170
85.150
86.140
87.100
88.050
89.080
90.030
91.010
92.010
93.010
94.070
95.210
96.180
97.140
98.180
99.130
100.160
101.180
102.170
103.210
104.180
105.180
106.250
107.290
108.360
109.360
110.350
111.340
112.420
113.410
114.440
115.520
116.550
117.640
118.610
119.630
120.630
121.660
122.660
123.710
124.770
125.820
126.860
127.900
128.910
129.860
130.910
131.990
133.000
134.080
135.110
136.150
137.110
138.210
139.260
140.350
141.370
142.470
143.490
144.590
145.620
146.650
147.770
148.820
149.890
150.920
151.990
153.020
154.080
155.190
156.190
157.270
158.360
159.420
160.410
161.460
162.490
163.490
164.530
165.550
166.590
167.620
168.650
169.640
170.710
171.840
172.920
173.920
174.940
176.020
177.030
178.040
179.100
180.210
181.260
182.330
183.400
184.540
185.580
186.700
187.740
188.810
189.860
190.890
191.910
192.920
193.970
194.990
196.050
197.140
198.280
199.340
200.410
201.490
202.390
203.240
204.160
205.200
206.270
207.300
208.320
209.310
210.330
211.400
212.410
213.470
214.500
215.590
216.680
217.810
218.910
219.950
221.040
222.130
223.230
224.340
225.400
226.550
227.630
228.700
229.820
230.900
231.970
233.060
234.130
235.140
236.170
237.190
238.310
239.350
240.400
241.530
242.600
243.710
244.770
245.860
246.910
247.910
249.010
250.140
251.200
252.260
253.410
254.440
255.560
256.680
257.760
258.820
259.870
260.980
262.060
263.180
264.250
265.360
266.440
267.490
268.630
269.650
270.670
271.790
272.860
273.960
274.950
276.020
277.100
278.150
279.260
280.360
281.430
282.520
283.600
284.670
285.530
286.270
286.920
287.460
288.010
288.540
289.090
289.670
290.240
290.800
291.360
291.890
292.460
293.050
293.600
294.180
294.730
295.280
295.790
296.340
296.890
297.480
298.050
298.600
299.170
299.730
300.300
300.870
301.450
302.000
302.540
303.100
303.660
304.190
304.750
305.320
305.870
306.420
306.940
307.520
308.130
308.710
309.260
309.840
310.380
310.960
311.540
312.080
312.650
313.220
313.800
314.390
314.960
315.500
316.030
316.550
317.120
317.690
318.270
318.860
319.410
320.040
320.700
321.320
321.950
322.550
323.190
323.850
324.480
325.230
325.920
326.640
327.350
328.090
328.860
329.580
330.190
330.830
331.480
332.140
332.750
333.400
334.040
334.700
335.310
335.980
336.590
337.260
337.870
338.510
339.190
339.810
340.480
341.200
341.870
342.530
343.220
343.910
344.510
345.070
345.640
346.200
346.770
347.330
347.890
348.440
349.000
349.530
350.070
350.630
351.190
351.760
352.460
353.160
353.890
354.580
355.280
355.970
356.640
357.300
357.990
358.650
359.350
360.050
360.720
361.360
362.000
362.710
363.360
364.040
364.710
365.400
366.060
366.780
367.500
368.160
368.880
369.550
370.230
370.900
371.580
372.280
372.970
373.660
374.300
375.000
375.700
376.430
377.130
377.820
378.510
379.220
379.900
380.630
381.340
382.010
382.690
383.330
383.960
384.590
385.270
385.900
386.640
387.370
388.100
388.890
389.630
390.400
391.120
391.780
392.460
393.140
393.830
394.500
395.180
395.950
