0.000	1
0.320	1
0.660
0.990
1.310
1.640	1
1.960
2.280
2.590
2.920	1
3.230
3.550
3.870
4.190	1
4.500
4.810
5.130
5.440	1
5.760
6.080
6.400
6.710	1
7.030
7.350
7.670
7.990	1
8.310
8.630
8.960
9.270	1
9.590
9.910
10.240
10.550	1
10.870
11.190
11.510
11.840	1
12.170
12.510
12.830
13.160	1
13.490
13.810
14.140
14.470	1
14.800
15.120
15.440
15.770	1
16.090
16.430
16.760
17.090	1
17.420
17.740
18.060
18.400	1
18.730
19.060
19.390
19.720	1
20.050
20.380
20.720
21.050	1
21.370
21.710
22.030
22.360	1
22.690
23.030
23.350
23.670	1
24.000
24.340
24.670
24.990	1
25.320
25.650
25.980
26.320	1
26.650
26.980
27.310
27.640	1
27.970
28.290
28.630
28.960	1
29.290
29.620
29.940
30.280	1
30.600
30.930
31.260
31.590	1
31.910
32.230
32.550
32.890	1
33.220
33.540
33.860
34.190	1
34.510
34.830
35.140
35.460	1
35.790
36.100
36.430
36.760	1
37.080
37.400
37.730
38.040	1
38.360
38.680
39.020
39.340	1
39.670
40.000
40.320
40.650	1
40.970
41.280
41.610
41.930	1
42.250
42.580
42.900
43.230	1
43.550
43.880
44.210
44.520	1
44.840
45.160
45.480
45.800	1
46.130
46.450
46.760
47.090	1
47.400
47.720
48.040
48.370	1
48.690
49.020
49.340
49.670	1
49.990
50.310
50.640
50.960	1
51.280
51.600
51.920
52.230	1
52.530
52.840
53.150
53.470	1
53.790
54.110
54.420
54.740	1
55.070
55.390
55.700
56.030	1
56.350
56.670
56.990
57.320	1
57.640
57.970
58.290
58.600	1
58.910
59.220
59.530
59.860	1
60.170
60.490
60.810
61.130	1
61.450
61.780
62.090
62.420	1
62.720
63.030
63.340
63.660	1
63.970
64.280
64.590
64.910	1
65.240
65.560
65.880
66.200	1
66.510
66.820
67.120
67.440	1
67.740
68.060
68.360
68.680	1
68.990
69.300
69.600
69.920	1
70.230
70.540
70.840
71.160	1
71.480
71.790
72.100
72.410	1
72.720
73.040
73.340
73.660	1
73.960
74.290
74.600
74.910	1
75.220
75.530
75.830
76.150	1
76.470
76.790
77.100
77.430	1
77.740
78.040
78.350
78.670	1
78.980
79.280
79.590
79.900	1
80.210
80.520
80.830
81.140	1
81.450
81.760
82.070
82.390	1
82.700
83.010
83.310
83.620	1
83.930
84.240
84.550
84.860	1
85.170
85.490
85.790
86.100	1
86.410
86.720
87.030
87.340	1
87.650
87.960
88.270
88.590	1
88.890
89.200
89.510
89.820	1
90.130
90.450
90.770
91.080	1
91.380
91.700
92.010
92.310	1
92.630
92.940
93.240
93.550	1
93.870
94.180
94.490
94.810	1
95.130
95.440
95.760
96.070	1
96.380
96.690
97.000
97.320	1
97.630
97.940
98.250
98.560	1
98.870
99.180
99.490
99.800	1
100.110
100.420
100.720
101.040	1
101.350
101.660
101.970
102.270	1
102.580
102.900
103.210
103.520	1
103.820
104.130
104.430
104.730	1
105.020
105.330
105.650
105.960	1
106.300
106.620
106.950
107.270	1
107.580
107.910
108.230
108.550	1
108.860
109.180
109.500
109.820	1
110.140
110.450
110.760
111.080	1
111.390
111.710
112.040
112.350	1
112.670
112.980
113.290
113.600	1
113.910
114.220
114.530
114.840	1
115.150
115.460
115.790
116.110	1
116.410
116.720
117.030
117.350	1
117.650
117.980
118.290
118.610	1
118.910
119.230
119.530
119.850	1
120.150
120.460
120.770
121.090	1
121.390
121.710
122.010
122.340	1
122.660
122.970
123.270
123.590	1
123.900
124.200
124.520
124.830	1
125.140
125.440
125.750
126.080	1
126.400
126.720
127.030
127.350	1
127.660
127.970
128.290
128.600	1
128.910
129.220
129.530
129.840	1
130.150
130.460
130.770
131.080	1
131.390
131.720
132.020
132.340	1
132.650
132.950
133.270
133.580	1
133.900
134.230
134.570
134.890	1
135.220
135.540
135.860
136.170	1
136.490
136.820
137.130
137.450	1
137.780
138.100
138.410
138.730	1
139.050
139.350
139.660
139.970	1
140.280
140.600
140.920
141.250	1
141.560
141.860
142.180
142.480	1
142.790
143.110
143.410
143.730	1
144.040
144.350
144.660
144.960	1
145.270
145.580
145.900
146.210	1
146.530
146.850
147.160
147.480	1
147.780
148.100
148.400
148.720	1
149.030
149.330
149.650
149.960	1
150.270
150.600
150.920
151.220	1
151.530
151.850
152.160
152.490	1
152.800
153.110
153.420
153.740	1
154.050
154.360
154.670
154.980	1
155.290
155.590
155.920
156.230	1
156.560
156.870
157.190
157.520	1
157.830
158.160
158.480
158.800	1
