0.260
1.000
1.750
2.460
3.220
3.950
4.650
5.390
6.140
6.880
7.650
8.430
9.170
9.880
10.600
11.350
12.070
12.810
13.600
14.390
15.110
15.830
16.580
17.280
18.000
18.770
19.520
20.290
21.030
21.770
22.550
23.310
24.090
24.830
25.650
26.440
27.200
27.950
28.740
29.480
30.250
31.000
31.760
32.490
33.270
34.000
34.820
35.620
36.400
37.180
37.960
38.740
39.530
40.280
41.060
41.840
42.610
43.380
44.210
45.020
45.810
46.590
47.450
48.290
49.180
49.960
50.830
51.620
52.410
53.250
54.040
54.830
55.620
56.380
57.160
57.920
58.720
59.500
60.290
61.070
61.840
62.610
63.400
64.180
64.930
65.740
66.510
67.320
68.110
68.880
69.720
70.500
71.280
72.100
72.840
73.580
74.350
75.130
75.910
76.680
77.450
78.220
79.000
79.730
80.470
81.200
81.910
82.660
83.440
84.260
85.080
85.860
86.610
87.430
88.190
89.010
89.810
90.660
91.450
92.250
93.060
93.890
94.690
95.530
96.320
97.140
97.930
98.740
99.560
100.440
101.260
102.050
102.900
103.710
104.540
105.330
106.130
106.990
107.780
108.540
109.290
110.010
110.760
111.520
112.270
113.040
113.820
114.570
115.300
116.050
116.780
117.530
118.300
119.030
119.780
120.530
121.270
122.050
122.780
123.550
124.310
125.070
125.820
126.580
127.340
128.110
128.850
129.610
130.350
131.120
131.850
132.640
133.380
134.140
134.900
135.650
136.390
137.190
137.950
138.720
139.480
140.260
141.000
141.790
142.540
143.320
144.060
144.820
145.580
146.340
147.130
147.920
148.650
149.410
150.180
150.950
151.680
152.480
153.230
154.030
154.810
155.610
156.380
157.160
157.920
158.680
159.450
160.250
161.000
161.850
162.700
163.470
164.290
165.090
165.890
166.670
167.490
168.310
169.110
169.940
170.760
171.630
172.460
173.280
174.140
174.940
175.810
176.670
177.520
178.380
179.250
180.130
181.060
181.950
182.850
183.690
184.580
185.500
186.480
187.410
188.280
189.170
190.050
190.890
191.730
192.610
193.540
194.360
195.150
195.860
196.610
197.440
198.260
199.090
199.940
200.790
201.480
202.220
202.960
203.660
204.420
205.210
206.050
206.890
207.710
208.540
209.380
210.160
210.970
211.770
212.580
213.400
214.250
215.080
215.980
216.810
217.670
218.530
219.390
220.240
221.090
221.960
222.820
223.670
224.450
225.280
226.160
226.990
227.770
228.590
229.410
230.110
230.810
231.530
232.300
233.030
233.810
234.550
235.310
236.070
236.810
237.500
238.190
238.900
239.620
240.250
240.900
241.620
242.370
243.200
244.100
244.920
245.780
246.610
247.500
248.260
249.050
249.860
250.710
251.510
252.370
253.280
254.090
254.750
255.410
256.040
256.670
257.330
257.950
258.620
259.240
259.880
260.490
261.120
261.710
262.340
262.910
263.510
264.070
264.630
265.180
265.720
266.280
266.830
267.370
267.940
268.480
269.020
269.600
270.140
270.690
271.240
271.780
272.290
272.840
273.380
273.950
274.500
