0.410
0.920
1.460
2.010
2.550
3.100
3.630
4.150
4.700
5.260
5.780
6.330
6.850
7.380
7.900
8.450
8.940
9.470
10.010
10.490
10.950
11.430
11.960
12.490
13.020
13.570
14.150
14.770
15.340
15.900
16.440
17.000
17.550
18.090
18.630
19.180
19.730
20.280
20.800
21.350
21.890
22.420
22.960
23.510
24.050
24.610
25.130
25.660
26.210
26.770
27.290
27.840
28.380
28.920
29.440
30.010
30.540
31.080
31.630
32.160
32.710
33.260
33.790
34.320
34.870
35.420
35.960
36.510
37.050
37.610
38.160
38.700
39.240
39.800
40.340
40.890
41.440
41.980
42.510
43.070
43.600
44.130
44.670
45.220
45.760
46.300
46.830
47.370
47.900
48.450
49.010
49.530
50.080
50.630
51.180
51.720
52.280
52.830
53.350
53.890
54.450
54.980
55.520
56.090
56.630
57.170
57.720
58.260
58.790
59.340
59.890
60.420
60.990
61.520
62.050
62.600
63.150
63.700
64.250
64.790
65.340
65.890
66.420
66.970
67.510
68.070
68.600
69.150
69.690
70.240
70.770
71.350
71.880
72.430
72.980
73.520
74.050
74.580
75.140
75.680
76.220
76.770
77.320
77.860
78.410
78.940
79.490
80.040
80.580
81.100
81.640
82.200
82.740
83.300
83.830
84.390
84.930
85.510
86.050
86.610
87.120
87.680
88.210
88.750
89.310
89.820
90.380
90.920
91.440
92.000
92.550
93.120
93.660
94.210
94.760
95.290
95.840
96.390
96.940
97.480
98.020
98.560
99.090
99.660
100.200
100.740
101.280
101.840
102.360
102.910
103.450
104.010
104.540
105.080
105.620
106.180
106.710
107.250
107.800
108.350
108.880
109.430
109.970
110.530
111.060
111.590
112.150
112.690
113.210
113.750
114.300
114.830
115.380
115.910
116.460
117.000
117.550
118.090
118.640
119.200
119.710
120.270
120.810
121.360
121.890
122.440
122.980
123.530
124.070
124.590
125.150
125.700
126.210
126.750
127.320
127.840
128.370
128.900
129.450
129.980
130.500
131.050
131.590
132.140
132.680
133.200
133.750
134.280
134.820
135.340
135.880
136.420
136.940
137.460
138.020
138.530
139.080
139.630
140.170
140.700
141.230
141.770
142.320
142.950
143.540
144.150
144.690
145.220
145.760
146.300
146.830
147.360
147.900
148.450
148.970
149.520
150.100
150.640
151.180
151.710
152.250
152.790
153.340
153.890
154.430
154.980
155.510
156.040
156.590
157.130
157.670
158.220
158.750
159.290
159.830
160.370
160.910
161.420
161.970
162.490
163.030
163.550
164.090
164.620
165.150
165.680
166.200
166.730
167.260
167.780
168.310
168.830
169.360
169.890
170.410
170.950
171.480
172.010
172.560
173.080
173.630
174.170
174.710
175.260
175.790
176.340
176.870
177.410
177.940
178.480
179.020
179.550
180.090
180.630
181.170
181.710
182.250
182.780
183.320
183.860
184.390
184.920
185.460
186.000
186.530
187.080
187.610
188.150
188.680
189.220
189.750
190.300
190.830
191.370
191.910
192.460
192.980
193.530
194.060
194.580
195.130
195.680
196.210
196.760
197.290
197.820
198.350
198.880
199.420
199.960
200.490
201.020
201.550
202.090
202.620
203.160
203.690
204.200
204.750
205.270
205.790
206.320
206.840
207.360
207.870
208.380
208.880
209.400
209.930
210.430
210.930
211.440
211.930
212.420
212.910
213.440
213.940
214.450
214.940
215.440
215.930
216.460
216.980
217.460
217.990
218.570
219.170
219.670
220.160
220.680
221.180
221.700
222.220
222.730
223.230
223.740
224.280
224.810
225.350
225.870
226.410
226.950
227.490
228.010
228.550
229.090
229.620
230.150
230.690
231.230
231.770
232.300
232.830
233.370
233.910
234.460
234.980
235.530
236.060
236.590
237.140
237.660
238.210
238.740
239.260
239.810
240.350
240.870
241.390
241.930
242.470
243.000
243.530
244.060
244.590
245.110
245.650
246.160
246.700
247.230
247.760
248.300
248.820
249.350
249.900
250.450
250.980
251.520
252.070
252.600
253.140
253.680
254.230
254.770
255.310
255.840
256.370
256.930
257.460
258.010
258.550
259.100
259.640
260.170
260.710
261.260
261.810
262.330
262.870
263.410
263.960
264.510
265.060
265.600
266.120
266.660
267.200
267.730
268.260
268.810
269.360
269.900
270.450
270.990
271.540
272.070
272.630
273.190
273.730
274.270
274.820
275.360
275.920
276.470
277.000
277.540
278.080
278.620
279.160
279.710
280.240
280.680
281.140
281.600
282.140
282.680
283.210
283.740
284.290
284.830
285.390
285.930
286.460
287.000
287.540
288.070
288.620
289.160
289.700
290.240
290.780
291.330
291.840
292.380
292.910
293.460
294.000
294.530
295.060
295.610
296.140
296.670
297.210
297.750
298.300
298.830
299.360
299.880
300.420
300.960
301.460
302.010
302.580
303.130
303.660
304.200
304.750
305.280
305.820
306.370
306.920
307.460
307.990
308.550
309.170
309.760
310.390
310.920
311.490
312.020
312.560
313.080
313.640
314.190
314.700
315.270
315.790
316.340
316.890
317.460
318.000
318.520
319.040
319.570
320.100
320.680
321.210
321.760
322.310
322.810
323.380
323.920
324.440
324.990
325.560
326.080
326.740
327.340
327.990
328.600
329.260
329.880
330.520
331.120
331.760
332.430
333.070
333.680
334.320
334.990
