0.660
1.370
2.110
2.830
3.540
4.250
4.960
5.670
6.380
7.090
7.780
8.480
9.200
9.920
10.640
11.350
12.080
12.790
13.530
14.250
14.970
15.680
16.420
17.140
17.870
18.600
19.330
20.050
20.830
21.560
22.270
22.990
23.700
24.410
25.120
25.850
26.580
27.300
28.010
28.710
29.450
30.160
30.850
31.560
32.290
33.010
33.730
34.450
35.150
35.860
36.570
37.280
37.990
38.710
39.420
40.130
40.840
41.530
42.250
42.960
43.690
44.410
45.120
45.830
46.550
47.260
48.000
48.700
49.420
50.110
50.840
51.540
52.250
52.950
53.640
54.330
55.030
55.750
56.450
57.160
57.850
58.540
59.230
59.960
60.660
61.350
62.070
62.800
63.490
64.170
64.870
65.560
66.270
66.970
67.660
68.350
69.040
69.740
70.420
71.140
71.820
72.510
73.200
73.880
74.580
75.270
75.930
76.640
77.320
78.020
78.700
79.390
80.080
80.750
81.410
82.110
82.800
83.480
84.170
84.820
85.320
85.810
86.190
86.540
86.880
87.220
87.590
87.940
88.270
88.630
88.980
89.320
89.640
89.990
90.320
90.680
91.000
91.370
91.710
92.060
92.400
92.750
93.110
93.470
93.810
94.150
94.490
94.820
95.170
95.510
95.870
96.220
96.550
96.900
97.240
97.560
97.910
98.270
98.620
98.970
99.320
99.650
99.990
100.330
100.690
101.070
101.410
101.790
102.140
102.480
102.830
103.180
103.520
103.870
104.200
104.560
104.910
105.250
105.620
105.960
106.320
106.660
107.020
107.350
107.720
108.060
108.410
108.750
109.100
109.460
109.800
110.150
110.500
110.860
111.220
111.560
111.920
112.270
112.610
112.950
113.330
113.680
114.040
114.370
114.730
115.070
115.410
115.740
116.090
116.430
116.760
117.120
117.460
117.810
118.150
118.490
118.830
119.140
119.490
119.820
120.130
120.480
120.810
121.170
121.530
121.870
122.210
122.560
122.890
123.220
123.570
123.920
124.260
124.600
124.940
125.280
125.610
125.960
126.310
126.660
127.010
127.330
127.650
128.000
128.320
128.670
128.990
129.340
129.680
130.030
130.370
130.720
131.070
131.400
131.740
132.080
132.420
132.750
133.100
133.440
133.800
134.150
134.490
134.840
135.180
135.510
135.860
136.210
136.550
136.900
137.240
137.590
137.950
138.280
138.630
138.970
139.300
139.630
140.000
140.350
140.690
141.040
141.380
141.730
142.090
142.470
142.830
143.170
143.530
143.880
144.240
144.600
144.950
145.290
145.640
145.960
146.320
146.650
147.000
147.340
147.680
148.020
148.360
148.680
149.020
149.360
149.710
150.060
150.380
150.740
151.060
151.410
151.740
152.090
152.400
152.740
153.080
153.440
153.780
154.120
154.490
154.830
155.190
155.510
155.870
156.210
156.550
156.880
157.220
157.560
157.900
158.220
158.560
158.890
159.240
159.560
159.910
160.250
160.600
160.940
161.290
161.640
161.960
162.300
162.630
162.940
163.280
163.610
163.970
164.300
164.640
164.980
165.330
165.670
165.980
166.310
166.670
167.000
167.340
167.670
168.010
168.380
168.720
169.060
169.400
169.740
170.080
170.410
170.770
171.090
171.450
171.770
172.130
172.460
172.810
173.150
173.470
173.800
174.160
174.480
174.830
175.180
175.520
175.840
176.190
176.520
176.850
177.170
177.500
177.830
178.180
178.490
178.830
179.170
179.520
179.840
180.190
180.540
180.880
181.210
181.540
181.860
182.190
182.540
182.880
183.210
183.560
183.880
184.230
184.560
184.920
185.240
185.590
185.940
186.270
186.610
186.960
187.300
187.640
187.980
188.310
188.640
188.980
189.320
189.650
190.010
190.330
190.660
191.000
191.340
191.660
192.020
192.330
192.680
192.990
193.340
193.680
194.020
194.370
194.690
195.020
195.360
195.680
196.000
196.350
196.680
197.020
197.370
197.740
198.080
198.440
198.780
199.100
199.440
199.800
200.140
200.470
200.820
201.170
201.500
201.850
202.180
202.520
202.860
203.220
203.550
203.900
204.230
204.570
204.910
205.240
205.550
205.880
206.210
206.550
206.890
207.240
207.600
208.090
208.620
209.270
209.960
210.620
211.300
211.940
212.630
213.300
213.940
214.610
215.290
215.980
216.640
217.330
218.010
218.690
219.370
220.030
220.690
221.350
222.010
222.670
223.330
224.010
224.650
225.340
226.000
226.690
227.350
228.000
228.670
229.320
230.020
230.690
231.410
232.040
232.730
233.390
234.060
234.740
235.420
236.130
236.820
237.510
238.170
238.860
239.550
240.220
240.960
241.640
242.350
243.060
243.730
244.420
245.110
245.830
246.540
247.250
247.930
248.610
249.290
249.980
250.680
251.380
252.080
252.770
253.470
254.170
254.890
255.560
256.260
256.960
257.670
258.390
259.080
259.780
260.460
261.170
261.890
262.610
263.330
264.010
264.730
265.400
266.130
266.830
267.540
268.240
268.980
269.650
270.350
271.060
271.790
272.480
273.160
273.840
274.540
275.250
275.970
276.680
277.370
278.050
278.760
279.460
280.200
280.860
281.580
282.280
282.980
283.660
284.360
285.080
285.770
286.460
287.140
287.800
288.480
289.190
289.840
290.550
291.230
291.930
292.590
293.280
293.980
294.670
295.370
296.050
296.750
297.450
298.120
298.880
299.590
300.330
301.070
301.780
302.510
303.260
304.020
304.720
305.390
306.000
306.640
307.280
307.950
308.560
309.200
309.840
310.510
311.120
311.790
312.400
313.070
313.710
314.320
314.990
315.600
316.270
316.880
317.520
318.160
318.800
