0.040
0.590
1.190
1.740
2.330
2.890
3.440
4.010
4.590
5.190
5.770
6.350
6.940
7.510
8.100
8.680
9.280
9.860
10.470
11.070
11.660
12.250
12.850
13.440
14.010
14.590
15.170
15.790
16.350
16.960
17.550
18.150
18.730
19.310
19.950
20.620
21.230
21.900
22.530
23.100
23.700
24.270
24.850
25.440
26.050
26.630
27.260
27.860
28.440
29.020
29.620
30.200
30.750
31.360
31.930
32.510
33.090
33.650
34.230
34.820
35.410
36.010
36.610
37.190
37.770
38.330
38.900
39.460
40.060
40.640
41.250
41.860
42.460
43.070
43.680
44.270
44.880
45.500
46.120
46.720
47.340
47.950
48.550
49.170
49.770
50.370
50.980
51.570
52.180
52.790
53.410
54.000
54.590
55.180
55.800
56.430
57.000
57.620
58.220
58.810
59.400
60.010
60.610
61.190
61.730
62.300
62.910
63.530
64.140
64.740
65.350
65.970
66.580
67.190
67.800
68.420
69.010
69.620
70.250
70.850
71.460
72.050
72.660
73.280
73.860
74.480
75.080
75.710
76.320
76.920
77.540
78.130
78.730
79.320
79.950
80.540
81.120
81.740
82.330
82.910
83.520
84.120
84.710
85.320
85.910
86.500
87.090
87.710
88.300
88.880
89.480
90.090
90.680
91.300
91.890
92.460
93.070
93.670
94.270
94.850
95.470
96.060
96.650
97.250
97.860
98.470
99.060
99.650
100.270
100.840
101.440
102.050
102.650
103.300
103.960
104.590
105.210
105.790
106.390
106.990
107.600
108.170
108.780
109.360
109.950
110.530
111.120
111.720
112.270
112.850
113.450
114.040
114.680
115.340
115.960
116.620
117.260
117.860
118.480
119.070
119.680
120.270
120.880
121.490
122.090
122.720
123.330
123.910
124.520
125.130
125.740
126.330
126.890
127.490
128.110
128.730
129.320
129.930
130.540
131.130
131.720
132.320
132.930
133.530
134.110
134.720
135.320
135.910
136.490
137.070
137.690
138.290
138.880
139.490
140.100
140.680
141.280
141.900
142.460
143.080
143.660
144.240
144.820
145.440
146.030
146.600
147.190
147.810
148.410
149.010
149.610
150.240
150.830
151.430
152.010
152.620
153.150
153.710
154.310
154.870
155.430
156.010
156.590
157.160
157.730
158.300
158.860
159.450
160.010
160.600
161.160
161.740
162.320
162.880
163.440
163.950
164.430
164.940
165.490
166.080
166.690
167.260
167.870
168.460
169.070
169.670
170.270
170.900
171.570
172.200
172.790
173.380
173.960
174.570
175.140
175.730
176.330
176.910
177.460
178.050
178.650
179.220
179.790
180.390
180.940
181.460
182.030
182.610
183.160
183.750
184.350
184.930
185.530
186.120
186.710
187.310
187.910
188.500
189.100
189.670
190.260
190.860
191.440
192.040
192.610
193.240
193.900
194.500
195.090
195.680
196.240
196.820
197.410
198.010
198.600
199.220
199.800
200.390
200.980
201.580
202.160
202.800
203.410
204.010
204.610
205.190
205.790
206.390
207.000
207.600
208.210
208.820
209.400
209.990
210.600
211.190
211.770
212.340
212.860
213.410
213.990
214.560
215.150
215.730
216.290
216.870
217.460
218.070
218.660
219.250
219.820
220.420
221.020
221.580
222.160
222.760
223.350
223.900
224.480
225.100
225.690
226.290
226.880
227.520
228.120
228.740
229.400
230.130
230.850
231.600
232.340
233.010
233.740
234.470
235.140
235.870
236.550
237.270
237.930
238.660
239.350
240.100
240.830
241.520
242.300
243.090
243.840
244.610
245.380
246.260
247.080
247.930
248.820
249.700
250.490
251.300
252.150
252.940
253.750
254.560
255.340
256.190
257.000
