0.110
0.550
1.000
1.450
1.880
2.310
2.750
3.200
3.640
4.090
4.500
4.930
5.380
5.790
6.230
6.700
7.130
7.580
8.030
8.480
8.950
9.400
9.820
10.280
10.700
11.130
11.560
12.000
12.410
12.870
13.370
13.840
14.310
14.790
15.290
15.760
16.220
16.700
17.150
17.640
18.100
18.570
19.050
19.510
19.990
20.440
20.910
21.410
21.890
22.350
22.840
23.320
23.840
24.300
24.810
25.290
25.800
26.280
26.770
27.250
27.740
28.220
28.700
29.180
29.710
30.210
30.700
31.210
31.690
32.170
32.650
33.160
33.650
34.140
34.630
35.110
35.590
36.090
36.580
37.070
37.540
38.030
38.510
39.020
39.510
40.040
40.550
41.050
41.600
42.120
42.610
43.160
43.660
44.170
44.680
45.160
45.650
46.140
46.660
47.200
47.710
48.190
48.710
49.210
49.690
50.210
50.690
51.120
51.560
51.920
52.300
52.680
53.070
53.450
53.820
54.180
54.560
54.940
55.310
55.680
56.080
56.440
56.830
57.210
57.590
57.950
58.330
58.680
59.060
59.420
59.760
60.130
60.500
60.850
61.200
61.590
61.960
62.330
62.680
63.080
63.440
63.840
64.200
64.580
64.960
65.420
65.850
66.280
66.740
67.180
67.630
68.160
68.660
69.130
69.630
70.160
70.660
71.150
71.640
72.130
72.620
73.100
73.620
74.130
74.600
75.110
75.620
76.120
76.630
77.130
77.620
78.090
78.570
79.080
79.550
80.060
80.560
81.050
81.550
82.060
82.540
83.000
83.470
83.950
84.410
84.880
85.360
85.820
86.300
86.770
87.270
87.750
88.230
88.710
89.180
89.680
90.190
90.680
91.210
91.740
92.250
92.730
93.200
93.720
94.200
94.660
95.140
95.650
96.120
96.630
97.130
97.620
98.130
98.650
99.170
99.680
100.180
100.660
101.130
101.650
102.140
102.620
103.130
103.630
104.150
104.650
105.140
105.660
106.150
106.680
107.180
107.710
108.220
108.700
109.230
109.720
110.250
110.760
111.260
111.730
112.220
112.720
113.230
113.730
114.220
114.780
115.280
115.830
116.350
116.860
117.350
117.860
118.360
118.870
119.350
119.870
120.340
120.840
121.450
122.020
122.650
123.240
123.880
124.490
125.100
125.730
126.380
126.990
127.740
128.460
129.230
129.960
130.720
131.420
132.100
132.820
133.550
134.270
134.970
135.650
136.360
137.130
137.900
138.700
139.430
140.180
140.930
141.640
142.400
143.150
143.860
144.610
145.350
146.130
146.890
147.620
148.450
149.240
149.990
150.790
151.590
152.420
153.200
154.010
154.810
155.550
156.270
157.020
157.760
158.500
159.270
160.030
160.770
161.490
162.200
162.860
163.590
164.300
165.030
165.730
166.510
167.310
168.040
168.810
169.530
170.250
171.010
171.750
172.450
173.090
173.770
174.420
174.970
175.530
176.010
176.530
177.030
177.520
178.000
178.470
178.980
179.490
180.030
180.510
181.040
181.560
182.070
182.550
183.040
183.520
184.010
184.520
185.020
185.530
186.060
186.550
187.020
187.510
188.010
188.480
188.950
189.410
189.880
190.350
190.820
191.300
191.730
192.180
192.650
193.080
193.570
194.050
194.530
195.030
195.560
196.050
196.550
197.040
197.540
198.080
198.600
199.120
199.620
200.130
200.670
201.170
201.710
202.230
202.690
203.180
203.670
204.140
204.610
205.080
205.540
206.000
206.490
206.980
207.490
207.980
208.460
208.970
209.450
209.930
210.390
210.870
211.330
211.830
212.310
212.770
213.270
213.740
214.230
214.700
215.190
215.680
216.180
216.640
217.140
217.630
218.140
218.640
219.130
219.610
220.090
220.590
221.060
221.550
222.070
222.550
223.050
223.510
224.030
224.500
225.000
225.480
225.960
226.410
226.880
227.350
227.830
228.290
228.760
229.240
229.720
230.180
230.660
231.130
231.590
232.090
232.560
233.030
233.510
233.990
234.470
234.960
235.430
235.890
236.360
236.840
237.330
237.810
238.290
238.740
239.230
239.700
240.180
240.660
241.130
241.620
242.090
242.580
243.040
243.520
243.980
244.470
244.960
245.480
245.950
246.430
246.910
247.390
247.860
248.320
248.810
249.290
249.770
250.220
250.700
251.170
251.650
252.140
252.620
253.080
253.580
254.040
254.540
255.000
255.440
255.900
256.360
256.820
257.300
257.750
258.190
258.650
259.080
259.550
260.000
260.470
260.930
261.400
261.860
262.320
262.760
263.200
263.610
264.060
264.480
264.910
265.340
265.780
266.280
266.750
267.220
267.720
268.240
268.740
269.240
269.740
270.200
270.610
271.040
271.480
271.900
272.330
272.780
273.180
273.610
273.970
274.340
274.690
275.040
275.420
275.780
276.140
276.490
276.870
277.220
277.610
277.950
278.320
278.660
279.010
279.350
279.720
280.060
280.420
280.790
281.180
281.550
281.910
282.280
282.670
283.040
283.420
283.780
284.170
284.530
284.890
285.230
285.610
285.950
286.320
286.670
287.040
287.390
287.750
288.080
288.460
288.810
289.160
289.530
289.920
290.290
290.660
291.050
291.420
291.780
292.150
292.530
292.910
293.280
293.650
294.020
294.400
294.770
295.150
295.520
295.890
296.250
296.620
297.010
297.400
297.790
298.170
298.560
298.950
299.360
299.750
300.120
300.530
300.850
301.190
301.550
301.880
302.220
302.540
302.860
303.190
303.530
303.870
304.200
304.530
304.850
305.170
305.480
305.800
306.120
306.420
306.740
307.050
307.360
307.670
307.980
308.290
308.600
308.900
309.210
309.530
309.840
310.150
310.460
310.780
311.090
311.420
311.740
312.040
312.350
312.660
312.970
313.290
313.600
313.910
314.240
314.560
314.870
315.200
315.520
315.830
316.150
316.470
316.790
317.120
317.430
317.760
318.080
318.390
318.710
319.030
319.360
319.670
320.000
320.320
320.640
320.950
321.280
321.600
321.920
322.250
322.560
322.900
323.240
323.550
323.880
324.210
324.540
324.870
325.210
325.540
325.900
326.230
326.550
326.860
327.180
327.500
327.830
328.140
328.480
328.840
329.180
329.510
329.850
330.210
330.640
331.100
331.570
332.050
332.540
333.020
333.490
333.970
334.470
334.950
335.410
335.880
336.340
336.790
337.260
337.730
338.190
338.650
339.120
339.580
340.050
340.530
341.000
341.480
342.000
342.460
342.980
343.440
343.950
344.450
344.940
345.460
345.940
346.450
346.970
347.460
347.980
348.530
349.050
349.700
350.310
350.990
351.790
352.570
353.340
354.070
354.820
355.590
356.330
357.100
357.820
358.560
359.320
360.030
360.760
361.430
362.180
362.920
363.660
364.400
365.090
365.810
366.550
367.270
368.050
368.790
369.560
370.360
371.160
372.090
373.030
373.970
374.990
375.950
376.970
377.980
378.990
379.950
380.980
381.880
382.730
383.480
384.190
384.930
385.680
386.420
387.180
387.890
388.560
389.280
390.030
390.750
391.450
392.150
392.890
393.630
394.360
395.150
395.960
396.660
397.350
398.060
398.760
399.500
400.180
400.870
401.460
402.090
402.650
403.260
403.820
404.420
404.970
405.540
406.150
406.730
407.340
407.970
408.580
409.170
409.790
410.370
410.970
411.550
412.130
412.760
413.430
414.100
414.820
415.490
416.220
416.890
417.600
418.310
419.010
419.710
420.380
421.110
421.840
422.560
423.260
424.070
424.810
425.630
426.370
427.160
427.950
428.730
429.560
430.360
431.170
432.010
432.800
433.590
434.420
435.220
435.960
436.750
437.470
438.280
439.150
439.960
440.780
441.620
442.450
443.370
444.280
445.170
446.150
447.080
448.050
449.020
450.050
450.960
451.880
452.850
453.740
454.640
455.550
456.390
457.230
458.040
458.920
459.740
460.600
461.330
462.050
462.740
463.430
464.160
464.870
465.590
466.290
467.020
467.700
468.380
469.110
469.810
470.490
471.230
471.940
472.680
473.360
474.120
474.810
475.590
476.330
477.070
477.820
478.630
479.360
480.080
480.850
481.560
482.300
483.040
483.840
484.580
485.390
486.120
486.920
487.640
488.310
488.970
489.660
490.340
491.000
491.620
492.270
492.920
493.500
494.120
494.700
495.270
495.830
496.420
497.000
497.600
498.200
498.780
499.410
500.030
500.670
501.330
501.980
502.620
503.200
503.820
504.430
505.030
505.620
506.190
506.790
507.370
507.950
508.530
509.090
509.670
510.210
510.800
511.410
511.990
512.590
513.190
513.810
514.400
515.020
515.610
516.220
516.870
517.460
518.080
518.700
519.320
519.950
