0.090
0.770
1.420
2.050
2.670
3.330
3.950
4.550
5.110
5.710
6.320
6.950
7.560
8.180
8.800
9.420
10.020
10.650
11.270
11.870
12.480
13.100
13.690
14.300
14.930
15.530
16.150
16.750
17.350
17.990
18.620
19.230
19.840
20.470
21.080
21.720
22.340
22.950
23.570
24.180
24.820
25.420
26.020
26.660
27.270
27.870
28.470
29.090
29.690
30.310
30.930
31.550
32.160
32.740
33.350
33.940
34.550
35.170
35.780
36.420
37.010
37.590
38.200
38.820
39.460
40.070
40.680
41.280
41.860
42.470
43.060
43.680
44.300
44.910
45.540
46.130
46.750
47.380
48.000
48.630
49.290
49.940
50.570
51.210
51.830
52.470
53.120
53.730
54.370
55.010
55.630
56.260
56.870
57.500
58.100
58.730
59.350
59.960
60.590
61.190
61.840
62.480
63.120
63.740
64.350
64.970
65.610
66.240
66.850
67.480
68.110
68.750
69.360
69.990
70.630
71.260
71.890
72.520
73.130
73.790
74.420
75.060
75.720
76.330
76.980
77.670
78.290
78.920
79.560
80.170
80.810
81.440
82.090
82.710
83.350
83.970
84.620
85.260
85.910
86.540
87.160
87.810
88.470
89.120
89.770
90.440
91.060
91.680
92.320
92.920
93.540
94.150
94.780
95.440
96.070
96.700
97.340
98.010
98.650
99.310
99.960
100.570
101.220
101.830
102.480
103.100
103.730
104.370
105.000
105.650
106.280
106.920
107.540
108.190
108.840
109.470
110.110
110.720
111.340
111.990
112.640
113.270
113.930
114.600
115.230
115.900
116.570
117.200
117.860
118.510
119.160
119.810
120.460
121.100
121.760
122.400
123.030
123.620
124.260
124.900
125.540
126.190
126.830
127.460
128.100
128.740
129.380
130.020
130.650
131.290
131.940
132.600
133.230
133.860
134.520
135.170
135.820
136.460
137.100
137.750
138.360
138.990
139.640
140.280
140.930
141.560
142.200
142.870
143.500
144.140
144.770
145.430
146.060
146.710
147.360
148.020
148.690
149.340
149.970
150.610
151.280
151.940
152.570
153.190
153.860
154.510
155.170
155.800
156.450
157.110
157.770
158.430
159.070
159.740
160.440
161.070
161.740
162.380
163.050
163.690
164.340
164.990
165.630
166.300
166.940
167.600
168.210
168.860
169.480
170.140
170.800
171.450
172.140
172.770
173.430
174.120
174.780
175.430
176.070
176.730
177.430
178.150
178.870
179.580
180.280
181.030
181.730
182.430
183.110
183.770
184.440
185.120
185.810
186.480
