159.850	1
160.190
160.520
160.860	1
161.210
161.540
161.880	1
162.210
162.550
162.900	1
163.230
163.560
163.890	1
164.230
164.560
164.910	1
165.250
165.600
165.940	1
166.260
166.610
166.940	1
167.300
167.630
167.940	1
168.270
168.610
168.950	1
169.270
169.610
169.930	1
170.260
170.600
170.940	1
171.290
171.630
171.970	1
172.290
172.630
172.980	1
173.320
173.650
173.970	1
174.310
174.640
174.950	1
175.290
175.630
175.960	1
176.280
176.600
176.940	1
177.260
177.610
177.920	1
178.250
178.590
178.930	1
179.260
179.590
179.920	1
180.250
180.590
180.930	1
181.270
181.590
181.930	1
182.270
182.630
182.970	1
183.310
183.630
183.970	1
184.330
184.660
185.010	1
185.350
185.680
185.990	1
186.320
186.650
186.990	1
187.310
187.660
187.990	1
188.330
188.680
189.010	1
189.360
189.690
190.040	1
190.400
190.750
191.110	1
191.440
191.800
192.160	1
192.480
192.810
193.140	1
193.490
193.810
194.140	1
194.460
194.790
195.130	1
195.460
195.800
196.130	1
196.470
196.800
197.150	1
197.480
197.820
198.170	1
198.490
198.840
199.170	1
199.510
199.850
200.200	1
200.530
200.890
201.220	1
201.540
201.870
202.210	1
202.550
202.880
203.240	1
203.570
203.910
204.260	1
204.600
204.940
205.280	1
205.610
205.950
206.300	1
206.630
206.960
207.270	1
207.600
207.940
208.280	1
208.590
208.930
209.270	1
209.610
209.950
210.300	1
210.650
210.990
211.310	1
211.670
211.990
212.320	1
212.660
213.000
213.330	1
213.680
214.010
214.360	1
214.690
215.030
215.360	1
215.700
216.050
216.380	1
216.710
217.040
217.380	1
217.720
218.070
218.410	1
218.780
219.110
219.440	1
219.800
220.130
220.470	1
220.800
221.150
221.490	1
221.820
222.170
222.520	1
222.880
223.220
223.540	1
223.890
224.220
224.550	1
224.890
225.230
225.560	1
225.870
226.210
226.570	1
226.910
227.250
227.570	1
227.930
228.270
228.590	1
228.940
229.270
229.630	1
229.960
230.310
230.630	1
230.990
231.320
231.650	1
231.970
232.310
232.640	1
232.980
233.310
233.650	1
233.980
234.340
234.680	1
235.010
235.350
235.680	1
236.040
236.370
236.700	1
237.040
237.380
237.710	1
238.030
238.380
238.730	1
239.070
239.410
239.740	1
240.100
240.450
240.790	1
241.130
241.480
241.800	1
242.150
242.520
242.850	1
243.210
243.570
243.920	1
244.260
244.590
244.930	1
245.290
245.630
245.950	1
246.300
246.650
246.990	1
247.330
247.670
248.010	1
248.380
248.730
249.060	1
249.410
249.770
250.100	1
250.430
250.780
251.110	1
251.460
251.810
252.140	1
252.490
252.830
253.190	1
253.540
253.890
254.210	1
254.570
254.920
255.260	1
255.620
255.980
256.330	1
256.670
257.000
257.330	1
257.680
258.010
258.350	1
258.690
259.040
259.380	1
259.730
260.060
260.390	1
260.750
261.090
261.410	1
261.750
262.090
262.450	1
262.780
263.120
263.460	1
263.800
264.150
264.490	1
264.840
265.170
265.520	1
265.890
266.230
266.570	1
266.910
267.250
267.590	1
267.930
268.260
268.600	1
268.930
269.270
269.610	1
269.960
270.310
270.640	1
270.990
271.330
271.670	1
271.990
272.350
272.670	1
273.020
273.360
273.710	1
274.050
274.380
274.730	1
275.070
275.430
275.770	1
276.090
276.440
276.780	1
277.120
277.440
277.780	1
278.120
278.450
278.790	1
279.150
279.500
279.860	1
280.200
280.540
280.860	1
281.200
281.540
281.890	1
282.220
282.580
282.920	1
283.260
283.610
283.960	1
284.300
284.650
285.010	1
285.350
285.710
286.050	1
286.390
286.760
287.100	1
287.450
287.790
288.150	1
288.470
288.840
289.180	1
289.530
289.890
290.230	1
290.570
290.910
291.260	1
291.600
291.950
292.280	1
292.620
292.950
293.310	1
293.660
294.000
294.350	1
294.680
295.020
295.380	1
295.720
296.060
296.390	1
296.740
297.070
297.410	1
297.750
298.090
298.420	1
298.760
299.100
299.440	1
299.790
300.130
300.480	1
300.810
301.140
301.500	1
301.820
302.160
302.520	1
302.860
303.210
303.560	1
303.900
304.250
304.600	1
304.960
305.300
305.630	1
305.970
306.310
306.670	1
306.990
307.330
307.650	1
307.990
308.310
308.650	1
309.000
309.340
309.670	1
310.020
310.340
310.680	1
311.040
311.380
311.720	1
312.070
312.410
312.750	1
313.110
313.460
313.800	1
314.130
314.480
314.830	1
315.170
315.520
315.870	1
316.200
316.560
316.900	1
317.260
317.610
317.970	1
318.310
318.670
319.010	1
319.370
319.720
320.070	1
320.420
320.770
321.120	1
321.450
321.810
322.160	1
322.500
322.850
323.200	1
323.550
323.900
324.260	1
324.614
324.967
325.321	1
325.661
326.001
326.342	1
326.675
327.009
327.342	1
327.695
328.049
328.402	1
328.732
329.061
329.391	1
329.740
330.088
330.437	1
330.770
331.103
331.437	1
331.784
332.131
332.478	1
332.799
333.119
333.440	1
333.780
334.100
334.460	1
334.790
335.130
335.480	1
335.800
336.140
336.500	1
336.820
337.170
337.490	1
337.840
338.160
338.500	1
338.840
339.190
339.530	1
339.860
340.190
340.550	1
340.930
341.290
341.650	1
342.000
342.370
342.730	1
343.050
343.390
343.700	1
344.030
344.360
344.700	1
345.040
345.390
345.760	1
346.130
346.490
346.840	1
347.200
347.560
347.900	1
348.250
348.620
348.960	1
349.320
349.660
350.020	1
350.370
350.730
351.100	1
351.440
351.820
352.160	1
352.540
352.900
353.240	1
353.600
353.960
354.310	1
354.650
355.000
355.350	1
355.690
356.010
356.350	1
356.700
357.030
357.380	1
357.730
358.080
358.440	1
358.790
359.140
359.500	1
359.850
360.200
360.530	1
360.870
361.210
361.560	1
361.890
362.240
362.570	1
362.910
363.240	1
363.580
363.940
364.270	1
364.620
364.960
365.310	1
365.640
365.990
366.340	1
366.700
367.050
367.370	1
367.730
368.050
368.390	1
368.760
369.110
369.460	1
369.790
370.160
370.490	1
370.860
371.220
371.570	1
371.920
372.270
372.590	1
372.930
373.270
373.620	1
373.970
374.330
374.690	1
375.030
375.380
375.720	1
376.090
376.440
376.790	1
377.130
377.500
377.860	1
378.200
378.570
378.940	1
379.280
379.630
380.000	1
380.350
380.700
381.040	1
381.380
381.750
382.100	1
382.470
382.830
383.170	1
383.530
383.890
384.240	1
384.590
384.940
385.290	1
385.620
385.970
386.320	1
386.690
387.020
387.370	1
387.720
388.090
388.440	1
388.790
389.140
389.490	1
389.820
390.180
390.510	1
390.840
391.190
391.560	1
391.930
392.280
392.630	1
392.990
393.320
393.670	1
394.030
394.380
394.720	1
395.090
395.440
395.780	1
396.130
396.480
396.830	1
397.170
397.530
397.870	1
398.230
398.610
398.970	1
399.300
399.650
400.000	1
400.370
400.720
401.070	1
401.410
401.770
402.110	1
402.450
402.820
403.170	1
403.550
403.910
404.270	1
404.620
404.970
405.300	1
405.650
405.990
406.330	1
406.660
407.010
407.360	1
407.710
408.090
408.470	1
408.830
409.180
409.530	1
409.910
410.250
410.590	1
410.960
411.310
411.650	1
412.000
412.350
412.690	1
413.050
413.390
413.750	1
414.090
414.450
414.810	1
415.150
415.510
415.840	1
416.200
416.550
416.900	1
417.220
417.570
417.920	1
418.280
418.620
418.990	1
419.340
419.690
420.040	1
420.390
420.740
421.090	1
421.430
421.780
422.120	1
422.470
422.840
423.180	1
423.530
423.890
424.230	1
424.550
424.910
425.270	1
425.600
425.960
426.310	1
426.660
427.010
427.360	1
427.710
428.070
428.420	1
428.760
429.090
429.430	1
429.780
430.150
430.500	1
430.840
431.190
431.560	1
431.930
432.270
432.650	1
433.000
433.370
433.720	1
434.050
434.420
434.760	1
435.100
435.470
435.820	1
436.150
436.500
436.870	1
437.220
437.570
437.910	1
438.270
438.600
438.960	1
439.340
439.680
440.050	1
440.420
440.810
441.180	1
441.540
441.890
442.260	1
442.600
442.960
443.300	1
443.670
444.000
444.350	1
444.720
445.070
445.400	1
445.750
446.110
446.490	1
446.830
447.200
447.550	1
447.930
448.290
448.650	1
449.000
449.330
449.680	1
450.050
450.420
450.780	1
451.140
451.480
451.850	1
