0.340
1.220
2.120
2.880
3.660
4.450
5.220
5.990
6.810
7.580
8.360
9.140
9.860
10.580
11.270
11.990
12.650
13.420
14.140
14.920	1
15.690
16.420
17.120
17.860	1
18.630
19.380
20.130
20.830	1
21.570
22.310
23.120
23.860	1
24.680
25.490
26.370
27.190	1
28.030
28.900
29.810
30.630	1
31.510
32.340
33.180
34.030	1
34.880
35.730
36.570
37.450	1
38.300
39.160
39.980
40.810	1
41.650
42.480
43.340
44.250	1
45.100
45.920
46.780
47.690	1
48.540
49.380
50.270
51.100	1
51.950
52.820
53.690
54.570	1
55.440
56.330
57.220
58.070	1
58.920
59.790
60.720
61.600	1
62.470
63.310
64.190
65.070	1
65.950
66.830
67.700
68.550	1
69.430
70.370
71.260
72.120	1
73.010
73.860
74.770
75.660	1
76.560
77.440
78.260
79.130	1
80.000
80.860
81.780
82.660	1
83.540
84.420
85.340
86.260	1
87.140
88.020
88.950
89.850	1
90.790
91.680
92.570
93.530	1
94.430
95.310
96.210
97.130	1
98.030
98.910
99.820
100.710	1
101.600
102.490
103.390
104.300	1
105.270
106.180
107.080
108.000	1
108.890
109.820
110.700
111.620	1
112.570
113.490
114.380
115.300	1
116.180
117.070
117.970
118.900	1
119.810
120.760
121.660
122.600	1
123.510
124.380
125.280
126.230	1
127.130
128.060
128.950
129.860	1
130.780
131.690
132.610
133.540	1
134.440
135.370
136.260
137.200	1
138.040
138.930
139.870
140.850	1
141.800
142.680
143.610
144.550	1
145.520
146.430
147.380
148.360	1
149.300
150.240
151.210
152.120	1
153.050
154.020
154.930
155.890	1
156.820
157.720
158.660
159.550	1
160.520
161.440
162.410
163.320	1
164.250
165.210
166.110
167.060	1
168.010
168.940
169.870
170.820	1
171.730
172.680
173.630
174.580	1
175.560
176.470
177.400
178.350	1
179.290
180.230
181.170
182.120	1
183.090
184.040
185.000
185.960	1
186.890
187.840
188.770
189.750	1
190.700
191.680
192.640
193.590	1
194.540
195.480
196.440
197.390	1
198.310
199.240
200.150
201.140	1
202.100
203.040
203.970
204.920	1
205.850
206.800
207.760
208.730	1
209.660
210.610
211.540
212.490	1
213.440
214.390
215.320
216.280	1
217.190
218.150
219.120
220.060	1
221.010
221.960
222.920
223.870	1
224.860
225.790
226.800
227.750	1
228.680
229.630
230.650
231.650	1
232.640
233.590
234.590
235.520	1
236.550
237.520
238.460
239.450	1
240.450
241.420
242.400
243.370	1
244.360
245.330
246.310
247.310	1
248.330
249.320
250.300
251.270	1
252.270
253.260
254.250
255.220	1
256.210
257.170
258.140
259.090	1
260.090
261.110
262.070
263.060	1
264.100
265.210
266.140
267.040	1
267.940
268.790
269.710
270.630	1
271.580
272.600
273.580
274.480	1
275.400
276.320
277.310
278.270	1
279.300
280.220
281.200
282.160	1
283.130
284.220
285.200
286.170	1
287.040
288.010
288.940
289.950	1
290.950
291.880
292.880
293.870	1
294.940
295.850
296.830
297.760	1
298.740
299.750
300.700
301.670	1
302.620
303.520
304.490
305.400	1
306.330
307.320
308.280
309.220	1
310.190
311.140
312.140
313.070	1
314.040
314.990
315.950
316.920	1
317.920
318.850
319.820
320.770	1
321.740
322.700
323.700
324.620	1
325.610
326.600
327.540
328.450	1
329.440
330.380
331.340
332.320	1
333.330
334.300
335.240
336.240	1
337.220
338.200
339.180
340.140	1
341.100
342.060
343.040
344.000	1
344.990
346.020
346.970
347.960	1
348.920
349.900
350.840
351.860	1
352.800
353.810
354.750
355.690	1
356.700
357.690
358.620
359.590	1
360.600
361.600
362.630
363.580	1
364.590
365.590
366.520
367.470	1
368.450
369.420
370.430
371.420	1
372.410
373.430
374.400
375.430	1
376.410
377.390
378.390
379.320	1
380.340
381.310
382.310
383.280	1
384.300
385.240
386.230
387.190	1
