0.020
0.620
1.240
1.900
2.530
3.150
3.770
4.420
5.120
5.760
6.470
7.140
7.780
8.410
9.090
9.710
10.380
11.010
11.670
12.270
12.870
13.480
14.090
14.620
15.190
15.720
16.290
16.870
17.450
18.030
18.560
19.130
19.700
20.270
20.810
21.350
21.920
22.510
23.040
23.620
24.180
24.730
25.260
25.840
26.390
26.940
27.500
28.070
28.640
29.180
29.770
30.300
30.870
31.440
31.990
32.560
33.120
33.680
34.270
34.840
35.440
36.010
36.580
37.140
37.700
38.280
38.850
39.430
39.970
40.540
41.110
41.670
42.230
42.820
43.360
43.940
44.520
45.060
45.630
46.190
46.750
47.310
47.870
48.420
49.000
49.530
50.110
50.670
51.230
51.790
52.340
52.900
53.470
54.020
54.590
55.120
55.700
56.250
56.830
57.370
57.930
58.480
59.040
59.600
60.130
60.710
61.250
61.790
62.350
62.890
63.460
64.010
64.560
65.110
65.670
66.240
66.800
67.390
67.930
68.440
68.750
69.040
69.320
69.600
69.880
70.160
70.430
70.720
70.990
71.270
71.550
71.830
72.110
72.390
72.670
72.950
73.230
73.510
73.800
74.070
74.360
74.640
74.930
75.210
75.490
75.770
76.050
76.330
76.610
76.890
77.170
77.450
77.730
78.010
78.290
78.570
78.840
79.120
79.400
79.690
79.970
80.250
80.520
80.810
81.090
81.370
81.650
81.930
82.210
82.490
82.770
83.050
83.330
83.610
83.880
84.170
84.440
84.730
85.000
85.290
85.560
85.840
86.120
86.410
86.680
86.970
87.240
87.520
87.800
88.090
88.370
88.650
88.930
89.210
89.490
89.770
90.050
90.320
90.610
90.900
91.180
91.470
91.750
92.030
92.310
92.590
92.870
93.150
93.420
93.700
93.980
94.270
94.550
94.840
95.120
95.420
95.700
95.990
96.260
96.550
96.830
97.120
97.400
97.690
97.970
98.250
98.530
98.820
99.100
99.380
99.660
99.950
100.230
100.520
100.800
101.090
101.370
101.660
101.950
102.240
102.520
102.810
103.090
103.370
103.650
103.930
104.220
104.510
104.790
105.080
105.360
105.650
105.930
106.210
106.480
106.770
107.050
107.350
107.630
107.920
108.200
108.490
108.760
109.050
109.330
109.620
109.900
110.190
110.470
110.760
111.030
111.320
111.590
111.880
112.160
112.450
112.730
113.020
113.310
113.610
113.890
114.170
114.450
114.740
115.010
115.290
115.570
115.850
116.140
116.410
116.690
116.980
117.250
117.530
117.810
118.110
118.390
118.670
118.950
119.240
119.510
119.800
120.080
120.360
120.650
120.940
121.220
121.500
121.790
122.070
122.350
122.630
122.910
123.190
123.480
123.770
124.050
124.330
124.610
124.890
125.180
125.460
125.740
126.030
126.310
126.600
126.880
127.170
127.450
127.730
128.010
128.280
128.570
128.860
129.140
129.430
129.710
130.000
130.280
130.560
130.830
131.120
131.400
131.690
131.980
132.270
132.550
132.840
133.120
133.410
133.690
133.990
134.270
134.570
134.850
135.140
135.410
135.690
135.980
136.260
136.540
136.820
137.110
137.400
137.680
137.970
138.240
138.530
138.810
139.100
139.380
139.670
139.960
140.250
140.530
140.820
141.090
141.380
141.660
141.950
142.230
142.520
142.820
143.110
143.390
143.680
143.960
144.250
144.530
144.820
145.100
145.390
145.670
145.960
146.230
146.520
146.800
147.090
147.380
147.670
147.950
148.240
148.530
148.820
149.110
149.400
149.680
149.960
150.240
150.530
150.810
151.110
151.390
151.680
151.950
152.240
152.520
152.810
153.100
153.390
153.680
153.970
154.240
154.530
154.820
155.110
155.400
155.690
155.980
156.270
156.560
156.850
157.140
157.440
157.720
158.020
158.310
158.600
158.890
159.180
159.460
159.750
160.040
160.330
160.620
160.920
161.200
161.490
161.780
162.080
162.360
162.660
162.940
163.230
163.530
163.820
164.110
164.390
164.680
164.970
165.270
165.560
165.850
166.140
166.430
166.720
167.000
167.300
167.580
167.880
168.170
168.450
168.740
169.040
169.330
169.620
169.900
170.200
170.480
170.780
171.060
171.350
171.640
171.930
172.220
172.510
172.790
173.080
173.360
173.640
173.920
174.210
174.490
174.790
175.070
175.360
175.650
175.930
176.210
176.500
176.790
177.080
177.370
177.670
177.950
178.250
178.530
178.830
179.100
179.390
179.660
179.950
180.240
180.540
180.820
181.120
181.400
181.690
181.980
182.270
182.560
182.850
183.130
183.420
183.700
183.990
184.280
184.570
184.850
185.150
185.430
185.720
185.990
186.290
186.580
186.870
187.150
187.450
187.730
188.030
188.310
188.610
188.890
189.180
189.470
189.770
190.050
190.350
190.630
190.930
191.210
191.500
191.790
192.080
192.380
192.670
192.950
193.250
193.530
193.830
194.110
194.410
194.690
194.990
195.260
195.560
195.850
196.140
196.430
196.720
197.000
197.300
197.580
197.880
198.160
198.450
198.740
199.040
199.320
199.610
199.890
200.180
200.450
200.740
201.020
201.320
201.600
201.890
202.160
202.440
202.720
203.000
203.280
203.570
203.850
204.130
204.410
204.700
204.990
205.270
205.560
205.850
206.130
206.420
206.690
206.970
207.260
207.540
207.820
208.120
208.400
208.700
208.980
209.270
209.560
209.840
210.120
210.410
210.680
210.970
211.250
211.540
211.820
212.100
212.380
212.670
212.940
213.230
213.510
213.810
214.090
214.380
214.660
214.940
215.220
215.510
215.780
216.060
216.340
216.630
216.910
217.190
217.480
217.770
218.050
218.330
218.610
218.900
219.170
219.460
219.730
220.010
220.300
220.580
220.870
221.160
221.440
221.740
222.010
222.290
222.580
222.860
223.140
223.430
223.710
224.010
224.290
224.580
224.860
225.150
225.430
225.720
226.000
226.300
226.570
226.860
227.130
227.420
227.700
227.980
228.270
228.560
228.840
229.120
229.400
229.690
229.960
230.250
230.520
230.820
231.100
231.380
231.660
231.940
232.230
232.510
232.790
233.090
233.360
233.650
233.920
234.210
234.480
234.770
235.050
235.330
235.610
235.890
236.170
236.450
236.740
237.030
237.310
237.600
237.890
238.180
238.460
238.740
239.030
239.320
239.600
239.890
240.170
240.460
240.740
241.020
241.310
241.600
241.880
242.170
242.460
242.760
243.030
243.310
243.590
243.880
244.170
244.450
244.740
245.030
245.310
245.590
245.870
246.160
246.430
246.730
247.010
247.300
247.570
247.860
248.130
248.420
248.690
248.980
249.260
249.540
249.820
250.100
250.380
250.660
250.930
251.210
251.490
251.780
252.050
252.330
252.610
252.900
253.180
253.460
253.740
254.020
254.310
254.600
254.880
255.170
255.460
255.740
256.030
256.310
256.590
256.880
257.170
257.470
257.740
258.030
258.310
258.610
258.890
259.180
259.460
259.740
260.020
260.300
260.580
260.870
261.150
261.430
261.720
262.010
262.290
262.580
262.870
263.160
263.450
263.740
264.030
264.320
264.590
264.880
265.170
265.460
265.740
266.030
266.320
266.610
266.900
267.190
267.480
267.770
268.060
268.350
268.640
268.920
269.210
269.480
269.780
270.070
270.360
270.640
270.930
271.220
271.490
271.780
272.060
272.350
272.630
272.920
273.210
273.500
273.780
274.060
274.350
274.630
274.910
275.180
275.470
275.750
276.020
276.310
276.590
276.870
277.150
277.440
277.730
278.020
278.290
278.580
278.860
279.150
279.430
279.730
280.010
280.310
280.590
280.870
281.150
281.430
281.720
282.020
282.300
282.590
282.860
283.150
283.440
283.730
284.010
284.310
284.600
284.890
285.170
285.460
285.750
286.040
286.320
286.610
286.890
287.160
287.440
287.720
288.010
288.300
288.580
288.880
289.160
289.450
289.740
290.040
290.320
290.600
290.880
291.160
291.440
291.720
292.000
292.290
292.560
292.850
293.120
293.400
293.680
293.970
294.240
294.530
294.800
295.080
295.360
295.650
295.930
296.220
296.500
296.790
297.070
297.360
297.630
297.920
298.190
298.480
298.760
299.040
299.320
299.600
299.870
300.160
300.430
300.720
300.990
301.270
301.550
301.830
302.110
302.390
302.670
302.950
303.230
303.510
303.790
304.080
304.350
304.630
304.910
305.200
305.470
305.750
306.030
306.310
306.590
306.880
307.160
307.440
307.720
308.000
308.280
308.560
308.840
309.120
309.400
309.680
309.960
310.240
310.510
310.800
311.080
311.350
311.630
311.910
312.300
312.740
313.290
313.840
314.400
314.950
315.510
316.060
316.600
317.170
317.730
318.290
318.840
319.390
319.950
320.510
321.070
321.640
322.190
322.760
323.320
323.880
324.450
325.010
325.570
326.140
326.700
327.270
327.830
328.400
328.970
329.510
330.070
330.630
331.190
331.740
332.280
332.830
333.390
333.950
334.500
335.060
335.610
336.150
336.710
337.250
337.790
338.350
338.900
339.450
340.010
340.580
341.120
341.680
342.240
342.790
343.330
343.890
344.440
344.980
345.520
346.090
346.640
347.200
347.740
348.300
348.840
349.380
349.920
350.480
351.030
351.590
352.120
352.670
353.220
353.750
354.300
354.840
355.390
355.940
356.480
357.030
357.680
358.300
358.920
359.510
360.050
360.620
361.170
361.730
362.280
362.820
363.370
363.940
364.490
365.040
365.600
366.150
366.710
367.280
367.820
368.380
368.940
369.490
370.060
370.610
371.160
371.710
372.260
372.800
373.350
373.910
374.460
375.010
375.550
376.110
376.630
377.200
377.750
378.290
378.820
379.370
379.920
380.460
381.010
381.570
382.120
382.670
383.200
383.740
384.300
384.850
385.370
385.920
386.490
387.020
387.570
388.120
388.650
389.210
389.740
390.300
390.850
391.410
391.960
392.510
393.070
393.610
394.160
394.730
395.280
395.830
396.380
396.950
397.490
398.040
398.590
399.150
399.700
400.240
400.800
401.360
401.910
402.450
403.020
403.560
404.120
404.670
405.220
405.780
406.330
406.890
407.440
408.000
408.560
409.110
409.670
410.230
410.770
411.330
411.860
412.430
412.980
413.520
414.080
414.640
415.190
415.740
416.290
416.830
417.400
417.950
418.510
419.060
419.620
420.180
420.720
421.270
421.820
422.380
422.930
423.490
424.040
424.590
425.140
425.700
426.250
426.810
427.360
427.910
428.460
429.010
429.540
430.120
430.670
431.220
431.770
432.330
432.870
433.420
433.960
434.510
435.050
435.600
436.160
436.710
437.260
437.800
438.340
438.890
439.440
439.990
440.540
441.100
441.650
442.200
442.750
443.300
443.860
444.410
444.960
445.500
446.050
446.610
447.130
447.700
448.260
448.790
449.350
449.900
450.440
450.990
451.520
452.080
452.620
453.170
453.720
454.260
454.810
455.350
455.900
456.450
457.010
457.550
458.100
458.640
459.170
459.730
460.280
460.840
461.390
461.940
462.500
463.060
463.620
464.190
464.750
465.300
465.870
466.420
466.980
467.510
468.070
468.610
469.160
469.710
470.260
470.800
471.350
471.890
472.430
472.980
473.510
474.080
474.630
475.190
475.750
476.300
476.850
477.400
477.950
478.490
479.040
479.590
480.130
480.690
481.240
481.790
482.330
482.870
483.430
483.980
484.540
485.090
485.650
486.190
486.740
487.290
487.850
488.380
488.940
489.490
490.040
490.590
491.130
491.700
492.250
492.810
493.360
493.940
494.480
495.040
495.590
496.150
496.700
497.270
497.830
498.390
498.950
499.500
500.040
500.610
501.170
501.720
502.270
502.830
503.380
503.940
504.490
505.050
505.600
506.160
506.720
507.280
507.830
508.370
508.930
509.490
510.070
510.630
511.200
511.770
512.320
512.890
513.430
513.990
514.530
515.090
515.630
516.190
516.730
517.290
517.820
518.390
518.960
519.530
520.090
520.650
521.220
521.760
522.330
522.890
523.460
524.000
524.540
525.080
525.650
526.200
526.740
527.300
527.840
528.390
528.930
529.490
530.020
530.570
531.120
531.670
532.230
532.790
533.350
533.910
534.470
535.030
535.590
536.180
536.760
537.330
537.870
538.440
539.010
539.570
540.130
540.710
541.280
541.840
542.390
542.960
543.550
544.110
544.680
545.250
545.820
546.390
546.960
547.520
548.100
548.670
549.250
549.830
550.380
550.960
551.540
552.120
552.700
553.270
553.830
554.410
554.990
555.560
556.130
556.710
557.260
557.830
558.410
558.980
559.550
560.120
560.700
561.260
561.830
562.400
562.970
563.540
564.120
564.700
565.260
565.830
566.400
566.960
567.540
568.110
568.670
569.240
569.810
570.370
570.940
571.520
572.070
572.640
573.220
573.780
574.340
574.910
575.500
576.060
576.630
577.190
577.790
578.350
578.930
579.510
580.070
580.660
581.230
581.770
582.350
582.910
583.500
584.070
584.640
585.200
585.780
586.350
586.910
587.500
588.070
588.630
589.190
589.760
590.330
590.880
591.460
592.030
592.590
593.170
593.750
594.310
594.890
595.450
596.020
596.580
597.170
597.740
598.300
598.860
599.430
599.990
600.560
601.130
601.700
602.250
602.810
603.380
603.940
604.510
605.070
605.620
606.200
606.770
607.330
607.900
608.470
609.020
609.590
610.150
610.720
611.290
611.840
612.400
612.970
613.520
614.090
614.660
615.220
615.780
616.340
616.900
617.470
618.020
618.590
619.130
619.700
620.270
620.830
621.390
621.940
622.500
623.060
623.630
624.210
624.780
625.320
625.890
626.460
627.010
627.580
628.140
628.710
629.280
629.840
630.420
630.970
631.530
632.110
632.670
633.240
633.790
634.360
634.920
635.480
636.040
636.610
637.170
637.730
638.290
638.850
639.430
639.990
640.550
641.120
641.680
642.260
642.830
643.400
643.980
644.540
645.100
645.680
646.250
646.830
647.390
647.970
648.530
649.110
649.670
650.220
650.790
651.360
651.930
652.490
653.080
653.650
654.220
654.790
655.360
655.930
656.480
657.060
657.650
658.190
658.770
659.350
659.910
660.470
661.040
661.590
662.150
662.710
663.270
663.830
664.390
664.950
665.520
666.100
666.670
667.230
667.780
668.350
668.930
669.500
670.050
670.630
671.210
671.770
672.330
672.910
673.480
674.040
674.620
675.180
675.700
676.010
676.310
676.590
676.870
677.150
677.440
677.710
677.990
678.280
678.560
678.840
679.120
679.400
679.690
679.960
680.250
680.520
680.810
681.090
681.380
681.660
681.950
682.230
682.510
682.790
683.080
683.350
683.640
683.930
684.220
684.500
684.790
685.080
685.370
685.640
685.930
686.200
686.490
686.770
687.060
687.340
687.630
687.910
688.200
688.470
688.760
689.030
689.320
689.600
689.890
690.170
690.460
690.740
691.030
691.300
691.590
691.860
692.150
692.420
692.710
692.980
693.280
693.550
693.840
694.110
694.400
694.670
694.960
695.230
695.520
695.790
696.080
696.350
696.640
696.910
697.200
697.470
697.750
698.030
698.320
698.590
698.870
699.150
699.430
699.710
700.000
700.270
700.560
700.830
701.110
701.390
701.680
701.960
702.240
702.510
702.800
703.080
703.360
703.640
703.930
704.220
704.510
704.800
705.090
705.380
705.670
705.950
706.250
706.540
706.820
707.110
707.400
707.680
707.970
708.240
708.540
708.820
709.110
709.400
709.700
709.970
710.260
710.540
710.830
711.110
711.410
711.700
711.990
712.270
712.560
712.850
713.150
713.440
713.720
714.000
714.290
714.580
714.870
715.150
715.450
715.730
716.030
716.310
716.610
716.890
717.190
717.460
717.760
718.050
718.340
718.620
718.920
719.200
719.490
719.770
720.060
720.330
720.610
720.900
721.190
721.480
721.780
722.050
722.330
722.610
722.910
723.190
723.490
723.770
724.070
724.340
724.620
724.900
725.190
725.470
725.760
726.040
726.340
726.610
726.890
727.180
727.460
727.740
728.030
728.310
728.610
728.890
729.190
729.470
729.760
730.040
730.330
730.600
730.890
731.160
731.460
731.740
732.030
732.310
732.600
732.870
733.160
733.440
733.730
734.010
734.300
734.590
734.880
735.170
735.460
735.730
736.020
736.290
736.590
736.870
737.170
737.450
737.740
738.020
738.300
738.580
738.870
739.150
739.430
739.710
739.980
740.270
740.540
740.840
741.130
741.420
741.710
741.990
742.280
742.570
742.860
743.150
743.440
743.710
744.000
744.280
744.550
744.840
745.130
745.410
745.700
745.980
746.270
746.550
746.830
747.120
747.400
747.690
747.980
748.260
748.550
748.820
749.110
749.380
749.660
749.940
750.230
750.520
750.800
751.090
751.380
751.660
751.940
752.220
752.510
752.780
753.060
753.340
753.630
753.910
754.190
754.470
754.760
755.040
755.330
755.620
755.900
756.180
756.470
756.740
757.040
757.320
757.610
757.890
758.180
758.450
758.740
759.020
759.300
759.590
759.880
760.160
760.450
760.740
761.030
761.310
761.590
761.870
762.160
762.440
762.720
763.010
763.300
763.580
763.860
764.150
764.430
764.710
765.000
765.280
765.580
765.850
766.140
766.410
766.700
766.980
767.270
767.560
767.850
768.140
768.440
768.720
769.020
769.310
769.600
769.890
770.170
770.460
770.750
771.040
771.330
771.620
771.910
772.200
772.490
772.790
773.080
773.370
773.650
773.960
774.260
774.550
774.850
775.160
775.450
775.760
776.080
776.390
776.690
777.010
777.310
777.620
777.930
778.250
778.560
778.870
779.180
779.480
779.800
780.080
780.360
780.640
780.910
781.190
781.480
781.770
782.060
782.370
782.670
782.980
783.280
783.600
783.900
784.210
784.520
784.840
785.150
785.480
785.800
786.110
786.430
786.750
787.070
787.390
787.720
788.040
788.360
788.680
788.990
789.310
789.630
789.950
790.270
790.590
790.910
791.230
791.550
791.880
792.200
792.520
792.840
793.160
793.480
793.800
794.110
794.430
794.750
795.070
795.390
795.710
796.030
796.350
796.670
796.990
797.310
797.630
797.960
798.270
798.600
