0.210
0.780
1.370
1.940
2.500
3.060
3.640
4.190
4.730
5.300
5.890
6.450
7.040
7.610
8.170
8.710
9.260
9.830
10.400
10.990
11.570
12.130
12.710
13.280
13.820
14.410
14.990
15.560
16.100
16.700
17.270
17.810
18.440
19.020
19.640
20.300
20.930
21.560
22.150
22.770
23.420
24.040
24.630
25.270
25.860
26.420
26.960
27.530
28.070
28.650
29.190
29.780
30.340
30.890
31.440
31.980
32.520
33.100
33.670
34.200
34.760
35.330
35.910
36.470
37.060
37.590
38.170
38.740
39.280
39.850
40.390
40.980
41.550
42.120
42.700
43.240
43.830
44.360
44.950
45.490
46.040
46.610
47.180
47.730
48.300
48.880
49.440
50.000
50.570
51.160
51.710
52.250
52.820
53.400
53.950
54.510
55.050
55.610
56.190
56.740
57.300
57.850
58.420
58.980
59.530
60.110
60.680
61.260
61.830
62.410
62.960
63.570
64.140
64.720
65.280
65.890
66.450
67.000
67.590
68.170
68.720
69.310
69.880
70.440
71.010
71.580
72.190
72.770
73.340
73.900
74.460
75.020
75.570
76.130
76.720
77.290
77.850
78.440
79.010
79.560
80.160
80.750
81.300
81.870
82.430
83.030
83.580
84.160
84.730
85.300
85.880
86.450
87.020
87.600
88.160
88.750
89.310
89.870
90.450
91.030
91.610
92.210
92.780
93.370
93.920
94.500
95.110
95.690
96.260
96.850
97.420
97.980
98.580
99.140
99.720
100.310
100.870
101.420
102.020
102.590
103.140
103.720
104.280
104.870
105.440
105.980
106.590
107.170
107.730
108.300
108.910
109.490
110.070
110.640
111.230
111.790
112.360
112.950
113.530
114.130
114.690
115.280
115.840
116.420
116.970
117.540
118.120
118.730
119.300
119.890
120.450
121.040
121.590
122.160
122.740
123.350
123.910
124.530
125.120
125.690
126.250
126.810
127.410
127.990
128.550
129.110
129.670
130.240
130.840
131.390
131.980
132.550
133.100
133.700
134.260
134.860
135.410
136.020
136.580
137.180
137.740
138.340
138.900
139.470
140.060
140.660
141.230
141.790
142.380
142.980
143.550
144.120
144.670
145.230
145.840
146.420
146.970
147.550
148.110
148.690
149.260
149.820
150.410
151.000
151.570
152.180
152.750
153.350
153.930
154.510
155.090
155.660
156.230
156.810
157.410
157.960
158.560
159.130
159.720
160.280
160.860
161.480
162.060
162.640
163.200
163.790
164.340
164.900
165.470
166.060
166.660
167.270
167.860
168.430
169.030
169.600
170.160
170.730
171.320
171.920
172.500
173.080
173.670
174.260
174.870
175.440
176.030
176.610
177.170
177.770
178.370
178.950
179.520
180.120
180.740
181.350
181.930
182.520
183.070
183.660
184.260
184.840
185.400
185.980
186.560
187.150
187.740
188.320
188.950
189.540
190.130
190.710
191.300
191.880
192.450
193.050
193.630
194.220
194.800
195.360
195.960
196.530
197.090
197.670
198.250
198.860
199.410
200.000
200.570
201.170
201.750
202.320
202.900
203.490
204.080
204.650
205.260
205.840
206.430
207.010
207.620
208.220
208.780
209.400
209.980
210.570
211.140
211.710
212.280
212.880
213.440
214.030
214.600
215.200
215.770
216.330
216.940
217.500
218.090
218.650
219.240
219.850
220.440
221.000
221.600
222.160
222.750
223.310
223.920
224.490
225.070
225.630
226.220
226.820
227.400
227.950
228.560
229.130
229.690
230.240
230.850
231.420
232.000
232.550
233.120
233.690
234.280
234.850
235.420
235.990
236.560
237.140
237.720
238.320
238.880
239.450
240.060
240.640
241.190
241.750
242.360
242.940
243.520
244.080
244.660
245.240
245.820
246.400
247.020
247.590
248.170
248.740
249.310
249.870
250.470
251.030
251.630
252.200
252.790
253.350
253.930
254.520
255.080
255.640
256.220
256.790
257.370
257.930
258.520
259.090
259.660
260.230
260.810
261.380
261.950
262.520
263.100
263.650
264.240
264.820
265.390
265.960
266.570
267.120
267.720
268.310
268.890
269.470
270.050
270.620
271.190
271.750
272.330
272.910
273.470
274.030
274.620
275.200
275.770
276.370
276.950
277.550
278.150
278.730
279.290
279.880
280.440
281.020
281.610
282.190
282.820
283.420
283.980
284.560
285.150
285.710
286.310
286.900
287.480
288.070
288.640
289.250
289.840
290.440
291.000
291.590
292.210
292.800
293.360
293.950
294.570
295.160
295.720
296.320
296.890
297.480
298.060
298.630
299.220
299.790
300.380
300.960
301.550
302.140
302.710
303.280
303.840
304.370
304.960
305.550
306.120
306.720
307.270
307.870
308.470
309.050
309.630
310.230
310.840
311.440
312.020
312.610
313.170
313.750
314.340
314.910
315.520
316.100
316.670
317.260
317.850
318.470
319.050
319.650
320.230
320.810
321.430
322.070
322.660
323.280
323.900
324.530
325.170
325.790
326.370
326.990
327.560
328.180
328.790
329.400
330.010
330.660
331.330
332.070
332.780
333.490
334.200
334.880
335.640
336.380
337.100
337.910
338.650
339.420
340.220
340.970
341.750
342.580
343.350
344.140
344.960
345.760
346.570
347.330
348.110
348.900
349.710
