0.430
1.250
2.000
2.800
3.590
4.330
5.120
5.940
6.710
7.520
8.290
9.110
9.920
10.730
11.550
12.330
13.170
13.980
14.780
15.530
16.350
17.170
17.970
18.750
19.570
20.380
21.180
21.990
22.800
23.630
24.420
25.260
26.090
26.880
27.680
28.520
29.320
30.160
30.920
31.770
32.570
33.370
34.170
34.950
35.790
36.590
37.370
38.180
39.010
39.790
40.590
41.440
42.200
43.040
43.820
44.610
45.390
46.220
46.990
47.790
48.610
49.430
50.240
51.030
51.870
52.670
53.430
54.260
55.050
55.920
56.730
57.500
58.340
59.110
59.940
60.780
61.590
62.380
63.180
63.990
64.830
65.620
66.430
67.230
68.090
68.920
69.710
70.500
71.340
72.220
73.040
73.830
74.670
75.520
76.320
77.090
77.940
78.730
79.560
80.370
81.180
82.020
82.870
83.670
84.480
85.300
86.110
86.890
87.760
88.560
89.430
90.220
91.020
91.850
92.650
93.460
94.270
95.080
95.870
96.640
97.480
98.330
99.130
100.000
100.790
101.580
102.400
103.230
104.110
104.900
105.750
106.570
107.360
108.170
109.000
109.790
110.640
111.440
112.250
113.090
113.940
114.770
115.570
116.390
117.250
118.060
118.900
119.750
120.590
121.420
122.260
123.060
123.910
124.780
125.600
126.450
127.320
128.110
128.940
129.790
130.630
131.430
132.260
133.100
133.920
134.790
135.630
136.480
137.310
138.180
138.990
139.830
140.670
141.540
142.390
143.250
144.090
144.930
145.740
146.560
147.360
148.190
149.000
149.790
150.630
151.470
152.260
153.130
153.920
154.800
155.610
156.430
157.250
158.070
158.910
159.740
160.550
161.420
162.300
163.230
164.100
164.890
165.720
166.400
167.110
167.800
168.520
169.180
169.900
170.670
171.440
172.220
172.990
173.780
174.560
175.370
176.170
176.930
177.710
178.480
179.290
180.070
180.850
181.580
182.330
183.130
183.890
184.610
185.390
186.160
186.920
187.710
188.550
189.320
190.150
190.910
191.710
192.550
