0.580	1
1.380
2.100
2.810
3.500	1
4.230
4.960
5.720
6.430	1
7.150
7.870
8.580
9.340	1
10.070
10.820
11.560
12.350	1
13.160
13.930
14.720
15.510	1
16.300
17.080
17.910
18.690	1
19.510
20.310
21.130
21.930	1
22.770
23.540
24.380
25.170	1
26.010
26.790
27.600
28.420	1
29.260
30.060
30.870
31.660	1
32.520
33.290
34.150
34.920	1
35.740
36.550
37.400
38.170	1
39.010
39.820
40.650
41.470	1
42.320
43.090
43.960
44.780	1
45.690
46.560
47.440
48.190	1
48.990
49.740
50.590
51.380	1
52.250
53.040
53.880
54.660	1
55.510
56.370
57.260
58.060	1
58.930
59.780
60.570
61.410	1
62.250
63.090
63.920
64.780	1
65.570
66.350
67.180
67.960	1
68.790
69.590
70.440
71.280	1
72.170
72.940
73.790
74.610	1
75.440
76.260
77.090
77.940	1
78.700
79.530
80.370
81.190	1
81.990
82.750
83.600
84.440	1
85.280
86.090
86.930
87.780	1
88.660
89.510
90.310
91.220	1
92.040
92.870
93.660
94.470	1
95.340
96.130
96.910
97.770	1
98.620
99.430
100.250
101.080	1
101.890
102.680
103.520
104.310	1
105.190
106.010
106.800
107.640	1
108.440
109.230
110.120
110.940	1
111.750
112.570
113.400
114.230	1
115.030
115.850
116.670
117.540	1
118.360
119.220
120.050
120.860	1
121.680
122.490
123.330
124.150	1
125.020
125.860
126.670
127.490	1
128.340
129.170
129.990
130.830	1
131.620
132.490
133.310
134.090	1
134.910
135.720
136.560
137.350	1
138.180
139.020
139.840
140.660	1
141.510
142.310
143.170
143.990	1
144.850
145.710
146.510
147.320	1
148.190
148.980
149.880
150.700	1
151.580
152.390
153.210
154.040	1
154.820
155.690
156.540
157.380	1
158.260
159.110
159.980
160.820	1
161.600
162.480
163.360
164.180	1
165.060
165.910
166.720
167.620	1
168.440
169.330
170.190
171.020	1
171.930
172.790
173.590
174.450	1
175.340
176.130
176.910
177.750	1
178.580
179.410
180.310
181.130	1
182.040
182.940
183.790
184.650	1
185.580
186.510
187.430
188.250	1
