0.670
1.420
2.060
2.760
3.420
4.140
4.780
5.500
6.180
6.850
7.470
8.120
8.750
9.430
10.130
10.870
11.600
12.340
13.040
13.670
14.300
14.950
15.600
16.220
16.870
17.530
18.030
18.590
19.110
19.640
20.150
20.710
21.220
21.720
22.210
22.750
23.260
23.740
24.280
24.850
25.360
25.920
26.470
26.980
27.530
28.090
28.630
29.140
29.710
30.230
30.800
31.320
31.890
32.440
33.000
33.530
34.050
34.610
35.120
35.670
36.100
36.530
36.870
37.230
37.560
37.910
38.260
38.610
38.960
39.330
39.660
40.010
40.370
40.720
41.080
41.410
41.770
42.110
42.470
42.810
43.150
43.500
43.820
44.170
44.520
44.890
45.260
45.640
46.010
46.370
46.750
47.120
47.500
47.870
48.240
48.610
48.960
49.340
49.710
50.090
50.490
50.860
51.240
51.620
51.980
52.340
52.670
53.010
53.340
53.660
53.980
54.290
54.610
54.940
55.250
55.600
55.950
56.300
56.640
56.990
57.350
57.730
58.090
58.450
58.790
59.170
59.530
59.890
60.210
60.550
60.900
61.240
61.590
61.930
62.280
62.640
62.990
63.330
63.650
64.010
64.320
64.660
64.990
65.320
65.670
66.000
66.330
66.690
67.060
67.450
67.820
68.180
68.540
68.880
69.230
69.550
69.890
70.250
70.590
70.930
71.270
71.610
71.930
72.300
72.630
72.980
73.340
73.700
74.030
74.370
74.710
75.040
75.380
75.730
76.060
76.410
76.770
77.120
77.490
77.860
78.210
78.540
78.890
79.240
79.570
79.900
80.260
80.590
80.960
81.300
81.660
81.980
82.300
82.630
82.980
83.310
83.620
83.970
84.300
84.620
84.950
85.280
85.610
85.930
86.240
86.570
86.910
87.240
87.580
87.910
88.240
88.550
88.910
89.230
89.590
89.930
90.270
90.600
90.950
91.270
91.620
91.950
92.270
92.600
92.940
93.270
93.590
93.910
94.300
94.690
95.070
95.450
95.790
96.150
96.510
96.890
97.250
97.590
97.930
98.260
98.580
98.930
99.260
99.580
99.900
100.250
100.580
100.930
101.260
101.600
101.950
102.300
102.640
102.960
103.300
103.630
103.980
104.300
104.620
104.950
105.300
105.630
105.940
106.270
106.600
106.940
107.260
107.580
107.910
108.240
108.560
108.890
109.220
109.550
109.900
110.230
110.560
110.880
111.210
111.530
111.860
112.230
112.560
112.930
113.300
113.650
114.010
114.360
114.730
115.100
115.440
115.800
116.160
116.540
116.900
117.250
117.580
117.920
118.280
118.620
118.950
119.280
119.630
119.980
120.320
120.650
121.020
121.350
121.720
122.070
122.400
122.710
123.040
123.390
123.710
124.030
124.360
124.710
125.040
125.360
125.680
126.010
126.350
126.700
127.070
127.420
127.770
128.120
128.470
128.800
129.160
129.500
129.850
130.200
130.550
130.920
131.240
131.570
131.890
132.220
132.550
132.890
133.230
133.590
133.920
134.250
134.600
134.930
135.270
135.610
135.950
136.290
136.650
136.990
137.320
137.660
138.010
138.330
138.670
139.020
139.370
139.710
140.050
140.380
140.710
141.050
141.410
141.790
142.150
142.510
142.860
143.210
143.550
143.890
144.260
144.600
144.960
145.280
145.640
145.980
146.320
146.640
147.000
147.340
147.650
148.000
148.320
148.650
148.990
149.330
149.660
150.020
150.340
150.690
151.020
151.340
151.670
152.020
152.350
152.700
153.030
153.370
153.730
154.080
154.430
154.780
155.130
155.470
155.800
156.140
156.500
156.840
157.170
157.480
157.810
158.140
158.500
158.860
159.210
159.540
159.890
160.260
160.600
160.920
161.260
161.590
161.920
162.240
162.560
162.900
163.240
163.560
163.890
164.210
164.540
164.930
165.340
165.720
166.230
166.750
167.340
167.900
168.430
169.020
169.650
170.280
170.940
171.590
172.260
172.890
173.530
174.150
174.820
175.460
176.160
176.870
177.590
178.280
178.960
179.600
180.280
180.940
181.620
182.240
182.910
183.610
184.260
184.960
185.590
186.340
187.100
187.910
188.710
189.510
190.260
191.060
191.930
192.870
193.780
194.650
195.560
196.400
197.290
198.190
199.150
200.080
201.190
202.220
203.300
204.360
205.420
206.480
207.550
208.550
209.660
210.700
211.770
212.870
213.910
215.000
216.060
217.120
218.130
219.220
220.370
221.420
222.520
223.640
224.720
225.820
226.850
227.990
229.020
230.080
230.940
231.780
232.670
233.440
234.220
235.020
235.790
236.560
237.400
238.180
239.050
