0.350
0.800
1.260
1.740
2.200
2.640
3.100
3.560
4.040
4.500
4.950
5.400
5.880
6.340
6.800
7.240
7.710
8.170
8.620
9.090
9.550
10.000
10.440
10.900
11.340
11.830
12.280
12.760
13.220
13.680
14.140
14.610
15.070
15.530
15.910
16.270
16.650
17.000
17.330
17.700
18.030
18.390
18.730
19.100
19.460
19.840
20.220
20.620
20.990
21.320
21.690
22.020
22.370
22.720
23.080
23.420
23.790
24.170
24.570
24.940
25.310
25.740
26.200
26.680
27.120
27.600
28.050
28.520
29.000
29.460
29.940
30.410
30.880
31.340
31.810
32.290
32.750
33.210
33.680
34.160
34.610
35.090
35.540
36.010
36.450
36.930
37.390
37.850
38.310
38.800
39.250
39.740
40.210
40.680
41.130
41.600
42.070
42.560
43.020
43.500
43.980
44.460
44.940
45.410
45.900
46.370
46.850
47.330
47.840
48.310
48.790
49.260
49.730
50.190
50.670
51.150
51.610
52.090
52.570
53.040
53.530
54.000
54.460
54.930
55.410
55.880
56.360
56.820
57.300
57.760
58.240
58.710
59.180
59.640
60.100
60.570
61.050
61.530
62.010
62.490
62.970
63.460
63.940
64.410
64.880
65.370
65.850
66.330
66.800
67.280
67.770
68.240
68.730
69.210
69.690
70.160
70.660
71.120
71.610
72.080
72.570
73.060
73.540
74.030
74.510
75.000
75.470
75.940
76.430
76.910
77.410
77.890
78.400
78.860
79.350
79.830
80.320
80.810
81.280
81.760
82.240
82.720
83.210
83.670
84.140
84.600
85.070
85.550
86.050
86.520
86.990
87.470
87.960
88.440
88.920
89.400
89.880
90.360
90.840
91.340
91.830
92.340
92.800
93.310
93.810
94.290
94.770
95.230
95.730
96.210
96.690
97.160
97.660
98.160
98.640
99.130
99.600
100.090
100.580
101.070
101.560
102.060
102.550
103.040
103.610
104.140
104.710
105.240
105.710
106.210
106.700
107.190
107.700
108.180
108.690
109.200
109.690
110.170
110.660
111.150
111.630
112.120
112.620
113.100
113.590
114.070
114.570
115.060
115.550
116.030
116.540
117.000
117.490
117.990
118.480
118.970
119.470
119.970
120.490
120.970
121.470
121.950
122.450
122.920
123.430
123.920
124.430
124.930
125.420
125.920
126.410
126.900
127.400
127.910
128.390
128.880
129.380
129.880
130.360
130.880
131.370
131.870
132.360
132.870
133.370
133.860
134.370
134.870
135.360
135.870
136.370
136.870
137.390
137.880
138.410
138.910
139.420
139.920
140.410
140.950
141.480
141.960
142.490
142.990
143.500
144.010
144.510
145.020
145.520
146.030
146.550
147.060
147.570
148.060
148.580
149.060
149.560
150.060
150.570
151.070
151.580
152.080
152.560
153.080
153.570
154.080
154.580
155.110
155.630
156.130
156.660
157.170
157.710
158.230
158.740
159.260
159.770
160.270
160.790
161.290
161.790
162.310
162.820
163.310
163.840
164.320
164.830
165.320
165.840
166.340
166.840
167.340
167.840
168.360
168.890
169.390
169.900
170.420
170.930
171.450
171.970
172.340
172.730
173.130
173.500
173.890
174.260
174.650
175.020
175.410
175.780
176.170
176.540
176.940
177.300
177.700
178.060
178.450
178.820
179.210
179.580
180.070
180.560
181.080
181.590
182.100
182.630
183.140
183.660
184.160
184.660
185.180
185.680
186.190
186.680
187.210
187.720
188.230
188.730
189.240
189.750
190.290
190.820
191.340
191.870
192.390
192.900
193.420
193.960
194.460
194.980
195.460
196.000
196.510
197.030
197.550
198.060
198.590
199.120
199.620
200.120
200.640
201.180
201.670
202.200
202.740
203.240
203.770
204.280
204.790
205.330
205.750
206.130
206.540
206.930
207.350
207.730
208.150
208.530
208.950
209.350
209.750
210.130
210.530
210.900
211.310
211.680
212.090
212.460
212.870
213.250
213.750
214.290
214.820
215.340
215.880
216.400
216.910
217.420
217.940
218.460
219.010
219.520
220.050
220.570
221.110
221.630
222.160
222.670
223.190
223.730
224.270
224.810
225.320
225.850
226.370
226.910
227.450
228.000
228.520
229.060
229.590
230.120
230.660
231.180
231.740
232.270
232.820
233.240
233.640
234.080
234.480
234.910
235.320
235.760
236.180
236.600
237.010
237.440
237.840
238.280
238.680
239.120
239.530
239.960
240.370
240.800
241.200
241.630
242.030
242.320
242.610
242.890
243.180
243.480
243.770
244.080
244.380
244.670
244.970
245.270
245.580
245.890
246.190
246.500
246.820
247.120
247.430
247.750
248.060
248.360
248.680
248.980
249.300
249.630
249.950
250.270
250.590
250.900
251.220
251.550
251.870
252.180
252.500
252.830
253.150
253.470
253.790
254.110
254.420
254.750
255.060
255.380
255.710
256.020
256.340
256.670
256.980
257.300
257.630
257.940
258.260
258.580
258.910
259.230
