0.410
0.905
1.400
1.910
2.420
2.895
3.370
3.855
4.340
4.825
5.310
5.795
6.280
6.745
7.210
7.700
8.190
8.690
9.190
9.700
10.210
10.695
11.180
11.670
12.160
12.620
13.080
13.550
14.020
14.510
15.000
15.460
15.920
16.440
16.960
17.480
18.000
18.535
19.070
19.585
20.100
20.650
21.200
21.725
22.250
22.770
23.290
23.815
24.340
24.885
25.430
25.975
26.520
27.050
27.580
28.080
28.580
29.115
29.650
30.125
30.600
31.160
31.720
32.275
32.830
33.380
33.930
34.440
34.950
35.495
36.040
36.570
37.100
37.565
38.030
38.530
39.030
39.495
39.960
40.390
40.820
41.245
41.670
42.110
42.550
42.910
43.270
43.590
43.910
44.245
44.580
44.885
45.190
45.515
45.840
46.190
46.540
46.935
47.330
47.690
48.050
48.365
48.680
48.970
49.260
49.570
49.880
50.185
50.490
50.780
51.070
51.380
51.690
51.920
52.150
52.370
52.590
52.825
53.060
53.285
53.510
53.750
53.990
54.215
54.440
54.680
54.920
55.155
55.390	1
55.625
55.860
56.090
56.320	1
56.540
56.760
56.980
57.200	1
57.430
57.660
57.875
58.090	1
58.320
58.550
58.765
58.980	1
59.210
59.440
59.660
59.880	1
60.100
60.320
60.545
60.770	1
60.995
61.220
61.440
61.660	1
61.880
62.100
62.330
62.560	1
62.780
63.000
63.220
63.440	1
63.665
63.890
64.110
64.330	1
64.550
64.770
65.000
65.230	1
65.450
65.670
65.890
66.110	1
66.330
66.550
66.765
66.980	1
67.200
67.420
67.645
67.870	1
68.085
68.300
68.515
68.730	1
68.955
69.180
69.405
69.630	1
69.860
70.090
70.315
70.540	1
70.750
70.960
71.185
71.410	1
71.625
71.840
72.065
72.290	1
72.510
72.730
72.955
73.180	1
73.405
73.630
73.850
74.070	1
74.290
74.510
74.730
74.950	1
75.175
75.400
75.620
75.840	1
76.055
76.270
76.500
76.730	1
76.950
77.170
77.390
77.610	1
77.830
78.050
78.270
78.490	1
78.705
78.920
79.140
79.360	1
79.590
79.820
80.040
80.260	1
80.485
80.710
80.935
81.160	1
81.385
81.610
81.830
82.050	1
82.260
82.470
82.680
82.890	1
83.115
83.340
83.555
83.770	1
83.985
84.200
84.410
84.620	1
84.830
85.040
85.265
85.490	1
85.705
85.920
86.125
86.330	1
86.545
86.760
86.975
87.190	1
87.390
87.590
87.810
88.030	1
88.235
88.440
88.645
88.850	1
89.065
89.280
89.490
89.700	1
89.900
90.100
90.310
90.520	1
90.735
90.950
91.160
91.370	1
91.575
91.780
91.985
92.190	1
92.395
92.600
92.815
93.030	1
93.235
93.440
93.650
93.860	1
94.060
94.260
94.470
94.680	1
94.885
95.090
95.290
95.490	1
95.695
95.900
96.110
96.320	1
96.530
96.740
96.955
97.170	1
97.370
97.570
97.775
97.980	1
98.185
98.390
98.600
98.810	1
99.015
99.220
99.430
99.640	1
99.845
100.050
100.255
100.460	1
100.660
100.860
101.065
101.270	1
101.470
101.670
101.880
102.090	1
102.300
102.510
102.715
102.920	1
103.130
103.340
103.545
103.750	1
103.955
104.160
104.360
104.560	1
104.765
104.970
105.175
105.380	1
105.590
105.800
106.000
106.200	1
106.405
106.610
106.820
107.030	1
107.230
107.430
107.630
107.830	1
108.030
108.230
108.435
108.640	1
108.840
109.040
109.240
109.440	1
109.640
109.840
110.045
110.250	1
110.465
110.680
110.890
111.100	1
111.305
111.510
111.710
111.910	1
112.115
112.320
112.520
112.720	1
112.925
113.130
113.345
113.560	1
113.755
113.950
114.160
114.370	1
114.575
114.780
114.990
115.200	1
115.405
115.610
115.815
116.020	1
116.220
116.420
116.620
116.820	1
117.020
117.220
117.430
117.640	1
117.845
118.050
118.250
118.450	1
118.655
118.860
119.060
119.260	1
119.465
119.670
119.870
120.070	1
120.270
120.470
120.675
120.880	1
121.075
121.270
121.485
121.700	1
121.905
122.110
122.310
122.510	1
122.710
122.910
123.120
123.330	1
123.530
123.730
123.940
124.150	1
124.355
124.560
124.770
124.980	1
125.185
125.390
125.585
125.780	1
125.990
126.200
126.405
126.610	1
126.815
127.020
127.230
127.440	1
127.640
127.840
128.050
128.260	1
128.470
128.680
128.880
129.080	1
129.285
129.490
129.685
129.880	1
130.090
130.300
130.495
130.690	1
130.890
131.090
131.295
131.500	1
131.705
131.910
132.110
132.310	1
132.515
132.720
132.925
133.130	1
133.330
133.530
133.730
133.930	1
134.125
134.320
134.530
134.740	1
134.935
135.130
135.330
135.530	1
135.735
135.940
136.150
136.360	1
136.570
136.780
136.980
137.180	1
137.385
137.590
137.800
138.010	1
138.210
138.410
138.620
138.830	1
139.025
139.220
139.430
139.640	1
139.850
140.060
140.265
140.470	1
140.675
140.880
141.090
141.300	1
141.505
141.710
141.915
142.120	1
142.320
142.520
142.720
142.920	1
143.125
143.330
143.545
143.760	1
143.955
144.150
144.360
144.570	1
144.775
144.980
145.180
145.380	1
145.590
145.800
145.995
146.190	1
146.395
146.600
146.805
147.010	1
147.215
147.420
147.620
147.820	1
148.025
148.230
148.435
148.640	1
148.840
149.040
149.250
149.460	1
149.665
149.870
150.075
150.280	1
150.485
150.690
150.890
151.090	1
151.285
151.480
151.680
151.880	1
152.085
152.290
152.500
152.710	1
152.915
153.120
153.320
153.520	1
153.725
153.930
154.130
154.330	1
154.540
154.750
154.950
155.150	1
155.345
155.540
155.745
155.950	1
156.150
156.350
156.550
156.750	1
156.955
157.160
157.370
157.580	1
157.775
157.970
158.180
158.390	1
158.590
158.790
158.995
159.200	1
159.405
159.610
159.815
160.020	1
160.210
160.400
160.610
160.820	1
161.015
161.210
161.415
161.620	1
161.825
162.030
162.235
162.440	1
162.650
162.860
163.060
163.260	1
163.470
163.680
163.875
164.070	1
164.290
164.510
164.715
164.920	1
165.135
165.350
165.550
165.750	1
165.960
166.170
166.380
166.590	1
166.795
167.000
167.210
167.420	1
167.620
167.820
168.010
168.200	1
168.385
168.570
168.765
168.960	1
169.150
169.340
169.540
169.740	1
169.955
170.170
170.370
170.570	1
170.780
170.990
171.190
171.390	1
171.595
171.800
171.995
172.190	1
172.395
172.600
172.790
172.980	1
173.190
173.400
173.595
173.790	1
173.995
174.200
174.390
174.580	1
174.785
174.990
175.180
175.370	1
175.575
175.780
175.970
176.160	1
176.360
176.560
176.735
176.910	1
177.085
177.260
177.440
177.620	1
177.805
177.990
178.155
178.320	1
178.470
178.620
178.780
178.940	1
179.095
179.250
179.405
179.560	1
179.710
179.860
180.020
180.180	1
180.335
180.490
180.630
180.770	1
180.920
181.070
181.215
181.360	1
181.505
181.650
181.795
181.940	1
182.080
182.220
182.365
182.510	1
182.660
182.810
182.960
183.110	1
183.265
183.420
183.565
183.710	1
183.865
184.020
184.170
184.320	1
184.470
184.620
184.770
184.920	1
185.065
185.210
185.360
185.510	1
185.670
185.830
185.995
186.160	1
186.320
186.480
186.640
186.800	1
186.955
187.110
187.265
187.420	1
187.570
187.720
187.875
188.030	1
188.185
188.340
188.495
188.650	1
188.810
188.970
189.120
189.270	1
189.425
189.580
189.740
189.900	1
190.050
190.200
190.360
190.520	1
190.675
190.830
190.985
191.140	1
191.295
191.450
191.595
191.740	1
191.890
192.040
192.195
192.350	1
192.495
192.640
192.790
192.940	1
193.090
193.240
193.395
193.550	1
193.700
193.850
194.000
194.150	1
194.295
194.440
194.595
194.750	1
194.900
195.050
195.200
195.350	1
195.495
195.640
195.790
195.940	1
196.100
196.260
196.425
196.590	1
196.750
196.910
197.070
197.230	1
197.390
197.550
197.710
197.870	1
198.025
198.180
198.345
198.510	1
198.665
198.820
198.985
199.150	1
199.290
199.430
199.575
199.720	1
199.865
200.010
200.160
200.310	1
200.455
200.600
200.745
200.890	1
201.035
201.180
201.320
201.460	1
201.605
201.750
201.895
202.040	1
202.195
202.350
202.500
202.650	1
202.805
202.960
203.110
203.260	1
203.420
203.580
203.730
203.880	1
204.040
204.200
204.350
204.500	1
204.655
204.810
204.970
205.130	1
205.285
205.440
205.590
205.740	1
205.895
206.050
206.250
206.450	1
206.655
206.860
207.065
207.270	1
207.470
207.670
207.870
208.070	1
208.275
208.480
208.680
208.880	1
209.090
209.300
209.520
209.740	1
209.945
210.150
210.360
210.570	1
210.785
211.000
211.200
211.400	1
211.600
211.800
211.995
212.190	1
212.390
212.590
212.800
213.010	1
213.215
213.420
213.625
213.830	1
214.035
214.240
214.440
214.640	1
214.840
215.040
215.245
215.450	1
215.665
215.880
216.085
216.290	1
216.495
216.700
216.895
217.090	1
217.290
217.490
217.695
217.900	1
218.085
218.270
218.470
218.670	1
218.865
219.060
219.255
219.450	1
219.650
219.850
220.040
220.230	1
220.435
220.640
220.855
221.070	1
221.290
221.510
221.725
221.940	1
222.150
222.360
222.560
222.760	1
222.965
223.170
223.370
223.570	1
223.765
223.960
224.160
224.360	1
224.565
224.770
224.975
225.180	1
225.380
225.580
225.790
226.000	1
226.210
226.420
226.610
226.800	1
227.000
227.200
227.410
227.620	1
227.820
228.020
228.215
228.410	1
228.610
228.810
229.010
229.210	1
229.415
229.620
229.820
230.020	1
230.215
230.410
230.615
230.820	1
231.010
231.200
231.410
231.620	1
231.805
231.990
232.200
232.410	1
232.605
232.800
233.000
233.200	1
233.395
233.590
233.795
234.000	1
234.205
234.410
234.605
234.800	1
235.015
235.230
235.430
235.630	1
235.840
236.050
236.260
236.470	1
236.680
236.890
237.125
237.360	1
237.585
237.810
238.025
238.240	1
238.445
238.650
238.860
239.070	1
239.275
239.480
239.690
239.900	1
240.110
240.320	1
240.540
240.760
240.970
241.180	1
241.390
241.600
241.800
242.000	1
242.215
242.430
242.635
242.840	1
243.060
243.280
243.485
243.690	1
243.905
244.120
244.330
244.540	1
244.745
244.950
245.155
245.360	1
245.570
245.780
246.000
246.220	1
246.420
246.620
246.845
247.070	1
247.285
247.500
247.700
247.900	1
248.115
248.330
248.540
248.750	1
248.960
249.170
249.380
249.590	1
249.810
250.030
250.245
250.460	1
250.670
250.880
251.090
251.300	1
251.515
251.730
251.945
252.160	1
252.365
252.570
252.770
252.970	1
253.185
253.400
253.600
253.800	1
254.020
254.240
254.455
254.670	1
254.880
255.090
255.315
255.540	1
255.750
255.960
256.165
256.370	1
256.585
256.800
257.010
257.220	1
257.440
257.660
257.865
258.070	1
258.280
258.490
258.700
258.910	1
259.125
259.340
259.560
259.780	1
259.985
260.190
260.405
260.620	1
260.830
261.040
261.245
261.450	1
261.660
261.870
262.075
262.280	1
262.500
262.720
262.920
263.120	1
263.345
263.570
263.775
263.980	1
264.210
264.440
264.660
264.880	1
265.167
265.454
265.741
266.028	1
266.321
266.614
266.906
267.199	1
