0.330
0.770
1.230
1.680
2.130
2.580
3.030
3.480
3.920
4.370
4.820
5.290
5.710
6.160
6.590
7.050
7.480
7.940
8.370
8.840
9.270
9.720
10.140
10.600
11.030
11.470
11.900
12.330
12.780
13.240
13.680
14.110
14.560
15.010
15.430
15.890
16.330
16.760
17.210
17.640
18.080
18.530
18.960
19.420
19.860
20.320
20.750
21.200
21.640
22.070
22.520
22.960
23.400
23.870
24.310
24.770
25.200
25.630
26.090
26.540
26.980
27.440
27.890
28.330
28.780
29.230
29.670
30.130
30.570
31.010
31.460
31.900
32.340
32.770
33.230
33.680
34.120
34.570
35.000
35.450
35.880
36.350
36.780
37.220
37.660
38.110
38.550
39.010
39.460
39.900
40.320
40.780
41.210
41.650
42.100
42.560
42.990
43.440
43.870
44.310
44.760
45.220
45.650
46.110
46.550
46.990
47.410
47.870
48.290
48.750
49.170
49.630
50.090
50.530
50.940
51.390
51.820
52.230
52.680
53.120
53.550
54.010
54.450
54.870
55.310
55.740
56.180
56.610
57.040
57.470
57.880
58.320
58.760
59.180
59.620
60.070
60.500
60.910
61.350
61.780
62.200
62.650
63.080
63.490
63.930
64.390
64.830
65.260
65.710
66.140
66.550
66.990
67.430
67.850
68.250
68.690
69.120
69.540
69.980
70.400
70.820
71.250
71.700
72.110
72.550
72.990
73.400
73.840
74.270
74.710
75.140
75.580
76.000
76.450
76.860
77.300
77.740
78.180
78.600
79.050
79.470
79.920
80.330
80.780
81.200
81.600
82.030
82.470
82.890
83.340
83.760
84.180
84.610
85.060
85.470
85.910
86.340
86.780
87.200
87.620
88.050
88.470
88.890
89.330
89.750
90.170
90.610
91.030
91.470
91.910
92.310
92.750
93.190
93.610
94.040
94.460
94.890
95.290
95.720
96.160
96.580
97.030
97.440
97.880
98.310
98.740
99.140
99.580
99.990
100.400
100.830
101.270
101.700
102.140
102.550
103.000
103.420
103.860
104.280
104.710
105.140
105.550
105.970
106.400
106.820
107.270
107.670
108.100
108.510
108.940
109.370
109.790
110.220
110.660
111.070
111.520
111.930
112.360
112.780
113.220
113.630
114.050
114.500
114.920
115.360
115.790
116.230
116.660
117.100
117.530
117.920
118.330
118.750
119.190
119.600
120.040
120.470
120.890
121.280
121.720
122.120
122.540
122.960
123.390
123.810
124.220
124.650
125.070
125.500
125.920
126.350
126.780
127.210
127.640
128.060
128.490
128.910
129.340
129.750
130.180
130.610
131.040
131.450
131.890
132.310
132.730
133.140
133.570
133.990
134.410
134.820
135.240
135.660
136.090
136.490
136.940
137.370
137.780
138.210
138.640
139.050
139.490
139.900
140.320
140.750
141.170
141.590
142.020
142.460
142.880
143.300
143.730
144.150
144.580
144.980
145.420
145.820
146.260
146.670
147.110
147.530
147.950
148.390
148.820
149.250
149.670
150.080
150.520
150.940
151.370
151.780
152.210
152.660
153.090
153.500
153.940
154.370
154.810
155.220
155.650
156.070
156.500
156.920
157.350
157.770
158.180
158.610
159.040
159.460
159.880
160.290
160.720
161.170
161.600
162.000
162.440
162.860
163.280
163.690
164.120
164.550
164.990
165.390
165.830
166.250
166.660
167.080
167.520
167.950
168.370
168.780
169.210
169.630
170.030
170.450
170.880
171.290
171.720
172.140
172.570
172.990
173.410
173.820
174.250
174.670
175.070
175.500
175.930
176.350
176.790
177.200
177.630
178.060
178.480
178.880
179.300
179.740
180.160
180.560
181.000
181.430
181.860
182.260
182.700
183.100
183.520
183.940
184.370
184.790
185.240
185.650
186.080
186.490
186.910
187.330
187.760
188.190
188.610
189.040
189.480
189.900
190.320
190.730
191.170
191.600
192.020
192.450
192.890
193.320
193.730
194.170
194.600
195.030
195.450
195.870
196.300
196.710
197.120
197.540
197.980
198.380
198.820
199.230
199.670
200.110
200.540
200.940
201.380
201.800
202.250
202.660
203.100
203.520
203.950
204.380
204.820
205.250
205.690
206.110
206.550
206.960
207.390
207.820
208.250
208.680
209.120
209.530
209.970
210.410
210.820
211.260
211.710
212.130
212.570
212.990
213.440
213.860
214.290
214.710
215.140
215.540
215.950
216.370
216.780
217.170
217.610
218.030
218.490
218.910
219.360
219.770
220.210
220.630
221.080
221.510
221.910
222.320
222.720
223.140
223.590
224.020
224.470
224.890
225.340
225.770
226.210
226.620
227.040
227.470
227.890
228.290
228.730
229.140
229.560
229.970
230.380
230.800
231.250
231.660
232.110
232.530
232.960
233.410
233.860
234.280
234.720
235.140
235.580
236.000
236.410
236.840
237.290
237.720
238.160
238.570
239.020
239.440
239.880
240.300
240.740
241.170
241.580
242.010
242.440
242.880
243.330
243.750
244.180
244.610
245.040
245.470
245.910
246.320
246.770
247.180
247.620
248.050
248.490
248.900
249.320
249.750
250.180
250.600
251.050
251.480
251.910
252.320
252.770
253.180
253.610
254.050
254.490
254.920
255.360
255.800
256.240
256.650
257.090
257.520
257.950
258.390
258.850
259.300
259.750
260.230
260.690
261.150
261.610
262.060
262.510
262.980
263.430
263.870
264.340
264.790
265.230
265.670
266.150
266.600
267.080
267.570
268.060
268.520
269.020
269.500
269.960
