0.510	1
0.785
1.060
1.330
1.600	1
1.845
2.090
2.335
2.580	1
2.825
3.070
3.320
3.570	1
3.820
4.070
4.330
4.590	1
4.860
5.130
5.400
5.670	1
5.930
6.190
6.465
6.740	1
7.020
7.300
7.565
7.830	1
8.100
8.370
8.645
8.920	1
9.190
9.460
9.725
9.990	1
10.265
10.540
10.800
11.060	1
11.345
11.630
11.905
12.180	1
12.450
12.720
12.990
13.260	1
13.535
13.810
14.100
14.390	1
14.650
14.910
15.185
15.460	1
15.750
16.040
16.295
16.550	1
16.835
17.120
17.385
17.650	1
17.915
18.180
18.455
18.730	1
19.005
19.280
19.550
19.820	1
20.095
20.370
20.640
20.910	1
21.175
21.440
21.710
21.980	1
22.255
22.530
22.810
23.090	1
23.355
23.620
23.890
24.160	1
24.440
24.720
24.990
25.260	1
25.540
25.820
26.080
26.340	1
26.595
26.850
27.125
27.400	1
27.680
27.960
28.225
28.490	1
28.770
29.050
29.325
29.600	1
29.890
30.180
30.455
30.730	1
31.000
31.270
31.565
31.860	1
32.135
32.410
32.675
32.940	1
33.225
33.510
33.770
34.030	1
34.305
34.580
34.855
35.130	1
35.400
35.670
35.950
36.230	1
36.510
36.790
37.070
37.350	1
37.615
37.880
38.165
38.450	1
38.730
39.010
39.290
39.570	1
39.850
40.130
40.400
40.670	1
40.950
41.230
41.500
41.770	1
42.040
42.310
42.585
42.860	1
43.130
43.400
43.675
43.950	1
44.225
44.500
44.770
45.040	1
45.305
45.570
45.840
46.110	1
46.390
46.670
46.930
47.190	1
47.445
47.700
47.965
48.230	1
48.510
48.790
49.065
49.340	1
49.610
49.880
50.140
50.400	1
50.670
50.940
51.205
51.470	1
51.755
52.040
52.310
52.580	1
52.840
53.100
53.375
53.650	1
53.915
54.180
54.455
54.730	1
55.005
55.280
55.545
55.810	1
56.060
56.310
56.585
56.860	1
57.130
57.400
57.675
57.950	1
58.220
58.490
58.760
59.030	1
59.300
59.570
59.840
60.110	1
60.370
60.630
60.910
61.190	1
61.470
61.750
62.020
62.290	1
62.575
62.860
63.120
63.380	1
63.660
63.940
64.200
64.460	1
64.735
65.010
65.290
65.570	1
65.845
66.120
66.395
66.670	1
66.945
67.220
67.495
67.770	1
68.045
68.320
68.590
68.860	1
69.130
69.400
69.640
69.880	1
70.140
70.400
70.670
70.940	1
71.215
71.490
71.770
72.050	1
72.340
72.630
72.895
73.160	1
73.450
73.740
74.005
74.270	1
74.550
74.830
75.105
75.380	1
75.655
75.930
76.195
76.460	1
76.725
76.990
77.265
77.540	1
77.815
78.090
78.360
78.630	1
78.900
79.170
79.445
79.720	1
79.990
80.260
80.520
80.780	1
81.055
81.330
81.600
81.870	1
82.140
82.410
82.685
82.960	1
83.230
83.500
83.785
84.070	1
84.335
84.600
84.860
85.120	1
85.405
85.690
85.960
86.230	1
86.495
86.760
87.025
87.290	1
87.560
87.830
88.105
88.380	1
88.650
88.920
89.185
89.450	1
89.725
90.000
90.270
90.540	1
90.805
91.070
91.335
91.600	1
91.865
92.130
92.405
92.680	1
92.950
93.220
93.490
93.760	1
94.025
94.290
94.555
94.820	1
95.085
95.350
95.615
95.880	1
96.165
96.450
96.715
96.980	1
97.250
97.520
97.775
98.030	1
98.305
98.580
98.845
99.110	1
99.365
99.620
99.885
100.150	1
100.420
100.690
100.955
101.220	1
101.500
101.780
102.045
102.310	1
102.570
102.830
103.105
103.380	1
103.640
103.900
104.165
104.430	1
104.700
104.970
105.240
105.510	1
105.780
106.050
106.320
106.590	1
106.855
107.120
107.390
107.660	1
107.930
108.200
108.450
108.700	1
108.970
109.240
109.515
109.790	1
110.060
110.330
110.600
110.870	1
111.140
111.410
111.670
111.930	1
112.195
112.460
112.725
112.990	1
113.250
113.510
113.785
114.060	1
114.315
114.570
114.840
115.110	1
115.380
115.650
115.925
116.200	1
116.470
116.740
117.000
117.260	1
117.500
117.740
117.995
118.250	1
118.510
118.770
119.040
119.310	1
119.585
119.860
120.120
120.380	1
120.665
120.950
121.215
121.480	1
121.755
122.030
122.295
122.560	1
122.820
123.080
123.350
123.620	1
123.885
124.150
124.420
124.690	1
124.950
125.210
125.480
125.750	1
126.020
126.290
126.560
126.830	1
127.095
127.360
127.620
127.880	1
128.150
128.420
128.680
128.940	1
129.205
129.470
129.730
129.990	1
130.260
130.530
130.795
131.060	1
131.325
131.590
131.860
132.130	1
132.400
132.670
132.945
133.220	1
133.485
133.750
134.005
134.260	1
134.530
134.800
135.070
135.340	1
135.605
135.870
136.130
136.390	1
136.665
136.940
137.200
137.460	1
137.735
138.010
138.280
138.550	1
138.820
139.090
139.355
139.620	1
139.885
140.150
140.420
140.690	1
140.960
141.230
141.495
141.760	1
142.035
142.310
142.565
142.820	1
143.100
143.380
143.640
143.900	1
144.165
144.430
144.690
144.950	1
145.235
145.520
145.790
146.060	1
146.330
146.600
146.865
147.130	1
147.410
147.690
147.950
148.210	1
148.490
148.770
149.055
149.340	1
149.610
149.880
150.150
150.420	1
150.685
150.950
151.215
151.480	1
151.760
152.040
152.305
152.570	1
152.845
153.120
153.380
153.640	1
153.925
154.210
154.480
154.750	1
155.005
155.260
155.535
155.810	1
156.085
156.360
156.635
156.910	1
157.185
157.460
157.725
157.990	1
158.265
158.540
158.815
159.090	1
159.360
159.630
159.890
160.150	1
160.435
160.720
160.980
161.240	1
161.510
161.780
162.050
162.320	1
162.585
162.850
163.100
163.350	1
163.630
163.910
164.185
164.460	1
164.740
165.020
165.290
165.560	1
165.830
166.100
166.365
166.630	1
166.880
167.130
167.390
167.650	1
167.930
168.210
168.500
168.790	1
169.080
169.370
169.650
169.930	1
170.200
170.470
170.745
171.020	1
171.290
171.560
171.825
172.090	1
172.355
172.620
172.890
173.160	1
173.445
173.730
174.000
174.270	1
174.555
174.840
175.115
175.390	1
175.655
175.920
176.195
176.470	1
176.750
177.030
177.310
177.590	1
