0.940
1.910
2.800
3.700
4.670
5.570
6.480
7.380
8.350
9.240
10.190
11.090
12.020
12.930
13.840
14.740
15.610
16.450
17.320
18.190
19.040
19.950
20.800
21.700
22.600
23.590
24.550
25.510
26.440
27.440
28.480
29.530
30.620
31.650
32.760
33.820
34.890
36.010
37.010
37.990
38.960
39.870
40.860
41.760
42.690
43.670
44.600
45.520
46.490
47.390
48.340
49.300
50.160
51.080
52.000
52.840
53.720
54.610
55.460
56.280
57.110
57.970
58.750
59.580
60.370
61.160
62.030
62.870
63.670
64.500
65.290
66.090
66.890
67.730
68.520
69.330
70.110
70.890
71.700
72.520
73.360
74.140
74.930
75.740
76.540
77.340
78.120
78.960
79.720
80.560
81.350
82.170
82.960
83.760
84.570
85.360
86.200
87.020
87.810
88.570
89.370
90.160
90.910
91.690
92.460
93.280
94.020
94.810
95.620
96.400
97.170
97.990
98.770
99.570
100.330
101.150
101.910
102.720
103.510
104.310
105.070
105.890
106.680
107.500
108.310
109.140
109.890
110.660
111.480
112.250
113.040
113.790
114.580
115.340
116.140
116.940
117.700
118.460
119.290
120.070
120.850
121.620
122.420
123.270
124.120
124.870
125.640
126.400
127.130
127.910
128.690
129.470
130.370
131.260
132.080
132.990
133.940
134.820
135.770
136.670
137.550
138.460
139.410
140.320
141.180
142.150
143.020
143.960
144.940
145.940
146.880
147.930
148.950
150.060
151.110
152.070
153.050
154.000
155.120
156.120
157.240
158.250
159.300
160.330
161.390
162.490
163.570
164.570
165.650
166.730
167.770
168.810
169.740
170.710
171.610
172.560
173.510
174.480
175.480
176.440
177.350
178.310
179.280
180.280
181.240
