0.340
0.700
1.040
1.400
1.780
2.130
2.490
2.820
3.190
3.540
3.920
4.270
4.630
4.970
5.310
5.650
6.000
6.320
6.660
7.020
7.360
7.700
8.030
8.360
8.700
9.040
9.380	1
9.730
10.080
10.410
10.760	1
11.090
11.440
11.780
12.100	1
12.430
12.770
13.110
13.460	1
13.770
14.110
14.440
14.770	1
15.110
15.440
15.780
16.120	1
16.450
16.790
17.130
17.470	1
17.810
18.160
18.500
18.840	1
19.170
19.510
19.840
20.180	1
20.520
20.860
21.200
21.550	1
21.880
22.240
22.570
22.880	1
23.230
23.570
23.900
24.250	1
24.580
24.920
25.250
25.580	1
25.920
26.260
26.590
26.930	1
27.280
27.620
27.970
28.310	1
28.660
29.000
29.330
29.670	1
30.010
30.360
30.700
31.030	1
31.370
31.720
32.050
32.400	1
32.740
33.100
33.420
33.760	1
34.110
34.450
34.780
35.130	1
35.470
35.810
36.150
36.490	1
36.830
37.190
37.520
37.870	1
38.200
38.550
38.880
39.210	1
39.560
39.900
40.230
40.570	1
40.900
41.240
41.580
41.920	1
42.260
42.600
42.930
43.280	1
43.610
43.950
44.290
44.630	1
44.980
45.300
45.640
45.990	1
46.330
46.670
47.020
47.360	1
47.710
48.060
48.380
48.720	1
49.070
49.410
49.760
50.080	1
50.430
50.770
51.110
51.440	1
51.780
52.120
52.450
52.790	1
53.140
53.470
53.810
54.160	1
54.500
54.840
55.180
55.520	1
55.860
56.200
56.530
56.870	1
57.200
57.540
57.880
58.210	1
58.550
58.890
59.220
59.560	1
59.900
60.250
60.590
60.920	1
61.260
61.600
61.930
62.280	1
62.620
62.960
63.290
63.630	1
63.960
64.300
64.630
64.960	1
65.290
65.610
65.950
66.280	1
66.620
66.960
67.290
67.630	1
67.970
68.310
68.660
68.990	1
69.330
69.670
70.000
70.350	1
70.680
71.020
71.350
71.690	1
72.040
72.380
72.710
73.040	1
73.380
73.720
74.050
74.390	1
74.720
75.060
75.390
75.740	1
76.080
76.410
76.760
77.090	1
77.440
77.780
78.100
78.450	1
78.780
79.130
79.470
79.810	1
80.150
80.500
80.820
81.170	1
81.500
81.840
82.180
82.520	1
82.860
83.210
83.540
83.880	1
84.210
84.560
84.900
85.230	1
85.570
85.910
86.240
86.580	1
86.920
87.260
87.610
87.940	1
88.280
88.620
88.960
89.300	1
89.650
89.980
90.330
90.670	1
91.010
91.340
91.680
92.020	1
92.350
92.700
93.030
93.380	1
93.710
94.060
94.380
94.720	1
95.060
95.410
95.740
96.090	1
96.420
96.770
97.110
97.450	1
97.790
98.130
98.470
98.800	1
99.140
99.490
99.820
100.160	1
100.480
100.820
101.160
101.510	1
