0.120
0.500
0.900
1.270
1.660
2.050
2.450
2.850
3.220
3.620
4.000
4.360
4.710
5.060
5.420
5.770
6.100
6.430
6.790
7.130
7.460
7.790
8.150
8.470
8.830
9.150
9.490
9.830
10.190
10.530
10.880
11.250
11.580
11.930
12.300
12.640
12.960
13.300
13.660
13.990
14.320
14.660
15.010
15.360
15.700
16.060
16.400
16.750
17.130
17.490
17.850
18.220
18.590
18.950
19.330
19.690
20.080
20.430
20.780
21.160
21.510
21.890
22.250
22.610
22.990
23.350
23.700
24.050
24.400
24.730
25.090
25.440
25.790
26.130
26.480
26.830
27.180
27.550
27.920
28.280
28.650
29.010
29.370
29.740
30.120
30.490
30.860
31.240
31.600
31.960
32.340
32.710
33.080
33.450
33.830
34.190
34.550
34.920
35.310
35.670
36.050
36.420
36.790
37.170
37.550
37.910
38.270
38.640
39.010
39.400
39.790
40.160
40.530
40.890
41.260
41.640
42.000
42.370
42.740
43.130
43.510
43.880
44.260
44.630
45.000
45.380
45.740
46.130
46.500
46.880
47.260
47.630
48.000
48.370
48.740
49.130
49.500
49.870
50.230
50.590
50.970
51.330
51.700
52.080
52.460
52.820
53.200
53.570
53.920
54.300
54.680
55.070
55.440
55.820
56.190
56.560
56.920
57.310
57.700
58.070
58.450
58.830
59.210
59.580
59.960
60.340
60.710
61.090
61.460
61.840
62.200
62.570
62.930
63.300
63.690
64.050
64.430
64.790
65.160
65.520
65.920
66.280
66.660
67.050
67.440
67.810
68.190
68.570
68.960
69.350
69.720
70.100
70.490
70.880
71.260
71.640
72.000
72.390
72.760
73.150
73.530
73.920
74.290
74.660
75.050
75.430
75.810
76.190
76.560
76.950
77.330
77.690
78.060
78.430
78.800
79.170
79.550
79.910
80.300
80.660
81.030
81.390
81.770
82.140
82.510
82.870
83.270
83.650
84.010
84.390
84.780
85.130
85.480
85.860
86.200
86.580
86.930
87.290
87.660
88.040
88.400
88.770
89.150
89.510
89.900
90.280
90.670
91.030
91.410
91.800
92.170
92.560
92.940
93.310
93.710
94.090
94.470
94.840
95.220
95.600
95.980
96.370
96.750
97.130
97.470
97.830
98.210
98.570
98.930
99.280
99.670
100.060
100.450
100.890
101.330
101.750
102.180
102.640
103.080
103.530
103.990
104.450
104.920
105.370
105.820
106.300
106.810
107.280
107.760
108.270
108.750
109.250
109.710
110.200
110.690
111.160
111.650
112.130
112.590
113.070
113.550
114.050
114.540
115.000
115.490
116.010
