73.660	1
74.030
74.380
74.760
75.110	1
75.480
75.840
76.180
76.560	1
76.910
77.270
77.620
77.980	1
78.320
78.680
79.050
79.410	1
79.770
80.120
80.480
80.840	1
81.190
81.550
81.910
82.280	1
82.620
82.980
83.320
83.690	1
84.040
84.410
84.760
85.120	1
85.480
85.840
86.190
86.570	1
86.910
87.270
87.610
87.950	1
88.320
88.690
89.040
89.400	1
89.750
90.110
90.470
90.830	1
91.180
91.540
91.890
92.250	1
92.600
92.960
93.310
93.670	1
94.020
94.390
94.750
95.110	1
95.480
95.840
96.200
96.560	1
96.910
97.270
97.630
97.990	1
98.360
98.730
99.080
99.450	1
99.810
100.180
100.540
100.890	1
101.240
101.600
101.960
102.310	1
102.660
103.020
103.380
103.740	1
104.100
104.470
104.830
105.200	1
105.560
105.920
106.290
106.650	1
107.010
107.370
107.750
108.110	1
108.460
108.830
109.190
109.550	1
109.910
110.270
110.630
110.990	1
111.360
111.720
112.080
112.440	1
112.800
113.160
113.520
113.880	1
114.240
114.600
114.940
115.310	1
115.660
116.030
116.370
116.720	1
117.080
117.440
117.810
118.180	1
118.540
118.900
119.270
119.630	1
119.980
120.350
120.700
121.060	1
121.420
121.780
122.140
122.500	1
122.860
123.230
123.590
123.940	1
124.290
124.650
124.990
125.350	1
125.710
126.080
126.440
126.800	1
127.160
127.530
127.870
128.250	1
128.600
128.970
129.310
129.680	1
130.040
130.390
130.760
131.130	1
131.510
131.870
132.230
132.590	1
132.950
133.320
133.670
134.030	1
134.390
134.750
135.110
135.470	1
135.820
136.180
136.540
136.900	1
137.280
137.650
138.010
138.360	1
138.730
139.080
139.440
139.810	1
140.180
140.550
140.910
141.280	1
141.640
142.000
142.350
142.710	1
143.080
143.440
143.800
144.160	1
144.530
144.890
145.250
145.600	1
145.960
146.330
146.690
147.050	1
147.410
147.780
148.170
148.520	1
148.890
149.250
149.600
149.950	1
150.320
150.690
151.060
151.420	1
151.790
152.160
152.530
152.890	1
153.250
153.620
153.980
154.330	1
154.700
155.060
155.420
155.780	1
156.140
156.500
156.870
157.240	1
157.600
157.960
158.310
158.680	1
159.040
159.410
159.780
160.140	1
160.520
160.880
161.240
161.620	1
161.970
162.320
162.690
163.050	1
163.410
163.780
164.130
164.490	1
164.860
165.220
165.580
165.940	1
166.310
166.680
167.030
167.390	1
167.750
168.130
168.490
168.840	1
169.200
169.560
169.930
170.290	1
170.660
171.010
171.390
171.760	1
172.130
172.490
172.850
173.220	1
173.590
173.950
174.310
174.670	1
175.030
175.400
175.760
176.120	1
176.480
176.840
177.200
177.570	1
177.930
178.290
178.660
179.020	1
179.390
179.780
180.140
180.510	1
180.870
181.240
181.590
181.960	1
182.320
182.680
183.040
183.410	1
183.760
184.130
184.490
184.860	1
185.220
185.600
185.960
186.310	1
186.670
187.040
187.380
187.750	1
188.110
188.470
188.830
189.190	1
189.550
189.920
190.290
190.650	1
191.000
191.360
191.720
192.090	1
192.440
192.820
193.180
193.540	1
193.890
194.250
194.620
195.000	1
195.360
195.720
196.080
196.440	1
196.810
197.170
197.530
197.900	1
198.260
198.630
198.990
199.350	1
199.710
200.070
200.430
200.800	1
201.170
201.530
201.890
202.260	1
202.620
202.990
203.370
203.720	1
204.090
204.480
204.840
205.210	1
205.580
205.950
206.320
206.680	1
207.040
207.410
207.780
208.140	1
208.500
208.860
209.220
209.570	1
209.930
210.290
210.640
211.010	1
211.380
211.750
212.110
212.480	1
212.840
213.210
213.570
213.930	1
214.300
214.660
215.030
215.400	1
215.750
216.130
216.490
216.870	1
217.240
217.600
217.970
218.350	1
218.720
219.080
219.450
219.810	1
220.160
220.530
220.880
221.250	1
221.600
221.970
222.320
222.690	1
223.050
223.430
223.790
224.140	1
224.500
224.880
225.240
225.610	1
225.960
226.330
226.690
227.050	1
227.420
227.780
228.150
228.510	1
228.870
229.240
229.610
229.970	1
230.340
230.710
231.070
231.430	1
231.790
232.160
232.510
232.900	1
233.250
233.630
233.980
234.350	1
234.720
235.070
235.420
235.800	1
236.160
236.530
236.890
237.270	1
237.630
237.990
238.350
238.710	1
239.080
239.440
239.800
240.180	1
240.530
240.900
241.260
241.620	1
241.990
242.350
242.710
243.090	1
243.460
243.820
244.180
244.560	1
244.920
245.290
245.650
246.020	1
246.380
246.740
247.110
247.490	1
247.850
248.230
248.580
248.960	1
249.320
249.690
250.050
250.410	1
250.780
251.150
251.510
251.880	1
252.240
252.600
252.970
253.340	1
253.690
254.060
254.420
254.790	1
255.150
255.520
255.870
256.240	1
256.600
256.970
257.320
257.680	1
258.030
258.400
258.760
259.120	1
259.480
259.850
260.200
260.570	1
260.920
261.290
261.640
262.010	1
262.370
262.740
263.090
263.450	1
263.820
264.190
264.540
264.900	1
265.270
265.630
266.000
266.360	1
266.720
267.080
267.430
267.790	1
268.160
268.510
268.880
269.240	1
269.600
269.960
270.320
270.680	1
271.050
271.420
271.780
272.150	1
272.500
272.870
273.230
273.600	1
273.960
274.330
274.690
275.060	1
275.420
275.780
276.140
276.500	1
276.860
277.220
277.580
277.940	1
278.310
278.680
279.040
279.400	1
279.760
280.110
280.470
280.840	1
281.190
281.560
281.920
282.290	1
282.650
283.030
283.410
283.770	1
284.130
284.490
284.860
285.220	1
285.590
285.950
286.320
286.690	1
287.050
287.400
287.750
288.110	1
288.480
288.850
289.210
289.570	1
289.950
290.310
290.670
291.030	1
291.400
291.760
292.120
292.490	1
292.850
293.210
293.570
293.940	1
294.310
294.680
295.040
295.410	1
295.780
296.140
296.500
296.870	1
297.240
297.600
297.970
298.340	1
298.690
299.040
299.410
299.780	1
300.150
300.530
300.900
301.260	1
301.630
301.990
302.360
302.730	1
303.100
303.470
303.830
304.210	1
304.570
304.950
305.310
305.670	1
306.030
306.400
306.760
307.130	1
307.490
307.850
308.220
308.580	1
308.950
309.320
309.670
310.030	1
310.390
310.750
311.110
311.470	1
311.830
312.190
312.550
312.920	1
313.280
313.650
314.010
314.370	1
314.730
315.100
315.470
315.830	1
316.190
316.570
316.920
317.290	1
317.660
318.020
318.390
318.760	1
319.120
319.490
319.850
320.210	1
320.580
320.950
321.330
321.690	1
322.050
322.420
322.790
323.170	1
323.550
323.910
324.280
324.640	1
325.000
325.380
325.740
326.110	1
326.480
326.840
327.210
327.580	1
327.940
328.300
328.650
329.010	1
329.380
329.740
330.100
330.460	1
330.820
331.190
331.540
331.910	1
332.280
332.650
333.020
333.390	1
333.750
334.110
334.480
334.840	1
335.210
335.560
335.940
336.310	1
336.680
337.050
337.420
337.790	1
338.130
338.510
338.880
339.250	1
339.600
339.960
340.340
340.700	1
341.060
341.420
341.780
342.150	1
342.520
342.880
343.240
343.600	1
343.960
344.330
344.690
345.050	1
345.420
345.770
346.140
346.510	1
346.880
347.250
347.620
347.990	1
348.350
348.720
349.070
349.430	1
349.800
350.170
350.530
350.900	1
351.260
351.620
351.980
352.350	1
352.700
353.070
353.430
353.800	1
354.160
354.520
354.890
355.270	1
355.630
356.000
356.370
356.740	1
357.100
357.480
357.840
358.210	1
358.570
358.940
359.300
359.660	1
360.030
360.390
360.750
361.120	1
361.490
361.860
362.220
362.590	1
362.950
363.320
363.700
364.070	1
364.430
364.800
365.180
365.550	1
365.930
366.310
366.680
367.050	1
367.430
367.800
368.170
368.530	1
368.900
369.260
369.630
370.020	1
370.370
370.740
371.110
371.490	1
371.850
372.220
372.590
372.960	1
373.330
373.700
374.070
374.430	1
374.800
375.160
375.530
375.910	1
376.270
376.640
377.000
377.370	1
377.730
378.100
378.480
378.850	1
379.220
379.590
379.960
380.320	1
380.690
381.060
381.420
381.790	1
382.170
382.540
382.910
383.280	1
383.660
384.040
384.410
384.780	1
385.160
385.530
385.900
386.270	1
386.640
387.010
387.380
387.760	1
388.120
388.490
388.860
389.230	1
389.600
389.970
390.350
390.710	1
391.090
391.460
391.820
392.200	1
392.570
392.940
393.310
393.680	1
394.050
394.420
394.790
395.160	1
395.540
395.900
396.270
396.640	1
397.010
397.380
397.750
398.120	1
398.490
398.870
399.220
399.600	1
399.960
400.330
400.700
401.080	1
401.440
401.810
402.170
402.540	1
402.910
403.280
403.650
404.030	1
404.400
404.770
405.150
405.520	1
405.890
406.260
406.620
406.990	1
407.360
407.730
408.100
408.490	1
408.850
409.230
409.590
409.960	1
410.330
410.710
411.080
411.450	1
411.820
412.200
412.550
412.920	1
413.280
413.660
414.010
414.390	1
414.750
415.130
415.490
415.880	1
416.240
416.630
416.990
417.370	1
417.740
418.120
418.490
418.860	1
419.230
419.600
419.970
420.350	1
420.720
421.100
421.470
421.840	1
422.210
422.590
422.940
423.310	1
423.680
424.060
424.420
424.790	1
425.170
425.550
425.920
426.270	1
426.660
427.040
427.410
427.800	1
428.170
428.540
428.900
429.270	1
429.630
430.010
430.370
430.740	1
431.110
431.480
431.860
432.210	1
432.580
432.960
433.330
433.710	1
434.080
434.440
434.810
435.170	1
435.540
435.910
436.280
436.640	1
437.010
437.380
437.740
438.100	1
438.470
438.840
439.210
439.600	1
439.960
440.350
440.720
441.110	1
441.480
441.870
442.230
442.610	1
442.970
443.360
443.710
444.100	1
444.450
444.830
445.210
445.580	1
445.940
446.310
446.680
447.040	1
447.410
447.790
448.160
448.540	1
448.910
449.280
449.650
450.020	1
450.390
450.750
451.120
451.480	1
451.860
452.240
452.610
452.970	1
453.350
453.720
454.080
454.440	1
454.810
455.190
455.550
455.920	1
456.290
456.650
457.010
457.390	1
457.740
458.110
458.460
458.810	1
459.180
459.540
459.910
460.280	1
460.640
461.000
461.370
461.740	1
462.100
462.470
462.840
463.210	1
463.580
463.940
464.330
464.670	1
465.040
465.420
465.780
466.140	1
466.520
466.900
467.260
467.620	1
467.990
468.360
468.720
469.100	1
469.470
469.840
470.210
470.590	1
470.970
471.350
471.710
472.080	1
472.440
472.820
473.180
473.550	1
473.920
474.300
474.660
475.010	1
475.370
475.740
476.110
476.470	1
476.840
477.200
477.570
477.930	1
478.300
478.660
479.020
479.390	1
479.760
480.120
480.480
480.830	1
481.200
481.540
481.900
482.260	1
482.630
482.990
483.350
483.710	1
484.090
484.460
484.830
485.210	1
485.570
485.940
486.310
486.690	1
487.060
487.440
487.810
488.180	1
488.560
488.940
489.320
489.690	1
490.050
490.390
490.740
491.090	1
491.460
491.830
492.200
492.560	1
492.920
493.290
493.680
494.030	1
494.400
494.760
495.120
495.480	1
495.830
496.180
496.540
496.870	1
497.260
497.630
498.000
498.360	1
498.730
499.090
499.460
499.840	1
500.210
500.580
500.960
501.330	1
501.700
502.070
502.430
502.800	1
503.170
503.540
503.910
504.270	1
504.630
504.990
505.370
505.750	1
506.130
506.520
506.880
507.260	1
507.650
508.030
508.400
508.770	1
509.150
509.510
509.880
510.250	1
510.620
511.000
511.380
511.740	1
512.110
512.490
512.860
513.240	1
513.610
513.970
514.340
514.710	1
515.070
515.450
515.820
516.190	1
516.530
516.910
517.260
517.630	1
517.980
518.350
518.710
519.090	1
519.460
519.820
520.200
520.590	1
520.960
521.340
521.710
522.090	1
522.460
522.840
523.200
523.560	1
523.930
524.300
524.680
525.050	1
525.430
525.800
526.170
526.560	1
526.940
527.320
527.700
528.080	1
528.460
528.840
529.210
529.580	1
529.970
530.350
530.740
531.110	1
531.360
531.610
531.850	1
532.090
532.345
532.600	1
532.865
533.130
533.390	1
533.650
533.915
534.180	1
534.440
534.700
534.945	1
535.190
535.435
535.680	1
535.925
536.170
536.435	1
536.700
536.950
537.200	1
537.460
537.720
537.980	1
538.240
538.490
538.740	1
538.980
539.220
539.475	1
539.730
539.990
540.250	1
540.500
540.750
541.040	1
