0.160
0.710
1.260
1.820
2.400
2.970
3.520
4.090
4.620
5.200
5.770
6.310
6.900
7.490
8.070
8.620
9.220
9.770
10.330
10.890
11.450
12.000
12.570
13.130
13.670
14.230
14.790
15.360
15.920
16.490
17.050
17.600
18.160
18.720
19.270
19.830
20.380
20.920
21.490
22.040
22.600
23.160
23.720
24.270
24.830
25.370
25.930
26.500
27.040
27.570
28.120
28.710
29.240
29.810
30.360
30.910
31.460
32.000
32.570
33.090
33.650
34.200
34.740
35.290
35.850
36.410
36.960
37.510
38.070
38.590
39.130
39.670
40.240
40.780
41.330
41.870
42.430
43.020
43.610
44.160
44.750
45.420
46.090
46.820
47.560
48.280
49.100
49.910
50.760
51.530
52.420
53.240
54.070
54.910
55.780
56.620
57.420
58.310
59.250
60.140
61.040
62.010
62.910
63.840
64.700
65.650
66.540
67.470
68.360
69.330
70.280
71.190
72.120
73.090
74.060
74.940
75.840
76.730
77.630
78.530
79.450
80.400
81.280
82.200
83.190
84.180
85.130
86.120
87.030
87.900
88.710
89.560
90.470
91.260
92.100
92.960
93.670
94.320
94.960
95.580
96.240
96.840
97.470
98.090
98.720
99.280
99.830
100.400
101.000
101.550
102.110
102.700
103.330
104.010
104.680
105.310
105.990
106.640
107.260
107.920
108.530
109.170
109.840
110.430
111.060
111.700
112.290
112.910
113.560
114.160
114.800
115.380
116.020
116.560
117.090
117.640
118.260
118.820
119.440
120.020
120.610
121.150
121.720
122.320
122.880
123.440
123.970
124.530
125.130
125.830
126.500
127.210
127.990
128.690
129.510
130.330
131.090
131.940
132.740
133.710
134.650
135.650
136.590
137.550
138.390
139.290
140.230
141.180
142.120
143.140
144.140
145.110
146.140
147.140
148.210
149.270
150.320
151.360
152.440
153.490
154.410
155.340
156.310
157.260
158.240
159.170
160.120
161.040
161.980
163.020
164.040
165.030
166.070
167.140
168.270
169.380
170.440
171.460
172.590
173.620
174.730
175.740
176.850
177.850
178.930
179.910
180.900
181.930
182.960
183.980
185.080
186.140
187.190
188.320
189.330
190.460
191.430
192.380
193.330
194.350
195.280
196.170
197.140
198.080
198.980
199.900
200.890
201.830
202.720
203.740
204.680
205.720
206.760
207.790
208.730
209.620
210.480
211.360
212.280
213.140
214.050
214.790
215.480
216.180
216.800
217.390
218.010
218.660
219.250
219.890
220.470
221.080
221.640
222.220
222.830
223.330
223.840
224.330
224.880
225.440
225.970
226.520
227.100
227.640
228.230
228.790
229.380
230.010
230.580
231.190
231.830
232.420
233.050
233.630
234.260
234.860
235.470
236.120
236.790
237.470
238.100
238.660
239.210
239.770
240.320
240.870
241.400
241.860
242.290
242.740
243.230
243.740
244.250
244.750
245.310
245.870
246.400
246.980
247.460
247.940
248.410
248.920
249.430
249.950
250.470
250.950
251.480
252.040
252.570
253.080
253.610
254.160
254.710
255.310
255.920
256.530
257.180
257.820
258.640
259.410
260.170
260.880
261.650
262.350
263.100
263.930
264.730
265.580
266.510
267.570
268.570
269.690
270.690
271.750
272.840
273.970
275.060
276.030
277.050
278.140
279.180
280.240
281.230
282.140
283.140
284.110
285.070
286.080
287.090
288.130
289.180
290.160
291.210
292.280
293.310
294.340
295.330
296.340
297.420
298.450
299.480
300.490
301.490
302.520
303.520
304.460
305.340
306.280
307.210
308.250
309.370
310.430
311.540
312.440
313.430
314.370
315.330
316.280
317.030
317.820
318.720
319.580
320.510
321.350
322.310
323.330
324.310
325.320
326.360
327.380
328.300
329.260
330.350
331.340
332.390
333.470
334.480
335.290
335.960
336.610
337.300
337.990
338.650
339.260
339.930
340.500
341.100
341.680
342.230
342.820
343.390
344.010
344.590
345.160
345.780
346.370
346.930
347.540
348.110
348.710
349.320
349.910
350.500
351.090
351.650
352.250
352.840
353.460
354.070
354.660
355.220
355.830
356.400
357.000
357.610
358.230
358.880
359.520
360.160
360.850
361.590
362.290
362.980
363.650
364.370
365.090
365.790
366.550
367.250
368.000
368.720
369.500
370.230
370.970
371.670
372.390
373.120
373.890
374.660
375.390
376.200
377.000
377.780
378.690
379.550
380.460
381.420
382.290
383.090
383.960
384.790
385.630
386.470
387.300
388.100
388.930
389.750
390.600
391.380
392.190
392.980
393.790
394.650
395.460
396.220
397.020
397.820
398.550
399.340
400.120
400.900
401.680
402.570
403.470
404.300
405.160
406.030
406.900
407.700
408.550
409.340
410.200
410.980
411.770
412.500
413.270
414.070
414.830
415.650
416.430
417.170
417.940
418.740
