0.630
1.400
2.230
3.010
3.770
4.660
5.520
6.400
7.190
7.880
8.610
9.280
10.020
10.670
11.360
12.050
12.770
13.410
13.980
14.570
15.130
15.610
16.080
16.580
17.050
17.510
17.970
18.410
18.890
19.330
19.800
20.270
20.730
21.180
21.630
22.090
22.520
22.970
23.440
23.870
24.320
24.770
25.220
25.680
26.130
26.590
27.050
27.510
27.960
28.400
28.850
29.310
29.740
30.180
30.630
31.080
31.550
31.990
32.460
32.910
33.370
33.810
34.260
34.680
35.130
35.580
36.020
36.460
36.920
37.380
37.820
38.260
38.720
39.180
39.620
40.070
40.520
40.950
41.410
41.840
42.280
42.720
43.150
43.610
44.030
44.480
44.940
45.390
45.840
46.290
46.740
47.180
47.630
48.090
48.530
48.980
49.430
49.880
50.340
50.770
51.220
51.670
52.120
52.560
53.020
53.460
53.920
54.360
54.810
55.240
55.700
56.120
56.570
57.010
57.450
57.900
58.350
58.780
59.240
59.680
60.140
60.590
61.040
61.500
61.940
62.370
62.810
63.260
63.700
64.150
64.580
65.030
65.480
65.940
66.400
66.830
67.270
67.720
68.160
68.610
69.070
69.530
69.980
70.440
70.890
71.350
71.800
72.240
72.690
73.140
73.590
74.030
74.460
74.930
75.380
75.820
76.270
76.720
77.160
77.610
78.060
78.500
78.960
79.390
79.820
80.270
80.720
81.170
81.620
82.070
82.510
82.950
83.390
83.840
84.280
84.720
85.170
85.630
86.070
86.520
86.950
87.400
87.830
88.290
88.720
89.170
89.610
90.040
90.490
90.930
91.370
91.830
92.270
92.730
93.160
93.600
94.040
94.490
94.930
95.370
95.810
96.250
96.700
97.160
97.600
98.030
98.480
98.910
99.350
99.800
100.240
100.670
101.110
101.560
101.980
102.410
102.850
103.290
103.740
104.180
104.620
105.050
105.490
105.930
106.370
106.800
107.230
107.680
108.110
108.530
108.970
109.400
109.850
110.290
110.740
111.170
111.610
112.050
112.480
112.920
113.350
113.800
114.240
114.660
115.110
115.550
115.990
116.410
116.860
117.300
117.750
118.180
118.620
119.050
119.490
119.940
120.380
120.830
121.250
121.700
122.140
122.580
123.030
123.450
123.900
124.330
124.790
125.230
125.670
126.090
126.530
126.980
127.420
127.840
128.270
128.720
129.150
129.580
130.010
130.460
130.890
131.330
131.770
132.220
132.650
133.100
133.520
133.950
134.390
134.830
135.260
135.690
136.140
136.570
137.010
137.450
137.890
138.330
138.770
139.200
139.630
140.060
140.510
140.930
141.370
141.780
142.220
142.650
143.070
143.510
143.950
144.370
144.800
145.220
145.650
146.090
146.530
146.980
147.410
147.850
148.280
148.720
149.140
149.560
149.990
150.440
150.850
151.270
151.700
152.130
152.550
152.990
153.420
153.850
154.290
154.710
155.140
155.570
156.020
156.450
156.900
157.330
157.730
158.160
158.580
159.000
159.430
159.850
160.290
160.730
161.160
161.600
162.040
162.480
162.930
163.360
163.790
164.230
164.650
165.090
165.520
165.970
166.410
166.830
167.260
167.700
168.140
168.560
169.000
169.430
169.860
170.290
170.720
171.150
171.580
172.000
172.450
172.880
173.320
173.760
174.210
174.640
175.080
175.520
175.960
176.390
176.830
177.260
177.700
178.120
178.560
178.990
179.420
179.870
180.290
180.730
181.160
181.590
182.010
182.430
182.870
183.290
183.720
184.140
184.570
184.980
185.430
185.860
186.270
186.700
187.130
187.550
187.990
188.400
188.830
189.240
189.670
190.090
190.540
190.970
191.410
191.840
192.300
192.710
193.150
193.590
194.020
194.440
194.880
195.320
195.750
196.170
196.610
197.050
197.500
197.920
198.350
198.790
199.230
199.660
200.090
200.530
200.990
201.420
201.830
202.270
202.710
203.120
203.560
204.000
204.440
204.860
205.300
205.730
206.160
206.600
207.040
207.480
207.930
208.370
208.800
209.240
209.680
210.110
210.550
210.980
211.420
211.860
212.280
212.720
213.130
213.570
214.010
214.450
214.890
215.320
215.750
216.200
216.630
217.070
217.490
217.930
218.370
218.810
219.250
219.680
220.110
220.550
220.970
221.410
221.860
222.300
222.740
223.170
223.600
224.050
224.470
224.910
225.340
225.790
226.230
226.670
227.100
227.550
227.990
228.410
228.860
229.300
229.740
230.180
230.600
231.050
231.470
231.920
232.360
232.810
233.240
233.660
234.090
234.520
234.950
235.390
235.800
236.230
236.660
237.100
237.540
237.990
238.430
238.850
239.250
239.680
240.110
240.520
240.950
241.370
241.810
242.240
242.690
243.120
243.550
243.990
244.430
244.870
245.300
245.730
246.180
246.620
247.040
247.480
247.910
248.330
248.760
249.200
249.620
250.070
250.500
250.940
251.370
251.810
252.250
252.680
253.110
253.540
253.970
254.390
254.830
255.260
255.700
256.130
256.580
257.000
257.430
257.870
258.310
258.740
259.180
259.610
260.030
260.460
260.910
261.340
261.760
262.180
262.620
263.040
263.470
263.890
264.320
264.720
265.160
265.580
266.010
266.450
266.880
267.320
267.780
268.210
268.650
269.070
269.510
269.950
270.380
270.810
271.220
271.650
272.090
272.520
272.950
273.380
273.820
274.250
274.670
275.100
275.530
275.950
276.390
276.790
277.210
277.630
278.070
278.500
278.920
279.340
279.780
280.230
280.660
281.100
281.550
281.980
282.420
282.850
283.280
283.710
284.150
284.580
285.020
285.460
285.910
286.320
286.740
287.160
287.580
288.010
288.440
288.880
289.310
289.740
290.140
290.570
291.000
291.400
291.830
292.270
292.700
293.140
293.570
293.980
294.420
294.840
295.290
295.720
296.140
296.540
296.990
297.410
297.850
298.280
298.710
299.140
299.590
300.010
300.450
300.910
301.330
301.780
302.200
302.640
303.070
303.500
303.940
304.370
304.810
305.230
305.660
306.110
306.530
306.970
307.390
307.810
308.220
308.660
309.100
309.510
309.950
310.380
310.800
311.250
311.680
312.120
312.560
313.000
313.420
313.850
314.300
314.740
315.180
315.610
316.060
316.500
316.930
317.360
317.820
318.260
318.680
319.130
319.580
320.010
320.460
320.900
321.340
321.770
322.210
322.660
323.070
323.500
323.930
324.360
324.800
325.240
325.660
326.080
326.520
326.950
327.390
327.820
328.250
328.670
329.100
329.520
329.960
330.390
330.820
331.260
331.700
332.140
332.580
333.020
333.450
333.880
334.320
334.750
335.200
335.650
336.080
336.530
336.960
337.400
337.830
338.270
338.700
339.130
339.590
340.020
340.450
340.870
341.300
341.740
342.160
342.590
343.050
343.480
343.930
344.370
344.800
345.210
345.590
345.970
346.370
346.800
347.200
347.600
348.030
348.430
348.860
349.270
349.690
350.130
350.540
350.960
351.390
351.810
352.210
352.630
353.050
353.490
353.910
354.320
354.740
355.170
355.580
355.990
356.390
356.790
357.200
357.630
358.050
358.460
358.870
359.310
359.720
360.140
360.580
361.010
361.420
361.850
362.290
362.720
363.140
363.570
364.070
364.640
365.280
365.900
366.520
367.110
367.780
368.390
369.050
369.670
370.340
370.980
371.610
372.260
372.890
373.520
374.120
374.750
375.380
376.020
376.640
377.290
377.920
