0.000
0.570
1.160
1.680
2.210
2.750
3.300
3.840
4.390
4.920
5.480
6.010
6.550
7.090
7.640
8.160
8.710
9.250
9.780
10.310
10.860
11.410
11.950
12.500
13.060
13.610
14.150
14.710
15.250
15.800
16.340
16.880
17.430
17.980
18.550
19.100
19.640
20.190
20.750
21.290
21.850
22.400
22.940
23.480
24.030
24.580
25.120
25.670
26.220
26.770
27.330
27.870
28.420
28.970
29.550
30.100
30.640
31.170
31.740
32.260
32.820
33.370
33.900
34.440
34.990
35.560
36.140
36.660
37.200
37.750
38.310
38.860
39.410
39.950
40.490
41.040
41.600
42.140
42.680
43.260
43.790
44.340
44.890
45.450
46.030
46.580
47.140
47.710
48.250
48.800
49.380
49.920
50.480
51.020
51.560
52.130
52.680
53.240
53.790
54.320
54.870
55.410
55.970
56.530
57.100
57.630
58.170
58.750
59.280
59.850
60.390
60.930
61.490
62.050
62.630
63.170
63.700
64.260
64.800
65.350
65.920
66.460
67.000
67.560
68.120
68.670
69.230
69.810
70.370
70.900
71.460
72.010
72.550
73.110
73.670
74.230
74.810
75.360
75.910
76.460
77.020
77.580
78.150
78.710
79.280
79.820
80.380
80.930
81.470
82.040
82.600
83.150
83.690
84.250
84.810
85.370
85.940
86.510
87.050
87.620
88.180
88.730
89.290
89.840
90.400
90.960
91.540
92.110
92.650
93.210
93.740
94.310
94.840
95.400
95.950
96.510
97.060
97.610
98.160
98.720
99.270
99.820
100.360
100.930
101.480
102.030
102.600
103.150
103.710
104.250
104.820
105.370
105.920
106.490
107.050
107.600
108.160
108.710
109.270
109.820
110.360
110.930
111.480
112.050
112.610
113.150
113.710
114.260
114.850
115.390
115.950
116.520
117.070
117.630
118.200
118.770
119.310
119.890
120.440
120.990
121.540
122.110
122.660
123.230
123.770
124.350
124.920
125.480
126.020
126.580
127.150
127.680
128.250
128.800
129.350
129.920
130.470
131.030
131.600
132.150
132.710
133.270
133.870
134.410
134.970
135.510
136.060
136.610
137.170
137.730
138.300
138.870
139.430
140.000
140.560
141.110
141.670
142.250
142.800
143.360
143.910
144.460
145.030
145.610
146.160
146.700
147.260
147.800
148.350
148.900
149.450
150.010
150.570
151.120
151.700
152.220
152.770
153.340
153.880
154.440
155.010
155.570
156.120
156.680
157.250
157.800
158.380
158.930
159.490
160.070
160.620
161.200
161.740
162.310
162.880
163.440
164.010
164.550
165.120
165.660
166.220
166.770
167.310
167.860
168.410
168.960
169.520
170.060
170.610
171.180
171.720
172.270
172.840
173.390
173.950
174.500
175.070
175.620
176.160
176.730
177.270
177.830
178.400
178.970
179.530
180.090
180.660
181.230
181.790
182.360
182.880
183.430
183.980
184.550
185.110
185.630
186.270
186.890
187.490
188.150
188.760
189.400
190.040
190.710
191.350
191.990
192.630
193.270
193.880
194.520
195.160
195.820
196.460
197.080
197.730
198.390
199.030
