0.260
1.180
2.130
3.020
3.970
4.880
5.670
6.490
7.340
8.140
8.950
9.810
10.700
11.540
12.430
13.250
14.110
15.010
15.770
16.600
17.420
18.200
18.920
19.630
20.310
21.110
21.880
22.700
23.480
24.260
24.990
25.770
26.550
27.280
28.070
28.680
29.370
29.980
30.630
31.300
31.950
32.590
33.270
33.930
34.560
35.270
35.970
36.630
37.280
37.890
38.530
39.170
39.830
40.480
41.090
41.760
42.380
43.050
43.760
44.420
45.080
45.740
46.420
47.100
47.720
48.310
49.010
49.670
50.350
51.070
51.740
52.470
53.100
53.610
53.980
54.350
54.730
55.120
55.510
55.850
56.190
56.530
56.850
57.190
57.550
57.900
58.260
58.590
58.950
59.290
59.650
60.000
60.360
60.710
61.050
61.390
61.740
62.080
62.420
62.770
63.130
63.480
63.830
64.170
64.510
64.840
65.200
65.530
65.870
66.220
66.560
66.890
67.220
67.560
67.900
68.240
68.580
68.920
69.260
69.620
69.960
70.290
70.650
70.990
71.330
71.680
72.030
72.360
72.700
73.050
73.390
73.740
74.090
74.430
74.780
75.120
75.480
75.820
76.170
76.530
76.870
77.230
77.590
77.930
78.270
78.610
78.960
79.310
79.670
80.020
80.370
80.710
81.060
81.400
81.770
82.110
82.470
82.810
83.170
83.500
83.860
84.200
84.550
84.890
85.240
85.580
85.930
86.270
86.620
86.960
87.310
87.660
88.000
88.340
88.680
89.010
89.360
89.710
90.040
90.400
90.750
91.100
91.450
91.780
92.120
92.460
92.810
93.150
93.490
93.840
94.200
94.530
94.880
95.220
95.570
95.900
96.250
96.600
96.940
97.280
97.640
97.980
98.340
98.680
99.030
99.380
99.720
100.070
100.430
100.770
101.120
101.480
101.820
102.170
102.530
102.880
103.230
103.580
103.940
104.280
104.640
104.980
105.320
105.680
106.020
106.370
106.720
107.060
107.420
107.770
108.120
108.470
108.800
109.160
109.510
109.840
110.200
110.550
110.910
111.250
111.600
111.940
112.290
112.620
112.960
113.310
113.660
114.000
114.350
114.690
115.050
115.380
115.720
116.070
116.420
116.770
117.110
117.450
117.790
118.140
118.490
118.830
119.170
119.530
119.870
120.210
120.550
120.890
121.240
121.580
121.930
122.280
122.620
122.960
123.310
123.660
124.010
124.360
124.690
125.040
125.370
125.720
126.070
126.410
126.760
127.100
127.430
127.780
128.120
128.460
128.820
129.160
129.510
129.850
130.210
130.550
130.890
131.230
131.580
131.920
132.270
132.610
132.960
133.290
133.630
133.960
134.300
134.650
134.990
135.330
135.690
136.030
136.370
136.710
137.050
137.390
137.720
138.070
138.410
138.750
139.110
139.450
139.780
140.120
140.480
140.810
141.140
141.480
141.830
142.160
142.510
142.860
143.200
143.540
143.890
144.230
144.580
144.930
145.280
145.630
145.980
146.330
146.680
147.040
147.400
147.750
148.110
148.460
148.800
149.140
149.480
149.830
150.190
150.540
150.870
151.220
151.570
151.920
152.260
152.610
152.940
153.290
153.640
154.000
154.350
154.680
155.020
155.370
155.730
156.060
156.420
156.770
157.110
157.450
157.790
158.140
158.470
158.820
159.170
159.520
159.880
160.220
160.570
160.920
161.270
161.620
161.980
162.320
162.670
163.020
163.380
163.720
164.060
164.400
164.750
165.100
165.440
165.770
166.120
166.470
166.810
167.170
167.520
167.870
168.210
168.570
168.930
169.280
169.630
169.970
170.310
170.650
170.980
171.350
171.690
172.030
172.390
172.730
173.080
173.410
173.750
174.100
174.450
174.790
175.140
175.490
175.850
176.190
176.550
176.890
177.250
177.590
177.940
178.290
178.630
178.980
179.350
179.670
180.030
180.370
180.710
181.060
181.410
181.770
182.130
182.490
182.840
183.200
183.550
183.900
184.260
184.600
184.950
185.300
185.640
185.990
186.360
186.690
187.060
187.400
187.740
188.090
188.440
188.780
189.130
189.490
189.840
190.200
190.570
190.920
191.290
191.640
192.010
192.370
192.710
193.070
193.440
193.780
194.140
194.500
194.850
195.190
195.530
195.890
196.250
196.610
196.950
197.310
197.680
198.040
198.390
198.740
199.090
199.440
199.790
200.130
200.490
200.840
201.200
201.540
201.900
202.270
202.620
202.970
203.310
203.660
204.010
204.360
204.710
205.050
205.410
205.760
206.110
206.450
206.790
207.140
207.480
207.820
208.170
208.510
208.860
209.210
209.550
209.890
210.230
210.580
210.920
211.280
211.640
212.000
212.350
212.720
213.090
213.440
213.790
214.160
214.510
214.870
215.230
215.580
215.920
216.280
216.630
216.980
217.330
217.670
218.010
218.350
218.700
219.050
219.390
219.740
220.080
220.430
220.780
221.120
221.470
221.820
222.170
222.510
222.860
223.220
223.560
223.910
224.260
224.610
224.980
225.320
225.670
226.020
226.380
226.720
227.080
227.430
227.790
228.140
228.500
228.850
229.190
229.540
229.900
230.240
230.590
230.940
231.290
231.650
232.010
232.370
232.720
233.070
233.420
233.760
234.110
234.460
234.810
235.170
235.520
235.870
236.230
236.580
236.940
237.310
237.650
238.010
238.380
238.720
239.090
239.430
239.770
240.150
240.490
240.850
241.210
241.550
241.900
242.250
242.610
242.940
243.290
243.640
243.980
244.330
244.690
245.040
245.380
245.730
246.080
246.420
246.780
247.120
247.470
247.820
248.180
248.520
248.890
249.230
249.580
249.930
250.290
250.640
250.970
251.320
251.680
252.020
252.380
252.720
253.070
253.420
253.780
254.140
254.490
254.820
255.190
255.520
255.880
256.220
256.570
256.920
257.270
257.620
257.980
258.330
258.670
259.010
259.360
259.710
260.050
260.390
260.760
261.110
261.440
261.790
262.160
262.480
262.830
263.190
263.540
263.870
264.220
264.590
264.940
265.270
265.630
265.970
266.330
266.680
267.040
267.390
267.730
268.090
268.430
268.790
269.120
269.480
269.820
270.170
270.520
270.880
271.240
271.590
271.940
272.270
272.640
272.980
273.340
273.690
274.040
274.380
274.740
275.080
275.430
275.780
276.130
276.470
276.830
277.170
277.520
277.860
278.220
278.570
278.920
279.260
279.620
279.960
280.320
280.670
281.010
281.360
281.720
282.050
282.410
282.750
283.100
283.460
283.820
284.140
284.480
284.830
285.170
285.540
285.880
286.230
286.590
286.930
287.290
287.630
287.990
288.330
288.690
289.010
289.360
289.730
290.080
290.420
290.770
291.110
291.470
291.820
292.160
292.510
292.870
293.210
293.570
293.910
294.230
294.580
294.940
295.280
295.630
295.970
296.330
296.670
297.040
297.380
297.740
298.080
298.440
298.780
299.140
299.470
299.840
300.170
300.520
300.860
301.210
301.560
301.910
302.270
302.610
302.970
303.320
303.670
304.020
304.380
304.720
305.080
305.430
305.760
306.130
306.460
306.820
307.180
307.530
307.870
308.230
308.570
308.940
309.290
309.650
310.010
310.360
310.700
311.040
311.390
311.740
312.090
312.460
312.800
313.150
313.510
313.850
314.200
314.550
314.890
315.240
315.570
315.910
316.250
316.600
316.940
317.290
317.630
317.990
318.340
318.690
319.030
319.380
319.730
320.100
320.450
320.820
321.160
321.510
321.860
322.210
322.570
322.920
323.280
323.620
323.960
324.310
324.650
324.990
325.330
325.680
326.040
326.400
326.720
327.070
327.400
327.740
328.100
328.440
328.780
329.120
329.470
329.810
330.160
330.520
330.870
331.210
331.540
331.890
332.240
332.580
332.920
333.270
333.630
333.980
334.320
334.680
335.030
335.360
335.720
336.080
336.430
336.780
337.110
337.470
337.820
338.160
338.520
338.870
339.210
339.570
339.910
340.240
340.600
340.940
341.290
341.640
341.990
342.340
342.680
343.040
343.380
343.730
344.060
344.400
344.760
345.110
345.460
345.820
346.170
346.540
346.880
347.230
347.580
347.920
348.270
348.630
348.960
349.290
349.640
349.990
350.340
350.680
351.030
351.380
351.720
352.070
352.410
352.760
353.100
353.450
353.790
354.150
354.500
354.850
355.180
355.540
355.890
356.230
356.580
356.930
357.280
357.630
357.990
358.340
358.680
359.030
359.380
359.730
360.080
360.430
360.780
361.140
361.480
361.830
362.180
362.540
362.900
363.250
363.600
363.940
364.300
364.650
365.000
365.350
365.700
366.030
366.400
366.740
367.090
367.440
367.790
368.150
368.490
368.840
369.180
369.540
369.890
370.240
370.600
370.950
371.280
371.630
371.990
372.330
372.670
373.020
373.370
373.720
374.080
374.440
374.790
375.140
375.480
375.820
376.180
376.520
376.860
377.190
377.540
377.900
378.260
378.610
378.960
379.330
379.680
380.030
380.370
380.720
381.080
381.420
381.760
382.110
382.470
382.820
383.170
383.520
383.870
384.220
384.560
384.900
385.270
385.600
385.960
386.300
386.660
387.010
387.360
387.710
388.050
388.390
388.740
389.100
389.450
389.790
390.150
390.480
390.830
391.180
391.530
391.890
392.250
392.590
392.940
393.290
393.630
393.990
394.340
394.680
395.030
395.380
395.750
396.100
396.450
396.790
397.140
397.490
397.830
398.190
398.530
398.900
399.240
399.600
399.930
400.280
400.640
400.980
401.340
401.680
402.030
402.380
402.730
403.060
403.430
403.780
404.120
404.480
404.820
405.180
405.520
405.870
406.220
406.580
406.930
407.290
407.650
407.990
408.330
408.700
409.040
409.390
409.750
410.090
410.430
410.780
411.120
411.470
411.820
412.150
412.500
412.830
413.170
413.530
413.880
414.220
414.590
414.920
415.260
415.590
415.940
416.300
416.650
416.990
417.340
417.700
418.050
418.410
418.750
419.110
419.460
419.810
420.150
420.520
420.890
421.260
421.630
422.020
422.390
422.810
423.200
423.590
424.040
424.500
424.950
425.400
425.850
426.310
426.760
427.200
427.670
428.140
428.610
429.110
429.590
430.090
430.620
431.110
431.620
