0.100
0.680
1.300
1.870
2.430
3.020
3.620
4.260
4.870
5.470
6.070
6.660
7.250
7.830
8.430
9.010
9.600
10.170
10.760
11.340
11.910
12.510
13.090
13.670
14.220
14.830
15.420
15.990
16.570
17.170
17.740
18.320
18.880
19.470
20.060
20.620
21.200
21.790
22.360
22.960
23.520
24.110
24.700
25.270
25.840
26.410
27.000
27.570
28.110
28.700
29.300
29.870
30.430
31.030
31.620
32.200
32.780
33.370
33.980
34.570
35.150
35.740
36.320
36.900
37.470
38.060
38.640
39.230
39.830
40.410
40.980
41.560
42.150
42.740
43.320
43.880
44.470
45.050
45.630
46.180
46.750
47.340
47.920
48.490
49.080
49.640
50.190
50.770
51.360
51.900
52.500
53.050
53.620
54.170
54.740
55.300
55.880
56.440
57.000
57.560
58.130
58.710
59.280
59.860
60.410
61.000
61.570
62.140
62.700
63.290
63.860
64.430
64.990
65.570
66.120
66.720
67.300
67.860
68.410
68.940
69.520
70.060
70.630
71.170
71.730
72.290
72.840
73.420
73.970
74.540
75.110
75.660
76.240
76.800
77.350
77.930
78.490
79.060
79.630
80.160
80.730
81.300
81.860
82.400
82.980
83.550
84.080
84.650
85.200
85.770
86.320
86.880
87.420
87.980
88.550
89.110
89.670
90.230
90.790
91.350
91.910
92.470
93.040
93.590
94.160
94.710
95.260
95.820
96.400
96.970
97.530
98.090
98.640
99.210
99.790
100.330
100.870
101.440
101.990
102.550
103.110
103.670
104.240
104.790
105.350
105.900
106.450
107.010
107.560
108.150
108.700
109.270
109.860
110.400
110.980
111.540
112.130
112.690
113.270
113.830
114.350
114.910
115.470
116.040
116.600
117.160
117.730
118.290
118.860
119.450
120.010
120.560
121.110
121.680
122.220
122.770
123.330
123.910
124.470
125.040
125.600
126.150
126.730
127.300
127.870
128.420
129.000
129.560
130.080
130.650
131.220
131.750
132.320
132.880
133.440
134.020
134.570
135.090
135.650
136.210
136.780
137.350
137.900
138.450
139.000
139.580
140.140
140.690
141.250
141.810
142.350
142.900
143.460
144.020
144.590
145.150
145.710
146.240
146.780
147.320
147.900
148.450
149.020
149.560
150.100
150.660
151.230
151.780
152.320
152.870
153.410
153.980
154.520
155.070
155.610
156.150
156.690
157.250
157.790
158.330
158.910
159.420
159.980
160.530
161.040
161.600
162.140
162.720
163.270
163.830
164.380
164.940
165.500
166.050
166.620
167.170
167.710
168.270
168.820
169.380
169.910
170.470
171.020
