0.040
0.480
0.920
1.350
1.770
2.200
2.620
3.070
3.570
4.050
4.510
5.010
5.490
5.980
6.470
6.950
7.500
8.010
8.550
9.070
9.540
9.990
10.460
10.910
11.350
11.760
12.200
12.640
13.050
13.480
13.920
14.340
14.780
15.230
15.650
16.110
16.550
16.970
17.400
17.840
18.270
18.690
19.130
19.550
19.980
20.420
20.830
21.250
21.690
22.110
22.530
22.950
23.370
23.810
24.240
24.670
25.090
25.510
25.940
26.380
26.830
27.250
27.700
28.150
28.570
29.030
29.460
29.900
30.310
30.750
31.170
31.620
32.050
32.480
32.910
33.320
33.750
34.200
34.610
35.020
35.440
35.880
36.300
36.720
37.140
37.540
37.960
38.390
38.820
39.240
39.640
40.060
40.480
40.900
41.330
41.750
42.190
42.620
43.060
43.500
43.920
44.360
44.800
45.260
45.700
46.140
46.570
47.000
47.440
47.880
48.320
48.740
49.160
49.610
50.060
50.500
50.940
51.370
51.810
52.240
52.660
53.090
53.520
53.980
54.400
54.860
55.300
55.720
56.180
56.620
57.040
57.460
57.890
58.290
58.720
59.140
59.560
59.990
60.440
60.870
61.290
61.710
62.120
62.530
62.940
63.340
63.740
64.180
64.580
65.000
65.440
65.850
66.260
66.700
67.100
67.540
67.960
68.370
68.800
69.240
69.650
70.100
70.510
70.920
71.360
71.770
72.160
72.570
73.000
73.410
73.820
74.210
74.620
75.060
75.480
75.920
76.360
76.790
77.190
77.610
78.050
78.470
78.870
79.270
79.680
80.100
80.510
80.930
81.350
81.760
82.180
82.610
83.030
83.440
83.860
84.290
84.700
85.130
85.570
85.990
86.420
86.860
87.280
87.700
88.140
88.580
88.990
89.430
89.850
90.280
90.710
91.120
91.550
91.960
92.400
92.810
93.250
93.670
94.090
94.510
94.920
95.370
95.790
96.210
96.650
97.070
97.470
97.870
98.290
98.710
99.100
99.530
99.970
100.400
100.810
101.250
101.680
102.100
102.510
102.950
103.370
103.780
104.200
104.620
105.040
105.470
105.880
106.280
106.710
107.130
107.540
107.950
108.380
108.810
109.230
109.630
110.060
110.470
110.920
111.340
111.780
112.210
112.630
113.060
113.480
113.890
114.310
114.740
115.160
115.590
116.000
116.430
116.840
117.270
117.680
118.100
118.550
118.970
119.400
119.840
120.250
120.670
121.100
121.530
121.950
122.370
122.800
123.230
123.670
124.090
124.520
124.950
125.350
125.780
126.190
126.610
127.030
127.450
127.850
128.280
128.710
129.130
129.550
129.970
130.380
130.810
131.220
131.640
132.070
132.490
132.910
133.310
133.730
134.160
134.550
134.970
135.390
135.800
136.210
136.620
137.040
137.470
137.880
138.300
138.700
139.130
139.530
139.960
140.380
140.790
141.220
141.640
142.070
142.490
142.890
143.300
143.710
144.140
144.560
144.970
145.390
145.800
146.230
146.640
147.070
147.460
147.870
148.280
148.700
149.110
149.530
149.940
150.340
150.740
151.170
151.580
151.980
152.410
152.830
153.240
153.660
154.080
154.500
154.920
155.340
155.760
156.170
156.570
156.950
157.350
157.790
158.190
158.620
159.050
159.470
159.880
160.270
160.700
161.110
161.500
161.910
162.330
162.740
163.160
163.570
163.970
164.380
164.790
165.200
165.590
165.990
166.390
166.780
167.190
167.590
167.990
168.410
168.830
169.220
169.630
170.060
170.470
170.850
171.260
171.660
172.060
172.470
172.880
173.290
173.680
174.100
174.520
174.940
175.350
175.770
176.180
176.600
177.040
177.450
177.850
178.270
178.680
179.120
179.540
179.970
180.400
180.830
181.250
181.650
182.070
182.490
182.890
183.330
183.750
184.190
184.600
185.050
185.470
185.900
186.340
186.750
187.150
187.560
187.990
188.390
188.780
189.170
189.600
190.010
190.410
190.830
191.240
191.650
192.040
192.450
192.870
193.290
193.700
194.110
194.510
194.910
195.320
195.720
196.100
196.510
196.900
197.290
197.660
198.070
198.470
198.880
199.280
199.680
200.070
200.470
200.890
201.280
201.700
202.120
202.530
202.940
203.350
203.750
204.130
204.550
204.940
205.340
205.750
206.150
206.530
206.950
207.340
207.750
208.140
208.550
208.930
209.330
209.730
210.130
210.530
210.940
211.330
211.710
212.100
212.500
212.890
213.290
213.690
214.080
214.480
214.890
215.300
215.690
216.080
216.480
216.890
217.320
217.730
218.120
218.530
218.920
219.310
219.720
220.130
220.510
220.910
221.290
221.680
222.080
222.470
222.840
223.250
223.640
224.020
224.400
224.790
225.180
225.580
225.970
226.380
226.800
227.200
227.600
227.980
228.360
228.750
229.120
229.500
229.900
230.290
230.660
231.040
231.420
231.810
232.190
232.570
232.930
233.320
233.710
234.090
234.500
234.890
235.310
235.710
236.130
236.520
236.920
237.330
237.720
238.090
238.500
238.890
239.280
239.660
240.050
240.440
240.840
241.210
241.620
242.000
242.400
242.790
243.160
243.560
243.940
244.300
244.700
245.070
245.450
245.830
246.200
246.580
246.960
247.330
247.690
248.050
248.430
248.770
249.150
249.520
249.900
250.270
250.670
251.050
251.430
251.830
252.200
252.570
252.960
253.340
253.730
254.110
254.510
254.920
255.320
255.700
256.100
256.510
256.910
257.310
257.700
258.080
258.470
258.880
259.280
259.670
260.070
260.470
260.860
261.250
261.620
262.030
262.400
262.800
263.190
263.580
263.980
264.400
264.800
265.200
265.590
265.990
266.380
266.780
267.170
267.560
267.940
268.360
268.750
269.130
269.530
269.920
270.300
270.680
271.080
271.480
271.870
272.260
272.660
273.050
273.470
273.870
274.270
274.670
275.060
275.460
275.880
276.280
276.700
277.090
277.490
277.890
278.300
278.700
279.120
279.530
279.920
280.330
280.760
281.150
281.540
281.960
282.340
282.740
283.170
283.580
283.990
284.370
284.790
285.180
285.590
285.980
286.350
286.750
287.150
287.560
287.960
288.330
288.740
289.120
289.520
289.890
290.280
290.670
291.030
291.420
291.800
292.170
292.560
292.960
293.350
293.730
294.110
294.490
294.870
295.250
295.630
296.010
296.410
296.780
297.190
297.590
298.000
298.400
298.790
299.210
299.630
300.020
300.390
300.780
301.180
301.610
302.020
302.440
302.860
303.260
303.660
304.090
304.480
304.900
305.310
305.710
306.120
306.540
306.940
307.360
307.780
308.190
308.590
309.010
309.400
309.820
310.240
310.630
311.060
311.490
311.910
312.310
312.730
313.130
313.540
313.950
314.370
314.780
315.190
315.570
315.980
316.380
316.780
317.200
317.590
318.020
318.410
318.840
319.230
319.650
320.050
320.450
320.840
321.240
321.640
322.070
322.480
322.890
323.280
323.710
324.100
324.510
324.900
325.320
325.720
326.130
326.530
326.940
327.350
327.740
328.140
328.550
328.950
329.340
329.750
330.130
330.540
330.960
331.380
331.780
332.200
332.590
333.020
333.440
333.850
334.270
334.680
335.090
335.490
335.890
336.300
336.720
337.130
337.530
337.950
338.340
338.740
339.160
339.560
339.940
340.350
340.760
341.170
341.580
341.980
342.380
342.800
343.210
343.610
344.010
344.400
344.790
345.200
345.590
345.990
346.410
346.800
347.190
347.610
348.010
348.420
348.820
349.240
349.640
350.050
350.450
350.860
351.290
351.680
352.090
352.500
352.930
353.340
353.750
354.160
354.560
354.940
355.350
355.760
356.180
356.590
357.000
357.390
357.810
358.210
358.640
359.030
359.430
359.830
360.250
360.670
361.080
361.470
361.890
362.270
362.680
363.090
363.480
363.910
364.320
364.710
365.140
365.540
365.940
366.370
366.770
367.170
367.580
367.960
368.390
368.800
369.210
369.630
370.070
370.490
370.900
371.330
371.750
372.170
372.590
373.000
373.410
373.850
374.260
374.670
375.110
375.530
375.940
376.360
376.770
377.210
377.630
378.030
378.450
378.890
379.290
379.730
380.130
380.570
380.990
381.410
381.830
382.230
382.670
383.100
383.510
383.980
384.430
384.870
385.310
385.800
386.280
386.790
387.290
387.770
388.290
388.770
389.300
389.820
390.330
390.870
391.450
391.980
392.610
393.280
394.030
394.750
395.430
396.190
396.950
397.680
398.430
399.160
399.880
400.640
401.380
402.120
402.980
403.780
404.640
405.490
406.270
406.980
407.730
408.470
409.160
409.870
410.600
411.250
411.900
412.600
413.250
413.920
414.570
415.180
415.850
416.490
417.150
417.780
418.400
419.050
419.680
420.280
420.930
421.570
422.200
422.800
423.430
424.080
424.720
425.310
425.910
426.540
427.160
427.740
428.360
428.980
429.560
430.110
430.680
431.280
431.860
432.410
432.950
433.530
434.110
434.670
435.240
435.810
436.360
436.920
437.480
438.040
438.620
439.150
439.730
440.310
440.890
441.420
441.990
442.560
443.130
443.680
444.250
444.840
445.430
446.050
446.690
447.300
447.940
448.610
449.260
449.900
450.520
451.190
451.760
452.360
452.910
453.520
454.060
454.640
455.210
455.760
456.280
456.800
457.320
457.880
458.440
458.990
459.540
