0.200
1.320
2.320
3.310
4.280
5.310
6.310
7.290
8.320
9.190
10.100
11.010
11.890
12.810
13.680
14.720
15.700
16.660
17.700
18.830
19.900
20.900
21.960
23.060
24.070
25.060
26.100
27.110
28.120
29.070
30.110
31.130
32.100
33.130
34.110
35.120
36.150
37.160
38.150
39.130
40.130
41.130
42.130
43.120
44.130
45.150
46.150
47.120
48.140
49.130
50.160
51.150
52.140
53.180
54.180
55.180
56.160
57.140
58.140
59.150
60.080
61.090
62.070
63.060
64.050
65.060
66.060
67.060
68.060
69.040
70.040
71.050
72.000
72.990
73.930
74.950
75.920
76.910
77.900
78.870
79.860
80.820
81.810
82.810
83.800
84.780
85.770
86.770
87.790
88.750
89.730
90.720
91.670
92.700
93.700
94.690
95.690
96.660
97.630
98.640
99.630
100.650
101.630
102.630
103.610
104.590
105.580
106.540
107.520
108.500
109.460
110.460
111.450
112.390
113.410
114.370
115.340
116.350
117.340
118.370
119.310
120.290
121.260
122.240
123.210
124.170
125.130
126.090
127.050
128.030
129.010
130.020
131.010
131.990
132.980
134.000
134.950
135.900
136.850
137.860
138.800
139.760
140.720
141.710
142.660
143.620
144.580
145.590
146.520
147.500
148.450
149.430
150.420
151.390
152.380
153.290
154.300
155.270
156.250
157.170
158.150
159.100
160.070
161.050
162.040
163.000
163.960
164.920
165.870
166.830
167.790
168.760
169.710
170.680
171.620
172.570
173.530
174.490
175.440
176.400
177.370
178.320
179.310
180.310
181.270
182.230
183.180
184.140
185.100
186.050
187.010
187.970
188.930
189.890
190.860
191.840
192.820
193.770
194.720
195.710
196.650
197.590
198.570
199.550
200.470
201.430
202.410
203.430
204.410
205.370
206.350
207.390
208.370
209.330
210.240
211.180
212.150
213.070
213.940
214.860
215.830
216.740
217.650
218.570
219.480
220.400
221.310
222.220
223.010
223.770
224.530
225.300
226.070
226.850
227.650
228.390
229.190
230.010
230.800
231.590
232.380
233.170
233.920
