0.560
1.210
1.910
2.560
3.240
3.950
4.720
5.410
6.100
6.790
7.480
8.210
8.900
9.590
10.280
10.990
11.700
12.420
13.150
13.850
14.550
15.280
15.950
16.710
17.400
18.150
18.840
19.550
20.300
21.020
21.720
22.410
23.130
23.840
24.540
25.260
25.970
26.690
27.400
28.100
28.760
29.490
30.180
30.890
31.550
32.230
32.930
33.460
33.910
34.260
34.610
34.970
35.310
35.670
36.010
36.370
36.720
37.070
37.410
37.760
38.110
38.450
38.800
39.140
39.480
39.840
40.190
40.550
40.890
41.240
41.610
41.960
42.310
42.660
43.010
43.370
43.720
44.070
44.410
44.760
45.080
45.430
45.760
46.120
46.480
46.820
47.160
47.530
47.850
48.210
48.550
48.890
49.220
49.570
49.890
50.250
50.570
50.910
51.250
51.620
51.960
52.330
52.670
53.040
53.380
53.740
54.080
54.430
54.780
55.140
55.480
55.850
56.190
56.530
56.880
57.230
57.600
57.940
58.300
58.650
58.980
59.350
59.700
60.040
60.380
60.730
61.080
61.430
61.790
62.150
62.490
62.850
63.200
63.540
63.880
64.250
64.590
64.930
65.250
65.600
65.930
66.300
66.640
66.990
67.340
67.680
68.040
68.400
68.740
69.110
69.450
69.810
70.180
70.510
70.870
71.220
71.560
71.920
72.280
72.620
72.980
73.330
73.680
74.030
74.360
74.700
75.040
75.390
75.730
76.090
76.440
76.790
77.150
77.480
77.830
78.170
78.490
78.850
79.170
79.510
79.860
80.200
80.550
80.890
81.240
81.580
81.920
82.270
82.620
82.990
83.320
83.680
84.030
84.370
84.730
85.080
85.420
85.790
86.140
86.490
86.840
87.190
87.520
87.890
88.250
88.600
88.950
89.290
89.660
89.990
90.350
90.710
91.050
91.390
91.740
92.090
92.440
92.760
93.110
93.470
93.820
94.170
94.530
94.850
95.170
95.520
95.850
96.190
96.540
96.860
97.220
97.560
97.900
98.240
98.560
98.910
99.250
99.600
99.930
100.270
100.610
100.940
101.280
101.630
101.970
102.330
102.670
103.030
103.380
103.730
104.060
104.410
104.780
105.130
105.470
105.830
106.150
106.500
106.840
107.200
107.540
107.880
108.230
108.600
108.940
109.290
109.630
109.970
110.320
110.670
111.000
111.370
111.710
112.040
112.370
112.720
113.060
113.400
113.730
114.090
114.410
114.770
115.090
115.430
115.770
116.130
116.450
116.800
117.130
117.440
117.780
118.150
118.500
118.850
119.190
119.540
119.880
120.240
120.570
120.930
121.260
121.600
121.940
122.290
122.630
122.990
123.330
123.680
124.020
124.380
124.720
125.070
125.420
125.770
126.110
126.450
126.790
127.110
127.450
127.790
128.120
128.460
128.800
129.150
129.520
129.870
130.200
130.550
130.910
131.260
131.580
131.920
132.260
132.600
132.960
133.310
133.650
134.000
134.350
134.710
135.060
135.420
135.770
136.120
136.460
136.800
137.160
137.510
137.850
138.210
138.540
138.900
139.220
139.570
139.920
140.280
140.620
140.970
141.320
141.690
142.060
142.390
142.740
143.100
143.440
143.810
144.160
144.510
144.830
145.170
145.520
145.850
146.190
146.540
146.880
147.230
147.550
147.890
148.240
148.590
148.930
149.270
149.600
149.940
150.280
150.630
150.990
151.330
151.680
152.030
152.370
152.720
153.060
153.410
153.750
154.100
154.460
154.800
155.130
155.480
155.820
156.170
156.510
156.860
157.210
157.570
157.900
158.260
158.590
158.950
159.270
159.630
159.950
160.290
160.640
160.990
161.330
161.670
162.010
162.340
162.660
162.970
163.270
163.580
163.890
164.210
164.510
164.830
165.160
165.480
165.790
166.130
166.460
166.800
167.140
167.490
167.830
168.180
168.540
168.870
169.220
169.550
169.910
170.250
170.600
170.950
171.290
171.660
172.010
172.350
172.690
173.010
173.360
173.700
174.040
174.370
174.720
175.050
175.400
175.750
176.100
176.440
176.790
177.160
177.510
177.860
178.190
178.540
178.910
179.260
179.610
179.930
180.290
180.610
180.950
181.290
181.650
181.980
182.330
182.660
183.010
183.350
183.690
184.040
184.410
184.760
185.110
185.430
185.780
186.120
186.480
186.830
187.180
187.520
187.870
188.220
188.580
188.910
189.270
189.620
189.960
190.330
190.660
191.000
191.340
191.680
192.040
192.390
192.720
193.060
193.400
193.750
194.090
194.430
194.760
195.100
195.440
195.810
196.150
196.490
196.830
197.170
197.510
197.850
198.200
198.550
198.890
199.210
199.560
199.910
200.240
200.580
200.920
201.270
201.630
201.980
202.330
202.660
203.010
203.350
203.690
204.030
204.390
204.730
205.080
205.420
205.760
206.100
206.450
206.790
207.160
207.500
207.860
208.190
208.560
208.890
209.250
209.600
209.950
210.290
210.640
210.970
211.310
211.630
211.960
212.290
212.640
212.970
213.290
213.620
213.950
214.260
214.590
214.900
215.230
215.540
215.880
216.240
216.570
216.920
217.250
217.590
217.920
218.280
218.620
218.960
219.280
219.650
219.990
220.350
220.690
221.030
221.380
221.740
222.070
222.420
222.760
223.120
223.470
223.830
224.160
224.510
224.860
225.220
225.540
225.890
226.230
226.580
226.920
227.260
227.620
227.980
228.330
228.680
229.020
229.390
229.730
230.110
230.470
230.830
231.180
231.550
231.910
232.240
232.580
232.910
233.230
233.570
233.940
234.280
234.620
234.990
235.310
235.670
236.000
236.350
236.690
237.050
237.380
237.740
238.090
238.440
238.760
239.110
239.440
239.790
240.140
240.480
240.810
241.160
241.500
241.860
242.190
242.540
242.890
243.260
243.590
243.920
244.260
244.600
244.960
245.290
245.630
245.970
246.300
246.660
247.000
247.320
247.660
248.020
248.340
248.660
249.010
249.340
249.650
249.990
250.330
250.690
251.020
251.360
251.700
252.040
252.370
252.740
253.080
253.430
253.790
254.130
254.460
254.800
255.130
255.470
255.810
256.160
256.490
256.850
257.170
257.520
257.850
258.200
258.540
258.880
259.210
259.560
259.910
260.250
260.590
260.930
261.270
261.600
261.930
262.250
262.600
262.920
263.240
263.570
263.870
264.190
264.490
264.800
265.130
265.440
265.790
266.140
266.480
266.840
267.170
267.540
267.880
268.240
268.580
268.930
269.270
269.630
269.950
270.300
270.630
270.990
271.320
271.670
271.990
272.330
272.650
273.000
273.340
273.680
274.010
274.360
274.700
275.050
275.370
275.730
276.070
276.420
276.750
277.080
277.400
277.720
278.030
278.340
278.660
278.970
279.270
279.590
279.900
280.210
280.520
280.830
281.140
281.440
281.750
282.090
282.450
282.790
283.130
283.490
283.810
284.160
284.500
284.850
285.180
285.530
285.880
286.230
286.580
286.900
287.220
287.560
287.870
288.200
288.520
288.860
289.230
289.580
289.930
290.270
290.620
290.940
291.280
291.620
291.950
292.280
292.590
292.920
293.240
293.560
293.880
294.190
294.500
294.800
295.110
295.450
295.800
296.150
296.480
296.790
297.110
297.440
297.780
298.150
298.500
298.860
299.200
299.560
299.910
300.250
300.610
300.960
301.310
301.650
301.990
302.330
302.660
303.010
303.340
303.700
304.030
304.380
304.720
305.070
305.420
305.760
306.080
306.420
306.760
307.100
307.440
307.790
308.140
308.480
308.800
309.150
309.490
309.860
310.190
310.550
310.900
311.260
311.590
311.930
312.260
312.610
312.950
313.310
313.650
314.000
314.340
314.700
315.050
315.430
315.760
316.110
316.460
316.820
317.160
317.510
317.860
318.210
318.580
318.930
319.260
319.620
319.960
320.330
320.680
321.020
321.360
321.720
322.070
322.420
322.770
323.120
323.470
323.820
324.180
324.520
324.860
325.220
325.560
326.010
326.450
326.900
327.350
327.820
328.260
328.700
329.170
329.620
330.050
330.520
330.950
331.400
331.850
332.300
332.720
333.180
333.610
334.060
334.500
334.920
335.360
335.820
336.240
336.690
337.160
337.610
338.040
338.510
338.930
339.370
339.830
340.270
340.690
341.150
341.580
342.030
342.490
342.940
343.370
343.830
344.290
344.750
345.230
345.690
346.130
346.590
347.050
347.510
347.990
348.450
348.890
349.350
349.810
350.290
350.750
351.190
