0.270
0.590
0.940
1.270
1.620
1.950
2.310
2.650
3.000
3.350
3.700
4.080
4.450
4.820
5.170
5.550
5.910
6.280
6.650
7.010
7.400
7.760
8.140
8.500
8.870
9.240
9.610
9.980
10.350
10.720
11.100
11.470
11.840
12.210
12.570
12.940
13.310
13.690
14.060
14.430
14.810
15.170
15.550
15.920
16.290
16.660
17.040
17.410
17.780
18.150
18.510
18.890
19.270
19.640
20.020
20.390
20.760
21.130
21.500
21.880
22.250
22.630
23.000
23.370
23.740
24.100
24.470
24.840
25.220
25.580
25.940
26.310
26.670
27.040
27.410
27.780
28.150
28.530
28.900
29.270
29.640
30.010
30.380
30.760
31.130
31.510
31.880
32.250
32.620
32.990
33.370
33.740
34.110
34.490
34.860
35.240
35.610
35.990
36.360
36.730
37.100
37.480
37.840
38.210
38.580
38.950
39.320
39.700
40.070
40.440
40.820
41.190
41.560
41.930
42.290
42.660
43.030
43.400
43.770
44.140
44.490
44.860
45.230
45.600
45.980
46.350
46.730
47.090
47.470
47.850
48.220
48.580
48.950
49.320
49.690
50.050
50.430
50.800
51.170
51.540
51.910
52.270
52.640
53.000
53.370
53.730
54.110
54.470
54.850
55.220
55.600
55.960
56.340
56.710
57.080
57.460
57.830
58.210
58.580
58.950
59.310
59.680
60.050
60.420
60.800
61.150
61.540
61.900
62.270
62.650
63.010
63.390
63.760
64.130
64.510
64.870
65.250
65.620
66.000
66.360
66.740
67.100
67.470
67.840
68.210
68.580
68.950
69.330
69.710
70.090
70.470
70.840
71.220
71.600
71.970
72.340
72.720
73.090
73.480
73.840
74.220
74.600
74.970
75.350
75.720
76.100
76.470
76.840
77.220
77.590
77.970
78.350
78.730
79.100
79.490
79.860
80.250
80.610
80.990
81.360
81.740
82.120
82.510
82.880
83.260
83.630
84.010
84.380
84.760
85.140
85.510
85.890
86.260
86.650
87.020
87.390
87.780
88.150
88.540
88.910
89.270
89.640
90.020
90.400
90.770
91.150
91.530
91.910
92.300
92.670
93.040
93.410
93.790
94.170
94.540
94.910
95.290
95.670
96.040
96.410
96.790
97.160
97.530
97.910
98.280
98.670
99.040
99.410
99.790
100.160
100.540
100.920
101.290
101.670
102.040
102.420
102.790
103.170
103.540
103.920
104.300
104.670
105.040
105.420
105.800
106.170
106.550
106.920
107.290
107.660
108.030
108.410
108.780
109.160
109.530
109.900
110.270
110.650
111.010
111.390
111.770
112.140
112.510
112.890
113.260
113.630
114.010
114.380
114.750
115.130
115.490
115.860
116.230
116.600
116.980
117.350
117.720
118.090
118.470
118.830
119.200
119.580
119.950
120.320
120.690
121.070
121.440
121.810
122.190
122.560
122.930
123.310
123.690
124.060
124.430
124.810
125.180
125.550
125.930
126.300
126.680
127.040
127.420
127.800
128.180
128.550
128.930
129.290
129.670
130.050
130.430
130.800
131.170
131.540
131.920
132.290
132.680
133.040
133.430
133.810
134.190
134.580
134.950
135.330
135.700
136.080
136.460
136.830
137.200
137.580
137.950
138.330
138.700
139.080
139.450
139.830
140.190
140.570
140.940
141.300
141.680
142.060
142.430
142.810
143.190
143.560
143.940
144.320
144.690
145.060
145.440
145.820
146.200
146.570
146.950
147.320
147.700
148.050
148.430
148.810
149.180
149.560
149.940
150.320
150.700
151.080
151.450
151.830
152.210
152.580
152.960
153.330
153.710
154.090
154.460
154.840
155.220
155.600
155.970
156.340
156.720
157.110
157.480
157.860
158.240
158.610
158.990
159.380
159.760
160.140
160.520
160.900
161.270
161.650
162.030
162.410
162.790
163.170
163.550
163.930
164.300
164.690
165.060
165.430
165.810
166.190
166.560
166.950
167.320
167.700
168.070
168.450
168.840
169.210
169.600
169.980
170.350
170.730
171.100
171.470
171.850
172.220
172.590
172.970
173.340
173.720
174.090
174.470
174.860
175.240
175.620
176.000
176.380
176.750
177.120
177.500
177.870
178.250
178.630
179.000
179.370
179.740
180.110
180.500
180.870
181.250
181.620
182.000
182.370
182.740
183.110
183.470
183.790
184.120
184.440
184.750
