0.540
1.160
1.780
2.420
3.040
3.670
4.280
4.910
5.520
6.160
6.800
7.430
8.060
8.690
9.320
9.950
10.590
11.230
11.860
12.500
13.110
13.750
14.370
15.000
15.640
16.260
16.910
17.510
18.180
18.820
19.430
20.080
20.720
21.380
22.020
22.690
23.320
23.990
24.610
25.270
25.910
26.580
27.210
27.860
28.510
29.150
29.800
30.450
31.090
31.730
32.380
33.030
33.670
34.300
34.960
35.630
36.260
36.930
37.590
38.280
38.930
39.560
40.210
40.840
41.470
42.100
42.780
43.430
44.070
44.720
45.390
46.070
46.690
47.360
48.000
48.650
49.290
49.950
50.590
51.270
51.920
52.560
53.200
53.850
54.500
55.170
55.820
56.490
57.130
57.810
58.500
59.140
59.780
60.440
61.090
61.780
62.450
63.100
63.750
64.400
65.070
65.730
66.370
67.040
67.710
68.370
69.040
69.700
70.320
70.990
71.630
72.300
72.950
73.640
74.300
74.940
75.560
76.250
76.910
77.590
78.270
78.900
79.600
80.290
80.950
81.640
82.280
82.960
83.630
84.310
84.960
85.630
86.270
86.950
87.580
88.260
88.910
89.590
90.260
90.930
91.580
92.270
92.920
93.590
94.260
94.920
95.590
96.260
96.920
97.590
98.250
98.910
99.570
100.240
100.940
101.620
102.300
102.980
103.640
104.300
104.970
105.640
106.290
106.940
107.590
108.270
108.910
109.580
110.240
110.920
111.580
112.270
112.910
113.620
114.270
114.950
115.600
116.270
116.940
117.610
118.290
118.940
119.620
120.310
120.940
121.610
122.270
122.950
123.600
124.280
124.950
125.610
126.270
126.950
127.620
128.290
128.950
129.630
130.290
130.950
131.620
132.310
132.970
133.650
134.320
134.990
135.650
136.320
136.960
137.660
138.320
139.000
139.660
140.300
140.960
141.610
142.300
142.950
143.630
144.300
144.980
145.670
146.350
146.990
147.660
148.330
148.990
149.660
150.350
151.000
151.690
152.360
153.040
153.710
154.390
155.080
155.740
156.410
157.100
157.760
158.450
159.090
159.780
160.450
161.120
161.800
162.460
163.140
163.830
164.490
165.160
165.830
166.510
167.180
167.850
168.530
169.170
169.840
170.520
171.180
171.840
172.500
173.190
173.830
174.480
175.170
175.820
176.470
177.120
177.780
178.480
179.130
179.780
180.450
181.120
181.790
182.450
183.130
183.780
184.470
185.140
185.800
186.480
187.130
187.790
188.460
189.140
189.810
190.480
191.150
191.810
192.490
193.160
193.840
194.520
195.210
195.880
196.550
197.260
197.940
198.580
199.290
200.040
200.830
