0.680
1.540
2.440
3.280
4.280
5.220
6.200
7.130
8.130
9.050
10.090
11.120
12.130
13.090
14.070
15.040
16.070
17.030
18.040
19.020
20.040
21.080
22.070
23.060
24.120
25.130
26.170
27.130
28.190
29.210
30.190
31.220
32.280
33.360
34.370
35.370
36.490
37.510
38.580
39.550
40.630
41.650
42.700
43.660
44.630
45.770
46.820
47.840
48.850
49.900
50.930
52.030
53.030
54.110
55.130
56.170
57.200
58.210
59.200
60.200
61.220
62.240
63.270
64.370
65.470
66.500
67.530
68.560
69.610
70.640
71.710
72.760
73.760
74.820
75.830
76.860
77.900
78.920
79.940
80.930
81.920
82.890
83.850
84.840
85.750
86.760
87.670
88.570
89.480
90.400
91.320
92.130
93.000
93.840
94.660
95.630
96.610
97.530
98.500
99.520
100.440
101.490
102.450
103.390
104.420
105.400
106.410
107.490
108.470
109.450
110.460
111.470
112.520
113.490
114.480
115.570
116.600
117.470
118.300
119.130
119.910
120.720
121.520
122.340
123.110
123.960
124.790
125.500
126.230
126.990
127.670
128.430
129.130
129.850
130.600
131.350
132.050
132.810
133.560
134.290
135.040
135.720
136.390
137.110
137.830
138.540
139.240
139.940
140.690
141.430
142.410
143.320
144.340
145.320
146.320
147.390
148.370
149.370
150.320
151.270
152.320
153.330
154.320
155.410
156.410
157.510
158.540
159.620
160.690
161.810
162.920
163.910
164.870
165.940
166.940
168.000
169.010
170.020
171.040
172.080
173.080
174.120
175.150
176.150
177.150
178.170
179.270
180.290
181.300
182.370
183.360
184.370
185.410
186.440
187.500
188.550
189.560
190.530
191.530
192.590
193.600
194.650
195.690
196.720
197.730
198.790
199.790
200.770
201.710
202.810
203.890
204.930
206.020
207.100
208.180
209.210
210.320
211.430
212.490
213.500
214.630
215.690
216.740
217.840
218.900
219.990
220.980
222.050
223.030
224.090
225.140
226.140
227.180
228.270
229.320
230.320
231.420
232.450
233.510
234.590
235.630
236.690
237.740
238.860
239.980
241.030
242.030
243.100
244.160
245.180
246.300
247.410
248.430
249.550
250.600
251.670
252.730
253.810
254.860
255.810
256.870
257.940
258.990
260.070
261.180
262.290
263.300
264.340
265.350
266.410
267.550
268.590
269.680
270.720
271.820
272.850
273.970
275.050
276.100
277.150
278.240
279.320
280.320
281.240
282.200
283.200
284.170
285.130
