0.400
1.490
2.580
3.670
4.760
5.880
7.000
8.090
9.130
10.250
11.360
12.450
13.540
14.630
15.720
16.810
17.890
18.940
20.060
21.140
22.180
23.280
24.400
25.490
26.520
27.590
28.590
29.670
30.710
31.660
32.640
33.610
34.660
35.740
36.800
37.870
38.890
39.950
41.040
42.140
43.270
44.370
45.400
46.480
47.510
48.550
49.620
50.670
51.710
52.780
53.780
54.770
55.840
56.910
57.940
58.960
60.000
61.050
62.070
63.140
64.190
65.230
66.340
67.420
68.450
69.570
70.620
71.680
72.770
73.840
74.860
75.900
77.000
78.100
79.130
80.200
81.280
82.060
82.610
83.130
83.630
84.150
84.680
85.180
85.700
86.230
86.760
87.290
87.810
88.310
88.820
89.330
89.860
90.370
90.880
91.420
91.930
92.420
92.940
93.440
93.960
94.480
94.950
95.400
95.870
96.340
96.830
97.340
97.860
98.400
98.920
99.430
99.950
100.460
100.980
101.490
102.030
102.520
103.040
103.560
104.080
104.580
105.090
105.610
106.140
106.640
107.120
107.620
108.120
108.630
109.150
109.650
110.160
110.690
111.200
111.720
112.240
112.730
113.270
113.780
114.290
114.790
115.300
115.820
116.360
116.870
117.380
117.920
118.410
118.940
119.430
119.960
120.500
121.030
121.570
122.080
122.610
123.130
123.630
124.160
124.660
125.180
125.670
126.180
126.680
127.180
127.680
128.200
128.720
129.200
129.720
130.220
130.750
131.290
131.800
132.310
132.820
133.340
133.860
134.370
134.900
135.420
135.930
136.440
136.950
137.470
137.970
138.470
138.990
139.500
140.020
140.520
141.020
141.530
142.030
142.540
143.040
143.570
144.080
144.590
145.100
145.590
146.110
146.580
147.100
147.610
148.120
148.630
149.130
149.650
150.170
150.670
151.170
151.710
152.200
152.730
153.240
153.720
154.230
154.730
155.250
155.750
156.280
156.790
157.320
157.820
158.340
158.850
159.370
159.880
160.390
160.900
161.430
161.940
162.470
162.980
163.470
163.990
164.490
164.970
165.490
166.000
166.530
167.030
167.540
168.050
168.550
169.040
169.570
170.080
170.570
171.080
171.590
172.100
172.620
173.110
173.610
174.130
174.620
175.120
175.620
176.100
176.630
177.140
177.630
178.140
178.640
179.170
179.680
180.160
180.670
181.150
181.680
182.200
182.700
183.230
183.730
184.240
184.790
185.280
185.800
186.310
186.800
187.340
187.810
188.320
188.850
189.360
189.900
190.420
190.910
191.460
191.970
192.500
193.010
193.510
194.020
194.530
195.040
195.570
196.060
196.570
197.090
197.590
198.100
198.590
199.090
199.600
200.110
200.650
201.150
201.670
202.180
202.670
203.180
203.680
204.200
204.710
205.200
205.720
206.240
206.730
207.230
207.740
208.270
208.800
209.320
209.800
210.320
210.820
211.330
211.830
212.320
212.850
213.330
213.830
214.330
214.860
215.370
215.870
216.380
216.920
217.450
217.960
218.490
219.000
219.490
220.010
220.520
221.030
221.530
222.060
222.560
223.060
223.560
224.070
224.620
225.120
225.620
226.130
226.650
227.160
227.670
228.180
228.680
229.190
229.700
230.210
230.720
231.230
231.720
232.200
232.730
233.250
233.740
234.260
234.780
235.290
235.780
236.290
236.790
237.300
237.790
238.280
238.770
239.280
239.780
240.320
240.830
241.310
241.820
242.320
242.820
243.330
243.830
244.310
244.820
245.330
245.860
246.380
246.870
247.410
247.930
248.450
248.970
249.490
249.990
250.540
251.040
251.580
252.070
252.570
253.090
253.630
254.160
254.670
255.190
255.710
256.230
256.730
257.230
257.730
258.270
258.740
259.270
259.740
260.250
260.750
261.270
261.800
262.280
262.800
263.310
263.840
264.350
264.840
265.370
265.890
266.410
266.920
267.460
267.950
268.480
268.990
269.510
270.040
270.540
271.020
271.540
272.030
272.530
273.030
273.530
274.060
274.560
275.090
275.600
276.090
276.600
277.100
277.620
278.150
278.660
279.140
279.640
280.130
280.640
281.160
281.690
282.200
282.710
283.210
283.700
284.210
284.720
285.250
285.760
286.300
286.800
287.310
287.820
288.320
288.820
289.330
289.840
290.350
290.820
291.350
291.850
292.350
292.840
293.330
293.820
294.340
294.830
295.340
295.820
296.360
296.860
297.370
297.860
298.340
298.870
299.370
299.870
300.400
300.900
301.400
301.900
302.400
302.900
303.390
303.900
304.450
304.960
305.470
305.970
306.470
306.990
307.490
308.030
308.540
309.030
309.530
310.050
310.560
311.050
311.550
312.070
312.540
313.030
313.540
314.010
314.520
315.030
315.540
316.040
316.510
317.000
317.480
317.990
318.490
319.000
319.500
320.000
320.520
321.020
321.520
321.990
322.480
323.000
323.510
323.990
324.480
324.970
325.460
325.960
326.440
326.950
327.460
327.970
328.450
328.950
329.410
329.930
330.440
330.910
331.420
331.910
332.380
332.880
333.370
333.860
334.350
334.850
335.360
335.840
336.340
336.820
337.310
337.800
338.310
338.810
339.320
339.800
340.300
340.770
341.250
341.740
342.250
342.740
343.220
343.690
344.170
344.650
345.120
345.590
346.090
346.580
347.080
347.550
348.020
348.500
348.970
349.440
349.930
350.410
350.900
351.380
351.870
352.340
352.830
353.320
353.820
354.310
354.810
355.310
355.800
356.290
356.790
357.290
357.780
358.260
358.760
359.250
359.750
360.240
360.710
361.170
361.650
362.130
362.630
363.120
363.620
364.120
364.600
365.080
365.560
366.040
366.530
367.010
367.490
367.970
368.440
368.920
369.410
369.910
370.390
370.870
371.340
371.830
372.310
372.790
373.270
373.750
374.260
374.730
375.200
375.680
376.130
376.610
377.120
377.590
378.060
378.560
379.030
379.520
379.990
380.480
380.980
381.480
381.980
382.460
382.950
383.450
383.950
384.440
384.940
385.430
385.920
386.420
386.900
387.400
387.900
388.380
388.870
389.370
389.860
390.360
390.850
391.340
391.820
392.310
392.810
393.300
393.770
394.270
394.740
395.210
395.690
396.150
396.620
397.120
397.620
398.100
398.580
399.050
399.540
400.020
400.520
401.000
401.490
401.970
402.440
402.920
403.380
403.850
404.330
404.800
405.290
405.760
406.260
406.730
407.190
407.680
408.180
408.680
409.170
409.650
410.130
410.590
411.060
411.540
412.030
412.530
413.010
413.490
413.970
414.440
414.920
415.390
415.870
416.370
416.840
417.330
417.810
418.290
418.780
419.270
419.750
420.240
420.720
421.200
421.660
422.140
422.620
423.090
423.570
424.050
424.530
425.020
425.510
425.980
426.460
426.960
427.420
427.890
428.360
428.850
429.330
429.820
430.280
430.750
431.230
431.710
432.190
432.650
433.130
433.600
434.060
434.520
435.000
435.470
435.950
436.420
436.880
437.350
437.850
438.320
438.810
439.280
439.750
440.230
440.700
441.160
441.650
442.120
442.600
443.100
443.590
444.090
444.560
445.060
445.560
446.040
446.550
447.010
447.520
447.980
448.460
448.960
449.440
449.920
450.400
450.860
451.360
451.820
452.320
452.800
453.280
453.740
454.240
