0.260
0.570
0.910
1.240
1.570
1.910
2.220
2.550
2.850
3.170
3.480
3.790
4.110
4.420
4.740
5.060
5.370
5.690
6.000
6.310
6.630
6.950
7.260
7.590
7.900
8.230
8.530
8.840
9.160
9.460
9.770
10.090
10.400
10.720
11.040
11.350
11.670
11.980
12.300
12.610
12.920
13.230
13.540
13.850
14.150
14.470
14.770
15.080
15.400
15.710
16.020
16.330
16.640
16.960
17.280
17.600
17.910
18.230
18.540
18.850
19.160
19.480
19.790
20.090
20.400
20.710
21.010
21.310
21.630
21.940
22.240
22.550
22.860
23.170
23.480
23.790
24.090
24.400
24.690
24.990
25.310
25.620
25.920
26.250
26.560
26.880
27.180
27.500
27.810
28.120
28.430
28.730
29.040
29.350
29.670
29.980
30.290
30.590
30.910
31.230
31.550
31.860
32.190
32.500
32.820
33.140
33.440
33.750
34.060
34.380
34.690
35.000
35.310
35.620
35.930
36.240
36.540
36.860
37.170
37.480
37.770
38.080
38.380
38.680
38.990
39.300
39.610
39.920
40.220
40.530
40.840
41.150
41.460
41.760
42.070
42.360
42.670
42.960
43.260
43.570
43.870
44.180
44.490
44.800
45.100
45.410
45.720
46.030
46.370
46.730
47.070
47.400
47.710
48.020
48.330
48.640
48.950
49.260
49.560
49.870
50.180
50.490
50.800
51.100
51.390
51.710
52.020
52.320
52.640
52.940
53.230
53.540
53.860
54.170
54.470
54.790
55.090
55.400
55.720
56.030
56.340
56.650
56.960
57.270
57.570
57.870
58.180
58.480
58.800
59.100
59.420
59.720
60.040
60.340
60.650
60.950
61.250
61.550
61.860
62.160
62.460
62.770
63.080
63.380
63.690
64.010
64.310
64.610
64.910
65.210
65.510
65.830
66.140
66.430
66.740
67.040
67.340
67.640
67.930
68.230
68.540
68.830
69.140
69.440
69.740
70.030
70.340
70.660
70.970
71.270
71.590
71.890
72.190
72.480
72.790
73.100
73.410
73.710
74.030
74.340
74.640
74.950
75.260
75.560
75.870
76.160
76.470
76.760
77.070
77.370
77.670
77.980
78.290
78.600
78.900
79.210
79.510
79.800
80.100
80.400
80.700
81.000
81.310
81.600
81.910
82.210
82.510
82.810
83.110
83.410
83.710
84.010
84.310
84.610
84.910
85.200
85.500
85.810
86.110
86.400
86.710
87.000
87.300
87.610
87.900
88.200
88.500
88.800
89.100
89.400
89.690
89.990
90.270
90.570
90.880
91.180
91.480
91.780
92.070
92.370
92.670
92.960
93.250
93.550
93.850
94.140
94.450
94.750
95.050
95.350
95.640
95.940
96.250
96.540
96.850
97.130
97.420
97.720
98.000
98.300
98.600
98.890
99.190
99.490
99.800
100.090
100.390
100.690
100.990
101.270
101.560
101.860
102.150
102.440
102.720
103.010
103.310
103.600
103.910
104.200
104.510
104.810
105.100
105.400
105.690
105.980
106.280
106.570
106.860
107.150
107.450
107.740
108.040
108.340
108.640
108.930
109.220
109.510
109.810
110.100
110.380
110.680
110.970
111.260
111.570
111.860
112.160
112.460
112.750
113.040
113.330
113.620
113.920
114.210
114.500
114.790
115.090
115.380
115.680
115.980
116.280
116.560
116.860
117.150
117.440
117.730
118.020
118.300
118.600
118.890
119.190
119.480
119.770
120.060
120.360
120.650
120.940
121.230
121.510
121.810
122.090
122.400
122.690
123.000
123.290
123.590
123.890
124.200
124.490
124.790
125.090
125.390
125.690
125.980
126.270
126.570
126.850
127.150
127.450
127.750
128.050
128.340
128.650
128.950
129.250
129.540
129.840
130.140
130.440
130.740
131.030
131.320
131.610
131.900
132.200
132.480
132.770
133.060
133.350
133.650
133.940
134.230
134.520
134.810
135.110
135.410
135.710
136.000
136.300
136.600
136.900
137.200
137.510
137.800
138.100
138.410
138.690
138.980
139.280
139.560
139.850
140.150
140.440
140.730
141.020
141.310
141.590
141.890
142.180
142.480
142.780
143.070
143.380
143.680
144.110
144.550
144.970
145.390
145.840
146.270
146.710
147.170
147.600
148.030
148.470
148.890
149.330
149.770
150.220
150.650
151.100
151.540
151.980
152.400
152.860
153.300
153.740
154.170
154.610
155.060
155.640
156.230
156.820
157.410
158.000
158.590
159.190
159.780
160.360
160.960
161.550
162.160
162.730
163.310
163.890
164.490
165.080
165.660
166.250
166.840
167.400
167.970
168.560
169.140
169.740
170.310
170.890
171.480
172.060
172.650
173.230
173.810
174.370
174.980
175.570
176.150
176.710
177.310
177.880
178.470
179.030
179.620
180.180
180.760
181.370
181.960
182.550
183.130
183.710
184.300
184.890
185.450
186.060
186.630
187.210
187.790
188.370
188.960
189.520
190.110
190.690
191.270
191.860
192.440
193.030
193.600
194.160
194.750
195.310
195.890
196.490
197.040
197.650
198.190
198.710
199.250
199.810
200.320
200.860
201.410
202.000
202.570
203.160
203.730
204.330
204.910
205.500
206.090
206.660
207.240
207.830
208.410
209.000
209.580
210.160
210.740
211.310
211.880
212.460
213.060
213.630
214.230
214.820
215.420
216.010
216.600
217.180
217.780
218.350
218.930
219.510
220.110
220.700
221.280
221.910
222.570
223.200
223.830
224.450
225.060
225.720
226.350
