0.000
0.800
1.560
2.400
3.160
4.000
4.770
5.600
6.360
7.200
7.980
8.800
9.570
10.400
11.200
12.000
12.780
13.600
14.400
15.200
16.000
16.800
17.560
18.400
19.200
19.960
20.800
21.590
22.410
23.260
24.100
24.980
25.820
26.740
27.740
28.680
29.590
30.540
31.530
32.510
33.530
34.520
35.560
36.530
37.520
38.520
39.630
40.610
41.450
42.320
43.120
43.970
44.820
45.620
46.390
47.220
48.020
48.780
49.550
50.230
50.960
51.680
52.400
53.140
53.860
54.560
55.240
55.970
56.710
57.500
58.230
58.980
59.720
60.460
61.170
61.900
62.620
63.350
64.120
64.830
65.580
66.360
67.100
67.870
68.640
69.450
70.220
70.930
71.700
72.450
73.200
73.970
74.650
75.370
76.100
76.870
77.600
78.320
79.070
79.790
80.590
81.350
82.090
82.870
83.600
84.370
85.140
85.970
86.750
87.520
88.330
89.130
89.900
90.630
91.390
92.190
92.950
93.690
94.390
95.160
95.870
96.780
97.700
98.620
99.530
100.390
101.340
102.220
103.090
104.000
104.920
105.650
106.390
107.140
107.850
108.610
109.330
110.120
110.870
111.590
112.350
113.110
113.830
114.620
115.310
116.040
116.810
117.530
118.230
118.980
119.700
120.490
121.240
122.020
122.820
123.660
124.440
125.270
126.080
126.900
127.690
128.500
129.290
130.020
130.780
131.550
132.290
133.010
133.740
134.480
135.210
135.990
136.770
137.510
138.290
139.030
139.950
140.780
141.650
142.640
143.580
144.510
145.510
146.440
147.380
148.340
149.350
150.270
151.180
152.080
153.110
154.150
155.180
156.150
157.220
158.330
159.390
160.440
161.460
162.580
163.600
164.650
165.760
166.790
167.810
168.900
169.840
170.780
171.700
172.550
173.480
174.400
175.260
176.130
177.050
177.950
178.850
179.910
180.970
182.050
183.140
184.290
185.380
186.410
187.520
188.620
189.730
190.770
191.800
192.920
193.950
195.010
196.070
197.170
198.210
199.280
200.330
201.400
202.480
203.540
204.560
205.660
206.750
207.820
208.880
209.940
211.010
212.070
213.150
214.210
215.240
216.300
217.350
218.420
219.480
220.520
221.580
222.660
223.700
224.780
225.820
226.890
227.990
229.060
230.160
231.260
232.320
233.390
234.490
235.570
236.630
237.730
238.810
239.940
241.030
242.120
243.180
244.260
245.350
246.440
247.530
248.640
249.730
250.840
251.900
252.980
254.050
255.140
256.210
257.280
258.360
259.430
260.550
261.620
262.680
263.790
264.860
265.860
266.500
267.010
267.580
268.100
268.660
269.190
269.710
270.260
270.780
271.340
271.860
272.430
272.940
273.500
274.030
274.590
275.150
275.670
276.210
276.770
277.310
277.870
278.400
278.950
279.500
280.060
280.600
281.160
281.690
282.270
282.810
283.370
283.870
284.420
284.950
285.500
286.020
286.560
287.100
287.670
288.200
288.740
289.300
289.860
290.410
290.980
291.520
292.060
292.610
293.170
293.710
294.270
294.810
295.370
295.940
296.480
297.020
297.600
298.130
298.690
299.240
299.810
300.370
300.940
301.480
302.040
302.600
303.150
303.690
304.240
304.790
305.350
305.910
306.460
307.000
307.560
308.090
308.670
309.190
309.750
310.300
310.860
311.410
311.970
312.510
313.060
313.610
314.180
314.730
315.270
315.840
316.420
316.950
317.510
318.070
318.650
319.200
319.780
320.320
320.890
321.460
322.010
322.590
323.150
323.710
324.290
324.820
325.380
325.960
326.530
327.110
327.670
328.210
328.760
329.320
329.860
330.440
331.000
331.570
332.140
332.690
333.270
333.840
334.400
334.970
335.530
336.100
336.670
337.240
337.810
338.390
338.940
339.500
340.070
340.630
341.200
341.770
342.350
342.910
343.470
344.030
344.620
345.180
345.740
346.320
346.880
347.450
348.020
348.590
349.170
349.760
350.320
350.880
351.440
352.010
352.570
353.130
353.700
354.280
354.840
355.390
355.960
356.520
357.090
357.660
358.240
358.800
359.380
359.960
360.530
361.090
361.660
362.230
362.800
363.420
364.010
364.580
365.150
365.710
366.270
366.840
367.410
367.960
368.530
369.090
369.660
370.230
370.800
371.380
371.950
372.530
373.100
373.660
374.230
374.790
375.350
375.900
376.450
377.030
377.580
378.160
378.720
379.260
379.840
380.410
380.980
381.560
382.120
382.690
383.270
383.840
384.400
384.960
385.530
386.070
386.620
387.190
387.730
388.300
388.890
389.440
390.000
390.570
391.160
391.710
392.300
392.860
393.450
394.040
394.610
395.190
395.760
396.330
396.920
397.480
398.060
398.620
399.200
399.800
400.370
400.930
401.490
402.050
402.610
403.160
403.710
404.270
404.830
405.390
405.950
406.530
407.080
407.670
408.220
408.790
409.330
409.880
410.410
410.980
411.550
412.090
412.660
413.230
413.760
414.320
414.880
415.420
415.970
416.520
417.100
417.670
418.220
418.770
419.340
419.900
420.440
421.000
421.570
422.110
422.640
423.220
423.740
424.300
424.860
425.430
426.000
426.560
427.120
427.680
428.220
428.780
429.350
429.890
430.480
431.010
431.590
432.140
432.680
433.250
433.810
434.370
434.960
435.530
436.100
436.640
437.220
437.800
438.350
438.950
439.500
440.060
440.580
441.130
441.690
442.250
442.810
443.390
443.930
444.520
445.070
445.630
446.180
446.750
447.310
447.870
448.420
448.990
449.540
450.100
450.660
451.240
451.780
452.340
452.920
453.490
454.050
454.620
455.170
455.740
456.300
456.850
457.430
457.980
458.550
459.110
459.670
460.230
460.830
461.370
461.960
462.560
463.140
463.680
464.250
464.840
465.390
465.940
466.520
467.070
467.640
468.220
468.790
469.360
469.930
470.510
471.070
471.670
472.230
472.790
473.360
473.900
474.460
474.990
475.520
476.090
476.660
477.190
477.780
478.310
478.880
479.440
479.990
480.550
481.110
481.670
482.220
482.790
483.350
483.900
484.450
485.020
485.580
486.120
486.690
487.250
487.800
488.360
488.900
489.470
490.030
490.580
491.100
491.660
492.190
492.740
493.290
493.860
494.420
494.980
495.520
496.080
496.620
497.160
497.710
498.250
498.810
499.380
499.940
500.510
501.040
501.600
502.160
502.740
503.300
503.860
504.420
505.010
505.560
506.120
506.680
507.260
507.810
508.400
508.970
509.570
510.130
510.700
511.250
511.820
512.370
512.950
513.500
514.080
514.640
515.200
515.750
516.340
516.890
517.460
518.010
518.580
519.140
519.710
520.270
520.830
521.410
521.970
522.540
523.100
523.660
524.240
524.810
525.370
525.940
526.500
527.050
527.640
528.200
528.760
529.330
529.890
530.450
531.030
531.600
532.150
532.730
533.290
533.850
534.440
535.000
535.570
536.140
536.750
537.310
537.880
538.440
539.010
539.580
540.170
540.720
541.320
541.920
542.480
543.050
543.660
544.210
544.800
545.350
545.940
546.480
547.050
547.660
548.210
548.820
549.440
550.010
550.630
551.210
551.840
552.410
553.070
553.680
554.350
554.970
555.640
556.340
557.110
557.870
558.700
559.560
560.380
561.200
562.060
562.950
563.810
564.700
565.660
566.570
567.500
568.490
569.390
570.350
571.270
572.250
573.170
574.070
574.970
575.910
576.720
577.610
578.470
579.250
579.990
580.740
581.510
582.310
583.090
583.880
584.680
585.450
586.340
587.160
588.060
588.890
589.790
590.670
591.430
592.230
593.050
593.860
594.720
595.550
596.360
597.130
597.970
598.710
599.490
600.310
601.090
601.820
602.590
603.400
604.160
604.900
605.710
606.440
607.250
607.980
608.790
609.550
610.290
611.000
611.700
612.420
613.090
613.630
614.230
614.780
615.370
615.930
616.490
617.060
617.630
618.220
618.770
619.330
619.880
620.470
621.030
621.600
622.180
622.740
623.290
623.850
624.410
624.970
625.540
626.090
626.640
627.210
627.770
628.310
628.870
629.420
629.950
630.480
631.030
631.580
632.130
632.680
633.210
633.770
634.280
634.850
635.470
636.040
636.620
637.300
637.920
638.700
639.430
640.170
640.960
641.690
642.420
643.140
643.870
644.610
645.400
646.190
647.010
647.850
648.680
649.500
650.320
651.150
651.970
652.890
653.710
654.620
655.430
656.240
657.050
657.890
658.680
659.510
660.250
660.940
661.670
662.440
663.180
663.890
664.660
665.360
666.080
666.840
667.570
668.270
669.110
669.990
670.850
671.700
672.510
673.420
674.310
675.120
675.930
676.770
677.530
678.370
679.170
680.020
680.880
681.770
682.670
683.540
684.380
685.220
686.090
686.980
687.870
688.740
689.580
690.430
691.190
691.990
692.790
693.630
694.320
695.070
695.820
696.520
697.220
697.950
698.700
699.400
700.120
700.910
701.630
702.430
703.180
