0.100
0.650
1.180
1.670
2.180
2.680
3.190
3.730
4.230
4.750
5.230
5.750
6.280
6.790
7.300
7.790
8.310
8.820
9.320
9.840
10.320
10.840
11.340
11.840
12.340
12.840
13.330
13.810
14.280
14.770
15.260
15.740
16.250
16.740
17.230
17.710
18.210
18.700
19.200
19.690
20.180
20.690
21.190
21.700
22.210
22.720
23.220
23.720
24.220
24.720
25.220
25.740
26.250
26.750
27.250
27.750
28.240
28.710
29.210
29.730
30.220
30.710
31.200
31.690
32.200
32.690
33.180
33.660
34.160
34.640
35.140
35.620
36.150
36.640
37.140
37.650
38.170
38.680
39.180
39.690
40.200
40.700
41.210
41.720
42.250
42.760
43.280
43.770
44.260
44.740
45.240
45.730
46.230
46.730
47.230
47.730
48.220
48.720
49.230
49.720
50.220
50.710
51.200
51.700
52.200
52.700
53.200
53.690
54.180
54.690
55.180
55.670
56.160
56.660
57.150
57.640
58.140
58.630
59.120
59.610
60.110
60.600
61.090
61.590
62.080
62.570
63.070
63.570
64.060
64.550
65.050
65.540
66.030
66.530
67.030
67.520
68.000
68.490
68.970
69.470
69.960
70.450
70.950
71.440
71.920
72.410
72.910
73.420
73.900
74.400
74.900
75.400
75.890
76.380
76.890
77.390
77.870
78.370
78.860
79.340
79.840
80.340
80.830
81.320
81.810
82.300
82.800
83.300
83.800
84.290
84.800
85.290
85.770
86.280
86.770
87.260
87.750
88.250
88.740
89.240
89.720
90.210
90.720
91.200
91.690
92.180
92.660
93.150
93.640
94.120
94.610
95.120
95.610
96.100
96.580
97.060
97.560
98.050
98.540
99.050
99.530
100.010
100.510
101.010
101.510
102.000
102.500
102.980
103.470
103.960
104.430
104.940
105.430
105.920
106.410
106.920
107.410
107.920
108.400
108.900
109.400
109.890
110.370
110.880
111.370
111.870
112.370
112.860
113.360
113.860
114.350
114.850
115.340
115.840
116.330
116.830
117.340
117.830
118.330
118.820
119.310
119.800
120.280
120.780
121.290
121.780
122.280
122.770
123.260
123.770
124.260
124.760
125.260
125.760
126.260
126.750
127.260
127.770
128.260
128.750
129.250
129.750
130.240
130.720
131.230
131.720
132.210
132.710
133.200
133.710
134.200
134.690
135.180
135.660
136.140
136.630
137.130
137.630
138.120
138.620
139.090
139.590
140.080
140.570
141.050
141.540
142.010
142.510
143.000
143.500
143.990
144.490
144.970
145.470
145.970
146.460
146.960
147.440
147.930
148.430
148.930
149.430
149.910
150.420
150.920
151.410
151.900
152.410
152.900
153.400
153.900
154.400
154.900
155.380
155.880
156.390
156.890
157.390
157.880
158.370
158.860
159.350
159.840
160.340
160.840
161.320
161.810
162.300
162.790
163.290
163.780
164.260
164.770
165.260
165.750
166.240
166.730
167.210
167.720
168.200
168.700
169.210
169.690
170.180
170.670
171.170
171.660
172.140
172.640
173.130
173.630
174.110
174.610
175.100
175.590
176.080
176.570
177.080
177.550
178.040
178.550
179.040
179.530
180.010
180.510
181.000
181.490
181.980
182.470
182.960
183.450
183.950
184.440
184.920
185.410
185.890
186.370
186.870
187.330
187.820
188.300
188.800
189.300
189.790
190.270
190.770
191.260
191.740
192.240
192.730
193.220
193.690
194.180
194.670
195.150
195.640
196.130
196.630
197.110
197.600
198.090
198.610
199.100
199.600
200.110
200.630
201.120
201.610
202.110
202.580
203.070
203.580
204.090
204.600
205.100
205.620
206.120
206.640
207.140
207.650
208.140
208.660
209.170
209.660
210.160
210.680
211.180
211.680
212.180
212.690
213.200
213.690
214.180
214.680
215.180
215.680
216.170
216.680
217.170
217.670
218.170
218.680
219.170
219.670
220.180
220.670
221.180
221.660
222.150
222.640
223.130
223.610
224.110
224.620
225.110
225.610
226.110
226.610
227.100
227.590
228.080
228.580
229.070
229.560
230.050
230.550
231.040
231.530
232.020
232.500
232.990
233.470
233.950
234.430
234.910
235.390
235.880
236.380
236.850
237.330
237.820
238.310
238.800
239.290
239.780
240.260
240.740
241.230
241.700
242.180
242.680
243.170
243.660
244.160
244.650
245.130
245.620
246.100
246.590
247.080
247.570
248.050
248.540
249.020
249.490
249.970
250.450
250.940
251.440
251.940
252.410
252.920
253.410
253.900
254.380
254.860
255.350
255.840
256.320
256.820
257.310
257.800
258.280
258.780
259.270
259.750
260.250
260.730
261.230
261.710
262.200
262.690
263.180
263.670
264.160
264.640
265.120
265.600
266.090
266.590
267.090
267.580
268.070
268.560
269.050
269.540
270.020
270.510
271.010
271.490
271.980
272.470
272.960
273.450
273.940
274.430
274.920
275.410
275.900
276.390
276.870
277.360
277.850
278.340
278.830
279.320
279.810
280.290
280.780
281.270
281.760
282.260
282.760
283.260
283.760
284.270
284.750
285.250
285.730
286.210
286.700
287.170
287.660
288.140
288.630
289.110
289.600
290.080
290.560
291.040
291.530
292.000
292.480
292.940
293.420
293.920
294.420
294.910
295.400
295.890
296.370
296.860
297.330
297.830
298.310
298.800
299.280
299.770
300.240
300.720
301.200
301.680
302.170
302.650
303.130
303.610
304.090
304.570
305.030
305.520
306.000
306.480
306.970
307.450
307.940
308.430
308.920
309.440
309.930
310.420
310.910
311.390
311.880
312.370
312.860
313.350
313.840
314.330
314.830
315.310
315.790
316.270
316.770
317.250
317.750
318.240
318.720
319.220
319.710
320.210
320.690
321.190
321.680
322.190
322.680
323.190
323.690
324.190
324.690
325.190
325.680
326.180
326.660
327.140
327.620
328.110
328.600
329.100
329.580
330.050
330.540
331.030
331.520
332.010
332.510
332.980
333.480
333.970
334.460
334.940
335.420
335.900
336.390
336.880
337.370
337.860
338.360
338.860
339.340
339.840
340.340
340.840
341.340
341.840
342.330
342.820
343.320
343.840
344.340
344.880
345.390
345.880
346.410
