0.150
0.570
1.000
1.450
1.880
2.290
2.720
3.170
3.590
4.020
4.470
4.910
5.360
5.830
6.270
6.730
7.180
7.610
8.060
8.530
8.970
9.410
9.860
10.280
10.740
11.160
11.620
12.060
12.500
12.930
13.380
13.810
14.260
14.690
15.130
15.550
15.980
16.410
16.840
17.270
17.720
18.150
18.580
19.020
19.460
19.900
20.330
20.740
21.190
21.610
22.070
22.500
22.930
23.370
23.830
24.260
24.710
25.120
25.550
25.980
26.410
26.850
27.270
27.700
28.130
28.600
29.050
29.480
29.930
30.400
30.850
31.290
31.750
32.180
32.610
33.020
33.450
33.890
34.320
34.770
35.200
35.650
36.090
36.520
36.960
37.400
37.850
38.290
38.730
39.170
39.610
40.040
40.480
40.920
41.350
41.790
42.230
42.670
43.110
43.560
43.990
44.440
44.890
45.330
45.770
46.210
46.640
47.090
47.530
47.970
48.410
48.840
49.280
49.700
50.130
50.580
51.010
51.450
51.880
52.320
52.750
53.190
53.630
54.060
54.500
54.930
55.380
55.820
56.270
56.690
57.120
57.570
57.990
58.420
58.870
59.300
59.750
60.180
60.610
61.060
61.500
61.930
62.370
62.810
63.250
63.700
64.130
64.580
65.010
65.450
65.890
66.330
66.760
67.180
67.620
68.060
68.490
68.930
69.360
69.790
70.230
70.670
71.110
71.540
71.970
72.400
72.830
73.260
73.690
74.120
74.560
74.990
75.420
75.860
76.290
76.730
77.160
77.590
78.020
78.440
78.870
79.310
79.730
80.170
80.590
81.020
81.450
81.880
82.300
82.750
83.170
83.630
84.050
84.490
84.910
85.350
85.780
86.200
86.650
87.080
87.510
87.930
88.360
88.790
89.220
89.650
90.090
90.520
90.950
91.370
91.800
92.230
92.670
93.090
93.520
93.950
94.370
94.790
95.210
95.650
96.080
96.490
96.930
97.350
97.790
98.200
98.640
99.060
99.490
99.920
100.350
100.790
101.210
101.650
102.070
102.490
102.930
103.370
103.790
104.230
104.680
105.100
105.540
105.970
106.410
106.850
107.280
107.700
108.140
108.560
108.980
109.410
109.840
110.270
110.700
111.100
111.540
111.970
112.390
112.810
113.230
113.660
114.090
114.510
114.930
115.340
115.760
116.180
116.590
117.030
117.450
117.870
118.280
118.690
119.110
119.550
119.970
120.390
120.810
121.230
121.650
122.070
122.490
122.910
123.310
123.730
124.170
124.580
125.000
125.420
125.860
126.290
126.700
127.120
127.550
127.970
128.400
128.800
129.220
129.650
130.070
130.490
130.920
131.340
131.770
132.190
132.620
133.050
133.470
133.890
134.310
134.720
135.140
135.550
135.970
136.390
136.810
137.240
137.650
138.070
138.500
138.930
139.330
139.750
140.170
140.590
141.030
141.450
141.870
142.290
142.750
143.190
143.630
144.050
144.500
144.930
145.360
145.800
146.220
146.670
147.090
147.500
147.930
148.350
148.770
149.180
149.610
150.020
150.440
150.860
151.270
151.690
152.110
152.520
152.940
153.350
153.760
154.170
154.560
154.960
155.360
155.760
156.180
156.570
156.960
157.330
157.720
158.130
158.510
158.910
159.270
159.660
160.050
160.410
160.800
161.190
161.560
161.930
162.310
162.710
163.090
163.450
163.850
164.210
164.610
164.990
165.360
165.750
166.120
166.490
166.890
167.250
167.640
168.050
168.420
168.830
169.220
169.550
169.920
170.260
170.610
170.950
