0.510
1.310
2.050
2.820
3.620
4.390
5.120
5.920
6.640
7.420
8.220
9.020
9.780
10.530
11.260
11.950
12.640
13.320
14.010
14.650
15.260
15.900
16.400
16.920
17.440
17.930
18.460
18.940
19.360
19.810
20.230
20.610
20.990
21.360
21.750
22.110
22.510
22.930
23.330
23.730
24.130
24.520
24.920
25.310
25.710
26.120
26.520
26.930
27.330
27.730
28.120
28.510
28.910
29.310
29.680
30.090
30.460
30.860
31.240
31.630
32.030
32.440
32.830
33.240
33.640
34.040
34.450
34.850
35.240
35.630
36.030
36.410
36.790
37.180
37.590
37.990
38.390
38.800
39.190
39.590
39.970
40.370
40.760
41.140
41.520
41.930
42.330
42.730
43.100
43.490
43.900
44.280
44.670
45.060
45.450
45.840
46.230
46.630
47.010
47.400
47.790
48.180
48.570
48.950
49.330
49.720
50.110
50.520
50.910
51.300
51.720
52.120
52.510
52.910
53.320
53.700
54.080
54.480
54.860
55.250
55.640
56.030
56.420
56.830
57.210
57.610
57.980
58.390
58.780
59.170
59.550
59.940
60.340
60.730
61.110
61.500
61.880
62.270
62.670
63.070
63.460
63.840
64.220
64.600
64.980
65.360
65.730
66.120
66.520
66.910
67.280
67.660
68.040
68.420
68.800
69.200
69.580
69.990
70.380
70.780
71.160
71.550
71.950
72.350
72.720
73.100
73.470
73.840
74.190
74.560
74.940
75.330
75.710
76.100
76.490
76.870
77.250
77.630
78.020
78.400
78.780
79.170
79.550
79.930
80.290
80.680
81.060
81.440
81.820
82.210
82.590
82.970
83.340
83.710
84.100
84.490
84.850
85.230
85.600
85.990
86.350
86.710
87.100
87.480
87.850
88.240
88.620
88.990
89.370
89.780
90.150
90.530
90.910
91.300
91.690
92.070
92.440
92.820
93.200
93.580
93.950
94.330
94.710
95.110
95.490
95.870
96.250
96.630
97.020
97.410
97.780
98.160
98.550
98.940
99.300
99.700
100.070
100.450
100.840
101.220
101.600
102.000
102.370
102.760
103.130
103.510
103.880
104.280
104.640
105.010
105.380
105.760
106.140
106.520
106.880
107.260
107.620
108.000
108.370
108.730
109.070
109.430
109.790
110.170
110.510
110.900
111.250
111.640
112.020
112.390
112.770
113.160
113.540
113.910
114.280
114.670
115.040
115.410
115.780
116.160
116.520
116.900
117.260
117.650
118.020
118.390
118.780
119.150
119.510
119.890
120.260
120.630
120.990
121.360
121.730
122.100
122.470
122.850
123.240
123.610
123.980
124.350
124.720
125.090
125.460
125.840
126.230
126.600
126.970
127.330
127.680
128.030
128.400
128.770
129.150
129.540
129.910
130.290
130.680
131.040
131.420
131.810
132.170
132.550
132.930
133.300
133.670
134.060
134.430
134.810
135.180
135.560
135.940
136.310
136.680
137.040
137.420
137.790
138.160
138.550
138.920
139.290
139.680
140.060
140.430
140.820
141.190
141.560
141.940
142.320
142.700
143.080
143.450
143.840
144.190
144.570
144.930
145.290
145.650
146.010
146.350
146.720
147.090
147.460
147.820
148.210
148.580
148.950
149.300
149.690
150.050
150.420
150.780
151.160
151.520
151.880
152.230
152.610
152.980
153.350
153.720
154.090
154.460
154.830
155.200
155.580
155.950
156.330
156.700
157.080
157.440
157.820
158.190
158.560
158.930
159.290
159.660
160.030
160.400
160.780
161.140
161.510
161.890
162.270
162.620
163.000
163.360
163.740
164.120
164.480
164.850
165.240
165.620
166.000
166.370
166.740
167.100
167.470
167.840
168.220
168.600
168.970
169.350
169.700
170.080
170.440
170.820
171.200
171.560
171.940
172.300
172.680
173.020
173.390
173.770
174.140
174.510
174.880
175.240
175.610
175.990
176.350
176.730
177.090
177.470
177.840
178.200
178.560
178.940
179.310
179.680
180.050
180.410
180.780
181.130
181.490
181.830
182.180
182.560
182.930
183.290
183.680
184.040
184.410
184.770
185.150
185.520
185.890
186.260
186.630
186.990
187.360
187.740
188.120
188.490
188.850
189.220
189.590
189.950
190.330
190.690
191.070
191.440
191.820
192.180
192.560
192.930
193.290
193.660
194.040
194.390
194.760
195.110
195.480
195.850
196.230
196.590
196.960
197.320
197.690
198.050
198.420
198.780
199.150
199.530
199.900
200.280
200.650
201.010
201.400
201.770
202.170
202.540
202.920
203.280
203.620
204.000
204.350
204.710
205.060
205.420
205.790
206.170
206.540
206.910
207.290
207.630
207.990
208.320
208.680
209.040
209.410
209.780
210.140
210.490
210.870
211.220
211.600
211.960
212.320
212.670
213.050
213.410
213.770
214.130
214.500
214.870
215.240
215.600
215.980
216.340
216.730
217.070
217.440
217.800
218.170
218.510
218.880
219.240
219.600
219.950
220.310
220.670
221.050
221.400
221.740
222.110
222.450
222.790
223.160
223.510
223.890
224.250
224.590
224.930
225.280
225.610
225.960
226.320
226.660
227.020
227.370
227.700
228.070
228.400
228.750
229.110
229.460
229.820
230.170
230.530
230.890
231.250
231.610
231.950
232.290
232.640
232.980
233.310
233.670
234.020
234.370
234.700
235.070
235.400
235.770
236.130
236.510
236.870
237.250
237.600
237.980
238.340
238.720
239.070
239.430
239.800
240.170
240.530
240.890
241.250
241.610
241.980
242.350
242.720
243.080
243.440
243.810
244.170
244.530
244.900
245.270
245.620
246.010
246.360
246.720
247.070
247.430
247.810
248.170
248.540
248.910
249.270
249.630
249.990
250.330
250.690
251.050
251.420
251.790
252.130
252.490
252.820
253.190
253.550
253.910
254.250
254.610
254.970
255.340
255.710
256.070
256.430
256.810
257.180
257.550
257.910
258.290
258.650
259.020
259.380
259.750
260.120
260.490
260.850
261.230
261.590
261.960
262.310
262.660
263.030
263.380
263.740
264.110
264.470
264.820
265.180
265.550
265.900
266.280
266.630
266.990
267.350
267.710
268.070
268.430
268.790
269.160
269.510
269.880
270.240
270.580
270.960
271.330
271.690
272.050
272.410
272.780
273.130
273.490
273.850
274.210
274.590
274.940
275.310
275.660
276.030
276.400
276.760
277.100
277.470
277.830
278.190
278.550
278.910
279.270
279.640
280.000
280.360
280.720
281.090
281.450
281.830
282.200
282.560
282.920
283.290
283.650
284.010
284.380
284.730
285.100
285.460
285.820
286.160
286.530
286.880
287.250
287.620
287.980
288.320
288.680
289.010
289.360
289.710
290.080
290.430
290.780
291.140
291.510
291.870
292.220
292.580
292.950
293.300
293.670
294.020
294.390
294.740
295.090
295.460
295.810
296.160
296.520
296.880
297.240
297.610
297.970
298.330
298.680
299.050
299.400
299.770
300.140
300.490
300.850
301.210
301.570
301.920
302.290
302.660
303.000
303.340
303.690
304.060
304.430
304.780
305.170
305.530
305.890
306.250
306.620
306.980
307.350
307.700
308.070
308.420
308.790
309.170
309.530
309.890
310.270
310.630
311.000
311.380
311.760
312.110
312.480
312.830
313.200
313.560
313.920
314.270
314.630
314.970
315.340
315.700
316.050
316.410
316.780
317.130
317.490
317.840
318.200
318.560
318.910
319.280
319.650
320.010
320.350
320.710
321.080
321.440
321.810
322.150
322.490
322.860
323.230
323.580
323.930
324.290
324.670
325.010
325.390
325.740
326.110
326.470
326.830
327.170
327.540
327.890
328.250
328.590
328.950
329.290
329.650
329.990
330.350
330.690
331.040
331.400
331.760
332.100
332.460
332.810
333.170
333.530
333.870
334.220
334.590
334.950
335.300
335.650
336.000
336.350
336.700
337.060
337.430
337.790
338.140
338.510
338.860
339.200
339.550
339.880
340.210
340.560
340.890
341.250
341.590
341.940
342.290
342.630
342.980
343.330
343.680
344.020
344.370
344.700
345.050
345.390
345.750
346.080
346.440
346.790
347.140
347.500
347.850
348.180
348.540
348.890
349.230
349.580
349.930
350.280
350.660
351.000
351.370
351.720
352.090
352.460
352.820
353.170
353.530
353.880
354.240
354.580
354.940
355.270
355.640
356.000
356.360
356.710
357.070
357.420
357.780
358.150
358.520
358.870
359.210
359.570
359.920
360.280
360.630
361.000
361.350
361.710
362.070
362.410
362.770
363.120
363.460
363.820
364.170
364.540
364.890
365.270
365.600
365.950
366.300
366.660
367.020
367.380
367.730
368.090
368.430
368.790
369.160
369.520
369.880
370.240
370.600
370.940
371.300
371.660
372.040
372.390
372.740
373.120
373.480
373.830
374.160
374.540
374.890
375.250
375.610
375.960
376.310
376.660
377.040
377.390
377.750
378.110
378.480
378.820
379.170
379.520
379.890
380.240
380.570
380.930
381.290
381.640
381.970
382.320
382.690
383.030
383.410
383.750
384.100
384.440
384.810
385.150
385.490
385.840
386.190
386.540
386.870
387.230
387.580
387.910
388.280
388.630
389.000
389.390
389.750
390.110
390.500
390.870
391.240
391.600
391.970
392.350
392.710
393.070
393.440
393.820
394.190
394.530
394.900
395.260
395.630
395.980
396.370
396.730
397.090
397.460
397.830
398.190
398.560
398.920
399.280
399.630
400.010
400.360
400.750
401.110
401.460
401.820
402.200
402.560
402.930
403.290
403.670
404.030
404.400
404.770
405.140
405.500
405.870
406.260
406.640
407.020
407.390
407.770
408.160
408.530
408.910
409.280
409.650
410.020
410.390
410.760
411.140
411.500
411.870
412.210
412.550
412.920
413.290
413.630
414.010
414.360
414.730
415.070
415.450
415.800
416.170
416.520
416.890
417.250
417.610
417.950
418.330
418.700
419.070
419.460
419.840
420.210
420.580
420.950
421.330
421.710
422.090
422.440
422.800
423.130
423.480
423.850
424.230
424.610
424.980
425.370
425.740
426.110
426.490
426.860
427.240
427.590
427.950
428.320
428.660
429.020
429.400
429.760
430.100
430.460
430.830
431.200
431.580
431.940
432.300
432.630
432.990
433.350
433.720
434.080
434.450
434.810
435.170
435.550
435.940
436.310
436.750
437.180
437.620
438.140
438.660
439.220
439.790
440.360
440.960
441.550
442.200
442.810
443.500
444.210
444.940
445.590
446.240
446.900
447.560
448.280
448.980
449.640
450.390
451.150
451.900
452.650
453.410
454.110
454.870
