0.070
0.500
0.910
1.340
1.770
2.220
2.640
3.070
3.500
3.940
4.380
4.820
5.240
5.700
6.120
6.570
7.000
7.450
7.880
8.330
8.750
9.190
9.620
10.060
10.490
10.920
11.350
11.780
12.200
12.640
13.060
13.490
13.920
14.360
14.800
15.260
15.680
16.130
16.560
17.030
17.460
17.930
18.360
18.830
19.280
19.730
20.150
20.610
21.050
21.480
21.900
22.320
22.750
23.200
23.630
24.070
24.500
24.940
25.390
25.840
26.260
26.710
27.140
27.590
28.000
28.440
28.900
29.340
29.770
30.190
30.630
31.070
31.510
31.950
32.370
32.810
33.220
33.650
34.080
34.510
34.960
35.400
35.820
36.270
36.710
37.160
37.600
38.050
38.490
38.940
39.380
39.830
40.280
40.710
41.140
41.560
41.970
42.380
42.810
43.250
43.700
44.140
44.560
45.010
45.430
45.870
46.300
46.740
47.180
47.620
48.050
48.500
48.940
49.390
49.820
50.260
50.670
51.120
51.530
51.980
52.390
52.830
53.240
53.660
54.080
54.520
54.920
55.350
55.760
56.190
56.610
57.040
57.440
57.860
58.280
58.700
59.130
59.570
59.990
60.430
60.860
61.290
61.710
62.150
62.580
63.010
63.430
63.880
64.290
64.740
65.150
65.600
66.040
66.480
66.910
67.360
67.780
68.220
68.630
69.080
69.500
69.940
70.370
70.810
71.240
71.680
72.090
72.540
72.960
73.400
73.820
74.270
74.700
75.140
75.570
76.010
76.430
76.870
77.290
77.740
78.160
78.600
79.030
79.470
79.890
80.340
80.750
81.180
81.610
82.060
82.470
82.910
83.330
83.770
84.190
84.630
85.070
85.510
85.950
86.380
86.810
87.250
87.700
88.140
88.570
89.000
89.430
89.870
90.300
90.750
91.170
91.610
92.030
92.470
92.900
93.350
93.780
94.230
94.660
95.090
95.550
95.990
96.420
96.850
97.290
97.750
98.170
98.630
99.050
99.510
99.930
100.370
100.810
101.260
101.680
102.110
102.540
102.980
103.380
103.810
104.230
104.670
105.100
105.530
105.970
106.390
106.820
107.260
107.680
108.120
108.540
108.970
109.410
109.850
110.250
110.680
111.100
111.530
111.950
112.370
112.780
113.210
113.610
114.030
114.450
114.890
115.300
115.720
116.130
116.550
116.970
117.400
117.810
118.250
118.670
119.120
119.540
119.980
120.400
120.840
121.250
121.700
122.120
122.550
122.980
123.420
123.830
124.280
124.700
125.150
125.590
126.020
126.460
126.910
127.340
127.790
128.230
128.680
129.110
129.550
129.980
130.430
130.860
131.300
131.740
132.190
132.610
133.060
133.480
133.920
134.350
134.800
135.230
135.680
136.110
136.540
136.970
137.410
137.820
138.260
138.680
139.120
139.540
139.980
140.410
140.850
141.260
141.720
142.140
142.580
143.010
143.450
143.870
144.310
144.740
145.180
145.600
146.040
146.460
146.910
147.340
147.790
148.220
148.670
149.100
149.550
149.960
150.410
150.820
151.260
151.690
152.140
152.570
153.020
153.440
153.900
154.330
154.780
155.200
155.650
156.080
156.520
156.940
157.390
157.800
158.240
158.660
159.100
159.520
159.970
160.390
160.830
161.250
161.690
162.120
162.560
162.990
163.430
163.850
164.280
164.720
165.160
165.570
166.000
166.400
166.850
167.270
167.690
168.140
168.580
169.020
169.470
169.900
170.350
170.790
171.230
171.660
172.110
172.530
172.980
173.410
173.860
174.280
174.720
175.140
175.580
176.020
176.450
176.880
177.320
177.750
178.200
178.620
179.080
179.500
179.950
180.390
180.830
181.280
181.720
182.150
182.600
183.010
183.460
183.880
184.320
184.760
185.210
185.620
186.060
186.490
186.930
187.350
187.790
188.200
188.630
189.040
189.460
189.850
190.280
190.690
191.090
191.520
191.950
192.340
192.750
193.140
193.550
193.940
194.330
194.710
195.110
195.510
195.930
196.320
196.730
197.120
197.530
197.930
198.330
198.760
199.170
199.570
199.950
200.350
200.740
201.130
201.520
201.940
202.350
202.750
203.150
203.550
203.960
204.350
204.760
205.140
205.540
205.910
206.320
206.690
207.100
207.490
207.900
208.300
208.690
209.080
209.500
209.870
210.280
210.660
211.070
211.450
211.860
212.250
212.650
213.050
213.450
213.830
214.230
214.610
215.010
215.380
215.770
216.160
216.550
216.940
217.340
217.720
218.110
218.490
218.880
219.250
219.660
220.050
220.470
220.880
221.280
221.700
222.130
222.560
222.970
223.390
223.820
224.250
224.670
225.090
225.520
225.950
226.350
226.750
227.140
227.540
227.940
228.380
228.800
229.230
229.670
230.110
230.540
230.970
231.410
231.840
232.280
232.700
233.130
233.570
234.020
234.460
234.890
235.330
235.770
236.190
236.640
237.070
237.510
237.940
238.390
238.820
239.260
239.680
240.120
240.550
241.000
241.430
241.870
242.310
242.750
243.180
243.620
244.060
244.500
244.950
245.390
245.840
246.290
246.730
247.180
247.620
248.060
248.500
248.960
249.390
249.850
250.280
250.740
251.180
251.640
252.060
252.520
252.950
253.400
253.830
254.280
254.730
255.180
255.620
256.060
256.490
256.940
257.380
257.820
258.260
258.700
259.130
259.570
259.990
260.420
260.870
261.340
261.770
262.230
262.660
263.120
263.560
264.010
264.460
264.920
265.350
265.800
266.250
266.700
267.140
267.580
268.030
268.470
268.890
269.310
269.740
270.200
270.630
271.080
271.510
271.980
272.410
272.860
273.290
273.750
274.180
274.630
275.050
275.510
275.960
276.410
276.840
277.300
277.720
278.180
278.620
279.060
279.480
279.930
280.360
280.810
281.240
281.670
282.120
282.560
282.990
283.460
283.890
284.360
284.790
285.260
285.700
286.160
286.590
287.040
287.510
287.940
288.410
288.870
289.360
289.830
290.300
290.760
291.230
291.710
292.200
292.680
293.160
293.630
294.120
294.600
295.080
295.560
296.040
296.520
297.000
297.480
297.960
298.420
298.900
299.400
299.860
300.360
300.820
301.320
301.790
302.260
302.740
