0.420
1.160
1.950
2.690
3.450
4.230
4.980
5.730
6.510
7.310
8.080
8.820
9.550
10.330
11.090
11.800
12.560
13.280
14.030
14.770
15.470
16.230
16.950
17.720
18.450
19.180
19.870
20.600
21.320
22.060
22.800
23.530
24.250
25.010
25.750
26.490
27.210
28.000
28.710
29.450
30.210
30.960
31.680
32.440
33.180
33.950
34.700
35.510
36.260
37.020
37.740
38.520
39.260
40.010
40.760
41.500
42.230
42.950
43.690
44.420
45.170
45.880
46.620
47.350
48.100
48.820
49.550
50.280
51.030
51.760
52.520
53.270
54.040
54.760
55.510
56.260
57.010
57.750
58.520
59.260
60.000
60.750
61.490
62.200
62.870
63.610
64.340
65.060
65.760
66.480
67.220
67.940
68.680
69.420
70.160
70.880
71.610
72.310
73.040
73.760
74.500
75.230
75.990
76.740
77.450
78.170
78.910
79.630
80.360
81.130
81.880
82.660
83.470
84.240
85.030
85.790
86.560
87.340
88.140
88.920
89.710
90.450
91.220
91.990
92.740
93.480
94.240
94.990
95.750
96.530
97.260
98.050
98.830
99.580
100.380
101.120
101.880
102.690
103.460
104.230
105.010
105.780
106.590
107.410
108.220
109.010
109.830
110.590
111.380
112.190
112.950
113.770
114.530
115.300
116.080
116.860
117.630
118.420
119.200
120.010
120.790
121.560
122.370
123.180
123.950
124.780
125.570
126.370
127.180
127.970
128.780
129.580
130.350
131.140
131.900
132.690
133.450
134.230
135.040
135.800
136.570
137.300
138.080
138.860
139.680
140.490
141.280
142.030
142.820
143.530
144.290
145.090
145.900
146.650
147.460
148.230
149.010
149.760
150.580
151.320
152.110
152.890
153.710
154.520
155.340
156.130
156.950
157.710
158.550
