0.740
1.610
2.430
3.220
4.080
4.950
5.800
6.670
7.520
8.360
9.140
9.970
10.730
11.530
12.330
13.170
13.930
14.770
15.550
16.360
17.140
17.960
18.770
19.540
20.330
21.170
21.950
22.770
23.570
24.330
25.170
26.060
26.850
27.700
28.570
29.480
30.320
31.170
32.080
32.930
33.750
34.620
35.500
36.310
37.180
38.050
38.860
39.740
40.570
41.480
42.320
43.180
44.050
44.870
45.720
46.560
47.470
48.310
49.100
49.970
50.800
51.640
52.540
53.480
54.380
55.300
56.210
57.060
57.890
58.760
59.580
60.380
61.240
62.060
62.890
63.710
64.590
65.450
66.370
67.150
67.900
68.670
69.490
70.260
70.990
71.710
72.480
73.210
73.980
74.740
75.470
76.270
77.060
77.840
78.580
79.370
80.150
80.940
81.770
82.560
83.290
84.070
84.850
85.600
86.420
87.240
88.030
88.800
89.640
90.440
91.220
92.000
92.840
93.610
94.400
95.240
96.030
96.890
97.680
98.540
99.380
100.200
101.000
101.960
102.850
103.820
104.800
105.840
106.750
107.740
108.670
109.680
110.590
111.570
112.490
113.430
114.420
115.360
116.290
117.210
118.150
119.020
119.950
120.910
121.780
122.700
123.630
124.570
125.480
126.400
127.330
