0.090
0.460
0.800
1.140
1.490
1.840
2.200
2.550
2.900
3.260
3.590
3.970
4.350
4.700
5.070
5.450
5.830
6.200
6.570
6.970
7.350
7.730
8.100
8.470
8.860
9.230
9.610
9.990
10.360
10.750
11.140
11.520
11.890
12.280
12.640
13.040
13.430
13.810
14.200
14.590
14.980
15.370
15.750
16.150
16.540
16.930
17.310
17.710
18.110
18.490
18.880
19.300
19.690
20.100
20.480
20.880
21.290
21.680
22.070
22.470
22.850
23.240
23.650
24.050
24.450
24.840
25.240
25.640
26.030
26.450
26.840
27.230
27.650
28.030
28.410
28.820
29.220
29.620
30.020
30.420
30.820
31.230
31.610
32.020
32.420
32.820
33.240
33.650
34.050
34.460
34.850
35.260
35.650
36.070
36.460
36.860
37.270
37.670
38.070
38.470
38.890
39.290
39.700
40.110
40.520
40.920
41.330
41.730
42.130
42.550
42.960
43.380
43.790
44.200
44.610
45.030
45.450
45.860
46.260
46.680
47.090
47.500
47.910
48.330
48.730
49.150
49.560
49.970
50.380
50.780
51.210
51.620
52.030
52.440
52.850
53.270
53.680
54.090
54.510
54.920
55.340
55.750
56.170
56.590
57.010
57.410
57.820
58.250
58.670
59.080
59.500
59.920
60.330
60.740
61.170
61.590
62.010
62.420
62.850
63.250
63.680
64.110
64.530
64.950
65.370
65.790
66.210
66.650
67.080
67.520
67.930
68.350
68.760
69.190
69.630
70.050
70.470
70.890
71.300
71.730
72.140
72.560
72.970
73.390
73.810
74.250
74.660
75.080
75.500
75.920
76.330
76.760
77.190
77.600
78.020
78.430
78.860
79.290
79.700
80.130
80.550
80.960
81.390
81.800
82.230
82.660
83.110
83.530
83.980
84.430
84.850
85.310
85.740
86.190
86.620
87.080
87.560
88.060
88.520
89.020
89.450
89.910
90.370
90.800
91.270
91.700
92.160
92.630
93.090
93.550
93.990
