0.120
0.740
1.380
1.990
2.600
3.160
3.760
4.370
4.930
5.520
6.120
6.720
7.340
7.950
8.560
9.210
9.820
10.450
11.070
11.710
12.350
12.990
13.610
14.250
14.870
15.520
16.160
16.810
17.440
18.090
18.740
19.370
20.030
20.680
21.300
21.970
22.590
23.230
23.860
24.490
25.110
25.760
26.380
27.030
27.670
28.300
28.940
29.590
30.230
30.880
31.500
32.150
32.790
33.430
34.090
34.720
35.340
35.980
36.620
37.250
37.900
38.540
39.180
39.830
40.470
41.110
41.760
42.420
43.080
43.730
44.360
44.980
45.640
46.290
46.910
47.560
48.200
48.850
49.490
50.140
50.830
51.450
52.100
52.750
53.410
54.040
54.680
55.330
55.960
56.600
57.240
57.890
58.520
59.170
59.810
60.460
61.130
61.770
62.420
63.060
63.700
64.340
64.980
65.620
66.270
66.900
67.550
68.180
68.820
69.460
70.100
70.730
71.350
71.960
72.580
73.210
73.850
74.470
75.100
75.750
76.380
77.020
77.660
78.300
78.940
79.570
80.210
80.880
81.530
82.190
82.840
83.500
84.140
84.770
85.410
86.060
86.700
87.350
87.980
88.620
89.250
89.900
90.540
91.170
91.800
92.430
93.070
93.710
94.350
94.980
95.620
96.260
96.900
97.540
98.180
98.820
99.460
100.110
100.760
101.400
102.080
102.740
103.390
104.040
104.680
105.340
105.980
106.630
107.270
107.900
108.530
109.190
109.830
110.480
111.120
111.770
112.430
113.080
113.730
114.390
115.030
115.670
116.320
116.970
117.610
118.260
118.910
119.570
120.230
120.880
121.540
122.190
122.850
123.500
124.140
124.810
125.470
126.130
126.780
127.440
128.090
128.740
129.390
130.040
130.690
131.360
132.000
132.670
133.310
133.970
134.600
135.260
135.890
136.580
137.230
137.850
138.520
139.150
139.780
140.160
140.480
140.810
141.120
141.440
141.760
142.080
142.400
142.730
143.050
143.370
143.680
144.000
144.320
144.640
144.970
145.290
145.600
145.920
146.250
146.570
146.890
147.210
147.530
147.840
148.170
148.490
148.820
149.130
149.450
149.780
150.100
150.420
150.730
151.050
151.370
151.690
152.010
152.330
152.660
152.980
153.300
153.610
153.930
154.250
154.570
154.900
155.210
155.540
155.850
156.180
156.490
156.820
157.130
157.450
157.760
158.070
158.400
158.710
159.040
159.350
159.670
159.990
160.320
160.630
160.960
161.280
161.600
161.920
162.230
162.560
162.880
163.210
163.540
163.860
164.180
164.510
164.840
165.160
165.480
165.800
166.110
166.430
166.750
167.080
167.390
167.720
168.030
168.360
168.670
169.000
169.310
169.640
169.950
170.280
170.590
170.920
171.230
171.560
171.880
172.200
172.530
172.870
173.190
173.520
173.840
174.160
174.480
174.800
175.120
175.440
175.760
176.090
176.410
176.720
177.040
177.350
177.670
177.980
178.300
178.630
178.950
179.260
179.570
179.870
180.180
180.490
180.800
181.100
181.390
181.700
181.980
182.270
182.570
182.850
183.120
183.410
183.700
184.000
184.290
184.610
184.940
185.260
185.580
185.900
186.220
186.530
186.850
187.170
187.500
187.820
188.140
188.460
188.770
189.080
189.390
189.680
189.970
190.250
190.540
190.810
191.100
191.380
191.660
191.940
192.230
192.510
192.800
193.110
193.430
193.740
194.040
194.350
194.660
194.970
195.290
195.620
195.930
196.250
196.560
196.880
197.190
197.510
197.820
198.140
198.460
198.780
199.090
199.400
199.700
200.000
200.290
200.590
200.890
201.200
201.510
201.810
202.100
202.400
202.710
203.010
203.320
203.630
203.930
204.250
204.550
204.870
205.190
205.500
205.820
206.140
206.450
206.770
207.080
207.400
207.720
208.040
208.350
208.680
208.980
209.280
209.590
209.890
210.180
210.490
210.790
211.090
211.410
211.710
212.020
212.340
212.650
212.950
213.260
213.580
213.890
214.200
214.520
214.840
215.160
215.480
215.800
216.120
216.420
216.740
217.040
217.360
217.660
217.990
218.300
218.620
218.940
219.260
219.580
219.910
220.220
220.540
220.860
221.180
221.500
221.830
222.150
222.470
222.790
223.110
223.430
223.760
224.090
224.410
224.750
225.080
225.400
225.730
226.040
226.360
226.660
226.980
227.290
227.610
227.930
228.260
228.580
228.900
229.220
229.550
229.870
230.200
230.530
230.870
231.180
231.510
231.830
232.150
232.480
232.800
233.130
233.460
233.770
234.100
234.440
234.760
235.110
235.440
235.760
236.090
236.410
236.730
237.050
237.380
237.690
238.020
238.330
238.660
238.980
239.290
239.610
239.930
240.250
240.550
240.860
241.190
241.510
241.820
242.140
242.460
242.780
243.110
243.420
243.770
244.080
244.430
244.750
245.060
245.380
245.710
246.030
246.380
246.690
247.020
247.330
247.660
247.980
248.300
248.620
248.930
249.250
249.570
249.890
250.220
250.540
250.850
251.180
251.500
251.810
252.130
252.460
252.770
253.110
253.430
253.780
254.110
254.450
254.790
255.140
255.470
255.790
256.100
256.400
256.720
257.030
257.330
257.650
257.950
258.260
258.580
258.890
259.200
