0.040
0.390
0.730
1.080
1.430
1.780
2.130
2.470
2.810
3.150
3.490
3.850
4.190
4.530
4.880
5.220
5.550
5.880
6.230
6.560
6.910
7.240
7.590
7.930
8.270
8.600
8.950
9.290
9.640
9.990
10.320
10.690
11.020
11.390
11.760
12.110
12.450
12.820
13.160
13.510
13.860
14.220
14.560
14.920
15.290
15.640
16.000
16.340
16.680
17.030
17.380
17.740
18.090
18.450
18.790
19.140
19.480
19.840
20.180
20.510
20.870
21.230
21.560
21.920
22.260
22.640
22.980
23.360
23.700
24.060
24.390
24.750
25.100
25.450
25.790
26.160
26.500
26.860
27.190
27.540
27.880
28.230
28.580
28.940
29.280
29.650
29.970
30.330
30.650
30.990
31.350
31.700
32.060
32.410
32.750
33.110
33.440
33.820
34.160
34.540
34.880
35.240
35.570
35.940
36.270
36.640
36.980
37.300
37.660
38.000
38.330
38.680
39.000
39.350
39.680
40.050
40.390
40.730
41.080
41.430
41.790
42.140
42.490
42.850
43.200
43.550
43.880
44.220
44.550
44.920
45.250
45.620
45.950
46.320
46.670
47.020
47.370
47.720
48.050
48.400
48.740
49.080
49.400
49.760
50.080
50.450
50.790
51.140
51.480
51.830
52.180
52.510
52.840
53.200
53.530
53.860
54.200
54.560
54.890
55.240
55.560
55.910
56.260
56.620
56.970
57.320
57.660
58.020
58.360
58.720
59.050
59.400
59.740
60.090
60.440
60.800
61.130
61.500
61.820
62.160
62.510
62.850
63.190
63.540
63.880
64.230
64.570
64.920
65.260
65.610
65.940
66.290
66.620
66.970
67.290
67.650
67.980
68.330
68.670
69.000
69.330
69.680
70.010
70.360
70.700
71.040
71.380
71.710
72.050
72.400
72.740
73.070
73.400
73.740
74.080
74.430
74.760
75.110
75.440
75.780
76.120
76.470
76.810
77.140
77.470
77.820
78.160
78.490
78.830
79.180
79.520
79.870
80.210
80.550
80.890
81.210
81.560
81.910
82.240
82.580
82.910
83.250
83.580
83.920
84.240
84.570
84.900
85.240
85.560
85.900
86.230
86.580
86.900
87.250
87.580
87.910
88.250
88.580
88.930
89.260
89.610
89.950
90.290
90.620
90.960
91.300
91.620
91.960
92.300
92.630
92.970
93.320
93.640
93.980
94.320
94.670
95.000
95.340
95.680
96.010
96.350
96.690
97.030
97.370
97.710
98.050
98.380
98.740
99.070
99.420
99.750
100.090
100.440
100.770
101.110
101.450
101.770
102.110
102.430
102.780
103.110
103.440
103.770
104.110
104.440
104.780
105.100
105.430
105.770
106.090
106.420
106.770
107.100
107.430
107.750
108.100
108.420
108.770
109.090
109.430
109.760
110.090
110.420
110.750
111.080
111.410
111.750
112.090
112.420
112.760
113.100
113.430
113.770
114.110
114.430
114.760
115.090
115.420
115.760
116.090
116.430
116.760
117.090
117.430
117.760
118.100
118.430
118.770
119.110
119.430
119.760
120.090
120.410
120.740
121.090
121.400
121.730
122.080
122.400
122.740
123.050
123.390
123.720
124.060
124.400
124.730
125.050
125.390
125.710
126.040
126.370
126.710
127.020
127.350
127.680
128.020
128.340
128.670
129.000
129.340
129.670
130.000
130.340
130.680
131.010
131.350
131.680
132.020
132.360
132.700
133.040
133.370
133.700
134.020
134.350
134.690
135.010
135.340
135.670
136.020
136.350
136.700
137.030
137.370
137.700
138.060
138.380
138.720
139.050
139.390
139.710
140.060
140.380
140.720
141.040
141.380
141.700
142.040
142.370
142.680
143.020
143.370
143.700
144.040
144.360
144.710
145.030
145.350
145.690
146.030
146.350
146.680
147.020
147.370
147.690
148.050
148.390
148.720
149.030
149.380
149.690
150.020
150.350
150.680
151.010
151.360
151.680
152.020
152.350
152.680
153.010
153.350
153.690
154.030
154.340
154.680
155.010
155.340
155.660
155.990
156.330
156.670
156.990
157.330
157.650
158.000
158.330
158.660
159.000
159.360
159.680
160.010
160.320
160.650
160.960
161.310
161.620
161.960
162.290
162.620
162.940
163.270
163.600
163.940
164.260
164.590
164.920
165.260
165.580
165.930
166.250
166.590
166.910
167.250
167.570
167.910
168.230
168.560
168.880
169.220
169.540
169.890
170.200
170.550
170.860
171.190
171.520
171.870
172.180
172.530
172.840
173.170
173.490
173.830
174.140
174.480
174.800
175.150
175.460
175.800
176.130
176.460
176.780
177.130
177.440
177.790
178.100
178.450
178.760
179.110
179.440
179.770
180.080
180.410
180.730
181.060
181.370
181.720
182.030
182.380
182.690
183.030
183.340
183.660
183.980
184.310
184.630
184.940
185.270
185.590
185.920
186.250
186.580
186.930
187.250
187.590
187.900
188.240
188.570
188.890
189.220
189.550
189.870
190.200
190.510
190.830
191.160
191.480
191.800
192.120
192.430
192.760
193.070
193.390
193.720
194.030
194.350
194.680
195.000
195.320
195.630
195.980
196.290
196.640
196.950
197.280
197.590
197.920
198.230
198.570
198.890
199.230
199.560
199.890
200.200
200.540
200.860
201.190
201.510
201.840
202.150
202.480
202.800
203.120
203.460
203.800
204.110
204.440
204.770
205.090
205.400
205.720
206.040
206.370
206.680
207.010
207.340
207.660
207.990
208.310
208.630
208.960
209.280
209.600
209.940
210.260
210.590
210.910
211.240
211.580
212.010
212.610
213.210
213.870
214.490
215.130
215.790
216.470
217.130
217.800
218.450
219.090
219.770
220.390
221.040
221.710
222.350
223.000
223.660
224.300
224.930
225.570
226.200
226.890
227.540
228.190
228.850
229.520
230.210
230.890
231.570
232.230
232.900
233.570
234.250
234.930
235.580
236.250
236.920
237.610
238.280
238.960
239.630
240.310
240.980
241.620
242.290
242.960
243.630
244.290
244.970
245.640
246.310
246.950
247.600
248.270
248.950
249.600
250.270
250.930
251.590
252.260
252.930
253.600
254.260
254.930
255.590
256.240
256.900
257.570
258.230
258.900
259.570
260.230
260.900
261.560
262.210
262.860
263.560
264.230
264.880
265.550
266.210
266.870
267.530
268.180
268.830
269.510
270.190
270.830
271.510
272.180
272.840
273.500
274.160
274.840
275.490
276.150
276.810
277.460
278.120
278.770
279.420
280.060
280.730
281.380
282.050
282.710
283.370
284.030
284.690
285.340
286.000
286.660
287.310
287.960
288.620
289.270
289.920
290.600
291.270
291.920
292.570
293.230
293.850
294.510
295.170
295.840
296.500
297.160
297.810
298.470
299.140
299.810
300.490
301.150
301.830
302.490
303.170
303.840
304.490
305.160
305.840
306.510
307.170
307.860
308.510
309.170
309.840
310.510
311.180
311.860
312.540
313.200
313.870
314.530
315.170
315.830
316.480
317.130
317.800
318.450
319.090
319.740
320.390
321.050
321.710
322.390
323.040
323.710
324.370
325.030
325.690
326.360
327.020
327.680
328.340
328.990
329.630
330.280
330.940
331.590
332.250
332.910
333.560
334.210
334.850
335.510
336.170
336.830
337.480
338.150
338.800
339.470
340.120
340.790
341.450
342.120
342.770
343.430
344.100
344.780
345.430
346.080
346.730
347.380
348.030
348.670
349.330
349.980
350.640
351.280
351.940
352.590
353.250
353.910
354.550
355.190
355.830
356.480
357.130
357.750
358.380
359.030
359.670
360.310
360.930
361.540
362.160
362.790
363.420
364.030
364.640
365.260
365.880
366.500
367.100
367.720
368.350
368.980
369.590
370.220
370.840
371.450
372.050
372.660
373.260
373.870
374.460
375.070
375.660
376.260
376.890
377.490
378.090
378.730
379.340
379.950
380.550
381.160
381.760
382.370
382.980
383.600
384.190
384.800
385.410
386.010
386.620
387.200
387.800
388.410
389.000
389.590
390.190
390.780
391.370
391.950
392.560
393.170
393.790
394.400
394.990
395.610
396.230
396.820
397.430
398.030
398.640
399.230
399.810
400.440
401.020
401.620
402.220
402.830
403.430
404.020
404.620
405.220
405.820
406.410
407.000
407.590
408.180
408.740
409.330
409.920
410.510
411.100
411.680
412.280
412.900
413.480
414.090
414.700
415.300
415.890
416.490
417.090
417.670
418.280
418.900
419.490
420.050
420.630
421.210
421.800
422.380
422.970
423.560
424.150
424.720
425.300
425.880
426.480
427.090
427.700
428.340
428.970
429.600
430.240
430.860
431.480
432.110
432.770
433.420
434.050
434.690
435.340
435.970
436.610
437.240
437.870
438.490
439.110
439.740
440.370
441.010
441.620
442.290
442.930
443.560
444.200
444.830
445.460
446.100
446.760
447.380
448.010
448.630
449.270
449.900
450.540
451.160
451.780
452.410
453.050
453.680
454.320
454.950
455.580
456.200
456.830
457.460
458.080
458.690
459.320
459.940
460.570
461.190
461.810
462.430
463.050
463.670
464.300
464.920
465.550
466.170
466.800
467.430
468.050
468.680
469.320
469.930
470.570
471.190
471.810
472.440
473.090
473.710
474.360
474.980
475.620
476.250
476.880
477.520
478.140
478.770
479.390
480.020
480.650
481.280
481.930
482.550
483.160
483.800
484.430
485.060
485.690
486.310
486.940
487.570
488.200
488.820
489.450
490.080
490.690
491.320
491.940
492.580
493.230
493.850
494.480
495.110
495.730
496.360
497.010
497.640
498.260
498.880
499.520
500.140
500.780
501.400
502.040
502.670
503.310
503.940
504.570
505.200
505.830
506.470
507.100
507.730
508.370
508.990
509.630
510.240
510.880
511.510
512.140
512.780
513.410
514.040
514.680
515.300
515.940
516.570
517.200
517.820
518.450
519.080
519.700
520.310
520.950
521.580
522.220
522.850
523.500
524.110
524.730
525.340
525.940
526.580
527.190
527.800
528.440
529.050
529.670
530.300
530.910
531.500
532.120
532.740
533.360
533.980
534.600
535.220
535.830
536.430
537.050
537.640
538.250
538.860
539.470
540.040
540.650
541.250
541.860
542.470
543.080
543.700
544.320
544.950
545.580
546.210
546.840
547.470
548.090
548.710
549.350
549.990
550.600
551.220
551.850
552.490
553.140
553.750
554.370
555.000
555.630
556.260
556.880
557.490
558.120
558.720
559.340
559.970
560.580
561.220
561.840
562.470
563.100
563.720
564.350
564.970
565.590
566.220
566.840
567.470
568.090
568.710
569.330
569.990
570.610
571.210
571.840
572.450
573.080
573.700
574.350
574.980
575.610
576.240
576.860
577.500
578.110
578.750
579.370
579.980
580.610
581.230
581.880
582.500
583.130
583.770
584.400
585.020
585.640
586.260
586.890
587.530
588.140
588.770
589.390
590.010
590.630
591.250
591.870
592.500
593.120
593.740
594.380
595.000
595.630
596.250
596.870
597.480
598.110
598.710
599.340
599.950
600.570
601.180
601.800
602.420
603.050
603.660
604.280
604.900
605.520
606.130
606.750
607.370
607.980
608.600
609.210
609.830
610.440
611.040
611.660
612.290
612.910
613.530
614.150
614.770
615.390
616.010
616.640
617.270
617.890
618.510
619.130
619.750
620.360
620.980
621.610
622.240
622.860
623.490
624.110
624.730
625.350
625.980
626.600
627.220
627.830
628.450
629.080
629.720
630.350
630.960
631.600
632.260
632.900
633.530
634.170
634.820
635.450
636.090
636.730
637.370
638.000
638.620
639.260
639.880
640.500
641.140
641.770
642.410
643.040
643.640
644.270
644.910
645.560
646.160
646.770
647.400
648.040
648.670
649.310
649.940
650.570
651.200
651.850
652.480
653.110
653.730
654.390
655.010
655.630
656.250
656.920
657.530
658.160
658.810
659.420
660.050
660.660
661.260
661.890
662.530
663.160
663.780
664.400
665.030
665.660
666.280
666.920
667.540
668.170
668.790
669.420
670.070
670.680
671.330
671.950
672.560
673.110
673.640
674.190
674.750
675.250
675.800
676.310
676.830
677.340
677.880
678.390
678.930
679.420
679.910
680.390
680.880
681.340
681.840
682.300
682.800
683.280
