0.350
0.700
1.080	1
1.440
1.820
2.180
2.550	1
2.900
3.270
3.640
4.010	1
4.370
4.750
5.110
5.470	1
5.840
6.210
6.580
6.950	1
7.330
7.710
8.070
8.440	1
8.810
9.170
9.530
9.900	1
10.260
10.630
10.980
11.340	1
11.700
12.070
12.450
12.830	1
13.190
13.570
13.940
14.310	1
14.670
15.040
15.410
15.780	1
16.140
16.500
16.860
17.210	1
17.560
17.930
18.300
18.650	1
19.020
19.400
19.760
20.120	1
20.490
20.830
21.190
21.560	1
21.920
22.270
22.610
22.960	1
23.310
23.650
24.000
24.360	1
24.710
25.070
25.420
25.770	1
26.120
26.460
26.800
27.150	1
27.500
27.850
28.200
28.550	1
28.900
29.270
29.610
29.960	1
30.320
30.680
31.030
31.370	1
31.720
32.070
32.420
32.770	1
33.110
33.460
33.800
34.150	1
34.500
34.840
35.200
35.530	1
35.890
36.240
36.590
36.950	1
37.290
37.630
37.990
38.350	1
38.690
39.040
39.380
39.720	1
40.070
40.410
40.750
41.100	1
41.450
41.810
42.140
42.480	1
42.820
43.170
43.520
43.870	1
44.210
44.550
44.890
45.230	1
45.560
45.910
46.250
46.610	1
46.950
47.300
47.640
47.990	1
48.320
48.670
49.010
49.350	1
49.680
50.030
50.380
50.710	1
51.040
51.380
51.720
52.070	1
52.410
52.760
53.100
53.450	1
53.800
54.150
54.490
54.850	1
55.170
55.520
55.860
56.210	1
56.540
56.890
57.220
57.570	1
57.930
58.260
58.620
58.960	1
59.300
59.630
59.980
60.310	1
60.650
61.000
61.350
61.690	1
62.020
62.370
62.700
63.050	1
63.390
63.740
64.100
64.440	1
64.790
65.130
65.470
65.800	1
66.140
66.500
66.830
67.180	1
67.510
67.860
68.220
68.570	1
68.910
69.270
69.610
69.960	1
70.320
70.680
71.010
71.360	1
71.700
72.040
72.380
72.730	1
73.070
73.420
73.770
74.120	1
74.460
74.810
75.150
75.520	1
75.840
76.200
76.540
76.870	1
77.200
77.560
77.880
78.220	1
78.560
78.910
79.260
79.590	1
79.950
80.290
80.620
80.960	1
81.310
81.650
81.990
82.340	1
82.670
83.020
83.350
83.670	1
84.010
84.350
84.690
85.040	1
85.390
85.750
86.100
86.460	1
86.780
87.130
87.460
87.820	1
88.160
88.520
88.850
89.210	1
89.550
89.910
90.260
90.590	1
90.930
91.290
91.620
91.980	1
92.340
92.690
93.030
93.390	1
93.720
94.090
94.440
94.770	1
95.130
95.490
95.810
96.160	1
96.500
96.830
97.180
97.530	1
97.870
98.200
98.550
98.890	1
99.230
99.580
99.920
100.280	1
100.630
100.980
101.320
101.680	1
102.020
102.370
102.710
103.050	1
103.400
103.740
104.080
104.440	1
104.780
105.140
105.470
105.810	1
106.150
106.500
106.850
107.180	1
107.520
107.870
108.200
108.550	1
108.880
109.210
109.560
109.910	1
110.260
110.610
110.950
111.280	1
111.620
111.960
112.300
112.650	1
112.990
113.330
113.670
114.020	1
114.350
114.680
115.020
115.350	1
115.690
116.030
116.370
116.710	1
117.050
117.400
117.730
118.080	1
118.430
118.770
119.110
119.480	1
119.830
120.180
120.530
120.880	1
121.190
121.540
121.870
122.200	1
122.530
122.840
123.180
123.510	1
123.840
124.190
124.530
124.860	1
125.200
125.540
125.880
126.230	1
126.560
126.910
127.250
127.590	1
127.930
128.280
128.610
128.960	1
129.300
129.650
129.980
130.330	1
130.660
131.000
131.350
131.680	1
132.040
132.380
132.710
133.060	1
133.380
133.740
134.070
134.410	1
134.780
135.130
135.460
135.810	1
136.140
136.500
136.820
137.170	1
137.520
137.850
138.200
138.530	1
138.860
139.210
139.550
139.890	1
140.230
140.570
140.900
141.240	1
141.570
141.900
142.240
142.560	1
142.890
143.230
143.570
143.910	1
144.240
144.590
144.940
145.290	1
145.630
145.980
146.310
146.650	1
146.980
147.330
147.680
148.050	1
148.390
148.760
149.110
149.480	1
149.820
150.180
150.530
150.890	1
151.220
151.580
151.920
152.270	1
152.610
152.960
153.310
153.660	1
154.000
154.350
154.700
155.040	1
155.400
155.760
156.100
156.450	1
156.780
157.130
157.480
157.830	1
158.170
158.520
158.870
159.230	1
159.560
159.910
160.270
160.620	1
160.950
161.290
161.620
161.960	1
162.300
162.650
162.990
163.330	1
163.660
164.010
164.350
164.720	1
165.060
165.420
165.780
166.130	1
166.480
166.840
167.190
167.520	1
167.850
168.200
168.550
168.890	1
169.240
169.580
169.940
170.280	1
170.610
170.960
171.300
171.640	1
171.990
172.340
172.680
173.020	1
173.360
173.710
174.050
174.390	1
174.720
175.070
175.400
175.760	1
176.090
176.440
176.780
177.120	1
177.450
177.800
178.140
178.470	1
178.800
179.160
179.480
179.820	1
180.170
180.521
180.883
181.228	1
