0.080
0.530
0.960
1.410
1.850
2.270
2.690
3.120
3.570
3.970
4.380
4.780
5.190
5.610
6.020
6.430
6.830
7.220
7.640
8.030
8.460
8.860
9.250
9.620
10.020
10.410
10.810
11.180
11.570
11.970
12.390
12.790
13.190
13.580
13.960
14.340
14.750
15.160
15.550
15.960
16.360
16.740
17.150
17.530
17.900
18.280
18.670
19.040
19.410
19.830
20.250
20.660
21.060
21.450
21.820
22.210
22.590
22.950
23.360
23.750
24.140
24.510
24.900
25.290
25.700
26.080
26.450
26.840
27.230
27.620
28.020
28.400
28.790
29.170
29.570
29.970
30.360
30.780
31.180
31.550
31.930
32.320
32.690
33.080
33.480
33.890
34.290
34.690
35.090
35.480
35.880
36.260
36.650
37.060
37.450
37.840
38.220
38.620
39.000
39.410
39.790
40.200
40.600
40.990
41.390
41.810
42.230
42.640
43.050
43.450
43.860
44.270
44.680
45.080
45.480
45.880
46.280
46.670
47.060
47.450
47.860
48.240
48.620
49.010
49.410
49.810
50.200
50.590
51.000
51.400
51.830
52.240
52.640
53.050
53.430
53.830
54.200
54.590
54.990
55.390
55.760
56.170
56.560
56.940
57.330
57.740
58.140
58.520
58.920
59.320
59.690
60.100
60.510
60.910
61.310
61.690
62.090
62.470
62.870
63.260
63.700
64.120
64.540
64.930
65.340
65.730
66.110
66.510
66.880
67.270
67.660
68.080
68.470
68.900
69.300
69.720
70.100
70.510
70.910
71.300
71.720
72.110
72.510
72.900
73.320
73.720
74.100
74.490
74.850
75.250
75.630
75.980
76.370
76.740
77.110
77.460
77.830
78.200
78.600
79.000
79.420
79.810
80.220
80.620
81.000
81.380
81.780
82.170
82.550
82.950
83.370
83.770
84.160
84.560
84.970
85.370
85.760
86.160
86.550
86.950
87.340
87.720
88.130
88.500
88.910
89.300
89.690
90.060
90.460
90.870
91.260
91.680
92.080
92.480
92.870
93.280
93.690
94.100
94.500
94.900
95.320
95.710
96.110
96.520
96.920
97.310
97.710
98.110
98.520
98.910
99.280
99.680
100.070
100.480
100.880
101.280
101.660
102.070
102.480
102.870
103.280
103.670
104.090
104.500
104.910
105.320
105.730
106.130
106.540
106.940
107.340
107.730
108.140
108.520
108.930
109.300
109.720
110.110
110.510
110.920
111.320
111.720
112.110
112.500
112.870
113.280
113.690
114.090
114.490
114.890
115.270
115.670
116.070
116.490
116.900
117.300
117.710
118.100
118.500
118.880
119.290
119.660
120.060
120.470
120.850
121.260
121.670
122.060
122.460
122.860
123.250
123.630
124.020
124.400
124.800
125.200
125.570
125.970
126.390
126.770
127.190
127.580
127.980
128.380
128.780
129.190
129.590
129.980
130.390
130.790
131.180
131.570
132.000
132.390
132.800
133.200
133.590
133.980
134.400
134.820
135.220
135.610
136.020
136.420
136.830
137.220
137.630
138.020
138.420
138.810
139.210
139.610
139.990
140.390
140.760
141.150
141.540
141.940
142.350
142.750
143.160
143.550
143.940
144.360
144.750
145.120
145.530
145.920
146.290
146.710
147.100
147.510
147.930
148.340
148.760
149.170
149.570
149.970
150.360
150.760
151.170
151.560
151.960
152.350
152.750
153.130
153.550
153.940
154.340
154.740
155.150
155.570
155.980
156.380
156.780
157.190
157.620
158.030
158.420
158.840
159.240
159.650
160.030
160.440
160.860
161.270
161.670
162.100
162.530
162.940
163.360
163.750
164.170
164.590
164.970
165.370
165.800
166.210
166.620
167.020
167.420
167.860
168.280
168.680
169.120
169.520
169.950
170.360
170.760
171.180
171.570
172.000
172.390
172.800
173.230
173.620
174.030
174.450
174.850
175.280
175.680
176.090
176.510
176.930
177.360
177.770
178.190
178.580
179.010
179.410
179.810
180.190
180.610
181.000
181.390
181.810
182.210
182.590
183.010
183.410
183.790
184.190
184.600
184.990
185.400
185.810
186.220
186.650
187.070
187.490
187.920
188.320
188.760
189.180
189.580
189.980
190.380
190.790
191.170
191.600
192.000
192.420
192.820
193.220
193.630
194.060
194.470
194.880
195.290
195.690
196.110
196.510
196.910
197.320
197.750
198.140
198.500
198.890
199.290
199.680
200.090
200.520
200.920
201.340
201.750
202.170
202.600
203.020
203.470
203.900
204.310
204.700
205.110
205.540
205.940
206.350
206.770
207.210
207.640
208.060
208.480
208.910
209.310
209.710
210.100
210.520
210.920
211.320
211.720
212.120
212.500
212.900
213.330
213.720
214.150
214.560
214.970
215.370
215.760
216.170
216.580
216.980
217.400
217.780
218.190
218.590
218.980
219.400
219.820
220.230
220.620
221.030
221.430
221.820
222.210
222.620
223.030
223.410
223.810
224.210
224.610
225.040
225.490
225.910
226.320
226.740
227.140
227.560
227.970
228.360
228.790
229.180
229.610
230.010
230.410
230.820
231.250
231.660
232.070
232.460
232.890
233.320
233.720
234.140
234.550
234.960
235.350
235.760
236.190
236.600
237.040
237.450
237.860
238.280
238.720
239.140
239.590
240.020
240.450
240.860
241.280
241.680
242.090
242.450
242.850
243.220
243.610
243.960
244.350
244.710
245.090
245.440
245.830
246.200
246.550
246.960
247.350
247.750
248.170
248.570
248.970
249.370
249.780
250.180
250.600
251.020
251.460
251.880
252.300
252.700
253.140
253.560
253.980
254.370
254.800
255.190
255.620
256.020
256.460
256.870
257.280
257.730
258.150
258.580
259.020
259.450
259.860
260.280
260.690
261.080
261.500
261.920
262.310
262.710
263.120
263.500
263.920
264.360
264.780
265.200
265.650
266.080
266.510
266.920
267.340
267.780
268.190
268.620
269.020
269.430
269.830
270.210
270.610
271.020
271.430
271.820
272.250
272.670
273.100
273.520
273.920
274.360
274.770
275.200
275.600
276.020
276.420
276.840
277.240
277.660
278.110
278.520
278.970
279.400
279.810
280.240
280.670
281.120
281.530
281.950
282.360
282.780
283.200
283.660
284.100
284.530
284.970
285.420
285.840
286.250
286.680
287.110
287.510
287.930
288.370
288.790
289.200
289.630
290.030
290.470
290.870
291.310
291.730
292.150
292.550
292.990
293.390
293.810
294.250
294.690
295.120
295.550
295.980
296.390
296.840
297.250
297.700
298.110
298.530
298.960
299.360
299.780
300.200
