0.500	1
1.150
1.780
2.380
3.010	1
3.670
4.270
4.900
5.560	1
6.040
6.570
7.060
7.580	1
8.090
8.600
9.070
9.580	1
10.100
10.660
11.160
11.720	1
12.220
12.780
13.350
13.940	1
14.540
15.220
15.890
16.520	1
17.190
17.860
18.560
19.150	1
19.710
20.320
20.890
21.500	1
22.040
22.540
23.020
23.550	1
24.040
24.550
25.030
25.530	1
25.990
26.480
26.950
27.430	1
27.950
28.460
28.950
29.430	1
29.960
30.510
31.090
31.640	1
32.240
32.810
33.330
33.870	1
34.410
34.910
35.370
35.860	1
36.400
36.940
37.470
38.110	1
38.780
39.400
40.050
40.700	1
41.290
41.910
42.550
43.220	1
43.830
44.500
45.090
45.720	1
46.280
46.800
47.370
47.900	1
48.490
49.050
49.640
50.210	1
50.740
51.310
51.950
52.570	1
53.220
53.810
54.380
54.970	1
55.550
56.160
56.840
57.450	1
58.120
58.810
59.460
60.200	1
60.950
61.610
62.290
62.970	1
63.620
64.320
64.950
65.590	1
66.210
66.850
67.500
68.160	1
68.770
69.440
70.070
70.750	1
71.390
72.070
72.760
73.480	1
74.140
74.830
75.520
76.180	1
76.880
77.620
78.300
79.040	1
79.790
80.510
81.250
82.020	1
82.800
83.560
84.340	1
85.130
85.860
86.630
87.410	1
88.180
88.960
89.740
90.500	1
91.270
92.020
92.850
93.620	1
94.410
95.170
95.890
96.660	1
97.430
98.230
98.990
99.780	1
100.560
101.340
102.100
102.870	1
103.670
104.410
105.190
105.950	1
106.710
107.500
108.250
109.020	1
109.800
110.550
111.340
112.080	1
112.890
113.650
114.420
115.190	1
115.990
116.740
117.510
118.280	1
119.070
119.840
120.620
121.410	1
122.170
122.970
123.710
124.470	1
125.240
126.020
126.810
127.580	1
128.400
129.160
129.930
130.690	1
131.460
132.240
133.000
133.790	1
134.610
135.390
136.160
136.930	1
137.700
138.510
139.270
140.040	1
140.840
141.610
142.410
143.190	1
143.970
144.710
145.510
146.300	1
147.040
147.820
148.640
149.430	1
150.190
150.970
151.720
152.500	1
153.310
154.050
154.840
155.620	1
156.430
157.200
157.970
158.770	1
159.530
160.320
161.120
161.880	1
162.670
163.500
164.260
165.060	1
165.820
166.600
167.400
168.200	1
168.960
169.760
170.530
171.340	1
172.080
172.890
173.680
174.450	1
175.240
176.010
176.810
177.580	1
178.400
179.150
179.950
180.740	1
181.540
182.310
183.110
183.880	1
184.670
185.470
186.280
187.060	1
187.860
188.620
189.440
190.240	1
191.030
191.820
192.540
193.290	1
194.070
194.860
195.620
196.390	1
197.200
197.990
198.750
199.550	1
200.360
201.150
201.920
202.740	1
203.500
204.280
205.060
205.840	1
206.640
207.420
208.200
208.980	1
209.770
210.560
211.330
212.150	1
212.920
213.720
214.500
215.290	1
216.090
216.890
217.680
218.470	1
219.320
220.110
220.920
221.750	1
222.530
223.310
224.090
224.890	1
225.700
226.500
227.290
228.130	1
228.960
229.710
230.520
231.300	1
232.110
232.900
233.710
234.510	1
235.320
236.110
236.880
237.670	1
238.470
239.270
240.060
240.850	1
241.640
242.470
243.250
244.060	1
244.860
245.650
246.440
247.230	1
248.080
248.920
249.720
250.570	1
251.340
252.150
252.920
253.760	1
254.590
255.410
256.230
257.010	1
257.860
258.650
259.470
260.250	1
261.060
261.860
262.670
263.500	1
264.310
265.070
265.890
266.680	1
267.470
268.280
269.080
269.900	1
270.700
271.500
272.290
273.090	1
273.950
274.750
275.560
276.360	1
277.190
278.000
278.820
279.640	1
280.440
281.280
282.110
282.900	1
283.730
284.520
285.360
286.180	1
286.990
287.830
288.630
289.490	1
290.280
291.110
291.940
292.740	1
293.540
294.360
295.160
295.960	1
296.770
297.600
298.390
299.170	1
299.980
300.780
301.580
302.400	1
303.230
304.040
304.860
305.670	1
306.440
307.200
308.000
308.780	1
309.610
310.390
311.200
312.000	1
312.850
313.660
314.490
315.270	1
316.070
316.870
317.680
318.460	1
319.270
320.050
320.860
321.680	1
322.510
323.300
324.110
324.920	1
325.780
326.570
327.400
328.200	1
329.030
329.850
330.700
331.500	1
332.340
333.160
333.980
334.820	1
335.640
336.430
337.250
338.090	1
338.920
339.720
340.550
341.390	1
342.250
343.080
343.890
344.720	1
345.580
346.400
347.200
348.030	1
348.870
349.670
350.530
351.350	1
352.170
352.990
353.820
354.620	1
355.460
356.270
357.080
357.910	1
358.750
359.550
360.370
361.160	1
361.960
362.760
363.580
364.390	1
365.200
366.010
366.860
367.660	1
368.470
369.260
370.050
370.850	1
371.640
372.440
373.240
374.040	1
374.850
375.650
376.440
377.260	1
378.030
378.840
379.630
380.470	1
381.300
382.100
382.900
383.680	1
384.490
385.330
386.120
386.940	1
387.710
388.500
389.300
390.120	1
390.980
391.830
392.630
393.480	1
394.320
395.120
395.910
396.730	1
397.560
398.370
399.200
400.010	1
400.860
401.650
402.470
403.280	1
404.130
404.930
405.740
406.560	1
407.370
408.180
409.000
409.800	1
410.620
411.450
412.260
413.050	1
413.860
414.630
415.410
416.210	1
417.040
417.830
418.650
419.490	1
420.280
421.080
421.930
422.720	1
423.540
424.360
425.200
426.000	1
426.810
427.660
428.550
429.460	1
