0.640
1.560
2.560
3.480
4.480
5.440
6.470
7.360
8.310
9.220
10.190
11.120
11.840
12.550
13.300
14.070
14.790
15.550
16.320
17.090
17.840
18.640
19.380
20.140
20.840
21.610
22.340
23.110
23.920
24.700
25.480
26.230
27.010
27.750
28.510
29.290
30.090
30.860
31.640
32.400
33.180
33.940
34.730
35.540
36.380
37.160
37.940
38.710
39.530
40.310
41.090
41.910
42.690
43.470
44.240
45.020
45.780
46.580
47.370
48.180
48.980
49.770
50.520
51.340
52.140
52.950
53.710
54.520
55.320
56.140
56.900
57.710
58.450
59.250
60.090
60.920
61.730
62.560
63.350
64.170
64.930
65.730
66.520
67.340
68.150
68.960
69.780
70.590
71.380
72.180
72.940
73.740
74.580
75.400
76.190
76.990
77.780
78.560
79.340
80.150
80.970
81.760
82.530
83.340
84.140
84.970
85.780
86.600
87.460
88.260
89.050
89.900
90.690
91.480
92.280
93.160
93.980
94.790
95.570
96.360
97.180
98.010
98.820
99.630
100.470
101.300
102.120
102.940
103.740
104.560
105.370
106.210
106.970
107.840
108.620
109.470
110.280
111.060
111.880
112.730
113.560
114.380
115.200
116.040
116.840
117.630
118.380
119.180
119.980
120.790
121.630
122.530
123.350
124.180
124.990
125.800
126.720
127.500
128.310
129.110
129.920
130.690
131.520
132.310
133.110
133.920
134.800
135.610
136.420
137.200
138.030
138.900
139.750
140.610
141.490
142.310
143.100
143.900
144.750
145.640
146.480
147.260
148.110
148.970
149.810
150.660
151.490
152.370
153.150
154.000
154.840
155.670
156.490
157.320
158.320
159.280
160.320
161.300
162.300
163.220
164.230
165.140
166.020
166.930
167.790
168.700
169.570
170.390
171.300
172.170
172.990
