0.180
0.710
1.210
1.700
2.190
2.680
3.220
3.730
4.270
4.780
5.290
5.810
6.330
6.840
7.400
7.920
8.430
8.940
9.460
9.990
10.490
10.990
11.480
11.980
12.480
12.980
13.470
13.980
14.480
14.990
15.500
16.030
16.520
17.020
17.510
17.990
18.480
18.950
19.450
19.940
20.440
20.950
21.450
21.940
22.420
22.890
23.380
23.920
24.420
24.920
25.390
25.900
26.400
26.890
27.360
27.850
28.340
28.820
29.310
29.790
30.280
30.760
31.260
31.740
32.240
32.730
33.210
33.710
34.190
34.700
35.170
35.650
36.140
36.630
37.100
37.570
38.060
38.560
39.050
39.550
40.030
40.540
41.030
41.490
41.970
42.450
42.950
43.450
43.970
44.470
44.970
45.500
46.000
46.520
47.020
47.520
48.050
48.550
49.020
49.530
50.000
50.510
50.990
51.470
51.950
52.450
52.940
53.450
53.940
54.420
54.920
55.420
55.930
56.440
56.930
57.440
57.930
58.410
58.910
59.380
59.870
60.340
60.840
61.350
61.830
62.330
62.790
63.290
63.790
64.290
64.760
65.240
65.730
66.220
66.690
67.160
67.660
68.160
68.650
69.130
69.620
70.090
70.610
71.090
71.600
72.120
72.600
73.070
73.590
74.080
74.540
75.080
75.610
76.130
76.670
77.240
77.820
78.480
79.140
79.860
80.670
81.440
82.230
83.080
83.920
84.790
85.630
86.450
87.310
88.220
89.080
89.920
90.770
91.700
92.590
93.510
94.510
95.350
96.220
97.110
97.940
98.790
99.670
100.550
101.380
102.190
103.000
103.820
104.650
105.330
106.060
106.810
107.520
108.220
108.930
109.690
110.380
111.130
111.830
112.530
113.110
113.650
114.200
114.780
115.320
115.880
116.430
116.980
117.520
118.060
118.610
119.170
119.720
120.290
120.830
121.370
121.900
122.450
123.010
123.560
124.120
124.670
125.190
125.730
126.250
126.770
127.330
127.830
128.360
128.910
129.440
129.960
130.490
131.020
131.560
132.090
132.660
133.180
133.700
134.230
134.770
135.310
135.830
136.350
136.880
137.410
137.930
138.470
138.990
139.520
140.050
140.590
141.130
141.640
142.170
142.690
143.230
143.750
144.290
144.820
145.340
145.890
146.440
147.010
147.550
148.090
148.630
149.200
149.740
150.280
150.790
151.320
151.860
152.360
152.870
153.380
153.900
154.410
154.930
155.450
155.980
156.510
157.050
157.580
158.100
158.610
159.130
159.650
160.160
160.670
161.180
161.690
162.210
162.740
163.260
163.790
164.310
164.820
165.350
165.880
166.360
166.870
167.390
167.910
168.430
168.910
169.450
169.940
170.430
170.920
171.450
172.020
172.550
173.130
173.710
174.300
174.870
175.430
175.990
176.560
177.200
177.900
178.600
179.280
179.940
180.640
181.340
182.160
183.080
184.000
184.970
