0.920
1.930
2.950
3.960
5.030
5.860
6.730
7.760
8.760
9.790
10.850
11.840
12.880
13.910
14.650
15.430
16.260
17.080
17.870
18.710
19.500
20.330
21.170
22.070
22.970
23.890
24.860
25.720
26.640
27.520
28.470
29.420
30.230
30.980
31.680
32.420
33.200
33.960
34.580
35.200
35.820
36.460
37.100
37.730
38.390
39.010
39.660
40.280
40.840
41.410
41.970
42.480
42.990
43.510
44.060
44.600
45.130
45.680
46.200
46.780
47.310
47.870
48.470
49.030
49.600
50.170
50.740
51.370
51.960
52.600
53.180
53.810
54.400
55.020
55.590
56.160
56.760
57.300
57.900
58.390
58.900
59.400
59.960
60.490
61.060
61.610
62.100
62.610
63.050
63.470
63.920
64.340
64.790
65.190
65.600
66.020
66.420
66.770
67.130
67.460
67.810
68.140
68.460
68.770
69.100
69.410
69.730
70.050
70.380
70.700
71.010
71.340
71.650
71.970
72.310
72.630
72.990
73.350
73.680
74.030
74.420
74.790
75.190
75.550
75.950
76.320
76.680
77.040
77.400
77.720
78.060
78.380
78.680
78.970
79.270
79.570
79.870
80.180
80.490
80.800
81.120
81.430
81.740
82.040
82.350
82.640
82.920
83.200
83.480
83.750
84.030
84.310
84.610
84.920
85.220
85.520
85.840
86.150
86.450
86.760
87.080
87.380
87.700
88.000
88.290
88.590
88.900
89.200
89.500
89.790
90.090
90.390
90.690
91.000
91.290
91.590
91.900
92.200
92.490
92.790
93.110
93.420
93.720
94.030
94.340
94.640
94.930
95.240
95.540
95.830
96.130
96.430
96.750
97.060
97.350
97.650
97.960
98.260
98.560
98.850
99.160
99.460
99.780
100.080
100.390
100.700
101.010
101.300
101.610
101.920
102.230
102.540
102.840
103.130
103.430
103.740
104.040
104.340
104.650
104.960
105.280
105.580
105.870
106.180
106.490
106.790
107.100
107.410
107.720
108.030
108.350
108.640
108.950
109.240
109.550
109.860
110.170
110.470
110.780
111.090
111.400
111.720
112.020
112.310
112.620
112.920
113.240
113.540
113.860
114.160
114.470
114.780
115.090
115.380
115.690
115.990
116.290
116.590
116.910
117.210
117.530
117.820
118.130
118.420
118.730
119.040
119.350
119.650
119.970
120.270
120.580
120.890
121.200
121.490
121.800
122.100
122.420
122.730
123.040
123.340
123.660
123.960
124.280
124.580
124.900
125.200
125.510
125.810
126.120
126.420
126.740
127.040
127.350
127.650
127.950
128.250
128.570
128.870
129.190
129.490
129.800
130.110
130.410
130.710
131.020
131.320
131.620
131.910
132.230
132.530
132.850
133.150
133.460
133.760
134.070
134.380
134.690
134.990
135.300
135.610
135.930
136.220
136.530
136.830
137.130
137.440
137.740
138.050
138.370
138.670
138.980
139.290
139.590
139.900
140.210
140.510
140.830
141.130
141.440
141.740
142.050
142.350
142.650
142.960
143.270
143.580
143.900
144.190
144.500
144.790
145.090
145.390
145.710
146.010
146.330
146.620
146.920
147.220
147.530
147.830
148.130
148.430
148.740
149.040
149.360
149.660
149.960
150.260
150.570
150.860
151.170
151.460
151.770
152.060
152.370
152.670
152.970
153.280
153.590
153.890
154.200
154.500
154.810
155.100
155.410
155.700
156.010
156.310
156.620
156.920
157.240
157.540
157.860
158.160
158.470
158.770
159.070
159.380
159.680
159.980
160.280
160.580
160.890
161.190
161.500
161.800
162.110
162.410
162.720
163.020
163.320
163.620
163.920
164.230
164.530
164.830
165.130
165.430
165.740
166.040
166.350
166.660
166.970
167.260
167.570
167.880
168.190
168.490
168.810
169.110
169.430
169.730
170.050
170.350
170.660
170.960
171.280
171.580
171.890
172.200
172.520
172.820
173.120
173.420
173.710
174.010
174.310
174.610
174.910
175.210
175.530
175.820
176.130
176.430
176.730
177.020
177.320
177.620
177.920
178.230
178.520
178.820
179.120
179.430
179.730
180.020
180.330
180.620
180.930
181.220
181.520
181.820
182.130
182.420
182.720
183.020
183.310
183.600
183.910
184.200
184.510
184.790
185.090
185.380
185.690
185.980
186.280
186.580
186.880
187.180
187.480
187.780
188.080
188.370
188.670
188.960
189.260
189.550
189.860
190.150
190.450
190.750
191.050
191.350
191.650
191.950
192.260
192.560
192.860
193.140
193.430
193.740
194.060
194.360
194.680
194.970
195.280
195.570
195.870
196.180
196.480
196.780
197.080
197.380
197.670
197.970
198.280
198.570
198.870
199.170
199.480
199.770
200.070
200.370
200.670
200.960
201.260
201.550
201.860
202.150
202.450
202.750
203.050
203.340
203.640
203.920
204.220
204.500
204.800
205.080
205.380
205.660
205.950
206.240
206.540
206.820
207.110
207.400
207.700
207.980
208.280
208.570
208.860
209.160
209.460
209.750
210.050
210.350
210.660
210.940
211.240
211.530
211.820
212.110
212.400
212.690
212.980
213.270
213.550
213.850
214.140
214.440
214.730
215.030
215.330
215.630
215.920
216.220
216.510
216.780
217.060
217.350
217.650
217.960
218.240
218.540
218.820
219.110
219.400
219.690
219.970
220.260
220.540
220.830
221.110
221.410
221.690
221.990
222.290
222.590
222.880
223.190
223.480
223.780
224.060
224.350
224.650
224.930
225.230
225.510
225.810
226.090
226.390
226.670
226.970
227.250
227.520
227.810
228.090
228.370
228.650
228.920
229.200
229.480
229.760
230.040
230.320
230.600
230.890
231.160
231.470
231.770
232.070
232.370
232.670
232.950
233.240
233.540
233.830
234.120
234.410
234.690
234.990
235.280
235.570
235.850
236.140
236.430
236.730
237.020
237.320
237.600
237.900
238.180
238.480
238.770
239.060
239.340
239.640
239.930
240.220
240.510
240.800
241.080
241.360
241.630
241.920
242.190
242.480
242.760
243.050
243.330
243.630
243.910
244.200
244.490
244.770
245.060
245.330
245.610
245.900
246.180
246.460
246.730
247.030
247.310
247.610
247.890
248.180
248.480
248.770
249.060
249.350
249.640
249.930
250.220
250.510
250.800
251.080
251.380
251.660
251.960
252.250
252.530
252.830
253.110
253.400
253.690
253.980
254.260
254.550
254.830
255.110
255.410
255.700
255.970
256.260
256.530
256.820
257.100
257.380
257.650
257.930
258.210
258.490
258.770
259.050
259.330
259.620
259.900
260.180
260.460
260.730
261.020
261.300
261.580
261.850
262.140
262.420
262.690
262.980
263.250
263.530
263.820
264.100
264.380
264.660
264.950
265.240
265.520
265.820
266.100
266.390
266.670
266.960
267.230
267.530
267.810
268.110
268.390
268.690
268.970
269.270
269.540
269.830
270.110
270.410
270.690
270.990
271.270
271.560
271.840
272.120
272.410
272.700
272.980
273.280
273.560
273.860
274.140
274.420
274.710
275.010
275.290
275.590
275.870
276.160
276.440
276.730
277.010
277.300
277.590
277.890
278.170
278.470
278.750
279.050
279.330
279.620
279.910
280.210
280.490
280.790
281.070
281.360
281.650
281.940
282.230
282.530
282.810
283.110
283.390
283.690
283.970
284.260
284.540
284.820
285.110
285.390
285.670
285.950
286.240
286.540
286.820
287.120
287.410
287.700
287.990
288.280
288.560
288.850
289.140
289.430
289.710
289.990
290.270
290.560
290.840
291.130
291.420
291.710
292.000
292.290
292.570
292.870
293.150
293.450
293.730
294.030
294.310
294.610
294.890
295.180
295.470
295.770
296.040
296.340
296.620
296.920
297.200
297.500
297.780
298.070
298.350
298.640
298.920
299.210
299.500
299.790
300.070
300.370
300.660
300.950
301.230
301.520
301.810
302.110
302.390
302.690
302.970
303.270
303.540
303.830
304.110
304.410
304.690
304.980
305.250
305.530
305.820
306.120
306.400
306.690
306.980
307.270
307.550
307.840
308.110
308.390
308.680
308.950
309.250
309.540
309.820
310.120
310.390
310.680
310.950
311.230
311.520
311.800
312.090
312.380
312.660
312.960
313.240
313.530
313.820
314.110
314.400
314.700
314.980
315.280
315.560
315.860
316.150
316.440
316.730
317.040
317.330
317.630
317.920
318.210
318.500
318.800
319.090
319.390
319.680
319.990
320.270
320.560
320.850
321.140
321.430
321.720
322.020
322.310
322.600
322.890
323.190
323.490
323.780
324.070
324.350
324.650
324.950
325.250
325.550
325.840
326.140
326.440
326.740
327.050
327.350
327.640
327.940
328.240
328.520
328.830
329.120
329.420
329.710
330.010
330.300
330.590
330.880
331.160
331.460
331.770
332.050
332.350
332.630
332.930
333.210
333.510
333.800
334.090
334.390
334.690
334.980
335.290
335.580
335.880
336.170
336.470
336.750
337.050
337.340
337.620
337.910
338.210
338.500
338.790
339.090
339.390
339.690
339.990
340.290
340.590
340.890
341.190
341.480
341.790
342.080
342.380
342.670
342.960
343.250
343.550
343.840
344.130
344.430
344.730
345.020
345.330
345.620
345.920
346.210
346.510
346.790
347.090
347.380
347.680
347.980
348.280
348.570
348.870
349.170
349.480
349.770
350.070
350.360
350.650
350.940
351.240
351.530
351.840
352.130
352.430
352.720
353.020
353.300
353.600
353.880
354.180
354.460
354.760
355.040
355.340
355.630
355.940
356.230
356.530
356.830
357.120
357.410
357.700
357.990
358.280
358.570
358.870
359.150
359.440
359.740
360.030
360.310
360.600
360.890
361.190
361.470
361.770
362.050
362.350
362.630
362.930
363.210
363.500
363.790
364.090
364.370
364.670
364.950
365.260
365.550
365.850
366.130
366.430
366.710
367.010
367.290
367.580
367.870
368.170
368.460
368.750
369.040
369.330
369.620
369.900
370.190
370.480
370.770
371.070
371.360
371.650
371.930
372.220
372.520
372.820
373.110
373.410
373.690
373.990
374.270
374.570
374.850
375.150
375.440
375.750
376.050
376.350
376.640
376.950
377.240
377.540
377.820
378.120
378.410
378.700
378.980
379.270
379.570
379.860
380.140
380.440
380.730
381.010
381.300
381.600
381.880
382.190
382.480
382.770
383.060
383.360
383.640
383.940
384.230
384.520
384.800
385.100
385.380
385.680
385.960
386.260
386.540
386.850
387.140
387.440
387.730
388.030
388.310
388.610
388.890
389.190
389.480
389.770
390.060
390.350
390.630
390.930
391.210
391.510
391.790
392.090
392.380
392.680
392.980
393.280
393.560
393.860
394.140
394.440
394.730
395.020
395.320
395.620
395.920
396.230
396.510
396.810
397.090
397.390
397.680
397.990
398.280
398.580
398.880
399.180
399.470
399.770
400.050
400.340
400.640
400.930
401.220
401.510
401.790
402.080
402.370
402.660
402.960
403.250
403.540
403.830
404.110
404.410
404.720
405.010
405.300
405.590
405.870
406.170
406.450
406.750
407.020
407.300
407.590
407.880
408.170
408.460
408.740
409.040
409.330
409.620
409.910
410.200
410.480
410.780
411.060
411.360
411.640
411.930
412.230
412.520
412.810
413.100
413.390
413.680
413.970
414.260
414.540
414.830
415.120
415.410
415.700
416.000
416.280
416.580
416.860
417.150
417.440
417.740
418.020
418.320
418.610
418.900
419.190
419.480
419.760
420.060
420.340
420.630
420.930
421.220
421.510
421.800
422.090
422.380
422.660
422.960
423.250
423.540
423.830
424.130
424.420
424.720
425.020
425.320
425.600
425.900
426.180
426.470
426.760
427.060
427.350
427.640
427.920
428.210
428.500
428.800
429.080
429.380
429.670
429.960
430.240
430.540
430.840
431.210
431.720
432.300
432.860
433.470
434.040
434.630
435.240
435.800
436.390
436.980
437.560
438.140
438.740
439.320
439.910
440.490
441.060
441.650
442.210
442.790
443.360
443.940
444.530
445.110
445.700
446.310
446.890
447.490
448.050
448.620
449.200
449.780
450.330
450.890
451.500
452.080
452.640
453.220
453.810
454.380
454.930
455.490
456.070
456.640
457.170
457.730
458.270
458.850
459.410
459.970
460.520
461.080
461.630
462.190
462.720
463.280
463.850
464.420
465.000
465.590
466.170
466.710
467.290
467.890
468.470
469.050
469.630
470.220
470.800
471.370
471.940
472.510
473.100
473.670
474.230
474.810
475.390
475.950
476.520
477.090
477.670
478.240
478.800
479.370
479.940
480.510
481.060
481.630
482.220
482.790
483.370
483.940
484.520
485.100
485.680
486.260
486.840
487.430
488.000
488.580
489.200
489.940
490.660
491.510
492.310
493.180
494.040
494.910
495.890
496.790
497.750
