0.450
1.000
1.600
2.170
2.710
3.250
3.820
4.370
4.960
5.490
6.060
6.610
7.200
7.730
8.290
8.840
9.390
9.920
10.460
11.000
11.530
12.080
12.640
13.170
13.700
14.230
14.800
15.340
15.870
16.390
16.920
17.460
18.020
18.580
19.120
19.690
20.210
20.760
21.310
21.840
22.370
22.920
23.490
24.070
24.620
25.160
25.760
26.340
26.920
27.500
28.060
28.640
29.170
29.700
30.280
30.830
31.400
31.980
32.590
33.170
33.710
34.250
34.790
35.340
35.900
36.460
37.040
37.570
38.140
38.730
39.320
39.920
40.520
41.090
41.650
42.170
42.750
43.270
43.820
44.340
44.910
45.460
46.000
46.540
47.090
47.640
48.200
48.750
49.320
49.870
50.450
50.990
51.540
52.150
52.730
53.300
53.860
54.370
54.930
55.450
55.970
56.520
57.050
57.630
58.160
58.690
59.220
59.750
60.280
60.810
61.340
61.870
62.430
62.960
63.480
63.990
64.520
65.040
65.560
66.080
66.620
67.150
67.680
68.190
68.720
69.240
69.770
70.290
70.820
71.320
71.850
72.370
72.890
73.390
73.910
74.450
74.950
75.460
75.960
76.490
77.010
77.530
78.040
78.590
79.090
79.600
80.130
80.650
81.170
81.700
82.230
82.780
83.310
83.810
84.320
84.840
85.380
85.900
86.420
86.930
87.440
87.990
88.500
89.040
89.590
90.090
90.630
91.150
91.710
92.250
92.780
93.340
93.870
94.390
94.920
95.470
95.970
96.540
97.130
97.670
98.180
98.690
99.210
99.730
100.270
100.770
101.290
101.820
102.320
102.840
103.380
103.880
104.400
104.910
105.430
105.990
106.510
107.050
107.560
108.090
108.610
109.160
109.680
110.190
110.700
111.200
111.710
112.210
112.720
113.220
113.740
114.280
114.780
115.320
115.840
116.350
116.880
117.430
117.940
118.470
119.010
119.580
120.120
120.650
121.200
121.780
122.350
122.890
123.420
123.980
124.510
125.060
125.610
126.210
126.820
127.390
128.030
128.640
129.270
129.890
130.510
131.130
131.730
132.360
133.010
133.660
134.360
134.970
135.640
136.280
136.810
137.350
137.890
138.410
138.880
139.370
139.890
140.370
140.870
141.400
141.920
142.420
142.920
143.420
143.900
144.420
144.900
145.400
145.940
146.440
146.940
147.470
147.960
148.480
148.970
149.470
149.970
150.490
151.000
151.500
152.010
152.530
153.020
153.550
154.030
154.550
155.050
155.570
156.070
156.580
157.060
157.570
158.070
158.610
159.090
159.630
160.100
160.620
161.130
161.620
162.120
162.610
163.100
163.600
164.100
164.630
165.120
165.630
166.110
166.630
167.110
167.620
168.110
168.610
169.130
169.620
170.130
170.660
171.150
171.650
172.140
172.620
173.120
173.620
174.110
174.600
175.090
175.590
176.070
176.560
177.060
177.570
178.060
178.560
179.040
179.520
180.020
180.510
181.000
181.500
182.000
182.520
183.040
183.510
184.000
184.490
185.000
185.500
185.990
186.510
187.020
187.500
188.010
188.480
188.980
189.480
189.970
190.460
190.960
191.450
191.930
192.420
192.910
193.400
193.890
194.390
194.880
195.350
195.830
196.330
196.850
197.360
197.870
198.360
198.860
199.340
199.850
200.320
200.830
201.300
201.800
202.290
202.770
203.270
203.740
204.220
204.720
205.180
205.670
206.170
206.650
207.150
207.640
208.100
208.580
209.070
209.580
210.080
210.570
211.060
211.520
212.020
212.500
213.020
213.490
214.000
214.480
214.950
215.400
215.870
216.370
216.860
217.330
217.820
218.330
218.820
219.310
219.780
220.280
220.750
221.240
221.740
222.230
222.730
223.200
223.690
224.160
224.630
225.110
225.620
226.110
226.590
227.080
227.540
228.040
228.510
229.020
229.500
230.000
230.500
230.980
231.440
231.920
232.400
232.910
233.410
233.900
234.380
234.870
235.350
235.830
236.320
236.790
237.280
237.760
238.240
238.740
239.220
239.680
240.140
240.620
241.130
241.610
242.100
242.580
243.070
243.550
244.070
244.530
245.030
245.520
246.020
246.500
246.970
247.450
247.940
248.440
248.910
249.420
249.890
250.400
250.880
251.360
251.880
252.370
252.850
253.320
253.850
254.340
254.820
255.320
255.850
256.320
256.850
257.340
257.820
258.310
258.820
259.310
259.800
260.280
260.800
261.280
261.780
262.260
262.770
263.240
263.710
264.190
264.650
265.130
265.640
266.100
266.620
267.110
267.590
268.050
268.550
269.010
269.520
270.020
270.500
270.980
271.460
271.920
272.410
272.900
273.390
273.880
274.380
274.870
275.370
275.870
276.370
276.850
277.360
277.860
278.350
278.830
279.330
279.800
280.290
280.770
281.260
281.770
282.270
282.760
283.260
283.740
284.210
284.710
285.190
285.700
286.170
286.680
287.150
287.630
288.090
288.590
289.060
289.530
290.020
290.500
290.970
291.490
291.970
292.460
292.950
293.440
293.920
294.390
294.870
295.360
295.840
296.350
296.840
297.320
297.800
298.270
298.770
299.260
299.740
300.220
300.710
301.240
301.740
302.210
302.700
303.190
303.680
304.170
304.640
305.120
305.620
306.100
306.590
307.100
307.590
308.060
308.560
309.060
309.560
310.030
310.520
311.010
311.480
311.980
312.440
312.930
313.420
313.900
314.400
314.880
315.390
315.860
316.340
316.840
317.320
317.810
318.290
318.760
319.230
319.710
320.200
320.690
321.200
321.680
322.170
322.670
323.140
323.620
324.100
324.570
325.080
325.570
326.050
326.540
327.040
327.530
328.020
328.520
329.000
329.490
329.980
330.450
330.950
331.420
331.930
332.420
332.910
333.400
333.900
334.380
334.860
335.350
335.850
336.330
336.820
337.290
337.800
338.290
338.780
339.260
339.750
340.240
340.710
341.210
341.680
342.170
342.650
343.160
343.640
344.120
344.640
345.130
345.630
346.100
346.580
347.100
347.590
348.090
348.580
349.080
349.580
350.050
350.540
351.050
351.560
352.060
352.570
353.040
353.540
354.020
354.500
354.990
355.500
355.990
356.480
356.990
357.490
357.960
358.440
358.960
359.470
359.950
360.440
360.950
361.450
361.950
362.420
362.930
363.420
363.920
364.410
364.900
365.410
365.890
366.400
366.900
367.400
367.880
368.370
368.890
369.380
369.890
370.400
370.890
371.380
371.890
372.370
372.860
373.370
373.840
374.330
374.820
375.320
375.830
376.330
376.820
377.310
377.790
378.300
378.780
379.300
379.800
380.280
380.800
381.300
381.780
382.300
382.770
383.270
383.750
384.260
384.750
385.250
385.750
386.240
386.760
387.230
387.740
388.240
388.730
389.250
389.740
390.230
390.710
391.210
391.700
392.210
392.690
393.210
393.720
394.200
394.700
395.200
395.700
396.170
396.670
397.130
397.590
398.070
398.570
399.080
399.580
400.080
400.590
401.080
401.580
402.080
402.570
403.060
403.560
404.050
404.540
405.020
405.530
406.020
406.500
406.990
407.470
407.960
408.440
408.910
409.410
409.880
410.350
410.830
411.310
411.830
412.320
412.800
413.280
413.760
414.250
414.730
415.220
415.710
416.230
416.720
417.200
417.690
418.170
418.670
419.160
419.660
420.130
420.620
421.100
421.560
422.040
422.540
423.020
423.500
423.990
424.500
425.000
425.470
426.000
426.470
426.990
427.490
427.970
428.460
428.970
429.460
429.940
430.410
430.910
431.390
431.870
432.340
432.830
433.350
433.820
434.340
434.830
435.320
435.850
436.320
436.830
437.340
437.840
438.320
438.850
439.340
439.830
440.320
440.810
441.290
441.820
442.310
442.780
443.290
443.780
444.260
444.750
445.260
445.750
446.230
446.760
447.260
447.750
448.230
448.700
449.190
449.670
450.180
450.660
451.140
451.650
452.120
452.620
453.100
453.620
454.110
454.600
455.110
455.620
456.100
456.580
457.100
457.600
458.090
458.570
459.080
459.590
460.100
460.590
461.100
461.580
462.070
462.570
463.080
463.580
464.070
464.560
465.060
465.550
466.040
466.510
466.960
467.440
467.930
468.400
468.900
469.400
469.900
470.400
470.970
471.550
472.050
472.530
473.020
473.500
473.990
474.490
474.990
475.460
475.960
476.460
476.940
477.410
477.900
478.360
478.860
479.360
479.840
480.340
480.840
481.330
481.820
482.290
482.810
483.320
483.790
484.320
484.790
485.320
485.800
486.330
486.840
487.340
487.840
488.350
488.860
489.380
489.890
490.400
490.900
491.410
491.900
492.410
492.890
493.390
493.930
494.410
494.960
495.460
495.970
496.490
497.030
497.550
498.060
498.600
499.110
499.610
500.160
500.650
501.160
501.660
502.210
502.740
503.260
503.820
504.370
504.910
505.420
505.960
506.500
507.060
507.610
508.130
508.660
509.210
509.750
510.270
510.800
511.340
511.870
512.370
512.900
513.440
513.970
514.520
515.040
515.570
516.120
516.660
517.220
517.750
518.300
518.790
519.330
519.830
520.370
520.870
521.420
521.910
522.450
522.970
523.490
524.040
524.540
525.070
525.620
526.130
526.690
527.230
527.770
528.290
528.810
529.360
529.920
530.430
530.990
531.530
532.040
532.560
533.090
533.650
534.170
534.750
535.280
535.840
536.400
536.930
537.500
538.050
538.580
539.100
539.670
540.180
540.720
541.280
541.810
542.370
542.890
543.400
543.950
544.480
544.990
545.520
546.070
546.620
547.160
547.710
548.240
548.770
549.310
549.850
550.370
550.870
551.400
551.900
552.440
552.990
553.520
554.040
554.560
555.050
555.580
556.130
556.680
557.190
557.740
558.270
558.800
559.350
559.860
560.430
560.950
561.490
562.030
562.580
563.180
563.950
564.770
565.490
566.220
566.960
567.670
568.370
569.090
569.800
570.510
571.260
571.990
572.710
573.440
574.170
574.870
575.600
576.360
577.090
577.810
578.520
579.250
579.970
580.720
581.440
582.210
582.940
583.650
584.400
585.150
585.910
586.600
587.330
588.030
588.740
589.440
590.150
590.880
591.580
592.290
592.990
593.710
594.430
595.170
595.930
596.660
597.380
598.100
598.870
599.630
600.350
601.100
601.930
602.810
603.540
604.310
605.070
605.800
606.530
607.270
608.020
608.750
609.510
610.290
611.070
611.900
612.720
613.610
614.480
615.330
616.120
616.960
617.870
618.720
619.600
620.540
621.430
622.400
623.290
624.240
625.170
626.050
626.980
627.930
628.870
629.820
630.740
631.660
632.610
633.490
634.420
635.400
636.320
637.220
638.180
639.120
640.010
640.930
641.900
642.820
643.770
644.640
645.540
646.490
647.410
648.280
649.260
650.160
651.140
652.050
652.980
653.820
654.690
655.610
656.450
657.270
658.130
658.990
659.710
660.480
661.240
662.000
662.750
663.460
664.220
664.990
665.740
666.530
667.270
668.030
668.790
669.480
670.180
670.890
671.580
672.290
673.000
673.740
674.490
675.290
676.090
676.830
677.610
678.350
679.140
679.900
680.660
681.440
682.190
682.930
683.720
684.440
685.200
686.030
686.800
687.570
688.360
689.180
689.920
690.640
691.380
692.120
692.820
693.570
694.220
694.900
695.580
696.200
696.840
697.490
698.180
698.900
699.620
700.330
701.030
701.730
702.400
703.140
703.810
704.530
705.260
705.950
706.600
707.290
707.990
708.670
709.390
710.150
710.870
711.630
712.320
713.070
713.800
714.540
715.280
716.010
716.670
717.360
718.050
718.720
719.460
720.200
720.970
721.710
722.480
723.230
724.000
724.710
725.480
726.250
726.960
727.710
728.460
729.220
729.950
730.710
731.480
732.210
732.960
733.750
734.500
735.280
736.010
736.760
737.570
738.350
739.090
739.840
740.590
741.410
742.250
743.080
743.910
744.810
745.710
746.560
747.440
748.180
748.910
749.700
750.430
751.190
751.980
752.740
753.590
754.450
755.280
756.030
756.770
757.580
758.360
759.110
759.860
760.610
761.350
761.950
762.490
763.030
763.580
764.130
764.680
765.210
765.750
766.300
766.790
767.250
767.680
768.100
768.530
768.950
769.400
769.810
770.260
770.680
771.120
771.610
772.080
772.540
773.020
773.480
773.970
774.430
774.920
775.390
775.850
776.310
776.770
777.230
777.680
778.150
778.630
779.110
779.580
780.050
780.520
780.980
781.480
781.940
782.430
782.920
783.400
783.870
784.340
784.800
785.290
785.780
786.250
786.700
787.170
787.660
788.120
788.590
789.070
789.520
790.020
790.480
790.980
791.450
791.940
792.420
792.900
793.380
793.890
794.380
794.870
795.350
795.840
796.330
796.810
797.290
797.760
798.260
798.730
799.210
799.670
800.150
800.610
801.090
801.590
802.060
802.550
803.030
803.530
804.010
804.480
804.980
805.450
805.940
806.420
806.890
807.360
807.810
808.300
808.780
809.250
809.750
810.210
810.710
811.190
811.650
812.140
812.670
813.210
813.720
814.220
814.770
815.280
815.760
816.260
816.730
817.250
817.740
818.230
818.700
819.200
819.680
820.140
820.640
821.110
821.600
822.060
822.530
823.010
823.480
823.960
824.440
824.920
825.410
825.890
826.370
826.860
827.340
827.830
828.320
828.800
829.270
829.770
830.250
830.720
831.210
831.690
832.150
832.640
833.130
833.590
834.070
834.530
835.000
835.470
835.950
836.420
836.900
837.390
837.860
838.330
838.810
839.280
839.750
840.220
840.690
841.170
841.650
842.120
842.600
843.090
843.570
844.050
844.530
845.020
845.490
845.980
846.450
846.900
847.380
847.870
848.360
848.830
849.300
849.790
850.280
850.750
851.220
851.700
852.190
852.650
853.130
853.610
854.080
854.550
855.030
855.520
856.000
856.480
856.950
857.420
857.900
858.370
858.850
859.330
859.800
860.290
860.760
861.240
861.720
862.190
862.650
863.130
863.610
864.090
864.560
865.050
865.520
866.000
866.470
866.950
867.410
867.890
868.380
868.850
869.330
869.800
870.280
870.770
871.260
871.730
872.220
872.680
873.170
873.660
874.140
874.620
875.100
875.570
876.050
876.530
877.000
877.470
877.960
878.420
878.910
879.400
879.860
880.340
880.820
881.280
881.770
882.230
882.700
883.200
883.680
884.140
884.600
885.080
885.560
886.040
886.510
886.990
887.490
887.950
888.440
888.910
889.410
889.870
890.330
890.820
891.270
891.700
892.160
892.600
893.070
893.520
893.950
894.400
894.870
895.360
895.810
896.290
896.780
897.260
897.730
898.210
898.710
899.160
899.630
900.110
900.590
901.060
901.530
902.000
902.480
902.970
903.430
903.900
904.390
904.870
905.350
905.810
906.300
906.790
907.250
907.720
908.180
908.660
909.150
909.630
910.090
910.570
911.030
911.510
912.010
912.490
912.960
913.440
913.910
914.390
914.880
915.360
915.840
916.310
916.790
917.270
917.760
918.250
918.730
919.190
919.670
920.190
920.660
921.140
921.630
922.120
922.600
923.060
923.550
924.040
924.540
925.010
925.490
925.970
926.450
926.920
927.400
927.870
928.320
928.810
929.320
929.810
930.300
930.790
931.300
931.770
932.250
932.710
933.150
933.640
934.120
934.600
935.090
935.550
936.030
936.530
936.990
937.490
937.960
938.430
938.890
939.370
939.870
940.360
940.840
941.340
941.830
942.310
942.800
943.270
943.760
944.260
944.750
945.230
945.700
946.170
946.650
947.130
947.610
948.120
948.600
949.080
949.560
950.070
950.560
951.040
951.500
951.980
952.480
952.960
953.430
953.920
954.400
954.860
955.340
955.830
956.310
956.800
957.260
957.760
958.220
958.680
959.160
959.630
960.130
960.590
961.050
961.540
962.010
962.490
962.960
963.460
963.930
964.400
964.880
965.350
965.810
966.310
966.780
967.270
967.730
968.230
968.700
969.190
969.650
970.140
970.600
971.080
971.560
972.030
972.500
972.990
973.480
973.960
974.460
974.940
975.420
975.900
976.410
976.890
977.360
977.830
978.320
978.800
979.290
979.760
980.250
980.730
981.200
981.690
982.180
982.640
983.150
983.640
984.110
984.590
985.080
985.550
986.030
986.520
987.010
987.480
987.960
988.430
988.910
989.410
989.880
990.350
990.830
991.290
991.780
992.250
992.720
993.210
993.690
994.180
994.670
995.160
995.650
996.130
996.600
997.070
997.550
998.040
998.510
999.010
999.470
999.960
1000.450
1000.920
1001.400
1001.890
1002.360
1002.880
1003.350
1003.810
1004.290
1004.760
1005.250
1005.730
1006.200
1006.680
1007.160
1007.650
1008.120
1008.610
1009.080
1009.580
1010.060
1010.530
1011.010
1011.480
1011.970
1012.450
1012.910
1013.370
1013.860
1014.330
1014.790
1015.290
1015.750
1016.230
1016.710
1017.190
1017.690
1018.160
1018.640
1019.130
1019.600
1020.080
1020.580
1021.070
1021.550
1022.030
1022.500
1022.970
1023.470
1023.930
1024.420
1024.910
1025.380
1025.860
1026.330
1026.820
1027.300
1027.770
1028.240
1028.720
1029.200
1029.680
1030.170
1030.640
1031.120
1031.600
1032.080
1032.560
1033.030
1033.490
1033.980
1034.460
1034.930
1035.420
1035.880
1036.370
1036.890
1037.430
1037.920
1038.400
1038.890
1039.370
1039.890
1040.370
1040.850
1041.340
1041.800
1042.290
1042.780
1043.240
1043.730
1044.200
1044.690
1045.160
1045.620
1046.110
1046.570
1047.050
1047.510
1047.970
1048.440
1048.940
1049.420
1049.880
1050.370
1050.860
1051.330
1051.820
1052.290
1052.750
1053.220
1053.700
1054.160
1054.650
1055.120
1055.610
1056.090
1056.560
1057.030
1057.530
1058.000
1058.470
1058.950
1059.410
1059.880
1060.370
1060.830
1061.320
1061.810
1062.260
1062.740
1063.210
1063.680
1064.170
1064.640
1065.110
1065.580
1066.070
1066.540
1067.010
1067.500
1067.960
1068.450
1068.910
1069.400
1069.880
1070.350
1070.840
1071.310
1071.770
1072.250
1072.730
1073.210
1073.700
1074.170
1074.650
1075.130
1075.600
1076.090
1076.580
1077.060
1077.530
1078.030
1078.510
1078.970
1079.440
1079.910
1080.400
1080.870
1081.320
1081.800
1082.260
1082.750
1083.210
1083.640
1084.080
1084.530
1084.960
1085.370
1085.810
1086.260
1086.740
1087.190
1087.680
1088.150
1088.610
1089.070
1089.560
1090.050
1090.520
1090.970
1091.450
1091.920
1092.400
1092.890
1093.370
1093.840
1094.320
1094.800
1095.280
1095.750
1096.240
1096.720
1097.200
1097.680
1098.160
1098.650
1099.130
1099.600
1100.110
1100.580
1101.090
1101.550
1102.030
1102.520
1103.000
1103.480
1103.980
1104.470
1104.940
1105.430
1105.910
1106.390
1106.870
1107.370
1107.870
1108.350
1108.890
1109.400
1109.880
1110.410
1110.900
1111.440
1111.930
1112.450
1112.960
1113.460
1113.980
1114.510
1115.020
1115.530
1116.020
1116.520
1117.040
1117.560
1118.080
1118.580
1119.100
1119.600
1120.090
1120.610
1121.110
1121.620
1122.120
1122.620
1123.110
1123.590
1124.100
1124.610
1125.140
1125.670
1126.180
1126.690
1127.220
1127.730
1128.270
1128.780
1129.310
1129.800
1130.320
1130.850
1131.360
1131.890
1132.400
1132.900
1133.400
1133.920
1134.440
1134.940
1135.480
1135.990
1136.520
1137.060
1137.570
1138.090
1138.620
1139.150
1139.660
1140.180
1140.720
1141.260
1141.760
1142.300
1142.850
1143.360
1143.910
1144.440
1144.960
1145.490
1146.010
1146.520
1147.030
1147.580
1148.090
1148.620
1149.130
1149.640
1150.150
1150.700
1151.200
1151.720
1152.220
1152.730
1153.240
1153.770
1154.290
1154.790
1155.300
1155.820
1156.350
1156.850
1157.360
1157.870
1158.390
1158.930
1159.450
1159.940
1160.460
1161.010
1161.530
1162.070
1162.600
1163.140
1163.650
1164.160
1164.690
1165.190
1165.710
1166.250
1166.770
1167.280
1167.790
1168.330
1168.840
1169.330
1169.850
1170.390
1170.880
1171.410
1171.940
1172.460
1172.970
1173.480
1174.010
1174.500
1175.030
1175.530
1176.060
1176.570
1177.090
1177.640
1178.170
1178.680
1179.220
1179.730
1180.290
1180.810
1181.310
1181.830
1182.350
1182.880
1183.370
1183.900
1184.410
1184.940
1185.460
1185.970
1186.500
1187.010
1187.510
1188.050
1188.570
1189.090
1189.600
1190.110
1190.640
1191.150
1191.670
1192.220
1192.720
1193.240
1193.770
1194.280
1194.820
1195.350
1195.860
1196.380
1196.890
1197.400
1197.930
1198.430
1198.960
1199.460
1199.980
1200.530
1201.030
1201.550
1202.070
1202.590
1203.130
1203.630
1204.140
1204.660
1205.160
1205.670
1206.190
1206.690
1207.230
1207.740
1208.260
1208.770
1209.290
1209.800
1210.320
1210.820
1211.350
1211.860
1212.370
1212.880
1213.410
1213.910
1214.440
1214.960
1215.480
1215.990
1216.490
1217.010
1217.540
1218.040
1218.550
1219.080
1219.600
1220.120
1220.630
1221.160
1221.650
1222.150
1222.680
1223.180
1223.700
1224.230
1224.750
1225.240
1225.780
1226.300
1226.820
1227.340
1227.830
1228.350
1228.850
1229.230
1229.640
1230.050
1230.450
1230.840
1231.230
1231.650
1232.080
1232.530
1232.950
1233.370
1233.820
1234.250
1234.670
1235.090
1235.520
1235.960
1236.400
1236.840
1237.300
1237.730
1238.180
1238.620
1239.050
1239.480
1239.930
1240.340
1240.780
1241.220
1241.650
1242.060
1242.530
1243.020
1243.490
1243.960
1244.430
1244.900
1245.350
1245.840
1246.290
1246.780
1247.230
1247.710
1248.170
1248.640
1249.110
1249.600
1250.070
1250.520
1250.990
1251.470
1251.970
1252.440
1252.910
1253.400
1253.870
1254.370
1254.880
1255.380
1255.880
1256.420
1257.010
1257.610
1258.180
1258.760
1259.320
1259.900
1260.520
1261.130
1261.700
1262.320
1262.950
1263.560
1264.140
1264.780
1265.360
1265.990
1266.580
1267.210
1267.820
1268.410
1269.020
1269.650
1270.280
1270.890
1271.530
1272.170
1272.800
1273.470
1274.080
1274.730
1275.360
1276.000
1276.670
1277.310
1277.920
1278.620
1279.260
1279.970
1280.630
1281.270
1281.960
1282.590
1283.280
1283.920
1284.570
1285.280
1285.960
1286.650
1287.320
1287.960
1288.640
1289.300
1289.990
1290.670
1291.440
1292.310
1293.160
1294.020
1294.930
1295.790
1296.630
1297.480
1298.370
1299.210
1300.120
1301.010
1301.870
1302.800
1303.700
1304.530
1305.330
1306.110
1306.900
1307.720
1308.460
1309.260
1309.820
1310.370
1310.940
1311.560
1312.180
1312.830
1313.430
1314.060
1314.660
1315.230
1315.840
1316.430
1317.040
1317.680
1318.220
1318.770
1319.360
1320.000
1320.610
1321.250
1321.840
1322.490
1323.010
1323.560
1324.110
1324.690
1325.230
1325.780
1326.340
1326.850
1327.370
1327.900
1328.450
1328.960
1329.530
1330.140
1330.780
1331.430
1332.130
1332.760
1333.400
1334.000
1334.590
1335.210
1335.700
1336.120
1336.560
1337.020
1337.450
1337.900
1338.370
1338.820
1339.260
1339.710
1340.170
1340.600
1341.050
1341.520
1342.010
1342.500
1342.980
1343.370
1343.780
1344.190
1344.600
1345.040
1345.460
1345.860
1346.300
1346.810
1347.340
1347.850
1348.340
1348.900
1349.440
1350.020
1350.590
1351.170
1351.760
1352.380
1352.950
1353.530
1354.170
1354.850
1355.460
1356.130
1356.840
1357.650
1358.460
1359.290
1360.130
1360.940
1361.740
1362.500
1363.300
1364.120
1364.890
1365.680
1366.460
1367.190
1367.950
1368.850
1369.710
1370.590
1371.490
1372.330
1373.230
1374.070
1374.980
1375.850
1376.690
1377.640
1378.560
1379.500
1380.460
1381.350
1382.300
1383.210
1384.270
1385.330
1386.340
1387.310
1388.280
1389.320
1390.260
1391.260
1392.270
1393.260
1394.300
1395.150
1396.060
1396.920
1397.840
1398.720
1399.760
1400.750
1401.680
1402.660
1403.710
1404.740
1405.830
1406.800
1407.700
1408.650
1409.630
1410.500
1411.350
1412.240
1413.100
1413.950
1414.880
1415.800
1416.800
1417.750
1418.680
1419.790
1420.850
1421.750
1422.660
1423.710
1424.780
1425.810
1426.730
1427.640
1428.580
1429.570
1430.530
1431.430
1432.280
1433.140
1434.010
1434.950
1435.840
1436.750
1437.610
1438.520
1439.360
1440.210
1441.100
1441.980
1442.860
1443.710
1444.640
1445.470
1446.360
1447.240
1448.160
1449.020
1449.860
1450.730
1451.540
1452.320
1452.940
1453.570
1454.130
1454.580
1455.020
1455.460
1455.870
1456.280
1456.720
1457.140
1457.540
1457.960
1458.390
1458.810
1459.200
1459.620
1460.020
1460.440
1460.860
1461.280
1461.700
1462.140
1462.560
1463.000
1463.440
1463.860
1464.290
1464.720
1465.160
1465.590
1466.020
1466.450
1466.870
1467.290
1467.720
1468.160
1468.620
1469.060
1469.500
1469.910
1470.360
1470.770
1471.220
1471.650
1472.060
1472.490
1472.940
1473.360
1473.800
1474.210
1474.660
1475.090
1475.510
1475.930
1476.380
1476.810
1477.240
1477.650
1478.090
1478.510
1478.960
1479.390
1479.820
1480.240
1480.640
1481.060
1481.480
1481.900
1482.320
1482.760
1483.180
1483.610
1484.020
1484.450
1484.900
1485.310
1485.760
1486.170
1486.610
1487.050
1487.480
1487.900
1488.300
1488.720
1489.150
1489.560
1489.980
1490.410
1490.840
1491.260
1491.660
1492.080
1492.500
1492.900
1493.300
1493.710
1494.140
1494.550
1494.990
1495.380
1495.800
1496.210
1496.620
1497.040
1497.460
1497.870
1498.290
1498.690
1499.120
1499.520
1499.940
1500.380
1500.800
1501.200
1501.640
1502.060
1502.460
1502.900
1503.300
1503.740
1504.130
1504.540
1504.930
1505.330
1505.760
1506.150
1506.570
1506.990
1507.380
1507.800
1508.220
1508.630
1509.040
1509.480
1509.880
1510.290
1510.720
1511.120
1511.530
1511.930
1512.350
1512.760
1513.170
1513.590
1514.000
1514.410
1514.830
1515.240
1515.650
1516.050
1516.480
1516.870
1517.300
1517.700
1518.080
1518.500
1518.890
1519.320
1519.730
1520.140
1520.530
1520.960
1521.360
1521.790
1522.220
1522.630
1523.040
1523.480
1523.890
1524.300
1524.700
1525.130
1525.540
1525.960
1526.380
1526.800
1527.210
1527.640
1528.040
1528.440
1528.860
1529.290
1529.710
1530.120
1530.530
1530.920
1531.330
1531.730
1532.140
1532.530
1532.950
1533.370
1533.770
1534.180
1534.580
1534.990
1535.390
1535.790
1536.220
1536.610
1537.040
1537.440
1537.820
1538.220
1538.640
1539.020
1539.440
1539.840
1540.250
1540.660
1541.070
1541.470
1541.870
1542.280
1542.710
1543.110
1543.520
1543.940
1544.330
1544.760
1545.150
1545.580
1545.990
1546.390
1546.770
1547.180
1547.570
1547.980
1548.410
1548.800
1549.210
1549.630
1550.040
1550.450
1550.860
1551.260
1551.680
1552.090
1552.520
1552.920
1553.330
1553.740
1554.140
1554.560
1554.980
1555.380
1555.760
1556.170
1556.560
1556.970
1557.380
1557.760
1558.180
1558.560
1558.980
1559.360
1559.780
1560.160
1560.570
1560.980
1561.370
1561.800
1562.210
1562.600
1563.020
1563.450
1563.870
1564.310
1564.740
1565.180
1565.580
1565.970
1566.390
1566.770
1567.170
1567.570
1567.970
1568.380
1568.790
1569.180
1569.590
1569.980
1570.380
1570.770
1571.190
1571.570
1571.980
1572.390
1572.810
1573.200
1573.620
1574.010
1574.400
1574.810
1575.220
1575.600
1576.020
1576.410
1576.820
1577.200
1577.590
1577.990
1578.370
1578.770
1579.180
1579.590
1579.990
1580.390
1580.770
1581.150
1581.550
1581.950
1582.320
1582.720
1583.140
1583.550
1583.960
1584.350
1584.720
1585.120
1585.510
1585.910
1586.310
1586.700
1587.120
1587.500
1587.910
1588.310
1588.720
1589.100
1589.490
1589.880
1590.280
1590.660
1591.060
1591.460
1591.870
1592.250
1592.660
1593.070
1593.500
1593.900
1594.300
1594.700
1595.110
1595.500
1595.890
1596.320
1596.710
1597.120
1597.530
1597.940
1598.360
1598.770
1599.180
1599.590
1600.020
1600.430
1600.840
1601.250
1601.640
1602.040
1602.460
1602.880
1603.280
1603.700
1604.120
1604.530
1604.950
1605.370
1605.780
1606.190
1606.590
1607.000
1607.410
1607.810
1608.230
1608.640
1609.050
1609.480
1609.890
1610.310
1610.720
1611.150
1611.560
1611.970
1612.380
1612.800
1613.200
1613.610
1614.030
1614.420
1614.850
1615.270
1615.680
1616.100
1616.510
1616.920
1617.350
1617.740
1618.170
1618.580
1618.970
1619.380
1619.800
1620.200
1620.610
1621.020
1621.440
1621.850
1622.260
1622.670
1623.080
1623.480
1623.890
1624.310
1624.730
1625.150
1625.580
1626.000
1626.390
1626.810
1627.220
1627.650
1628.050
1628.470
1628.900
1629.310
1629.730
1630.120
1630.540
1630.950
1631.390
1631.790
1632.210
1632.650
1633.050
1633.450
1633.870
1634.290
1634.700
1635.120
1635.550
1635.960
1636.380
1636.800
1637.210
1637.620
1638.020
1638.440
1638.860
1639.270
1639.710
1640.120
1640.550
1640.960
1641.390
1641.800
1642.230
1642.650
1643.070
1643.500
1643.930
1644.360
1644.780
1645.200
1645.610
1646.030
1646.460
1646.850
1647.270
1647.690
1648.100
1648.490
1648.930
1649.340
1649.770
1650.180
1650.600
1651.020
1651.440
1651.860
1652.290
1652.700
1653.120
1653.530
1653.960
1654.390
1654.810
1655.230
1655.680
1656.080
1656.490
1656.890
1657.320
1657.730
1658.150
1658.570
1658.980
1659.390
1659.790
1660.200
1660.600
1661.020
1661.440
1661.870
1662.300
1662.690
1663.110
1663.520
1663.930
1664.340
1664.750
1665.150
1665.580
1665.990
1666.400
1666.810
1667.220
1667.660
1668.070
1668.480
1668.900
1669.340
1669.750
1670.160
1670.570
1671.000
1671.400
1671.810
1672.210
1672.640
1673.070
1673.490
1673.900
1674.320
1674.740
1675.170
1675.590
1676.010
1676.450
1676.860
1677.270
1677.710
1678.120
1678.550
1678.960
1679.380
1679.790
1680.210
1680.650
1681.060
1681.470
1681.860
1682.280
1682.680
1683.110
1683.520
1683.920
1684.360
1684.760
1685.180
1685.620
1686.030
1686.460
1686.870
1687.290
1687.710
1688.100
1688.520
1688.950
1689.380
1689.790
1690.230
1690.640
1691.090
1691.490
1691.930
1692.340
1692.750
1693.160
1693.570
1694.000
1694.410
1694.810
1695.230
1695.650
1696.070
1696.480
1696.880
1697.290
1697.710
1698.140
1698.560
1698.980
1699.400
1699.810
1700.230
1700.650
1701.060
1701.490
1701.910
1702.330
1702.750
1703.170
1703.590
1704.000
1704.420
1704.850
1705.260
1705.690
1706.110
1706.520
1706.940
1707.360
1707.770
1708.210
1708.640
1709.080
1709.490
1709.910
1710.320
1710.740
1711.170
1711.590
1712.000
1712.400
1712.800
1713.230
1713.650
1714.070
1714.500
1714.920
1715.310
1715.730
1716.150
1716.560
1716.980
1717.400
1717.820
1718.240
1718.650
1719.060
1719.460
1719.890
1720.320
1720.740
1721.140
1721.580
1721.990
1722.390
1722.810
1723.230
1723.630
1724.060
1724.470
1724.910
1725.310
1725.730
1726.160
1726.590
1726.990
1727.410
1727.820
1728.240
1728.660
1729.060
1729.470
1729.890
1730.310
1730.730
1731.150
1731.550
1731.980
1732.400
1732.820
1733.230
1733.630
1734.040
1734.460
1734.870
1735.290
1735.720
1736.130
1736.560
1736.970
1737.380
1737.800
1738.240
1738.680
1739.090
1739.520
1739.950
1740.360
1740.790
1741.220
1741.640
1742.070
1742.480
1742.890
1743.310
1743.750
1744.160
1744.570
1744.980
1745.380
1745.800
1746.230
1746.630
1747.050
1747.470
1747.920
1748.340
1748.760
1749.170
1749.600
1750.020
1750.450
1750.860
1751.280
1751.690
1752.130
1752.570
1752.990
1753.420
1753.850
1754.250
1754.670
1755.070
1755.480
1755.900
1756.300
1756.730
1757.150
1757.570
1757.980
1758.410
1758.820
1759.230
1759.630
1760.050
1760.470
1760.880
1761.290
1761.710
1762.120
1762.560
1762.970
1763.400
1763.810
1764.230
1764.640
1765.060
1765.480
1765.900
1766.310
1766.720
1767.150
1767.570
1767.980
1768.390
1768.810
1769.200
1769.610
1770.010
1770.390
1770.790
1771.210
1771.620
1772.020
1772.420
1772.840
1773.270
1773.680
1774.090
1774.530
1774.920
1775.330
1775.760
1776.150
1776.550
1776.950
1777.360
1777.770
1778.190
1778.600
1778.990
1779.400
1779.810
1780.230
1780.650
1781.060
1781.460
1781.860
1782.290
1782.710
1783.140
1783.530
1783.930
1784.340
1784.740
1785.150
1785.540
1785.940
1786.350
1786.760
1787.170
1787.570
1787.970
1788.380
1788.790
1789.200
1789.630
1790.040
1790.450
1790.850
1791.270
1791.670
1792.080
1792.500
1792.890
1793.310
1793.740
1794.140
1794.580
1794.980
1795.390
1795.770
1796.180
1796.580
1797.000
1797.410
1797.800
1798.200
1798.610
1799.020
1799.420
1799.840
1800.250
1800.680
1801.100
1801.500
1801.900
1802.310
1802.700
1803.100
1803.500
1803.910
1804.310
1804.720
1805.120
1805.530
1805.940
1806.360
1806.760
1807.160
1807.580
1807.990
1808.390
1808.810
1809.220
1809.600
1810.010
1810.420
1810.810
1811.230
1811.640
1812.040
1812.450
1812.870
1813.270
1813.670
1814.100
1814.500
1814.920
1815.320
1815.740
1816.130
1816.550
1816.960
1817.380
1817.770
1818.190
1818.620
1819.040
1819.450
1819.870
1820.280
1820.720
1821.140
1821.560
1821.970
1822.400
1822.820
1823.230
1823.640
1824.060
1824.460
1824.890
1825.300
1825.750
1826.170
1826.600
1827.030
1827.490
1827.930
1828.430
1828.930
1829.560
1830.170
1831.060
1831.900
1832.770
1833.600
1834.490
1835.310
1836.170
1837.080
1837.930
1838.780
1839.640
1840.490
1841.400
1842.220
1843.100
1843.990
1844.870
1845.750
1846.640
1847.530
1848.370
1849.290
1850.130
1851.010
1851.900
1852.730
1853.600
1854.470
1855.340
1856.280
1857.040
1857.810
1858.590
1859.380
1860.190
1860.840
1861.570
1862.220
1862.850
1863.510
1864.130
1864.740
1865.400
1866.000
1866.660
1867.280
1867.890
1868.440
1869.000
1869.590
1870.140
1870.660
1871.190
1871.730
1872.290
1872.830
1873.380
1873.900
1874.440
1874.990
1875.520
1876.020
1876.560
1877.090
1877.660
1878.240
1878.880
1879.530
1880.160
1880.830
1881.440
1882.090
1882.750
1883.390
1884.000
1884.650
1885.250
1885.800
1886.330
1886.870
1887.420
1887.960
1888.480
1889.040
1889.570
1890.120
1890.630
1891.200
1891.790
1892.370
1892.960
1893.520
1894.110
1894.680
1895.270
1895.850
1896.420
1896.970
1897.570
1898.140
1898.700
1899.270
1899.840
1900.390
1900.990
1901.570
1902.190
1902.750
1903.370
1903.930
1904.540
1905.130
1905.680
1906.250
1906.850
1907.390
1907.960
1908.570
1909.150
1909.710
1910.310
1910.890
1911.510
1912.120
1912.710
1913.230
1913.790
1914.310
1914.890
1915.450
1916.040
1916.610
1917.200
1917.780
1918.310
1918.900
1919.450
1920.010
1920.560
1921.110
1921.690
1922.250
1922.810
1923.370
1923.970
1924.600
1925.200
1925.770
1926.390
1927.000
1927.590
1928.180
1928.770
1929.330
1929.920
1930.540
1931.080
1931.680
1932.220
1932.800
1933.410
1933.960
1934.560
1935.150
1935.700
1936.310
1936.860
1937.460
1938.060
1938.620
1939.210
1939.850
1940.440
1941.060
1941.670
1942.290
1942.880
1943.450
1944.070
1944.640
1945.250
1945.830
1946.400
1947.030
1947.630
1948.200
1948.820
1949.400
1950.010
1950.620
1951.200
1951.760
1952.350
1952.940
1953.560
1954.170
1954.770
1955.340
1955.950
1956.590
1957.170
1957.790
1958.400
1959.020
1959.610
1960.210
1960.800
1961.350
1961.930
1962.530
1963.160
1963.750
1964.350
1964.960
1965.550
1966.140
1966.760
1967.340
1967.960
1968.550
1969.150
1969.730
1970.340
1970.980
1971.560
1972.200
1972.800
1973.360
1973.970
1974.550
1975.140
1975.710
1976.280
1976.910
1977.510
1978.110
1978.680
1979.320
1979.920
1980.510
1981.090
1981.680
1982.250
1982.810
1983.360
1983.940
1984.510
1985.090
1985.680
1986.270
1986.820
1987.440
1988.030
1988.640
1989.280
1989.870
1990.470
1991.050
1991.680
1992.280
1992.940
1993.570
1994.280
1994.980
1995.630
1996.350
1997.040
1997.640
1998.210
1998.840
1999.440
2000.020
2000.610
2001.210
2001.840
2002.440
2003.070
2003.670
2004.270
2004.880
2005.450
2006.040
2006.650
2007.250
2007.830
2008.400
2008.990
2009.610
2010.210
2010.840
2011.460
2012.050
2012.650
2013.220
2013.800
2014.420
2014.980
2015.600
2016.190
2016.770
2017.340
2017.960
2018.600
2019.230
2019.810
2020.390
2021.000
2021.550
2022.140
2022.780
2023.370
2024.010
2024.630
2025.240
2025.870
2026.420
2027.020
2027.570
2028.140
2028.730
2029.290
2029.840
2030.340
2030.840
2031.360
2031.920
2032.470
2032.990
2033.530
2034.120
2034.730
2035.330
2035.920
2036.510
2037.100
2037.720
2038.310
2038.920
2039.530
2040.120
2040.690
2041.280
2041.880
2042.480
2043.110
2043.670
2044.270
2044.820
2045.410
2046.050
2046.670
2047.260
2047.910
2048.500
2049.130
2049.740
2050.330
2050.960
2051.550
2052.090
2052.600
2053.110
2053.630
2054.130
2054.630
2055.160
2055.700
2056.210
2056.800
2057.370
2057.920
2058.510
2059.110
2059.690
2060.270
2060.820
2061.430
2061.980
2062.580
2063.190
2063.780
2064.370
2064.930
2065.540
2066.110
2066.740
2067.310
2067.930
2068.530
2069.120
2069.730
2070.320
2070.870
2071.470
2072.050
2072.650
2073.270
2073.920
2074.510
2075.080
2075.640
2076.220
2076.800
2077.400
2077.970
2078.550
2079.140
2079.710
2080.280
2080.890
2081.440
2082.030
2082.620
2083.170
2083.760
2084.320
2084.910
2085.490
2086.100
2086.660
2087.250
2087.830
2088.420
2088.990
2089.600
2090.170
2090.790
2091.360
2091.950
2092.560
2093.150
2093.710
2094.350
2094.980
2095.580
2096.190
2096.840
2097.420
2098.040
2098.650
2099.230
2099.850
2100.450
2101.040
2101.650
2102.220
2102.830
2103.390
2103.990
2104.600
2105.160
2105.760
2106.380
2106.970
2107.570
2108.140
2108.750
2109.320
2109.940
2110.540
2111.120
2111.710
2112.280
2112.870
2113.420
2114.000
2114.610
2115.170
2115.760
2116.370
2116.970
2117.560
2118.140
2118.720
2119.340
2119.910
2120.500
2121.110
2121.730
2122.340
2122.960
2123.540
2124.170
2124.780
2125.390
2126.010
2126.630
2127.230
2127.810
2128.420
2129.040
2129.610
2130.230
2130.800
2131.400
2132.010
2132.600
2133.180
2133.800
2134.360
2134.990
2135.580
2136.200
2136.810
2137.440
2138.020
2138.620
2139.240
2139.860
2140.460
2141.030
2141.660
2142.240
2142.870
2143.470
2144.080
2144.670
2145.270
2145.850
2146.440
2147.040
2147.660
2148.240
2148.830
2149.450
2150.050
2150.660
2151.270
2151.880
2152.510
2153.100
2153.730
2154.340
2154.950
2155.550
2156.140
2156.760
2157.370
2158.010
2158.610
2159.220
2159.830
2160.460
2161.060
2161.660
2162.310
2162.930
2163.580
2164.240
2164.860
2165.490
2166.110
2166.750
2167.370
2168.010
2168.640
2169.230
2169.870
2170.500
2171.130
2171.770
2172.400
2173.070
2173.710
2174.330
2174.940
2175.580
2176.220
2176.830
2177.440
2178.090
2178.690
2179.330
2179.930
2180.550
2181.180
2181.800
2182.430
2183.030
2183.660
2184.310
2184.930
2185.520
2186.150
2186.750
2187.340
2187.980
2188.570
2189.150
2189.750
2190.380
2190.980
2191.600
2192.180
2192.800
2193.430
2194.020
2194.620
2195.210
2195.840
2196.440
2197.020
2197.580
2198.130
2198.720
2199.340
2199.900
2200.530
2201.120
2201.710
2202.330
2202.930
2203.500
2204.100
2204.720
2205.370
2205.970
2206.560
2207.130
2207.710
2208.240
2208.820
2209.350
2209.850
2210.380
2210.940
2211.470
2211.970
2212.520
2213.070
2213.650
2214.210
2214.750
2215.290
2215.870
2216.410
2216.970
2217.560
2218.150
2218.730
2219.280
2219.870
2220.450
2221.040
2221.630
2222.210
2222.840
2223.420
2224.040
2224.610
2225.220
2225.810
2226.400
2227.000
2227.590
2228.200
2228.780
2229.360
2229.950
2230.520
2231.110
2231.660
2232.270
2232.880
2233.490
2234.110
2234.690
2235.330
2235.920
2236.550
2237.140
2237.700
2238.310
2238.890
2239.490
2240.100
2240.720
2241.310
2241.880
2242.490
2243.080
2243.710
2244.290
2244.910
2245.520
2246.130
2246.750
2247.350
2247.970
2248.570
2249.170
2249.750
2250.350
2250.950
2251.570
2252.160
2252.780
2253.410
2253.990
2254.600
2255.230
2255.870
2256.480
2257.140
2257.770
2258.410
2259.070
2259.700
2260.330
2260.950
2261.560
2262.200
2262.850
2263.540
2264.170
2264.840
2265.500
2266.140
2266.780
2267.400
2268.040
2268.700
2269.380
2270.020
2270.670
2271.290
2271.950
2272.570
2273.260
2273.910
2274.580
2275.230
2275.920
2276.600
2277.240
2277.930
2278.550
2279.180
2279.770
2280.390
2281.050
2281.680
2282.320
2282.990
2283.670
2284.320
2284.950
2285.640
2286.240
2286.870
2287.520
2288.150
2288.780
2289.420
2290.070
2290.690
2291.360
2292.030
2292.640
2293.310
2293.920
2294.590
2295.300
2295.970
2296.590
2297.260
2297.900
2298.530
2299.180
2299.810
2300.430
2301.090
2301.710
2302.400
2303.050
2303.690
2304.310
2304.980
2305.660
2306.400
2307.080
2307.750
2308.360
2309.040
2309.700
2310.330
2310.980
2311.620
2312.310
2312.980
2313.640
2314.280
2314.920
2315.610
2316.300
2316.940
2317.620
2318.310
2318.980
2319.590
2320.240
2320.930
2321.640
2322.300
2322.950
2323.650
2324.310
2324.970
2325.680
2326.360
2327.000
2327.680
2328.400
2329.060
2329.680
2330.330
2330.980
2331.600
2332.260
2332.900
2333.550
2334.180
2334.820
2335.450
2336.060
2336.760
2337.440
2338.160
2338.870
2339.540
2340.290
2341.040
2341.790
2342.490
2343.270
2344.050
2344.790
2345.590
2346.420
2347.210
2348.030
2348.820
2349.650
2350.460
2351.270
2352.110
2352.920
2353.720
2354.510
2355.260
2356.050
2356.860
2357.650
2358.440
2359.250
2360.030
2360.790
2361.610
2362.370
2363.200
2363.940
2364.760
2365.500
2366.260
2367.050
2367.800
2368.610
2369.370
2370.140
2370.830
2371.510
2372.240
2372.910
2373.630
2374.330
2374.950
2375.590
2376.250
2376.850
2377.480
2378.140
2378.750
2379.400
2379.980
2380.570
2381.190
2381.670
2382.130
2382.600
2383.090
2383.560
2384.010
2384.440
2384.900
2385.330
2385.770
2386.200
2386.640
2387.100
2387.560
2388.000
2388.420
2388.870
2389.330
2389.760
2390.230
2390.670
2391.130
2391.580
2392.030
2392.470
2392.920
2393.350
2393.790
2394.240
2394.670
2395.110
2395.560
2396.000
2396.450
2396.880
2397.320
2397.750
2398.210
2398.670
2399.120
2399.560
2400.010
2400.460
2400.910
2401.350
2401.800
2402.240
2402.680
2403.140
2403.590
2404.030
2404.480
2404.900
2405.360
2405.790
2406.240
2406.670
2407.110
2407.560
2407.980
2408.440
2408.870
2409.340
2409.790
2410.240
2410.680
2411.140
2411.580
2412.030
2412.470
2412.920
2413.380
2413.830
2414.280
2414.730
2415.170
2415.640
2416.130
2416.600
2417.040
2417.500
2417.940
2418.380
2418.850
2419.290
2419.740
2420.180
2420.610
2421.070
2421.510
2421.960
2422.410
2422.870
2423.300
2423.770
2424.200
2424.660
2425.100
2425.540
2425.980
2426.420
2426.870
2427.310
2427.750
2428.220
2428.670
2429.110
2429.550
2429.980
2430.390
2430.820
2431.260
2431.710
2432.160
2432.630
2433.090
2433.550
2434.000
2434.480
2434.920
2435.410
2435.860
2436.350
2436.810
2437.270
2437.730
2438.170
2438.630
2439.090
2439.560
2440.010
2440.480
2440.950
2441.410
2441.870
2442.330
2442.810
2443.270
2443.730
2444.190
2444.650
2445.120
2445.570
2446.040
2446.500
2446.970
2447.420
2447.880
2448.340
2448.810
2449.260
2449.710
2450.180
2450.650
2451.090
2451.580
2452.030
2452.510
2452.970
2453.460
2453.910
2454.390
2454.850
2455.300
2455.770
2456.250
2456.720
2457.190
2457.650
2458.110
2458.590
2459.070
2459.540
2459.990
2460.480
2460.960
2461.420
2461.900
2462.360
2462.840
2463.320
2463.790
2464.260
2464.710
2465.190
2465.650
2466.130
2466.600
2467.060
2467.510
2467.990
2468.470
2468.930
2469.400
2469.870
2470.340
2470.820
2471.270
2471.740
2472.220
2472.690
2473.160
2473.640
2474.090
2474.580
2475.050
2475.510
2475.980
2476.440
2476.910
2477.380
2477.850
2478.300
2478.750
2479.230
2479.670
2480.160
2480.620
2481.100
2481.560
2482.030
2482.490
2482.980
2483.460
2483.930
2484.400
2484.890
2485.360
2485.820
2486.280
2486.770
2487.250
2487.720
2488.190
2488.660
2489.140
2489.610
2490.110
2490.580
2491.050
2491.520
2491.980
2492.460
2492.940
2493.410
2493.870
2494.330
2494.810
2495.280
2495.740
2496.220
2496.700
2497.160
2497.630
2498.090
2498.570
2499.050
2499.520
2499.990
2500.470
2500.940
2501.400
2501.860
2502.330
2502.810
2503.290
2503.760
2504.210
2504.700
2505.150
2505.620
2506.070
2506.560
2507.020
2507.480
2507.970
2508.430
2508.890
2509.360
2509.830
2510.310
2510.770
2511.250
2511.730
2512.190
2512.650
2513.130
2513.600
2514.060
2514.530
2515.020
2515.490
2515.950
2516.420
2516.890
2517.360
2517.820
2518.270
2518.730
2519.210
2519.680
2520.130
2520.590
2521.070
2521.520
2521.990
2522.440
2522.920
2523.380
2523.860
2524.330
2524.790
2525.260
2525.730
2526.200
2526.660
2527.120
2527.590
2528.040
2528.520
2528.990
2529.440
2529.920
2530.380
2530.870
2531.320
2531.790
2532.260
2532.700
2533.160
2533.630
2534.090
2534.550
2535.020
2535.480
2535.950
2536.410
2536.870
2537.330
2537.790
2538.250
2538.720
2539.170
2539.640
2540.090
2540.550
2541.020
2541.470
2541.930
2542.380
2542.840
2543.310
2543.760
2544.220
2544.700
2545.140
2545.610
2546.080
2546.540
2547.000
2547.460
2547.930
2548.380
2548.830
2549.300
2549.760
2550.240
2550.690
2551.170
2551.640
2552.110
2552.560
2553.010
2553.490
2553.950
2554.390
2554.860
2555.340
2555.810
2556.280
2556.720
2557.200
2557.640
2558.110
2558.570
2559.040
2559.510
2559.980
2560.420
2560.880
2561.340
2561.820
2562.270
2562.740
2563.220
2563.670
2564.160
2564.620
2565.070
2565.530
2566.010
2566.470
2566.960
2567.430
2567.880
2568.360
2568.840
2569.290
2569.770
2570.230
2570.710
2571.170
2571.620
2572.080
2572.550
2573.010
2573.470
2573.930
2574.380
2574.840
2575.310
2575.770
2576.220
2576.670
2577.120
2577.570
2578.030
2578.490
2578.940
2579.390
2579.850
2580.300
2580.730
2581.190
2581.640
2582.090
2582.570
2583.010
2583.460
2583.900
2584.350
2584.820
2585.270
2585.720
2586.190
2586.630
2587.090
2587.560
2588.010
2588.470
2588.930
2589.370
2589.830
2590.270
2590.720
2591.170
2591.620
2592.080
2592.520
2592.970
2593.400
2593.840
2594.300
2594.740
2595.190
2595.630
2596.090
2596.530
2596.990
2597.440
2597.900
2598.330
2598.750
2599.150
2599.570
2599.960
2600.380
2600.850
2601.290
2601.740
2602.190
2602.640
2603.100
2603.550
2604.000
2604.440
2604.890
2605.330
2605.790
2606.250
2606.710
2607.170
2607.620
2608.060
2608.520
2608.960
2609.420
2609.860
2610.320
2610.770
2611.220
2611.690
2612.140
2612.620
2613.050
2613.500
2613.950
2614.400
2614.860
2615.310
2615.750
2616.220
2616.660
2617.120
2617.560
2618.010
2618.470
2618.900
2619.370
2619.820
2620.250
2620.700
2621.150
2621.590
2622.040
2622.490
2622.920
2623.370
2623.810
2624.270
2624.700
2625.150
2625.590
2626.020
2626.450
2626.890
2627.350
2627.810
2628.240
2628.690
2629.160
2629.590
2630.040
2630.470
2630.940
2631.380
2631.830
2632.280
2632.730
2633.170
2633.620
2634.080
2634.530
2634.960
2635.400
2635.840
2636.310
2636.750
2637.190
2637.620
2638.070
2638.500
2638.950
2639.400
2639.850
2640.290
2640.720
2641.170
2641.610
2642.070
2642.520
2642.980
2643.420
2643.880
2644.330
2644.770
2645.220
2645.660
2646.110
2646.550
2646.980
2647.440
2647.880
2648.310
2648.740
2649.210
2649.660
2650.090
2650.550
2650.980
2651.420
2651.890
2652.330
2652.790
2653.270
2653.770
2654.250
2654.710
2655.210
2655.670
2656.110
2656.580
2657.020
2657.470
2657.920
2658.390
2658.820
2659.290
2659.730
2660.190
2660.630
2661.090
2661.530
2661.980
2662.430
2662.880
2663.360
2663.820
2664.270
2664.720
2665.150
2665.610
2666.050
2666.500
2666.950
2667.410
2667.860
2668.300
2668.740
2669.170
2669.630
2670.050
2670.500
2670.950
2671.400
2671.850
2672.280
2672.720
2673.170
2673.600
2674.040
2674.470
2674.930
2675.360
2675.810
2676.230
2676.670
2677.110
2677.550
2678.000
2678.430
2678.890
2679.310
2679.760
2680.200
2680.650
2681.080
2681.520
2681.970
2682.390
2682.830
2683.290
2683.720
2684.160
2684.610
2685.060
2685.500
2685.950
2686.400
2686.830
2687.280
2687.720
2688.150
2688.600
2689.050
2689.470
2689.920
2690.360
2690.810
2691.230
2691.690
2692.120
2692.570
2692.990
2693.450
2693.890
2694.310
2694.730
2695.170
2695.610
2696.060
2696.500
2696.940
2697.390
2697.830
2698.250
2698.700
2699.130
2699.580
2700.000
2700.430
2700.870
2701.290
2701.740
2702.170
2702.590
2703.040
2703.470
2703.900
2704.310
2704.740
2705.190
2705.610
2706.040
2706.480
2706.900
2707.340
2707.750
2708.200
2708.630
2709.070
2709.510
2709.920
2710.360
2710.780
2711.230
2711.660
2712.070
2712.510
2712.950
2713.360
2713.810
2714.260
2714.680
2715.110
2715.540
2715.980
2716.410
2716.840
2717.260
2717.700
2718.140
2718.570
2719.010
2719.450
2719.890
2720.310
2720.740
2721.170
2721.620
2722.050
2722.480
2722.890
2723.340
2723.770
2724.190
2724.610
2725.070
2725.500
2725.940
2726.390
2726.820
2727.230
2727.660
2728.090
2728.520
2728.970
2729.380
2729.810
2730.260
2730.670
2731.120
2731.560
2732.000
2732.430
2732.850
2733.270
2733.730
2734.170
2734.600
2735.030
2735.450
2735.900
2736.310
2736.750
2737.180
2737.630
2738.070
2738.490
2738.930
2739.360
2739.790
2740.230
2740.660
2741.090
2741.520
2741.940
2742.390
2742.820
2743.230
2743.670
2744.110
2744.540
2744.960
2745.400
2745.830
2746.260
2746.680
2747.100
2747.520
2747.960
2748.380
2748.820
2749.240
2749.660
2750.090
2750.520
2750.950
2751.380
2751.820
2752.250
2752.670
2753.100
2753.520
2753.950
2754.380
2754.820
2755.250
2755.680
2756.110
2756.540
2756.970
2757.410
2757.830
2758.250
2758.700
2759.120
2759.560
2759.990
2760.420
2760.850
2761.280
2761.720
2762.150
2762.570
2762.990
2763.430
2763.860
2764.300
2764.730
2765.160
2765.560
2766.000
2766.410
2766.850
2767.280
2767.700
2768.120
2768.570
2769.000
2769.420
2769.850
2770.280
2770.700
2771.130
2771.570
2772.000
2772.430
2772.860
2773.280
2773.720
2774.160
2774.590
2775.030
2775.500
2775.940
2776.380
2776.810
2777.260
2777.690
2778.130
2778.570
2779.020
2779.450
2779.870
2780.310
2780.720
2781.170
2781.610
2782.050
2782.510
2782.960
2783.400
2783.830
2784.280
2784.730
2785.150
2785.590
2786.050
2786.490
2786.920
2787.330
2787.780
2788.200
2788.650
2789.080
2789.540
2789.980
2790.410
2790.850
2791.270
2791.710
2792.140
2792.570
2792.990
2793.420
2793.840
2794.290
2794.710
2795.120
2795.560
2796.000
2796.420
2796.870
2797.310
2797.740
2798.180
2798.620
2799.050
2799.460
2799.900
2800.310
2800.750
2801.180
2801.590
2802.030
2802.460
2802.880
2803.320
2803.740
2804.170
2804.620
2805.050
2805.480
2805.920
2806.370
2806.780
2807.220
2807.660
2808.120
2808.610
2809.060
2809.540
2810.010
2810.440
2810.890
2811.330
2811.770
2812.220
2812.680
2813.140
2813.550
2813.970
2814.390
2814.800
2815.190
2815.610
2816.040
2816.450
2816.880
2817.310
2817.760
2818.210
2818.640
2819.080
2819.490
2819.940
2820.350
2820.790
2821.230
2821.640
2822.080
2822.510
2822.930
2823.370
2823.810
2824.250
2824.670
2825.120
2825.560
2826.010
2826.490
2826.940
2827.400
2827.870
2828.310
2828.780
2829.210
2829.670
2830.110
2830.570
2831.020
2831.460
2831.910
2832.380
2832.800
2833.260
2833.680
2834.120
2834.530
2834.920
2835.330
2835.760
2836.150
2836.560
2836.980
2837.400
2837.820
2838.250
2838.650
2839.080
2839.490
2839.930
2840.350
2840.770
2841.210
2841.620
2842.050
2842.480
2842.900
2843.300
2843.680
2844.080
2844.510
2844.910
2845.320
2845.730
2846.170
2846.600
2847.040
2847.460
2847.880
2848.300
2848.720
2849.110
2849.530
2849.950
2850.360
2850.750
2851.160
2851.580
2852.010
2852.460
2852.880
2853.310
2853.750
2854.190
2854.620
2855.060
2855.500
2855.940
2856.380
2856.810
2857.270
2857.700
2858.140
2858.590
2859.020
2859.460
2859.910
2860.350
2860.790
2861.230
2861.660
2862.110
2862.550
2862.980
2863.410
2863.880
2864.340
2864.790
2865.240
2865.720
2866.170
2866.600
2867.030
2867.490
2867.910
2868.350
2868.790
2869.240
2869.680
2870.110
2870.570
2871.000
2871.440
2871.850
2872.300
2872.730
2873.200
2873.640
2874.080
2874.530
2874.990
2875.420
2875.850
2876.300
2876.750
2877.170
2877.630
2878.070
2878.520
2878.970
2879.420
2879.890
2880.340
2880.790
2881.220
2881.680
2882.130
2882.570
2883.020
2883.480
2883.920
2884.390
2884.840
2885.290
2885.750
2886.220
2886.680
2887.140
2887.600
2888.040
2888.520
2888.970
2889.420
2889.900
2890.360
2890.820
2891.290
2891.740
2892.210
2892.680
2893.120
2893.590
2894.060
2894.520
2894.970
2895.410
2895.840
2896.300
2896.730
2897.180
2897.630
2898.070
2898.520
2898.960
2899.410
2899.860
2900.280
2900.720
2901.180
2901.620
2902.060
2902.480
2902.920
2903.380
2903.840
2904.280
2904.730
2905.170
2905.630
2906.070
2906.520
2906.970
2907.390
2907.860
2908.290
2908.760
2909.200
2909.640
2910.090
2910.560
2910.990
2911.440
2911.870
2912.310
2912.740
2913.190
2913.640
2914.080
2914.520
2914.960
2915.410
2915.870
2916.310
2916.750
2917.200
2917.650
2918.120
2918.550
2919.010
2919.470
2919.910
2920.370
2920.810
2921.240
2921.680
2922.130
2922.560
2923.000
2923.460
2923.900
2924.340
2924.760
2925.200
2925.670
2926.100
2926.580
2927.040
2927.480
2927.950
2928.410
2928.850
2929.290
2929.740
2930.210
2930.650
2931.090
2931.530
2931.960
2932.420
2932.850
2933.290
2933.740
2934.200
2934.630
2935.090
2935.540
2935.970
2936.420
2936.860
2937.310
2937.760
2938.220
2938.660
2939.080
2939.500
2939.950
2940.380
2940.820
2941.250
2941.700
2942.150
2942.580
2943.030
2943.440
2943.880
2944.330
2944.780
2945.200
2945.640
2946.080
2946.490
2946.940
2947.380
2947.820
2948.270
2948.710
2949.130
2949.570
2950.020
2950.470
2950.880
2951.330
2951.760
2952.180
2952.620
2953.070
2953.520
2953.960
2954.400
2954.830
2955.280
2955.740
2956.170
2956.620
2957.070
2957.530
2957.990
2958.430
2958.870
2959.300
2959.740
2960.190
2960.630
2961.090
2961.550
2962.000
2962.420
2962.840
2963.300
2963.740
2964.160
2964.610
2965.060
2965.500
2965.930
2966.360
2966.820
2967.250
2967.680
2968.130
2968.580
2969.020
2969.460
2969.910
2970.360
2970.780
2971.200
2971.640
2972.080
2972.530
2972.980
2973.440
2973.880
2974.320
2974.750
2975.200
2975.620
2976.070
2976.500
2976.960
2977.390
2977.850
2978.290
2978.750
2979.210
2979.650
2980.080
2980.540
2980.980
2981.400
2981.840
2982.290
2982.740
2983.170
2983.610
2984.050
2984.500
2984.920
2985.380
2985.820
2986.260
2986.700
2987.150
2987.580
2988.010
2988.460
2988.910
2989.330
2989.790
2990.230
2990.700
2991.130
2991.580
2992.040
2992.490
2992.950
2993.400
2993.830
2994.290
2994.750
2995.200
2995.640
2996.090
2996.550
2996.980
2997.450
2997.890
2998.330
2998.790
2999.250
2999.680
3000.150
3000.600
3001.080
3001.510
3001.970
3002.420
3002.890
3003.350
3003.820
3004.280
3004.740
3005.200
3005.660
3006.100
3006.560
3007.030
3007.500
3007.940
3008.420
3008.860
3009.340
3009.800
3010.260
3010.710
3011.170
3011.640
3012.090
3012.550
3013.010
3013.480
3013.930
3014.390
3014.850
3015.320
3015.780
3016.220
3016.670
3017.120
3017.580
3018.060
3018.500
3018.970
3019.430
3019.890
3020.330
3020.800
3021.240
3021.710
3022.160
3022.640
3023.100
3023.560
3024.020
3024.480
3024.940
3025.380
3025.840
3026.320
3026.770
3027.230
3027.660
3028.120
3028.600
3029.050
3029.510
3029.970
3030.440
3030.880
3031.340
3031.800
3032.280
