0.190
0.730
1.370
1.980
2.600
3.220
3.850
4.460
5.050
5.670
6.300
6.900
7.520
8.110
8.700
9.300
9.890
10.510
11.140
11.730
12.350
12.960
13.550
14.140
14.750
15.350
15.970
16.570
17.170
17.770
18.340
18.980
19.590
20.180
20.800
21.400
22.000
22.610
23.240
23.840
24.440
25.060
25.670
26.320
26.940
27.560
28.150
28.730
29.310
29.930
30.500
31.110
31.720
32.310
32.930
33.510
34.130
34.770
35.380
35.980
36.620
37.230
37.800
38.440
39.020
39.630
40.270
40.850
41.470
42.060
42.670
43.290
43.930
44.540
45.140
45.740
46.350
46.980
47.590
48.180
48.770
49.380
50.000
50.610
51.220
51.840
52.420
53.040
53.620
54.220
54.810
55.390
55.960
56.530
57.120
57.720
58.280
58.860
59.470
60.080
60.650
61.240
61.820
62.410
62.990
63.580
64.180
64.740
65.350
65.960
66.550
67.160
67.730
68.320
68.900
69.500
70.090
70.690
71.290
71.850
72.460
73.030
73.650
74.220
74.790
75.390
75.950
76.540
77.140
77.700
78.300
78.890
79.490
80.070
80.670
81.260
81.810
82.400
82.980
83.560
84.150
84.740
85.320
85.910
86.490
87.080
87.630
88.220
88.820
89.390
89.980
90.560
91.170
91.760
92.310
92.890
93.450
94.050
94.610
95.200
95.790
96.360
96.940
97.520
98.090
98.680
99.250
99.830
100.440
101.000
101.630
102.210
102.790
103.360
103.960
104.520
105.100
105.670
106.260
106.850
107.430
107.990
108.560
109.140
109.680
110.240
110.840
111.410
111.950
112.530
113.120
113.680
114.220
114.800
115.380
115.970
116.530
117.130
117.700
118.250
118.840
119.400
119.950
120.520
121.110
121.690
122.250
122.830
123.400
123.990
124.550
125.140
125.720
126.280
126.870
127.430
127.990
128.560
129.130
129.720
130.320
130.880
131.480
132.050
132.620
133.210
133.780
134.380
134.940
135.510
136.110
136.690
137.250
137.850
138.440
139.020
139.580
140.170
140.760
141.350
141.910
142.510
143.050
143.640
144.240
144.800
145.380
145.970
146.540
147.120
147.700
148.270
148.800
149.370
149.910
150.460
151.000
151.570
152.150
152.710
153.250
153.770
154.330
154.880
155.460
156.030
156.620
157.220
157.810
158.420
158.990
159.560
160.130
160.720
161.300
161.880
162.480
163.050
163.620
164.200
164.780
165.370
165.960
166.550
167.150
167.730
168.310
168.860
169.430
170.030
170.620
171.200
171.780
172.370
172.970
173.540
174.170
174.810
175.410
176.070
176.780
177.590
178.380
