0.290
1.180
2.100
3.080
4.010
4.950
5.880
6.880
7.820
8.730
9.650
10.620
11.460
12.290
13.210
14.090
14.930
15.860
16.700
17.610
18.490
19.380
20.210
21.150
22.000
22.910
23.740
24.650
25.470
26.370
27.210
28.100
29.000
29.860
30.720
31.580
32.460
33.320
34.190
35.080
35.940
36.840
37.670
38.590
39.400
40.260
41.150
42.030
42.860
43.730
44.580
45.510
46.360
47.250
48.080
48.990
49.830
50.710
51.590
52.420
53.310
54.210
55.020
55.930
56.740
57.680
58.550
59.440
60.330
61.230
62.070
62.970
63.810
64.690
65.530
66.440
67.310
68.120
69.010
69.860
70.660
71.600
72.490
73.400
74.260
75.210
76.030
76.880
77.780
78.630
79.480
80.370
81.240
82.130
82.990
83.850
84.740
85.570
86.440
87.340
88.190
89.070
89.920
90.830
91.680
92.500
93.370
94.280
95.140
96.010
96.850
97.750
98.550
99.470
100.320
101.210
102.130
103.030
103.880
104.780
105.610
106.520
107.370
108.260
109.100
109.920
110.840
111.750
112.620
113.570
114.460
115.330
116.200
117.140
117.930
118.740
119.550
120.400
121.290
122.310
123.300
124.350
125.340
126.410
127.420
128.470
129.550
130.550
131.660
132.660
133.750
134.820
135.910
137.010
137.920
138.810
139.700
140.590
141.550
142.450
143.340
144.260
145.180
146.100
146.930
147.750
148.700
149.630
150.480
151.390
152.250
153.140
154.020
154.930
155.800
156.680
157.620
158.580
159.500
160.450
161.390
162.300
163.200
164.170
165.080
165.970
166.850
167.740
168.580
169.460
170.360
171.240
172.170
173.090
173.960
174.860
175.780
176.700
177.700
178.610
179.590
180.500
181.450
182.390
183.290
184.200
185.140
186.030
186.900
187.780
188.660
189.610
190.600
191.580
192.540
193.500
194.410
195.370
196.330
197.320
198.300
