0.550
1.170
1.740
2.340
2.930
3.480
4.080
4.660
5.230
5.800
6.410
6.930
7.510
8.050
8.610
9.130
9.700
10.230
10.780
11.340
11.900
12.470
13.030
13.560
14.120
14.690
15.290
15.850
16.410
16.990
17.650
18.300
19.060
19.770
20.500
21.250
21.850
22.440
23.060
23.690
24.290
24.860
25.460
26.110
26.710
27.350
27.940
28.590
29.210
29.810
30.420
31.080
31.710
32.330
32.940
33.550
34.170
34.810
35.420
36.050
36.650
37.290
37.930
38.590
39.230
39.830
40.420
41.040
41.620
42.210
42.830
43.420
44.060
44.630
45.260
45.840
46.430
47.030
47.640
48.230
48.800
49.430
50.030
50.620
51.210
51.850
52.460
53.100
53.710
54.290
54.910
55.480
56.080
56.670
57.300
57.890
58.450
59.050
59.660
60.220
60.820
61.410
62.020
62.630
63.200
63.830
64.400
65.000
65.570
66.150
66.720
67.270
67.860
68.440
69.050
69.640
70.210
70.760
71.350
71.900
72.500
73.060
73.680
74.280
74.860
75.490
76.060
76.650
77.200
77.790
78.400
78.970
79.580
80.190
80.760
81.390
81.960
82.580
83.160
83.720
84.330
84.890
85.500
86.080
86.690
87.260
87.840
88.400
89.000
89.610
90.170
90.760
91.380
91.960
92.510
93.080
93.640
94.250
94.850
95.440
96.000
96.600
97.210
97.760
98.360
98.960
99.550
100.150
100.700
101.280
101.880
102.470
103.020
103.630
104.180
104.720
105.290
105.840
106.390
106.910
107.490
108.040
108.610
109.170
109.700
110.290
110.820
111.410
111.950
112.510
113.090
113.640
114.180
114.780
115.330
115.890
116.450
117.020
117.580
118.120
118.710
119.270
119.830
120.360
120.920
121.500
122.070
122.610
123.190
123.750
124.310
124.850
125.430
126.020
126.610
127.220
127.780
128.340
128.910
129.450
129.980
130.560
131.150
131.710
132.260
132.820
133.410
133.960
134.500
135.080
135.670
136.230
136.790
137.390
137.950
138.520
139.160
139.770
140.360
140.970
141.600
142.170
142.800
143.380
143.990
144.600
145.220
145.820
146.420
147.040
147.610
148.210
148.790
149.410
149.990
150.590
151.260
151.980
152.680
153.360
154.070
154.790
155.490
156.180
156.850
157.540
158.190
158.800
159.460
160.060
160.690
161.310
161.920
162.530
163.100
163.700
164.330
164.970
165.590
166.210
166.820
167.400
168.030
168.600
169.230
169.800
170.410
171.040
171.670
172.290
172.950
173.560
174.200
174.820
175.470
176.080
176.690
177.320
177.920
178.560
179.170
179.740
180.350
180.940
181.550
182.160
182.720
183.340
183.930
184.520
185.090
185.710
186.300
186.880
187.480
188.140
188.760
189.400
190.100
190.740
191.420
192.040
192.840
193.580
194.360
195.120
195.920
196.700
197.550
198.320
199.160
200.000
200.790
201.610
202.560
203.450
204.310
205.200
206.090
206.960
207.900
208.740
209.670
210.550
211.420
212.250
213.070
213.820
214.630
215.440
216.190
217.020
217.780
218.580
219.370
220.170
220.850
221.560
222.210
222.940
223.620
224.280
224.950
225.660
226.340
226.980
227.700
228.360
229.020
229.700
230.320
231.010
231.650
232.280
232.930
233.550
234.190
234.790
235.420
236.050
236.710
237.340
237.860
238.360
238.880
239.390
239.910
240.450
240.970
241.460
241.930
242.430
242.930
243.400
243.870
244.340
244.800
245.260
245.730
246.190
246.700
247.180
247.660
248.140
248.650
249.150
249.660
250.140
250.650
251.170
251.670
252.170
252.660
253.110
253.560
254.030
254.510
254.990
255.440
255.920
256.410
256.870
257.350
257.840
258.320
258.770
259.230
259.700
260.150
260.600
261.060
261.530
262.020
262.500
262.980
263.460
263.940
264.420
264.890
265.380
265.860
266.330
266.780
267.270
267.720
268.200
268.670
269.130
269.580
270.050
270.530
270.990
271.480
271.930
272.400
272.880
273.340
273.820
274.300
274.770
275.230
275.690
276.140
276.600
277.080
277.590
278.080
278.550
279.050
279.540
280.010
280.480
280.930
281.400
281.890
282.350
282.820
283.270
283.720
284.200
284.670
285.150
285.610
286.060
286.530
287.000
287.460
287.950
288.400
288.890
289.360
289.820
290.290
290.760
291.240
291.700
292.170
292.630
293.110
293.590
294.040
294.510
294.960
295.420
295.880
296.370
296.840
297.310
297.780
298.230
298.710
299.190
299.640
300.110
300.580
301.040
301.500
301.980
302.440
302.920
303.390
303.880
304.330
304.800
305.290
305.750
306.230
306.720
307.180
307.660
308.140
308.630
309.120
309.590
310.070
310.550
311.030
311.500
312.010
312.490
312.960
313.450
313.920
314.400
314.900
315.370
315.860
316.340
316.810
317.260
317.750
318.240
318.720
319.200
319.680
320.140
320.640
321.180
321.690
322.240
322.710
323.160
323.600
324.070
324.520
324.960
325.410
325.940
326.440
326.910
327.480
328.000
328.550
329.080
329.630
330.260
330.910
331.530
332.170
332.800
333.450
334.080
334.700
335.340
336.010
336.630
337.230
337.870
338.460
339.080
339.730
340.350
340.940
341.560
342.210
342.870
343.510
344.150
344.770
345.420
346.070
346.680
347.320
348.000
348.640
349.270
349.910
350.580
351.220
351.850
352.490
353.160
353.800
354.420
