0.260
0.670
1.070
1.480
1.900
2.310
2.720
3.120
3.520
3.930
4.350
4.760
5.180
5.580
5.990
6.400
6.810
7.220
7.610
8.010
8.420
8.820
9.230
9.640
10.060
10.440
10.860
11.270
11.670
12.090
12.510
12.930
13.350
13.780
14.180
14.590
15.010
15.420
15.840
16.260
16.670
17.090
17.490
17.910
18.320
18.730
19.150
19.560
20.000
20.410
20.810
21.220
21.620
22.040
22.430
22.830
23.240
23.640
24.050
24.450
24.870
25.280
25.690
26.090
26.490
26.920
27.330
27.740
28.150
28.560
28.960
29.380
29.780
30.190
30.610
31.010
31.410
31.820
32.230
32.640
33.070
33.480
33.880
34.300
34.690
35.110
35.510
35.920
36.320
36.740
37.140
37.560
37.960
38.350
38.760
39.180
39.590
40.000
40.390
40.810
41.200
41.630
42.030
42.450
42.860
43.260
43.660
44.070
44.470
44.880
45.270
45.680
46.080
46.490
46.890
47.300
47.700
48.090
48.490
48.910
49.310
49.730
50.130
50.530
50.930
51.330
51.730
52.120
52.530
52.940
53.350
53.750
54.150
54.550
54.960
55.360
55.770
56.170
56.570
56.990
57.380
57.790
58.190
58.580
58.990
59.410
59.810
60.200
60.600
61.000
61.410
61.800
62.210
62.610
63.020
63.420
63.810
64.210
64.610
65.000
65.400
65.820
66.210
66.620
67.020
67.440
67.840
68.240
68.650
69.050
69.450
69.870
70.270
70.670
71.090
71.490
71.890
72.300
72.690
73.100
73.500
73.910
74.310
74.710
75.100
75.500
75.900
76.310
76.710
77.100
77.490
77.890
78.290
78.700
79.110
79.520
79.920
80.310
80.730
81.140
81.530
81.940
82.330
82.740
83.130
83.540
83.940
84.340
84.740
85.140
85.540
85.940
86.340
86.750
87.150
87.560
87.950
88.370
88.770
89.170
89.560
89.960
90.360
90.760
91.170
91.580
91.980
92.380
92.780
93.190
93.600
94.020
94.420
94.840
95.240
95.640
96.040
96.460
96.860
97.280
97.670
98.090
98.500
98.910
99.330
99.730
100.150
100.560
100.970
101.370
101.770
102.200
102.610
103.020
103.410
103.830
104.250
104.650
105.060
105.470
105.870
106.270
106.670
107.090
107.500
107.900
108.300
108.710
109.080
109.480
109.870
110.280
110.700
111.120
111.510
111.910
112.310
112.710
113.100
113.510
113.910
114.310
114.720
115.070
115.440
115.830
116.230
116.620
117.010
117.400
117.760
118.160
118.550
118.960
119.380
119.790
120.210
120.620
121.070
121.620
122.150
122.800
123.400
124.010
124.630
125.250
125.860
126.500
127.130
127.760
128.410
129.040
129.660
130.280
130.910
131.560
132.150
132.770
133.390
133.930
134.500
134.990
135.530
136.030
136.500
136.950
137.390
137.790
138.210
138.610
139.010
139.430
139.830
140.250
140.650
141.030
141.420
141.830
142.220
142.610
143.000
143.370
143.790
144.190
144.600
145.000
145.410
145.830
146.250
146.670
147.080
147.460
147.860
148.250
148.640
149.030
149.400
149.810
150.220
150.620
151.040
151.430
151.820
152.230
152.630
153.040
153.440
153.820
154.220
154.640
155.040
155.460
155.870
156.260
156.680
157.080
157.500
157.900
158.320
158.730
159.140
159.550
159.970
160.370
160.770
161.170
161.590
162.010
162.430
162.840
163.240
163.650
164.060
164.460
164.870
165.280
165.690
166.090
166.490
166.910
167.320
167.730
168.150
168.550
169.000
169.420
169.850
170.250
170.670
171.080
171.490
171.890
172.310
172.710
173.110
173.520
173.930
174.330
174.760
175.170
175.600
176.000
176.430
176.850
177.260
177.660
178.060
178.460
178.870
179.290
179.690
180.100
180.500
180.930
181.340
181.750
182.290
182.900
183.710
184.560
185.400
186.230
187.090
187.940
188.770
189.620
190.470
191.290
192.140
192.980
193.830
194.650
195.500
196.330
197.160
198.000
198.860
199.720
200.560
201.420
202.270
203.150
204.000
204.850
205.710
206.570
207.450
208.390
209.390
210.320
211.260
212.220
213.180
214.140
215.120
216.020
216.870
217.770
218.570
219.450
220.300
221.050
221.790
222.550
223.350
224.090
224.850
225.600
226.350
