0.330
0.770
1.240
1.740
2.230
2.780
3.290
3.810
4.370
4.890
5.430
5.940
6.470
6.970
7.500
8.010
8.520
9.040
9.550
10.040
10.580
11.080
11.630
12.120
12.660
13.160
13.690
14.170
14.710
15.190
15.720
16.220
16.750
17.260
17.810
18.350
18.870
19.380
19.940
20.450
20.960
21.500
22.030
22.530
23.050
23.530
24.040
24.570
25.070
25.610
26.110
26.640
27.160
27.640
28.170
28.660
29.180
29.690
30.230
30.750
31.270
31.750
32.280
32.780
33.300
33.830
34.350
34.860
35.400
35.910
36.440
36.970
37.500
38.040
38.570
39.060
39.570
40.070
40.600
41.110
41.660
42.170
42.700
43.210
43.710
44.190
44.710
45.210
45.740
46.250
46.750
47.270
47.770
48.290
48.780
49.360
50.130
50.890
51.660
52.640
53.750
54.800
55.770
56.830
57.870
58.900
59.960
60.990
62.030
63.070
64.170
65.230
66.260
67.320
68.360
69.390
70.380
71.450
72.490
73.520
74.570
75.600
76.630
77.690
78.680
79.750
80.800
81.820
82.880
84.010
85.050
86.110
87.170
88.270
89.350
90.420
91.480
92.520
93.560
94.640
95.720
96.770
97.830
98.860
99.970
101.050
102.100
103.200
104.250
105.270
106.350
107.430
108.490
109.500
110.530
111.600
112.670
113.800
114.870
115.900
116.950
118.030
119.050
120.070
121.100
122.140
123.230
124.220
125.290
126.340
127.370
128.470
129.470
130.560
131.600
132.640
133.680
134.800
135.840
136.880
137.950
139.070
140.120
141.200
142.260
143.350
144.410
145.460
146.500
147.390
147.960
148.560
149.150
149.700
150.250
150.790
151.350
151.910
152.450
153.000
153.510
154.070
154.610
155.130
155.700
156.240
156.780
157.300
157.860
158.370
158.920
159.510
160.050
160.630
161.190
161.710
162.290
162.830
163.360
163.890
164.430
164.960
165.500
166.030
166.570
167.130
167.640
168.190
168.730
169.270
169.830
170.340
170.910
171.440
171.960
172.480
173.020
173.530
174.070
174.630
175.140
175.690
176.270
176.810
177.370
177.900
178.450
178.960
179.530
180.070
180.620
181.160
181.730
182.280
182.800
183.340
183.890
184.460
185.010
185.570
186.180
186.760
187.320
187.850
188.370
188.910
189.480
189.990
190.550
191.090
191.590
192.140
192.680
193.190
193.720
194.260
194.770
195.300
195.860
196.400
196.940
197.480
198.010
198.550
199.100
199.680
200.250
200.810
201.360
201.890
202.440
203.020
203.540
204.090
204.670
205.220
205.750
206.310
206.850
207.350
207.880
208.420
208.970
209.470
210.020
210.530
211.040
211.590
212.090
212.640
213.180
213.730
214.240
214.800
215.320
215.900
216.440
216.990
217.510
218.000
218.520
219.040
219.560
220.100
220.630
221.180
221.730
222.240
222.800
223.320
223.830
224.340
224.900
225.440
225.960
226.520
227.020
227.570
228.110
228.640
229.140
229.670
230.220
230.730
231.260
231.820
232.320
232.880
233.420
233.990
234.540
235.050
235.610
236.150
236.690
237.190
237.740
238.230
238.770
239.270
239.820
240.360
240.930
241.490
242.020
242.580
243.140
243.690
244.220
244.770
245.300
245.830
246.300
246.830
247.300
247.820
248.310
248.810
249.300
249.880
250.420
250.970
251.500
252.080
252.610
253.180
253.700
254.260
254.770
255.350
255.940
256.520
257.110
257.660
258.230
258.760
259.310
259.880
260.410
260.980
261.520
262.030
262.570
263.110
263.680
264.210
264.760
265.270
265.820
266.380
266.890
267.430
267.990
268.540
269.110
269.640
270.160
270.720
271.220
271.750
272.310
272.810
273.350
273.910
274.430
274.980
275.520
276.080
276.600
277.140
277.690
278.220
278.800
279.320
279.890
280.450
280.980
281.500
282.010
282.540
283.100
283.610
284.150
284.710
285.240
285.760
286.290
286.840
287.360
287.910
288.430
288.990
289.510
290.030
290.590
291.090
291.630
292.180
292.730
293.240
293.780
294.380
294.990
295.560
296.100
296.650
297.180
297.740
298.280
298.850
299.400
299.960
300.480
301.060
301.590
302.150
302.660
303.210
303.760
304.310
304.820
305.370
305.910
306.460
307.050
307.570
308.140
308.690
309.240
309.760
310.270
310.770
311.320
311.880
312.430
312.960
313.480
314.010
314.560
315.060
315.590
316.090
316.630
317.180
317.710
318.250
318.800
319.320
319.850
320.390
320.960
321.490
322.000
322.560
323.080
323.620
324.180
324.740
325.280
325.810
326.340
326.910
327.430
327.960
328.480
329.030
329.550
330.090
330.670
331.220
331.770
332.300
332.820
333.390
333.920
334.450
335.010
335.530
336.070
336.640
337.200
337.770
338.340
338.890
339.410
339.940
340.500
341.050
341.590
342.130
342.690
343.240
343.740
344.300
344.830
345.360
345.860
346.390
346.940
347.490
348.020
348.550
349.120
349.640
350.200
350.740
351.240
351.760
352.250
352.770
353.360
353.930
354.490
355.040
355.600
356.180
356.730
357.260
357.820
358.360
358.940
359.470
360.030
360.590
361.170
361.700
362.280
362.830
363.350
363.910
364.470
365.010
365.540
366.090
366.640
367.170
367.730
368.240
368.810
369.320
369.890
370.410
370.950
371.430
371.920
372.400
372.920
373.430
373.970
374.490
374.970
375.500
376.000
376.520
377.070
377.570
378.080
378.570
379.090
379.630
380.200
380.750
381.340
381.890
382.480
383.000
383.580
384.100
384.730
385.400
386.150
386.870
387.590
388.280
388.950
389.660
390.330
391.040
391.730
392.380
393.090
393.740
394.370
394.990
395.620
396.270
396.930
397.560
398.190
398.840
399.470
400.090
400.740
401.220
401.730
402.210
402.710
403.230
403.730
404.240
404.750
405.250
405.770
406.290
406.800
407.290
407.830
408.350
408.880
409.450
410.010
410.550
411.080
411.640
412.200
412.740
413.280
413.820
414.340
414.850
415.390
415.940
416.510
417.050
417.590
418.150
418.690
419.220
419.740
420.260
420.810
421.360
421.940
422.490
423.020
423.560
424.090
424.620
425.180
425.700
426.270
426.810
427.310
427.820
428.390
428.940
429.470
430.040
430.600
431.140
431.660
432.190
432.740
433.290
433.870
434.430
434.970
435.510
436.020
436.540
437.100
437.650
438.210
438.750
439.300
439.870
440.420
440.940
441.490
441.990
442.560
443.090
443.670
444.210
444.750
445.280
445.830
446.380
446.920
447.480
448.060
448.640
449.180
449.720
450.290
450.830
451.350
451.900
452.440
453.000
453.530
454.080
454.620
455.200
455.840
456.500
457.240
457.970
458.680
459.410
460.130
460.870
461.620
462.390
463.110
463.860
464.680
465.490
466.250
467.040
467.830
468.650
469.430
470.230
471.020
471.780
472.590
473.360
474.150
