0.000
0.760
1.530
2.330
3.080
3.860
4.610
5.370
6.110
6.860
7.520
8.230
8.930
9.460
9.960
10.430
10.920
11.410
11.930
12.390
12.910
13.380
13.870
14.420
14.940
15.460
15.970
16.490
16.970
17.440
17.900
18.380
18.840
19.340
19.800
20.280
20.780
21.250
21.730
22.220
22.700
23.180
23.660
24.120
24.610
25.080
25.570
26.050
26.520
26.970
27.450
27.940
28.430
28.900
29.420
29.900
30.430
30.960
31.470
31.950
32.440
32.910
33.410
33.880
34.350
34.840
35.290
35.760
36.250
36.720
37.210
37.680
38.120
38.590
39.040
39.520
39.980
40.460
40.920
41.390
41.860
42.330
42.810
43.280
43.740
44.210
44.670
45.160
45.620
46.080
46.530
47.000
47.470
47.930
48.410
48.890
49.350
49.830
50.300
50.780
51.270
51.730
52.210
52.700
53.170
53.650
54.120
54.580
55.040
55.510
55.970
56.440
56.900
57.380
57.850
58.320
58.800
59.260
59.720
60.190
60.650
61.110
61.570
62.050
62.520
63.000
63.470
63.960
64.420
64.910
65.380
65.860
66.330
66.800
67.280
67.740
68.220
68.690
69.150
69.620
70.100
70.570
71.050
71.520
71.990
72.480
72.950
73.420
73.900
74.360
74.820
75.280
75.730
76.210
76.650
77.140
77.600
78.090
78.550
79.030
79.500
79.960
80.430
80.910
81.390
81.860
82.330
82.800
83.270
83.730
84.200
84.670
85.150
85.630
86.100
86.560
87.030
87.490
87.970
88.420
88.890
89.360
89.830
90.290
90.760
91.220
91.690
92.150
92.620
93.100
93.580
94.040
94.510
94.980
95.440
95.910
96.370
96.850
97.310
97.760
98.240
98.710
99.180
99.650
100.100
100.590
101.050
101.520
101.980
102.460
102.920
103.400
103.860
104.330
104.780
105.250
105.710
106.160
106.610
107.080
107.540
108.030
108.500
108.960
109.430
109.900
110.390
110.860
111.330
111.800
112.270
112.750
113.220
113.700
114.180
114.640
115.110
115.580
116.060
116.540
117.010
117.470
117.940
118.410
118.880
119.360
119.810
120.280
120.740
121.220
121.690
122.120
122.560
122.970
123.400
123.840
124.310
124.770
125.240
125.710
126.200
126.670
127.120
127.600
128.070
128.530
129.000
129.460
129.910
130.380
130.830
131.310
131.750
132.210
132.700
133.160
133.640
134.100
134.550
135.020
135.480
135.940
136.390
136.870
137.320
137.780
138.280
138.750
139.220
139.680
140.160
140.630
141.090
141.570
142.050
142.520
142.980
143.450
143.940
144.390
144.850
145.300
145.780
146.240
146.710
147.180
147.640
148.100
148.570
149.040
149.490
149.960
150.440
150.910
151.370
151.820
152.280
152.760
153.230
153.700
154.170
154.640
155.110
155.580
156.030
156.500
156.960
157.430
157.840
158.230
158.640
159.080
159.550
160.030
160.500
160.980
161.450
161.890
162.370
162.830
163.300
163.770
164.240
164.720
165.190
165.650
166.120
166.590
167.030
167.500
167.970
168.450
168.900
169.370
169.860
170.320
170.780
171.240
171.710
172.190
172.660
173.120
173.590
174.050
174.510
174.990
175.460
175.920
176.400
176.860
177.330
177.790
178.270
178.740
179.210
179.670
180.150
180.600
181.070
181.520
181.990
182.430
182.870
183.340
183.810
184.300
184.770
185.230
185.690
186.150
186.600
187.050
187.520
187.980
188.430
188.900
189.370
189.810
190.260
190.710
191.170
191.600
192.060
192.520
192.970
193.430
193.910
194.360
194.820
195.270
195.710
196.170
196.630
197.080
197.540
198.000
198.480
198.940
199.400
199.870
200.330
200.790
201.250
201.720
202.170
202.630
203.110
203.580
204.030
204.490
204.950
205.410
205.900
206.360
206.810
207.270
207.730
208.190
208.670
209.140
209.590
210.040
210.500
210.960
211.400
211.850
212.300
212.790
213.250
213.720
214.160
214.630
215.090
215.570
216.040
216.490
216.970
217.450
217.920
218.380
218.830
219.300
219.770
220.220
220.670
221.150
221.600
222.070
222.510
222.960
223.420
223.890
224.340
224.800
225.260
225.720
226.190
226.630
227.090
227.580
228.050
228.500
228.960
229.420
229.880
230.350
230.820
231.290
231.750
232.210
232.680
233.140
233.590
234.040
234.490
234.940
235.410
235.870
236.330
236.820
237.280
237.740
238.190
238.650
239.090
239.530
239.980
240.400
240.850
241.300
241.770
242.230
242.700
243.140
243.600
244.060
244.520
245.000
245.440
245.910
246.380
246.840
247.300
247.740
248.200
248.660
249.130
249.600
250.040
250.520
250.990
251.470
251.940
252.400
252.850
253.320
253.790
254.250
254.700
255.170
255.630
256.090
256.550
257.040
257.490
257.950
258.420
258.880
259.340
259.800
260.260
260.730
261.180
261.650
262.110
262.550
263.020
263.500
263.960
264.450
264.920
265.370
265.810
266.250
266.720
267.160
267.640
268.130
268.580
269.060
269.530
269.980
270.460
270.910
271.380
271.850
272.320
272.800
273.260
273.700
274.170
274.650
275.120
275.590
276.060
276.520
276.980
277.440
277.910
278.350
278.820
279.290
279.740
280.210
280.660
281.130
281.600
282.060
282.520
282.960
283.430
283.880
284.340
284.810
285.260
285.690
286.160
286.620
287.080
287.550
287.990
288.460
288.920
289.390
289.830
290.290
290.730
291.180
291.660
292.120
292.570
293.040
293.500
293.970
294.430
294.890
295.340
295.820
296.280
296.740
297.180
297.630
298.080
298.530
298.970
299.440
299.890
300.330
300.800
301.250
301.720
302.200
302.660
303.120
303.570
304.030
304.490
304.950
305.420
305.880
306.330
306.770
307.240
307.690
308.120
308.610
309.080
309.530
310.020
310.470
310.940
311.380
311.850
312.320
312.760
313.180
313.610
314.040
314.530
314.990
315.450
315.930
316.400
316.860
317.330
317.830
318.290
318.770
319.240
319.710
320.170
320.650
321.120
321.590
322.050
322.510
322.970
323.450
323.930
324.380
324.850
325.320
325.800
326.290
326.750
327.230
327.710
328.160
328.650
329.120
329.570
330.060
330.510
330.980
331.460
331.930
332.390
332.850
333.310
333.780
334.250
334.700
335.170
335.640
336.110
336.560
337.030
337.490
337.950
338.420
338.860
339.330
339.790
340.260
340.740
341.200
341.660
342.140
342.610
343.070
343.560
344.030
344.480
344.910
345.390
345.860
346.320
346.790
347.260
347.710
348.170
348.630
349.080
349.550
350.000
350.470
350.940
351.410
351.870
352.320
352.770
353.230
353.690
354.150
354.620
355.060
355.530
355.980
356.440
356.870
357.350
357.820
358.290
358.740
359.180
359.620
360.100
360.590
361.070
361.550
362.000
362.480
362.930
363.410
363.870
364.340
364.800
365.240
365.720
366.170
366.650
367.110
367.580
368.050
368.510
368.970
369.410
369.880
370.340
370.810
371.260
371.710
372.190
372.650
373.090
373.570
374.020
374.450
374.920
375.390
375.850
376.320
376.790
377.250
377.710
378.170
378.640
379.100
379.550
380.010
380.480
380.940
381.390
381.830
382.300
382.750
383.230
383.690
384.140
384.610
385.070
385.530
385.990
386.450
386.900
387.360
387.820
388.280
388.720
389.170
389.630
390.100
390.560
391.000
391.460
391.910
392.360
392.790
393.250
393.720
394.180
394.620
395.100
395.550
396.000
396.430
396.910
397.380
397.850
398.310
398.770
399.230
399.680
400.110
400.570
401.050
401.500
401.950
402.430
402.890
403.360
403.810
404.280
404.760
405.220
405.680
406.140
406.610
407.050
407.520
407.980
408.440
408.900
409.360
409.830
410.280
410.740
411.190
411.640
412.100
412.560
413.020
413.450
413.910
414.360
414.810
415.260
415.720
416.170
416.620
417.070
417.520
417.960
418.420
418.900
419.390
419.860
420.330
420.790
421.250
421.730
422.190
422.660
423.120
423.590
424.050
424.490
424.960
425.420
425.920
426.390
426.870
427.340
427.810
428.260
428.730
429.200
429.680
430.150
430.630
431.080
431.550
432.020
432.470
432.930
433.400
433.890
434.380
434.860
435.330
435.790
436.270
436.730
437.200
437.670
438.140
438.620
439.070
439.530
439.980
440.440
440.900
441.380
441.860
442.320
442.790
443.250
443.730
444.190
444.650
445.100
445.580
446.040
446.500
446.950
447.420
447.880
448.340
448.800
449.280
449.750
450.220
450.680
451.140
451.600
452.070
452.530
453.010
453.460
453.930
454.400
454.880
455.360
455.820
456.270
456.730
457.210
457.680
458.150
458.620
459.100
459.540
460.000
460.480
460.940
461.390
461.860
462.330
462.800
463.250
463.720
464.200
464.680
465.140
465.610
466.090
466.530
466.990
467.460
467.920
468.390
468.850
469.310
469.770
470.230
470.690
471.150
471.610
472.060
472.510
472.970
473.450
473.910
474.360
474.840
475.300
475.760
476.230
476.700
477.160
477.620
478.080
478.560
479.040
479.520
479.970
480.450
480.910
481.360
481.830
482.300
482.780
483.240
483.710
484.170
484.630
485.110
485.580
486.040
486.520
486.990
487.450
487.920
488.390
488.850
489.320
489.800
490.260
490.750
491.260
491.750
492.220
492.700
493.150
493.620
494.100
494.570
495.030
495.480
495.950
496.420
496.860
497.330
497.780
498.260
498.740
499.200
499.660
500.150
500.610
501.070
501.530
501.980
502.460
502.900
503.370
503.830
504.280
504.750
505.180
505.650
506.120
506.580
507.020
507.490
507.950
508.410
508.860
509.310
509.780
510.230
510.660
511.130
511.580
512.010
512.470
512.930
513.360
513.840
514.300
514.760
515.210
515.680
516.160
516.630
517.080
517.540
518.010
518.450
518.900
519.370
519.830
520.280
520.760
521.220
521.680
522.120
522.560
523.030
523.520
523.990
524.470
524.930
525.400
525.850
526.290
526.750
527.220
527.670
528.150
528.590
529.060
529.520
529.950
530.420
530.890
531.330
531.790
532.270
532.730
533.180
533.650
534.100
534.590
535.060
535.500
535.970
536.440
536.890
537.340
537.800
538.270
538.740
539.180
539.660
540.110
540.580
541.020
541.500
541.980
542.440
542.890
543.350
543.770
544.220
544.670
545.120
545.590
546.060
546.520
546.960
547.430
547.900
548.360
548.800
549.290
549.740
550.220
550.700
551.140
551.580
552.050
552.490
552.960
553.420
553.870
554.330
554.810
555.270
555.730
556.180
556.660
557.120
557.600
558.060
558.500
558.960
559.420
559.880
560.360
560.810
561.280
561.730
562.200
562.650
563.130
563.610
564.070
564.540
565.000
565.450
565.930
566.390
566.830
567.310
567.750
568.210
568.670
569.170
569.650
570.140
570.670
571.180
571.730
572.250
572.770
573.260
573.790
574.300
574.820
575.320
575.790
576.260
576.760
577.220
577.720
578.200
578.660
579.160
579.640
580.120
580.580
581.060
581.560
582.020
582.510
582.960
583.430
583.900
584.380
584.860
585.330
585.800
586.250
586.720
587.210
587.680
588.150
588.620
589.070
589.550
590.030
590.510
591.010
591.490
591.950
592.450
592.930
593.390
593.890
594.350
594.830
595.310
595.790
596.290
596.750
597.230
597.730
598.190
598.670
599.170
599.640
600.130
600.590
601.070
601.570
602.030
602.520
602.990
603.490
603.950
