0.710
1.690
2.570
3.420
4.220
5.090
5.870
6.710
7.410
8.090
8.810
9.500
10.230
10.870
11.480
12.120
12.790
13.430
13.940
14.470
15.020
15.550
16.050
16.630
17.230
17.810
18.440
19.000
19.620
20.200
20.780
21.440
22.060
22.740
23.430
24.090
24.740
25.340
25.990
26.560
27.080
27.620
28.130
28.670
29.210
29.740
30.260
30.800
31.280
31.740
32.230
32.700
33.180
33.720
34.240
34.790
35.320
35.910
36.450
37.060
37.740
38.370
39.000
39.680
40.280
40.880
41.460
42.070
42.720
43.360
44.020
44.830
45.600
46.370
47.100
47.840
48.620
49.420
50.160
50.950
51.710
52.490
53.250
54.030
54.800
55.530
56.260
57.050
57.770
58.510
59.430
60.320
61.150
62.050
62.950
63.870
64.830
65.700
66.600
67.460
68.390
69.220
70.100
70.990
71.870
72.730
73.680
74.570
75.470
76.400
77.350
78.240
79.190
80.070
81.010
81.890
82.750
83.650
84.520
85.390
86.290
87.160
88.090
88.970
89.890
90.750
91.700
92.560
93.500
94.390
95.340
96.190
97.130
98.050
98.920
99.820
100.760
101.650
102.630
103.520
104.480
105.430
106.380
107.290
108.180
109.060
110.010
110.900
111.830
112.700
113.650
114.520
115.450
116.330
117.260
118.130
119.050
119.920
120.860
121.740
122.690
123.600
124.560
125.470
126.430
127.340
128.250
129.200
130.170
131.080
132.050
132.990
133.870
134.770
135.730
136.620
137.580
138.490
139.460
140.370
141.320
142.220
143.160
144.020
144.980
145.880
146.840
147.810
148.730
149.640
150.630
151.510
152.450
153.350
154.330
155.290
156.220
157.170
158.150
159.060
160.000
160.870
161.800
162.660
163.600
164.460
165.410
166.280
167.190
168.100
169.070
169.990
170.880
171.760
172.720
173.600
174.520
175.490
176.410
177.300
178.260
179.170
180.130
181.020
181.960
182.860
183.760
184.630
185.520
186.430
187.340
188.240
189.180
190.040
190.990
191.900
192.810
193.720
194.670
195.600
196.510
197.430
198.360
199.280
200.200
201.100
202.050
202.970
203.890
204.790
205.700
206.610
207.540
208.440
209.370
210.280
211.210
212.120
213.050
213.960
214.870
215.790
216.720
217.630
218.550
219.470
220.390
221.330
222.250
223.160
224.050
224.980
225.890
226.790
227.710
228.640
229.540
230.460
231.430
232.380
233.310
234.250
235.230
236.160
237.110
238.030
239.000
239.960
240.910
241.840
242.790
243.690
244.610
245.490
246.430
247.340
248.330
249.250
250.170
251.080
252.000
252.890
253.870
254.780
255.700
256.600
257.530
258.460
259.360
260.260
261.200
262.130
263.080
263.980
264.960
265.830
266.770
267.670
268.590
269.460
270.340
271.240
272.150
273.070
273.960
274.850
275.770
276.710
277.610
278.530
279.480
280.390
281.310
282.210
283.190
284.110
285.050
285.970
286.890
287.800
288.740
289.650
290.570
291.490
292.390
293.320
294.230
295.120
296.030
296.970
297.950
298.880
299.840
300.750
301.660
302.560
303.540
304.440
305.430
306.360
307.250
308.220
309.250
310.170
311.110
312.020
312.990
313.890
314.840
315.770
316.710
317.640
318.640
319.550
320.530
321.470
322.370
323.310
324.230
325.140
326.030
326.950
327.890
328.770
329.740
330.640
331.560
332.470
333.410
334.330
335.280
336.230
337.130
338.000
338.980
339.930
340.870
341.770
342.730
343.680
344.530
345.460
346.390
347.320
348.240
349.150
350.120
351.030
351.970
352.870
353.850
354.740
355.600
356.500
357.410
358.370
359.330
360.230
361.170
362.140
363.060
363.980
364.900
365.840
366.720
367.640
368.590
369.490
370.430
371.310
372.270
373.210
374.120
375.010
375.980
376.890
377.800
378.670
379.620
380.560
381.470
382.390
383.310
384.220
385.150
386.020
387.000
387.920
388.870
389.800
390.700
391.620
392.550
393.450
394.410
395.400
396.350
397.380
398.340
399.270
400.230
401.150
402.150
403.090
404.070
405.010
405.990
406.910
407.940
408.930
409.900
410.880
411.830
412.790
413.780
414.760
415.720
416.490
417.270
418.100
418.940
419.800
420.590
421.440
422.320
423.140
424.020
424.830
425.720
426.530
427.410
428.210
428.980
429.770
430.500
431.250
431.910
432.610
433.260
433.960
434.670
435.380
436.060
436.760
437.510
438.240
438.940
439.680
440.460
441.190
441.890
442.580
443.260
443.980
444.660
445.430
446.180
446.920
447.620
448.470
449.280
450.140
450.960
451.850
452.710
453.650
454.630
455.600
456.520
457.480
458.350
459.220
460.150
461.090
461.970
462.910
463.890
464.840
465.840
466.780
467.800
468.750
469.650
470.560
471.340
472.170
472.960
473.760
474.570
475.340
476.100
476.900
477.600
478.290
479.020
479.700
480.400
481.060
481.670
482.330
482.930
483.480
484.060
484.600
485.160
485.750
486.290
486.870
487.420
487.960
488.540
489.150
489.740
490.310
490.930
491.510
492.070
492.600
493.160
493.740
494.340
494.960
495.530
496.160
496.750
497.340
498.040
498.690
499.320
500.040
500.810
501.520
502.240
503.000
503.730
504.430
505.150
505.880
506.640
507.360
508.120
508.850
509.590
510.380
511.090
511.890
512.680
513.490
514.300
515.080
515.830
516.610
517.430
518.150
518.890
519.580
520.300
521.020
521.740
522.510
523.220
523.930
524.600
525.290
526.020
526.700
527.330
528.000
528.670
529.240
529.840
530.450
531.050
531.650
532.240
532.800
533.400
533.920
534.470
535.000
535.560
536.090
536.610
537.110
537.630
538.180
538.690
539.220
539.750
540.310
540.880
541.450
542.040
542.700
543.340
543.960
544.590
545.240
545.880
546.520
547.140
547.760
548.390
549.010
549.660
550.270
550.980
551.640
552.310
552.930
553.610
554.300
554.950
555.680
556.430
557.190
557.960
558.730
559.460
560.220
560.980
561.650
562.370
563.080
563.850
564.570
565.300
566.050
566.740
567.460
568.150
568.860
569.580
570.310
570.990
571.720
572.440
573.140
573.840
574.580
575.340
576.060
576.830
577.570
578.280
578.990
579.760
580.480
581.180
581.960
582.700
583.460
584.210
584.980
585.740
586.550
587.310
588.100
589.000
589.840
590.680
591.500
592.280
593.110
593.900
594.690
595.520
596.210
596.910
597.620
598.360
599.030
599.720
600.440
601.200
601.950
602.790
603.560
604.380
605.150
605.950
606.840
607.630
608.500
609.310
610.050
610.790
611.550
612.310
613.110
613.830
614.550
615.320
616.050
616.770
617.580
618.370
