0.380
0.990
1.590
2.200
2.810
3.430
4.030
4.610
5.210
5.820
6.450
7.040
7.660
8.250
8.840
9.450
10.050
10.660
11.260
11.860
12.450
13.040
13.650
14.250
14.860
15.470
16.080
16.670
17.270
17.870
18.460
19.050
19.680
20.270
20.870
21.470
22.080
22.680
23.280
23.890
24.510
25.090
25.690
26.290
26.890
27.510
28.120
28.720
29.310
29.920
30.520
31.130
31.740
32.320
32.910
33.530
34.130
34.750
35.350
35.960
36.550
37.170
37.780
38.380
38.990
39.590
40.180
40.800
41.400
42.020
42.620
43.230
43.860
44.450
45.060
45.670
46.290
46.900
47.510
48.120
48.740
49.350
49.960
50.560
51.180
51.780
52.390
52.990
53.620
54.270
54.900
55.540
56.200
56.830
57.460
58.110
58.730
59.390
60.030
60.670
61.310
61.950
62.590
63.230
63.880
64.530
65.190
65.830
66.470
67.110
67.740
68.380
69.000
69.640
70.290
70.930
71.580
72.220
72.870
73.510
74.140
74.770
75.390
76.000
76.620
77.240
77.840
78.450
79.060
79.680
80.290
80.890
81.510
82.130
82.720
83.330
83.930
84.540
85.150
85.750
86.370
86.990
87.610
88.200
88.800
89.440
90.040
90.660
91.260
91.870
92.470
93.090
93.700
94.320
94.960
95.600
96.220
96.890
97.530
98.170
98.810
99.460
100.110
100.750
101.390
102.030
102.670
103.310
103.940
104.580
105.210
105.850
106.480
107.130
107.770
108.410
109.030
109.680
110.330
110.970
111.620
112.250
112.890
113.540
114.190
114.830
115.490
116.140
116.780
117.430
118.060
118.690
119.320
119.960
120.600
121.230
121.870
122.520
123.160
123.800
124.440
125.070
125.710
126.350
126.990
127.640
128.280
128.900
129.530
130.190
130.820
131.470
132.100
132.740
133.380
134.030
134.660
135.310
135.950
136.590
137.230
137.870
138.500
139.140
139.760
140.410
141.040
141.690
142.340
142.970
143.610
144.250
144.890
145.520
146.150
146.780
147.410
148.040
148.690
149.320
149.960
150.590
151.230
151.860
152.500
153.140
153.780
154.410
155.040
155.670
156.310
156.950
157.600
158.210
158.840
159.480
160.130
160.780
161.420
162.050
162.680
163.310
163.940
164.560
165.180
165.810
166.450
167.080
167.720
168.350
168.980
169.610
170.270
170.900
171.550
172.200
172.850
173.490
174.140
174.780
175.420
176.080
176.700
177.330
177.990
178.630
179.260
179.910
180.540
181.170
181.800
182.420
183.050
183.700
184.300
184.920
185.550
186.180
186.830
187.450
188.100
188.750
189.380
190.010
190.650
191.300
191.950
192.570
193.200
193.850
194.500
195.120
195.750
196.410
197.040
197.680
198.320
198.960
199.570
200.210
200.850
201.490
202.120
202.760
203.390
204.050
204.670
205.300
205.920
206.560
207.200
207.820
208.450
209.090
209.740
210.380
211.000
211.630
212.280
212.920
213.560
214.200
214.860
215.500
216.120
216.770
217.420
218.060
218.700
219.350
219.980
220.630
221.250
221.870
222.500
223.130
223.760
224.410
225.030
225.670
226.300
226.980
227.630
228.240
228.890
229.500
230.100
230.750
231.380
232.040
232.680
233.320
233.980
234.620
235.250
235.860
236.510
237.170
237.810
238.420
239.060
239.710
240.340
240.960
241.610
242.230
242.840
243.510
244.140
244.770
245.410
246.030
246.670
247.290
247.930
248.520
249.160
249.810
250.430
251.050
251.700
252.350
252.990
253.630
254.260
254.900
255.550
256.190
256.790
257.440
258.070
258.710
259.330
259.960
260.590
261.220
261.850
262.480
263.120
263.750
264.390
265.000
265.630
266.270
266.890
267.530
268.150
268.780
269.410
270.060
270.680
271.310
271.940
272.580
273.210
273.830
274.450
275.070
275.710
276.340
276.970
277.600
278.240
278.870
279.500
280.140
280.750
281.370
281.990
282.630
283.250
283.870
284.490
285.110
285.740
286.380
286.990
287.620
288.250
288.870
289.490
290.110
290.740
291.360
291.990
292.610
293.230
293.860
294.500
295.120
295.740
296.370
296.990
297.610
298.240
298.870
299.500
300.120
300.740
301.360
301.980
302.620
303.250
303.870
304.500
305.120
305.750
306.380
307.020
307.640
308.260
308.890
309.520
310.120
310.750
311.380
311.990
312.630
313.250
313.870
314.500
315.130
315.760
316.380
317.000
317.650
318.280
318.910
319.550
320.160
320.770
321.400
322.030
322.660
323.280
323.890
324.510
325.130
325.750
326.360
326.980
327.600
328.230
328.860
329.480
330.100
330.720
331.340
331.940
332.580
333.200
333.840
334.470
335.100
335.740
336.350
336.970
337.620
338.250
338.860
339.490
340.140
340.770
341.390
342.010
342.660
343.260
343.880
344.500
345.140
345.750
346.350
346.940
347.510
348.100
348.730
349.330
349.960
350.550
351.190
351.780
352.420
353.040
353.670
354.260
354.880
355.500
