0.860
1.900
2.940
3.960
5.030
6.110
7.230
8.300
9.370
10.440
11.400
12.390
13.310
14.300
15.170
16.050
16.840
17.660
18.440
19.280
20.060
20.840
21.650
22.510
23.400
24.230
25.070
25.950
26.800
27.730
28.650
29.540
30.440
31.340
32.240
33.140
34.050
34.970
35.870
36.790
37.690
38.590
39.470
40.380
41.300
42.230
43.100
44.010
44.910
45.850
46.750
47.660
48.560
49.500
50.440
51.410
52.310
53.250
54.210
55.110
56.040
57.000
57.940
58.830
59.790
60.720
61.660
62.570
63.510
64.430
65.320
66.240
67.170
68.140
69.100
70.030
70.960
71.900
72.850
73.780
74.710
75.640
76.560
77.510
78.430
79.370
80.350
81.260
82.280
83.250
84.240
85.190
86.150
87.130
88.060
89.040
90.050
90.980
91.910
92.910
93.830
94.770
95.650
96.610
97.600
98.530
99.490
100.500
101.510
102.450
103.410
104.360
105.280
106.280
107.200
108.130
109.100
110.090
111.060
112.060
113.060
114.060
115.060
116.010
117.020
118.020
118.980
119.980
120.930
121.930
122.860
123.840
124.820
125.750
126.760
127.720
128.690
129.590
130.600
131.560
132.470
133.480
134.420
135.340
136.330
137.260
138.150
139.070
140.060
141.040
142.010
143.030
143.990
145.020
146.000
147.000
147.980
149.000
149.970
150.990
152.020
153.050
154.090
155.120
156.120
157.120
158.180
159.230
160.260
161.320
162.310
163.320
164.320
165.410
166.490
167.500
168.590
169.650
170.720
171.760
172.840
173.900
174.970
176.020
177.070
178.160
179.170
180.230
181.310
182.370
183.430
184.500
185.540
186.580
187.620
188.740
189.790
190.850
191.860
192.970
193.990
195.060
196.160
197.200
198.290
199.330
200.330
201.420
202.430
203.520
204.570
205.600
206.630
207.710
208.720
209.780
210.860
211.980
213.060
214.120
215.210
216.300
217.350
218.410
219.430
220.470
221.510
222.570
223.540
224.640
225.640
226.710
227.810
228.920
229.960
231.030
232.060
233.170
234.220
235.230
236.310
237.410
238.450
239.500
240.550
241.630
242.680
243.760
244.820
245.910
246.920
247.920
249.000
250.100
251.120
252.170
253.190
254.260
255.290
256.340
257.390
258.460
259.540
260.580
261.680
262.570
263.490
264.450
265.330
266.330
267.260
268.270
269.190
270.180
271.110
272.110
273.020
273.910
274.880
275.760
276.800
277.800
278.830
279.880
280.860
281.910
282.710
283.590
284.460
285.270
286.130
287.000
287.800
288.570
289.390
290.190
290.950
291.760
292.570
293.350
294.150
