0.610
1.220
1.840
2.480
3.130
3.750
4.370
5.000
5.620
6.260
6.880
7.530
8.190
8.820
9.430
10.070
10.700
11.350
11.980
12.630
13.230
13.860
14.470
15.110
15.740
16.370
17.000
17.680
18.330
18.960
19.610
20.240
20.900
21.560
22.190
22.870
23.520
24.160
24.770
25.430
26.090
26.710
27.380
28.020
28.680
29.370
30.010
30.620
31.260
31.910
32.570
33.220
33.870
34.520
35.170
35.800
36.470
37.090
37.740
38.370
39.020
39.660
40.280
40.900
41.570
42.230
42.870
43.490
44.150
44.780
45.430
46.060
46.740
47.380
48.030
48.660
49.300
49.990
50.680
51.330
51.970
52.640
53.250
53.880
54.520
55.180
55.820
56.480
57.130
57.760
58.380
59.020
59.670
60.310
60.960
61.590
62.230
62.870
63.510
64.130
64.800
65.430
66.060
66.690
67.350
68.000
68.700
69.340
69.970
70.620
71.240
71.850
72.450
73.070
73.740
74.390
75.070
75.710
76.350
76.980
77.620
78.310
78.960
79.610
80.260
80.930
81.590
82.220
82.880
83.510
84.170
84.820
85.500
86.150
86.780
87.430
88.080
88.740
89.420
90.070
90.700
91.380
92.010
92.660
93.320
93.950
94.620
95.250
95.890
96.580
97.220
97.830
98.480
99.090
99.720
100.340
100.980
101.600
102.270
102.930
103.580
104.200
104.870
105.510
106.100
106.750
107.380
108.040
108.710
109.340
109.990
110.630
111.280
111.890
112.580
113.210
113.880
114.560
115.220
115.870
116.550
117.170
117.760
118.340
118.920
119.540
120.180
120.840
121.500
122.150
122.780
123.420
124.040
124.650
125.300
125.920
126.540
127.170
127.850
128.490
129.140
129.770
130.410
131.050
131.690
132.320
132.970
133.620
134.300
134.980
135.630
136.260
136.880
137.530
138.140
138.740
139.390
140.010
140.640
141.260
141.920
142.570
143.220
143.830
144.450
145.060
145.700
146.320
146.940
147.590
148.250
148.880
149.520
150.130
150.770
151.420
152.050
152.710
153.360
153.980
154.640
155.270
155.930
156.600
157.250
157.890
158.540
159.190
159.840
160.490
161.130
161.800
162.450
163.100
163.730
164.380
165.030
165.690
166.340
166.990
167.660
168.300
168.910
169.560
170.210
170.910
171.540
172.220
172.870
173.530
174.190
174.840
175.510
176.130
176.790
177.460
178.110
178.790
179.490
180.340
181.220
182.080
182.930
183.820
184.590
185.420
186.220
187.000
187.770
188.560
189.370
190.170
190.920
191.710
