0.580
1.400
2.140
2.950
3.700
4.490
5.260
6.080
6.860
7.630
8.410
9.200
9.940
10.770
11.550
12.470
13.300
14.210
15.080
16.010
16.860
17.800
18.670
19.620
20.600
21.530
22.520
23.460
24.470
25.430
26.480
27.410
28.460
29.390
30.430
31.400
32.180
32.960
33.780
34.600
35.350
36.150
36.970
37.730
38.510
39.320
40.160
41.030
41.960
42.860
43.750
44.610
45.510
46.330
47.120
47.900
48.720
49.560
50.420
51.320
52.150
52.940
53.820
54.820
55.820
56.950
58.050
59.090
60.210
61.310
62.360
63.510
64.590
65.460
66.380
67.240
68.230
69.170
70.070
70.990
71.920
72.910
73.670
74.500
75.330
76.080
76.880
77.630
78.440
79.240
80.160
81.060
82.000
82.890
83.790
84.780
85.730
86.680
87.660
88.630
89.520
90.340
91.240
92.100
92.930
93.780
94.630
95.580
96.520
97.410
98.350
99.250
100.300
101.380
102.490
103.470
104.550
105.560
106.550
107.630
108.610
109.660
110.670
111.770
112.870
113.910
114.970
116.080
117.150
118.250
119.310
120.210
121.120
122.020
122.880
123.750
124.630
125.530
126.440
127.350
128.230
129.140
130.130
131.150
132.160
133.300
134.390
135.460
136.470
137.480
138.430
139.420
140.420
141.550
142.600
143.750
144.780
145.930
146.860
147.890
148.820
149.780
150.750
151.640
152.580
153.560
154.510
155.380
156.340
157.220
158.140
159.090
160.010
160.970
161.850
162.760
163.640
164.630
165.550
166.530
167.470
168.440
169.240
170.060
170.940
171.750
172.570
173.400
174.130
174.870
175.570
176.230
176.940
177.670
178.460
179.360
180.230
181.140
182.080
182.960
183.800
184.720
185.550
186.460
187.350
188.110
188.890
189.700
190.460
191.280
192.040
192.800
193.580
194.380
195.090
195.840
196.550
197.280
198.000
198.680
199.440
200.190
200.890
201.610
202.350
203.050
203.740
204.490
205.150
205.890
206.570
207.250
207.990
208.680
209.350
210.050
210.810
211.530
212.250
212.940
213.680
214.440
215.180
215.910
216.700
217.430
218.180
218.910
219.700
220.420
221.100
221.840
222.540
223.220
223.960
224.660
225.380
226.080
226.770
227.460
228.140
228.840
229.580
230.250
230.970
231.730
232.450
233.140
233.860
234.590
235.390
236.170
236.920
237.630
238.380
239.180
239.940
240.690
241.440
242.210
242.880
243.560
244.240
244.970
245.620
246.390
247.190
247.940
248.770
249.550
250.350
251.190
252.090
252.960
253.770
254.630
255.520
256.330
257.130
257.890
258.690
259.530
260.300
