0.290
0.790
1.320
1.820
2.310
2.790
3.310
3.830
4.310
4.810
5.290
5.770
6.250
6.710
7.190
7.690
8.200
8.680
9.170
9.630
10.130
10.580
11.070
11.520
12.010
12.490
12.970
13.430
13.920
14.400
14.890
15.350
15.850
16.310
16.790
17.300
17.780
18.260
18.760
19.260
19.730
20.230
20.750
21.210
21.730
22.190
22.690
23.180
23.710
24.190
24.700
25.200
25.660
26.100
26.570
27.040
27.480
27.940
28.430
28.950
29.430
29.890
30.360
30.800
31.270
31.720
32.200
32.670
33.150
33.620
34.100
34.590
35.080
35.550
36.010
36.500
36.990
37.460
37.930
38.400
38.860
39.340
39.790
40.260
40.730
41.170
41.640
42.130
42.590
43.050
43.510
43.960
44.430
44.900
45.360
45.820
46.270
46.740
47.180
47.630
48.100
48.560
49.030
49.490
49.970
50.450
50.900
51.350
51.790
52.250
52.710
53.150
53.620
54.090
54.530
54.970
55.430
55.910
56.370
56.810
57.280
57.740
58.200
58.660
59.120
59.580
60.030
60.500
60.950
61.390
61.830
62.290
62.750
63.210
63.670
64.140
64.610
65.070
65.530
65.980
66.450
66.910
67.360
67.790
68.240
68.680
69.110
69.550
70.010
70.470
70.910
71.370
71.810
72.270
72.720
73.180
73.640
74.100
74.540
74.980
75.400
75.820
76.290
76.730
77.170
77.650
78.110
78.560
79.010
79.470
79.930
80.390
80.830
81.290
81.750
82.200
82.640
83.090
83.550
83.990
84.440
84.900
85.370
85.810
86.270
86.730
87.180
87.630
88.090
88.540
88.990
89.440
89.880
90.340
90.800
91.240
91.700
92.160
92.620
93.090
93.550
93.990
94.470
94.920
95.390
95.830
96.300
96.750
97.210
97.650
98.100
98.560
99.020
99.470
99.930
100.390
100.840
101.290
101.750
102.200
102.660
103.110
103.570
104.020
104.480
104.940
105.380
105.820
106.280
106.730
107.190
107.630
108.080
108.530
108.990
109.430
109.890
110.330
110.780
111.220
111.680
112.110
112.550
112.990
113.440
113.900
114.350
114.800
115.250
115.700
116.160
116.610
117.060
117.520
117.970
118.420
118.870
119.310
119.760
120.210
120.670
121.100
121.560
122.010
122.460
122.900
123.350
123.790
124.240
124.700
125.150
125.590
126.020
126.480
126.900
127.330
127.780
128.240
128.680
129.120
129.550
130.010
130.460
130.910
131.350
131.790
132.240
132.680
133.130
133.560
134.010
134.450
134.900
135.330
135.790
136.240
136.690
137.150
137.600
138.050
138.490
138.940
139.380
139.830
140.280
140.730
141.180
141.620
142.080
142.530
142.980
143.430
143.880
144.330
144.780
145.220
145.680
146.130
146.590
147.030
147.480
147.920
148.370
148.830
149.280
149.740
150.190
150.640
151.090
151.540
152.000
152.450
152.900
153.340
153.790
154.230
154.660
155.080
155.520
155.960
156.400
156.830
157.290
157.740
158.170
158.610
159.060
159.510
159.950
160.390
160.840
161.290
161.740
162.180
162.620
163.060
163.500
163.950
164.410
164.850
165.280
165.720
166.160
166.610
167.050
167.500
167.940
168.390
168.830
169.280
169.710
170.160
170.620
171.080
171.540
172.000
172.440
172.900
173.350
173.780
174.240
174.700
175.130
175.570
176.030
176.460
176.910
177.360
177.830
178.270
178.720
179.170
179.630
180.070
180.530
180.960
181.430
181.870
182.320
182.760
183.210
183.640
184.110
184.570
185.030
185.490
185.940
186.390
186.850
187.290
187.730
188.200
188.630
189.090
189.530
189.980
190.420
190.850
191.300
191.750
192.220
192.660
193.120
193.570
194.010
194.460
194.910
195.360
195.800
196.250
196.680
197.130
197.570
198.030
198.460
198.920
199.370
199.820
200.270
200.710
201.160
201.610
202.040
202.500
202.940
203.400
203.840
204.300
204.740
205.200
205.650
206.110
206.550
207.000
207.430
207.870
208.340
208.780
209.220
209.650
210.070
210.490
210.940
211.360
211.790
212.220
212.660
213.080
213.520
213.980
214.420
214.870
215.300
215.740
216.190
216.610
217.030
217.450
217.850
218.290
218.700
219.110
219.540
219.980
220.430
220.870
221.310
221.760
222.180
222.630
223.050
223.500
223.900
224.340
224.760
225.180
225.580
226.040
226.480
226.900
227.350
227.790
228.220
228.680
229.120
229.550
229.990
230.400
230.830
231.280
231.700
232.120
232.580
233.010
233.440
233.880
234.330
234.770
235.200
235.630
236.070
236.500
236.930
237.370
237.820
238.250
238.710
239.140
239.560
239.990
240.390
240.820
241.260
241.690
242.130
242.580
243.030
243.490
243.930
244.410
244.870
245.310
245.780
246.270
246.740
247.230
247.700
248.150
248.600
249.050
249.500
249.920
250.360
250.800
251.230
251.640
252.070
252.510
252.990
253.450
253.930
254.380
254.830
255.290
255.730
256.190
256.630
257.080
257.520
257.990
258.430
258.870
259.340
259.790
260.240
260.680
261.120
261.540
261.980
262.450
262.900
263.340
263.790
264.230
264.690
265.150
265.580
266.040
266.460
266.920
267.360
267.800
268.230
268.690
269.140
269.620
270.080
270.530
270.970
271.440
271.870
272.320
272.760
273.200
273.670
274.140
274.630
275.100
275.550
275.980
276.410
276.850
277.310
277.740
278.190
278.610
279.070
279.500
279.960
280.490
281.030
281.580
282.170
282.800
283.380
284.000
284.590
285.200
285.820
286.410
287.020
287.660
288.350
289.050
289.710
290.440
291.120
291.800
292.500
293.300
294.170
294.990
295.820
296.730
297.610
298.400
299.160
299.920
300.720
301.490
302.220
303.030
303.760
304.580
305.340
306.120
306.910
307.710
308.490
309.220
309.960
310.800
311.620
312.410
313.210
314.020
314.770
315.500
316.240
317.020
317.760
318.520
319.330
