0.140
0.700
1.290
1.870
2.440
3.030
3.600
4.150
4.720
5.310
5.860
6.430
7.010
7.630
8.220
8.790
9.360
9.930
10.500
11.090
11.660
12.250
12.800
13.380
13.960
14.530
15.100
15.670
16.250
16.820
17.390
17.960
18.520
19.090
19.650
20.220
20.790
21.360
21.920
22.500
23.060
23.620
24.180
24.760
25.330
25.910
26.480
27.050
27.630
28.190
28.760
29.340
29.910
30.480
31.060
31.630
32.200
32.770
33.320
33.890
34.440
35.010
35.560
36.130
36.690
37.260
37.840
38.420
38.990
39.560
40.130
40.690
41.270
41.830
42.410
42.970
43.550
44.120
44.710
45.300
45.880
46.460
47.020
47.600
48.160
48.740
49.310
49.880
50.460
51.030
51.580
52.150
52.710
53.280
53.840
54.400
54.970
55.540
56.090
56.660
57.240
57.810
58.360
58.930
59.490
60.060
60.620
61.190
61.760
62.350
62.890
63.470
64.030
64.600
65.170
65.740
66.310
66.890
67.450
68.010
68.570
69.150
69.730
70.270
70.840
71.410
71.970
72.550
73.090
73.670
74.250
74.800
75.360
75.920
76.490
77.060
77.620
78.190
78.750
79.310
79.880
80.450
81.010
81.590
82.150
82.740
83.310
83.880
84.440
85.020
85.580
86.150
86.720
87.290
87.850
88.430
88.990
89.560
90.130
90.720
91.260
91.830
92.390
92.950
93.530
94.090
94.660
95.250
95.820
96.380
96.940
97.510
98.070
98.630
99.200
99.770
100.330
100.900
101.480
102.050
102.610
103.170
103.730
104.300
104.870
105.430
105.990
106.570
107.120
107.680
108.240
108.810
109.360
109.940
110.500
111.060
111.630
112.190
112.750
113.300
113.870
114.430
114.990
115.560
116.120
116.690
117.270
117.820
118.380
118.930
119.480
120.050
120.620
121.190
121.760
122.310
122.860
123.420
123.980
124.560
125.110
125.670
126.230
126.790
127.360
127.930
128.480
129.050
129.610
130.180
130.750
131.320
131.880
132.450
133.010
133.570
134.130
134.710
135.270
135.840
136.410
136.970
137.530
138.120
138.670
139.240
139.790
140.360
140.930
141.490
142.050
142.630
143.180
143.750
144.310
144.870
145.430
145.990
146.540
147.120
147.670
148.230
148.790
149.360
149.910
150.470
151.020
151.590
152.150
152.710
153.270
153.830
154.390
154.940
155.510
156.060
156.630
157.200
157.750
158.350
158.880
159.450
160.000
160.570
161.130
161.690
162.250
162.810
163.380
163.940
164.490
165.060
165.610
166.160
166.700
167.270
167.820
168.370
168.930
169.490
170.050
170.610
171.170
171.730
172.290
172.850
173.410
174.000
174.550
175.110
175.660
176.230
176.790
177.340
177.900
178.460
179.010
179.560
180.110
180.660
181.210
181.760
182.320
182.900
183.460
184.020
184.570
185.140
185.680
186.250
186.840
187.420
187.950
188.540
189.090
189.640
190.210
190.770
191.350
191.930
192.500
193.050
193.620
194.180
194.770
195.330
195.880
196.460
197.000
197.570
198.120
198.680
199.230
199.820
200.340
200.900
201.490
202.020
202.590
203.150
203.720
204.280
204.840
205.400
205.950
206.500
207.070
207.640
208.200
208.780
209.330
209.890
210.470
211.040
211.580
212.150
212.700
213.250
213.800
214.370
214.910
215.470
216.030
216.590
217.160
217.720
218.270
218.840
219.410
219.970
220.530
221.080
221.640
222.190
222.740
223.300
223.850
224.410
224.980
225.540
226.080
226.650
227.210
227.780
228.340
228.910
229.470
230.050
230.590
231.180
231.710
232.280
232.840
233.410
233.980
234.550
235.090
235.660
236.200
236.770
237.330
237.890
238.450
239.010
239.560
240.130
240.680
241.240
241.790
242.370
242.930
243.490
244.040
244.590
245.150
245.720
246.270
246.830
247.390
247.950
248.500
249.050
249.600
250.170
250.720
251.280
251.830
252.390
252.950
253.520
254.060
254.630
255.180
255.740
256.310
256.870
257.430
257.990
258.530
259.100
259.670
260.220
260.800
261.360
261.890
262.460
263.010
263.560
264.110
264.680
265.230
265.800
266.340
266.890
267.430
268.000
268.540
269.110
269.660
270.210
270.750
271.320
271.860
272.430
272.980
273.540
274.080
274.640
275.190
275.760
276.300
276.850
277.410
277.970
278.530
279.060
279.600
280.160
280.730
281.290
281.820
282.390
282.940
283.500
284.040
284.600
285.150
285.690
286.230
286.790
287.340
287.910
288.420
288.970
289.520
290.070
290.580
291.060
291.590
292.110
292.680
293.230
293.780
294.350
294.890
295.460
296.010
296.590
297.160
297.700
298.250
298.800
299.340
299.910
300.470
301.010
301.540
302.110
302.700
303.270
303.840
304.400
305.000
305.640
306.250
306.830
307.440
308.050
308.670
309.310
309.980
310.590
311.260
