0.370
0.850
1.330
1.800
2.260
2.730
3.200
3.660
4.120
4.580
5.040
5.510
5.960
6.440
6.910
7.380
7.830
8.310
8.780
9.240
9.730
10.200
10.670
11.130
11.610
12.110
12.590
13.050
13.520
13.980
14.470
14.930
15.410
15.870
16.360
16.830
17.310
17.780
18.240
18.720
19.210
19.660
20.140
20.610
21.080
21.550
22.020
22.500
22.940
23.410
23.880
24.350
24.820
25.270
25.750
26.220
26.680
27.160
27.620
28.090
28.550
29.000
29.480
29.940
30.430
30.900
31.370
31.830
32.300
32.760
33.220
33.690
34.150
34.610
35.060
35.520
35.980
36.440
36.900
37.350
37.800
38.250
38.710
39.150
39.610
40.060
40.510
40.950
41.410
41.860
42.320
42.770
43.220
43.670
44.120
44.560
45.010
45.460
45.930
46.370
46.820
47.270
47.710
48.160
48.620
49.060
49.520
49.970
50.420
50.860
51.320
51.750
52.200
52.650
53.100
53.540
53.990
54.440
54.880
55.340
55.780
56.240
56.680
57.130
57.580
58.020
58.450
58.890
59.350
59.800
60.260
60.700
61.160
61.600
62.040
62.480
62.930
63.360
63.800
64.260
64.700
65.130
65.590
66.030
66.490
66.940
67.380
67.830
68.280
68.730
69.170
69.630
70.080
70.520
70.970
71.400
71.860
72.300
72.740
73.180
73.620
74.050
74.510
74.960
75.400
75.850
76.310
76.750
77.200
77.650
78.080
78.530
78.980
79.420
79.870
80.330
80.750
81.210
81.640
82.100
82.540
82.990
83.430
83.890
84.340
84.770
85.220
85.660
86.100
86.530
86.980
87.420
87.880
88.330
88.780
89.240
89.690
90.140
90.600
91.040
91.500
91.950
92.390
92.840
93.270
93.730
94.180
94.630
95.070
95.520
95.960
96.410
96.850
97.280
97.740
98.180
98.620
99.070
99.520
99.960
100.390
100.830
101.300
101.750
102.190
102.640
103.100
103.540
103.990
104.450
104.900
105.350
105.800
106.250
106.710
107.160
107.620
108.060
108.510
108.970
109.420
109.880
110.330
110.770
111.230
111.680
112.140
112.590
113.050
113.520
113.970
114.430
114.870
115.320
115.780
116.220
116.680
117.140
117.600
118.040
118.480
118.930
119.360
119.830
120.270
120.730
121.170
121.620
122.070
122.510
122.960
123.410
123.840
124.300
124.740
125.190
125.640
126.090
126.530
126.990
127.430
127.880
128.320
128.780
129.240
129.680
130.100
130.560
131.020
131.470
131.920
132.370
132.810
133.250
133.700
134.140
134.580
135.040
135.490
135.950
136.400
136.850
137.300
137.740
138.200
138.640
139.090
139.550
139.980
140.420
140.880
141.310
141.780
142.220
142.670
143.110
143.560
144.020
144.440
144.890
145.360
145.830
146.290
146.730
147.200
147.690
148.180
148.640
149.140
149.560
150.000
150.440
150.890
151.330
151.780
152.200
152.650
153.080
153.530
153.980
154.400
154.840
155.260
155.710
156.140
156.570
156.990
157.430
157.880
158.310
158.720
159.160
159.590
160.030
160.460
160.890
161.310
161.690
162.090
162.530
162.970
163.380
163.810
164.250
164.670
165.100
165.500
165.910
166.340
166.780
167.210
167.620
168.070
168.510
168.930
169.390
169.820
170.250
170.700
171.120
171.500
171.880
172.280
172.700
173.160
173.640
174.080
174.540
174.980
175.410
175.840
176.280
176.750
177.200
177.640
178.080
178.500
178.950
179.400
179.820
180.270
180.720
181.150
181.580
182.040
182.480
182.920
183.350
183.800
184.230
184.670
185.110
185.560
185.990
186.420
186.860
187.310
187.760
188.220
188.680
189.120
189.580
190.020
190.470
190.920
191.350
191.790
192.240
192.670
193.130
193.550
193.990
194.440
194.870
195.320
195.770
196.210
196.640
197.070
197.520
197.950
198.400
198.840
199.250
199.690
200.110
200.560
200.990
201.440
201.890
202.350
202.800
203.240
203.680
204.130
204.560
205.000
205.440
205.900
206.340
206.770
207.210
207.660
208.090
208.550
208.990
209.440
209.880
210.310
210.760
211.190
211.640
212.080
212.510
212.940
213.370
213.800
214.240
214.680
215.110
215.560
215.990
216.420
216.860
217.300
217.750
218.190
218.630
219.080
219.510
219.960
220.400
220.820
221.260
221.690
222.130
222.570
223.000
223.430
223.840
