0.270
0.660
1.050
1.440
1.810
2.200
2.580
2.950
3.320
3.680
4.050
4.410
4.780
5.150
5.520
5.890
6.270
6.640
7.010
7.360
7.730
8.090
8.450
8.790
9.180
9.550
9.910
10.290
10.660
11.020
11.380
11.750
12.120
12.500
12.850
13.200
13.580
13.930
14.290
14.650
15.020
15.380
15.740
16.090
16.460
16.820
17.170
17.520
17.880
18.250
18.620
18.960
19.340
19.700
20.060
20.410
20.780
21.160
21.520
21.890
22.260
22.610
22.960
23.300
23.650
24.020
24.360
24.720
25.080
25.440
25.810
26.170
26.530
26.880
27.230
27.590
27.940
28.300
28.650
29.020
29.390
29.750
30.110
30.460
30.810
31.200
31.560
31.930
32.280
32.660
33.020
33.370
33.720
34.100
34.460
34.810
35.170
35.540
35.890
36.250
36.610
36.970
37.330
37.690
38.050
38.410
38.780
39.130
39.490
39.860
40.220
40.570
40.930
41.280
41.660
42.000
42.360
42.720
43.080
43.450
43.810
44.170
44.540
44.900
45.280
45.640
46.020
46.390
46.760
47.110
47.480
47.830
48.190
48.550
48.910
49.270
49.620
49.980
50.340
50.700
51.070
51.440
51.800
52.160
52.530
52.900
53.270
53.630
53.990
54.340
54.690
55.060
55.410
55.780
56.150
56.520
56.890
57.250
57.610
57.990
58.350
58.710
59.080
59.440
59.810
60.170
60.530
60.910
61.270
61.640
62.000
62.380
62.730
63.090
63.460
63.820
64.180
64.540
64.920
65.260
65.630
65.990
66.350
66.720
67.080
67.440
67.800
68.170
68.540
68.910
69.270
69.640
70.010
70.380
70.750
71.130
71.500
71.870
72.250
72.620
72.990
73.370
73.740
74.100
74.470
74.830
75.190
75.560
75.920
76.300
76.660
77.030
77.400
77.770
78.130
78.500
78.870
79.260
79.600
79.960
80.330
80.690
81.060
81.400
81.760
82.140
82.490
82.850
83.220
83.570
83.940
84.300
84.660
85.000
85.360
85.720
86.080
86.440
86.810
87.160
87.510
87.850
88.200
88.540
88.890
89.240
89.600
89.930
90.310
90.670
91.020
91.370
91.740
92.120
92.470
92.840
93.230
93.590
93.930
94.290
94.650
95.030
95.380
95.740
96.100
96.470
96.830
97.180
97.550
97.910
98.260
98.640
99.000
99.350
99.710
100.080
100.450
100.800
101.170
101.520
101.880
102.240
102.600
102.950
103.320
103.700
104.070
104.430
104.780
105.150
105.500
105.870
106.210
106.580
106.950
107.340
107.700
108.060
108.410
108.790
109.150
109.500
109.860
110.220
110.590
110.950
111.300
111.660
112.000
112.360
112.720
113.090
113.450
113.830
114.190
114.560
114.920
115.300
115.660
116.010
116.390
116.760
117.120
117.500
117.850
118.230
118.590
118.960
119.340
119.690
120.060
120.420
120.770
121.150
121.520
121.890
122.250
122.640
123.010
123.360
123.710
124.070
124.430
124.810
125.170
125.530
125.890
126.260
126.610
126.990
127.360
127.720
128.090
128.450
128.800
129.160
129.540
129.890
130.280
130.680
131.180
131.680
132.250
132.770
133.330
133.830
134.350
134.890
135.510
136.210
136.890
137.580
138.310
139.070
139.840
140.580
141.370
142.180
143.020
143.880
144.640
145.480
146.270
