0.570
1.480
2.480
3.480
4.470
5.510
6.510
7.500
8.580
9.610
10.650
11.700
12.700
13.730
14.720
15.740
16.790
17.820
18.820
19.770
20.830
21.800
22.800
23.810
24.850
25.930
26.950
27.910
28.960
29.980
30.940
31.930
33.010
34.000
35.020
36.050
37.080
38.060
39.090
40.080
41.140
42.140
43.190
44.180
45.230
46.190
47.220
48.270
49.310
50.330
51.340
52.310
53.370
54.360
55.330
56.320
57.360
58.300
59.260
60.260
61.290
62.290
63.290
64.290
65.350
66.360
67.360
68.360
69.420
70.370
71.360
72.370
73.400
74.430
75.410
76.440
77.460
78.500
79.520
80.510
81.590
82.620
83.650
84.740
85.720
86.790
87.830
88.850
89.910
90.960
92.030
93.040
94.090
95.140
96.190
97.260
98.290
99.350
100.360
101.390
102.480
103.490
104.530
105.550
106.570
107.620
108.650
109.680
110.690
111.710
112.710
113.740
114.830
115.840
116.880
117.850
118.920
119.880
120.950
121.940
122.990
124.080
125.140
126.180
127.210
128.230
129.300
130.340
131.440
132.430
133.430
134.480
135.480
136.520
137.510
138.520
139.620
140.630
141.640
142.640
143.680
144.670
145.710
146.730
147.830
148.870
149.840
150.870
151.920
152.930
153.980
155.010
156.050
157.060
158.070
159.080
160.130
161.130
162.110
163.170
164.240
165.260
166.220
167.250
168.310
169.300
170.340
171.350
172.390
173.370
174.380
175.430
176.430
177.400
178.380
179.410
180.560
181.540
182.500
183.530
184.540
185.560
186.510
187.580
188.670
189.690
190.680
191.710
192.750
193.740
194.750
195.780
196.850
197.860
198.900
199.960
201.010
202.090
203.130
204.200
205.290
206.320
207.430
208.460
209.530
210.590
211.620
212.660
213.710
214.730
215.780
216.760
217.810
218.830
219.850
220.890
221.910
222.920
223.900
224.880
225.940
226.940
227.920
228.980
230.010
230.950
231.980
232.940
233.970
234.990
236.010
237.020
238.070
239.050
240.010
240.980
241.990
243.000
243.980
245.050
246.060
247.100
248.090
249.070
250.100
251.070
252.080
253.120
254.160
255.160
256.150
257.130
258.150
259.120
260.150
261.150
262.220
263.210
264.190
265.140
266.150
267.120
268.040
269.120
270.210
271.260
272.230
273.170
274.170
275.210
276.270
277.290
278.340
279.260
280.190
281.070
282.030
282.980
283.870
284.840
