0.460
1.290
2.100
2.950
3.730
4.580
5.450
6.280
7.090
7.940
8.770
9.630
10.480
11.330
12.150
13.020
13.880
14.750
15.620
16.470
17.280
18.140
19.000
19.840
20.690
21.520
22.350
23.200
24.030
24.880
25.770
26.620
27.500
28.380
29.230
30.120
30.970
31.850
32.720
33.600
34.420
35.310
36.160
37.020
37.870
38.740
39.560
40.430
41.290
42.160
43.030
43.900
44.780
45.620
46.480
47.380
48.220
49.110
49.980
50.850
51.740
52.620
53.490
54.390
55.260
56.150
57.020
57.900
58.770
59.690
60.550
61.440
62.360
63.220
64.070
64.970
65.860
66.760
67.640
68.540
69.420
70.320
71.240
72.120
72.990
73.900
74.770
75.650
76.520
77.420
78.300
79.190
80.060
80.970
81.850
82.730
83.610
84.490
85.390
86.280
87.160
88.030
88.920
89.800
90.710
91.570
92.460
93.360
94.250
95.130
96.030
96.950
97.850
98.730
99.640
100.510
101.410
102.320
103.190
104.080
104.980
105.860
106.770
107.670
108.550
109.470
110.360
111.270
112.150
113.050
113.930
114.830
115.710
116.630
117.500
118.380
119.280
120.200
121.090
121.960
122.830
123.770
124.650
125.550
126.500
127.420
128.300
129.230
130.120
131.030
131.940
132.860
133.760
134.640
135.590
136.480
137.360
138.290
139.200
140.120
141.010
141.930
142.830
143.760
144.610
145.500
146.420
147.300
148.190
149.110
150.000
150.910
151.810
152.720
153.640
154.530
155.430
156.290
157.200
158.120
159.020
159.970
160.830
161.760
162.640
163.550
164.440
165.330
166.220
167.140
168.040
168.960
169.860
170.790
171.700
172.650
173.530
174.470
175.420
176.380
177.410
178.350
179.390
180.350
181.400
182.460
183.490
184.460
185.410
186.410
187.340
188.320
189.270
190.250
