0.090
0.650
1.260
1.850
2.400
2.960
3.540
4.090
4.640
5.200
5.780
6.340
6.880
7.410
7.960
8.500
9.030
9.590
10.130
10.670
11.220
11.780
12.330
12.880
13.440
13.980
14.530
15.080
15.610
16.140
16.670
17.220
17.760
18.310
18.860
19.410
19.940
20.500
21.060
21.590
22.120
22.660
23.210
23.740
24.270
24.810
25.320
25.870
26.400
26.940
27.490
28.030
28.590
29.140
29.670
30.210
30.720
31.240
31.780
32.330
32.840
33.390
33.910
34.460
34.980
35.510
36.030
36.580
37.120
37.660
38.190
38.720
39.260
39.790
40.330
40.850
41.380
41.920
42.450
42.980
43.510
44.050
44.600
45.140
45.660
46.200
46.840
47.430
48.070
48.630
49.180
49.730
50.290
50.830
51.390
51.940
52.490
53.040
53.580
54.130
54.660
55.210
55.730
56.290
56.830
57.390
57.940
58.470
59.030
59.560
60.110
60.670
61.200
61.740
62.290
62.850
63.390
63.930
64.480
65.010
65.560
66.110
66.650
67.200
67.750
68.300
68.840
69.380
69.920
70.480
71.020
71.570
72.120
72.680
73.220
73.740
74.300
74.860
75.410
75.960
76.530
77.070
77.620
78.150
78.700
79.260
79.790
80.350
80.880
81.420
81.960
82.490
83.030
83.580
84.140
84.670
85.220
85.770
86.300
86.850
87.390
87.920
88.470
88.990
89.550
90.070
90.600
91.130
91.670
92.200
92.750
93.290
93.820
94.360
94.880
95.410
95.940
96.460
97.000
97.530
98.060
98.600
99.260
99.890
100.420
100.990
101.510
102.060
102.610
103.130
103.660
104.200
104.720
105.230
105.760
106.270
106.790
107.330
107.860
108.400
108.930
109.460
110.000
110.540
111.060
111.590
112.120
112.650
113.190
113.710
114.220
114.750
115.280
115.820
116.350
116.860
117.400
117.950
118.490
119.040
119.570
120.100
120.620
121.160
121.690
122.220
122.750
123.270
123.800
124.340
124.880
125.400
125.920
126.460
127.000
127.520
128.030
128.570
129.090
129.610
130.130
130.660
131.180
131.710
132.220
132.750
133.270
133.790
134.310
134.850
135.370
135.890
136.390
136.930
137.460
137.960
138.490
139.000
139.520
140.040
140.560
141.080
141.580
142.110
142.620
143.150
143.680
144.190
144.700
145.230
145.750
146.260
146.780
147.300
147.790
148.330
148.830
149.350
149.850
150.370
150.900
151.430
151.970
152.490
153.000
153.520
154.040
154.570
155.090
155.620
156.150
156.670
157.200
157.710
158.210
158.740
159.240
159.790
160.310
160.810
161.330
161.870
162.370
162.890
163.420
163.930
164.460
164.970
165.500
166.020
166.530
167.040
167.590
168.130
168.630
169.160
169.700
170.250
170.760
171.280
171.810
172.320
172.840
173.370
173.880
174.420
174.940
175.480
175.990
176.520
177.050
177.580
178.130
178.650
179.180
179.670
180.220
180.760
181.280
181.790
182.320
182.830
183.370
183.880
184.430
184.960
185.490
186.010
186.550
187.060
187.590
188.010
188.460
188.900
189.340
189.840
190.360
190.850
191.310
191.780
192.260
192.730
193.200
193.670
194.120
194.590
195.060
195.550
196.000
196.490
196.940
197.410
197.900
198.370
198.830
199.290
