0.520
1.090
1.670
2.290
2.870
3.450
4.060
4.600
5.150
5.680
6.310
6.910
7.490
8.080
8.690
9.240
9.830
10.370
10.950
11.530
12.140
12.730
13.290
13.890
14.500
15.090
15.670
16.250
16.820
17.390
18.010
18.600
19.190
19.780
20.340
20.950
21.560
22.170
22.750
23.320
23.880
24.490
25.040
25.640
26.250
26.830
27.430
28.000
28.590
29.170
29.720
30.330
30.930
31.520
32.080
32.690
33.280
33.870
34.440
35.040
35.640
36.200
36.780
37.410
38.020
38.620
39.220
39.830
40.400
40.970
41.580
42.150
42.730
43.320
43.900
44.460
45.060
45.620
46.190
46.790
47.370
47.950
48.510
49.080
49.660
50.240
50.800
51.400
51.980
52.540
53.140
53.690
54.270
54.850
55.420
56.000
56.590
57.170
57.720
58.300
58.900
59.460
60.040
60.640
61.220
61.850
62.420
63.000
63.580
64.170
64.750
65.310
65.900
66.490
67.090
67.660
68.250
68.850
69.440
70.010
70.590
71.160
71.760
72.330
72.920
73.520
74.110
74.690
75.260
75.840
76.430
76.990
77.560
78.140
78.720
79.280
79.850
80.430
80.980
81.570
82.140
82.710
83.270
83.840
84.430
85.010
85.610
86.190
86.800
87.360
87.950
88.540
89.120
89.700
90.310
90.890
91.490
92.040
92.630
93.230
93.810
94.390
94.950
95.540
96.140
96.720
97.310
97.870
98.470
99.030
99.620
100.200
100.790
101.370
101.980
102.550
103.130
103.720
104.340
104.910
105.500
106.090
106.670
107.230
107.810
108.380
108.960
109.530
110.100
110.690
111.260
111.840
112.370
112.960
113.490
114.060
114.640
115.220
115.790
116.360
116.950
117.520
118.090
118.670
119.260
119.830
120.410
120.980
121.570
122.170
122.750
123.330
123.940
124.490
125.070
125.640
126.200
126.800
127.400
127.990
128.560
129.170
129.750
130.350
130.920
131.490
132.040
132.640
133.200
133.770
134.350
134.950
135.550
136.120
136.730
137.280
137.860
138.440
139.020
139.580
140.160
140.750
141.340
141.920
142.480
143.080
143.660
144.270
144.870
145.430
146.040
146.620
147.210
147.800
148.400
148.970
149.560
150.100
150.690
151.270
151.850
152.420
152.990
153.570
154.150
154.720
155.300
155.870
156.470
157.030
157.620
158.180
158.760
159.360
159.950
160.530
161.090
161.670
162.240
162.800
163.370
163.950
164.510
165.070
165.650
166.230
166.800
167.370
167.950
168.510
169.090
169.670
170.250
170.810
171.400
171.970
172.550
173.120
173.730
174.290
174.880
175.460
176.030
176.580
177.180
177.740
178.310
178.900
179.460
180.050
180.620
181.190
181.780
182.370
182.950
183.540
184.110
184.690
185.260
185.840
186.410
186.940
187.490
188.080
188.640
189.230
189.800
190.350
190.930
191.490
192.070
192.620
193.220
193.810
194.380
194.960
195.530
196.130
196.710
197.260
197.840
198.440
199.030
199.580
200.150
200.720
201.290
201.860
202.470
203.040
203.640
204.220
204.800
205.380
205.990
206.530
207.110
207.650
208.220
208.780
209.360
209.930
210.510
211.080
211.660
212.230
212.820
213.390
213.980
214.560
215.150
215.720
216.290
216.870
217.450
218.020
218.620
219.190
219.780
220.340
220.910
221.490
222.070
222.670
223.250
223.820
224.370
224.950
225.520
226.090
226.670
227.260
227.830
228.420
228.980
229.580
230.160
230.740
231.320
231.910
232.490
233.090
233.670
234.240
234.820
235.390
235.980
236.560
237.140
237.710
238.290
238.920
239.500
240.080
240.660
241.230
241.840
242.410
242.990
243.590
244.180
244.770
245.320
245.900
246.460
247.040
247.630
248.180
248.760
249.340
249.910
250.480
251.070
251.630
252.230
252.800
253.360
253.930
254.520
255.090
255.660
256.230
256.790
257.380
257.960
258.510
259.100
259.680
260.250
260.790
261.320
261.900
262.470
263.050
263.630
264.220
264.780
265.320
265.910
266.490
267.080
267.640
268.210
268.770
269.350
269.900
270.450
271.010
271.540
272.060
272.590
273.100
273.630
274.190
274.710
275.280
275.810
276.350
276.910
277.460
278.010
278.570
279.110
279.720
280.320
280.880
281.460
282.020
282.560
283.110
283.680
284.250
284.810
285.360
285.910
286.470
287.060
287.580
288.150
288.670
289.200
289.730
290.280
290.830
291.380
291.960
292.510
293.060
293.620
294.140
294.690
295.230
295.750
296.340
296.900
297.470
298.040
298.630
299.190
299.770
300.310
300.890
301.450
302.050
302.610
303.180
303.750
304.310
304.850
305.410
306.010
306.570
307.160
307.760
308.310
308.920
309.490
310.020
310.540
311.110
311.620
312.170
312.740
313.310
313.880
314.470
315.090
315.700
316.310
316.910
317.470
318.040
318.580
319.170
319.700
320.300
320.890
321.500
322.070
322.630
323.210
323.770
324.300
324.870
325.470
326.030
326.610
327.200
327.790
328.340
328.920
329.520
330.110
330.690
331.270
331.840
332.410
333.000
333.660
334.270
334.920
335.510
336.140
336.770
337.370
338.050
338.730
339.370
340.000
340.670
