0.500
1.020
1.580
2.150
2.690
3.210
3.740
4.290
4.810
5.330
5.870
6.390
6.900
7.420
7.940
8.480
8.990
9.510
10.050
10.600
11.150
11.690
12.230
12.770
13.300
13.810
14.360
14.890
15.450
16.000
16.540
17.060
17.590
18.100
18.640
19.190
19.740
20.290
20.830
21.350
21.870
22.400
22.940
23.500
24.050
24.590
25.140
25.670
26.180
26.670
27.170
27.730
28.250
28.790
29.340
29.850
30.400
30.960
31.490
32.040
32.580
33.140
33.670
34.230
34.790
35.350
35.890
36.450
36.990
37.510
38.040
38.600
39.130
39.620
40.150
40.690
41.200
41.700
42.250
42.790
43.320
43.840
44.430
44.980
45.560
46.140
46.720
47.270
47.850
48.380
48.930
49.470
50.050
50.610
51.200
51.760
52.360
52.910
53.490
54.050
54.610
55.200
55.770
56.350
56.900
57.440
58.010
58.570
59.140
59.710
60.240
60.740
61.270
61.810
62.380
62.960
63.500
64.090
64.650
65.190
65.770
66.340
66.910
67.490
68.020
68.600
69.160
69.740
70.330
70.890
71.420
72.010
72.540
73.120
73.680
74.240
74.790
75.290
75.820
76.360
76.880
77.430
78.000
78.570
79.140
79.690
80.240
80.770
81.340
81.890
82.430
82.980
83.540
84.060
84.610
85.130
85.680
86.220
86.780
87.300
87.840
88.370
88.900
89.430
89.970
90.540
91.080
91.620
92.170
92.720
93.260
93.800
94.340
94.870
95.430
95.970
96.520
97.060
97.590
98.130
98.680
99.230
99.790
100.350
100.900
101.450
102.000
102.530
103.090
103.620
104.160
104.670
105.220
105.730
106.280
106.810
107.350
107.870
108.420
108.970
109.520
110.040
110.580
111.110
111.660
112.190
112.740
113.280
113.830
114.360
114.900
115.420
115.950
116.480
117.030
117.550
118.080
118.590
119.150
119.660
120.200
120.730
121.270
121.780
122.320
122.830
123.340
123.870
124.380
124.900
125.440
125.960
126.490
127.010
127.540
128.060
128.590
129.090
129.620
130.140
130.680
131.200
131.750
132.270
132.780
133.290
133.800
134.340
134.870
135.410
135.950
136.490
137.020
137.520
138.040
138.550
139.080
139.580
140.100
140.600
141.140
141.640
142.140
142.650
143.180
143.700
144.230
144.750
145.280
145.770
146.300
146.820
147.350
147.850
148.350
148.870
149.390
149.920
150.460
150.960
151.490
152.010
152.510
153.010
153.530
154.040
154.550
155.060
155.610
156.120
156.650
157.140
157.660
158.170
158.680
159.180
159.710
160.210
160.730
161.240
161.750
162.260
162.780
163.280
163.800
164.290
164.810
165.290
165.800
166.300
166.820
167.320
167.830
168.330
168.840
169.340
169.860
170.370
170.890
171.400
171.920
172.420
172.940
173.420
173.950
174.450
174.960
175.460
175.980
176.490
177.010
177.510
178.040
178.580
179.100
179.620
180.150
180.640
181.150
181.650
182.170
182.660
183.170
183.690
184.200
184.710
185.210
185.720
186.230
186.740
187.250
187.770
188.290
188.780
189.290
189.800
190.320
190.820
191.340
191.830
192.350
192.870
193.390
193.910
194.430
194.940
195.460
195.950
196.480
196.990
197.480
197.990
198.510
199.010
199.550
200.060
200.590
201.100
201.610
202.130
202.630
203.130
203.660
204.170
204.670
205.180
205.680
206.190
206.720
207.210
207.730
208.230
208.740
209.240
209.740
210.230
210.750
211.250
211.750
212.240
212.740
213.240
213.740
214.230
214.740
215.250
215.760
216.240
216.750
217.250
217.740
218.240
218.760
219.250
219.750
220.250
220.760
221.260
221.750
222.250
222.760
223.260
223.760
224.260
224.760
225.260
225.760
226.230
226.730
227.220
227.730
228.220
228.730
229.220
229.740
230.220
230.730
231.230
231.740
232.240
232.740
233.240
233.750
234.260
234.770
235.270
235.780
236.270
236.780
237.270
237.760
238.270
238.780
239.280
239.790
240.270
240.780
241.280
241.780
242.270
242.770
243.270
243.780
244.270
244.780
245.260
245.770
246.270
246.780
247.280
247.790
248.290
248.800
249.300
249.820
250.310
250.830
251.320
251.830
252.330
252.840
253.340
253.840
254.370
254.890
255.410
255.940
256.470
256.980
257.510
258.020
258.540
259.060
259.570
260.100
260.610
261.120
261.620
262.120
262.620
263.140
263.640
264.160
264.650
265.170
265.670
266.190
266.690
267.210
267.720
268.230
268.750
269.260
269.770
270.270
270.780
271.300
271.810
272.330
272.830
273.330
273.840
274.350
274.850
275.380
275.890
276.400
276.910
277.420
277.920
278.430
278.930
279.450
279.960
280.470
280.980
281.500
282.020
282.550
283.070
283.580
284.090
284.600
285.110
285.630
286.120
286.640
287.120
287.620
288.120
288.630
289.150
289.670
290.200
290.690
291.200
291.710
292.230
292.750
293.260
293.770
294.280
294.760
295.270
295.780
296.300
296.800
297.300
297.820
298.320
298.830
299.340
299.850
300.350
300.880
301.380
301.900
302.450
302.960
303.460
303.980
304.500
305.000
305.510
306.020
306.520
307.030
307.540
308.050
308.560
309.060
309.560
310.080
310.590
311.080
311.590
312.090
312.600
313.100
313.610
314.130
314.630
315.120
315.630
316.130
316.630
317.140
317.650
318.150
318.640
319.140
319.640
320.140
320.640
321.150
321.640
322.140
322.640
323.150
323.650
324.170
324.670
325.180
325.690
326.190
326.670
327.150
327.670
328.170
328.680
329.180
329.680
330.200
330.690
331.190
331.660
332.160
332.670
333.170
333.670
334.170
334.670
335.180
335.670
336.170
336.660
337.150
337.670
338.170
338.690
339.190
339.680
340.180
340.680
341.200
341.700
342.220
342.720
343.230
343.720
344.230
344.710
345.210
345.700
346.200
346.700
347.200
347.680
348.190
348.680
349.210
349.700
350.190
350.700
351.230
351.730
352.230
352.730
353.250
353.740
354.260
354.750
355.260
355.750
356.280
356.770
357.290
357.780
358.300
358.800
359.320
359.810
360.320
360.820
361.310
361.810
362.320
362.820
363.340
363.830
364.350
364.840
365.350
365.840
366.360
366.840
367.350
367.840
368.350
368.850
369.360
369.840
370.350
370.840
371.330
371.820
372.330
372.830
373.330
373.830
374.350
374.850
375.370
375.840
376.350
376.850
377.350
377.850
378.350
378.860
379.370
379.860
380.370
380.870
381.370
381.850
382.360
382.860
383.360
383.850
384.370
384.850
385.370
385.850
386.370
386.870
387.380
387.850
388.370
388.850
389.350
389.840
390.340
390.830
391.330
391.830
392.320
392.840
393.330
393.830
394.330
394.820
395.330
395.830
396.330
396.820
397.340
397.840
398.370
398.860
399.360
399.870
400.380
400.880
401.380
401.880
402.380
402.890
403.390
403.890
404.390
404.890
405.410
405.890
406.400
406.890
407.380
407.870
408.380
408.860
409.370
409.850
410.350
410.840
411.350
411.840
412.330
412.820
413.320
413.800
414.300
414.790
415.270
415.760
416.260
416.740
417.240
417.740
418.240
418.740
419.230
419.740
420.250
420.750
421.260
421.760
422.240
422.750
423.280
423.820
424.350
424.890
425.490
426.070
426.640
427.160
427.700
428.200
428.750
429.270
429.790
430.380
430.940
431.480
432.030
432.610
433.160
433.720
434.290
434.850
435.380
435.900
436.450
437.020
437.580
438.160
438.700
439.280
439.830
440.370
440.890
441.460
442.000
442.590
443.160
443.720
444.230
444.760
445.300
445.850
446.420
447.010
447.520
448.000
448.530
449.050
449.630
450.180
450.730
451.310
451.830
452.410
452.950
453.530
454.070
454.650
455.180
455.770
456.310
456.890
457.490
458.050
458.670
459.260
459.900
460.490
461.040
461.600
462.190
462.740
463.320
463.860
464.430
464.990
465.550
466.090
466.690
467.230
467.820
468.410
468.980
469.560
470.140
470.730
471.300
471.840
472.400
472.980
473.550
474.140
474.730
475.300
475.850
476.390
476.950
477.520
478.100
478.690
479.260
479.850
480.410
480.960
481.540
482.120
482.680
483.270
483.840
484.420
484.980
485.490
485.970
486.540
487.090
487.690
488.240
488.830
489.380
489.970
490.510
491.100
491.640
492.250
492.800
493.400
493.950
494.550
495.090
495.690
496.220
496.790
497.360
497.930
498.460
499.030
499.620
500.260
500.870
501.480
502.060
502.670
503.330
503.930
504.560
505.220
505.840
506.480
507.090
507.610
508.130
508.690
509.190
509.720
510.250
510.800
511.330
511.870
512.390
512.870
513.340
513.820
514.290
514.760
515.230
515.680
516.170
516.640
517.090
517.580
518.030
518.510
519.010
519.470
519.970
520.440
520.930
521.400
521.870
522.350
522.850
523.310
523.790
524.270
524.760
525.250
525.730
526.210
526.690
527.170
527.650
528.110
528.590
529.070
529.550
530.030
530.510
531.010
531.490
531.970
532.450
532.910
