0.113	1
1.050
1.930
2.860
3.800	1
4.650
5.530
6.440
7.390	1
8.320
9.180
10.140
11.040	1
11.980
12.990
13.860
14.810	1
15.660
16.560
17.460
18.400	1
19.310
20.190
21.080
21.960	1
22.890
23.870
24.720
25.630	1
26.550
27.470
28.340
29.220	1
30.120
31.080
32.030
32.920	1
33.820
34.710
35.670
36.600	1
37.470
38.400
39.250
40.160	1
41.130
42.040
42.930
43.860	1
44.750
45.670
46.570
47.490	1
48.380
49.320
50.210
51.130	1
52.030
52.920
53.840
54.800	1
55.690
56.570
57.480
58.380	1
59.250
60.160
61.070
61.980	1
62.920
63.780
64.730
65.650	1
66.560
67.490
68.380
69.280	1
70.190
71.090
72.020
72.950	1
73.820
74.760
75.630
76.510	1
77.450
78.310
79.270
80.190	1
81.110
82.060
82.950
83.870	1
84.780
85.680
86.610
87.500	1
88.400
89.310
90.250
91.170	1
92.080
92.960
93.890
94.770	1
95.680
96.600
97.540
98.450	1
99.340
100.240
101.140
102.080	1
103.010
103.990
104.920
105.830	1
106.780
107.680
108.600
109.510	1
110.470
111.360
112.330
113.260	1
114.180
115.110
116.000
116.910	1
117.830
118.780
119.670
120.600	1
121.500
122.410
123.360
124.300	1
125.240
126.120
127.090
127.990	1
128.890
129.830
130.770
131.720	1
132.640
133.550
134.510
135.390	1
136.330
137.270
138.210
139.130	1
140.030
141.000
141.910
142.820	1
143.720
144.710
145.620
146.550	1
147.500
148.400
149.360
150.280	1
151.200
152.130
153.110
154.050	1
154.970
155.940
156.880
157.800	1
158.740
159.630
160.580
161.480	1
162.420
163.310
164.270
165.200	1
166.070
166.990
167.950
168.840	1
169.750
170.760
171.670
172.590	1
173.510
174.440
175.380
176.330	1
177.280
178.240
179.190
180.150	1
181.100
182.050
182.950
183.890	1
184.840
185.810
186.730
187.680	1
188.650
189.570
190.530
191.490	1
192.460
193.460
194.430
195.430	1
196.330
197.240
198.160
199.120	1
200.100
201.030
201.970
202.930	1
203.900
204.830
205.800
206.740	1
207.700
208.630
209.540
210.490	1
211.500
212.430
213.390
214.380	1
215.300
216.300
217.300
218.290	1
219.240
220.160
221.140
222.100	1
223.070
223.990
224.900
225.840	1
226.750
227.730
228.710
229.670	1
230.640
231.560
232.510
233.410	1
234.390
235.310
236.290
237.260	1
238.190
239.130
240.070
240.980	1
241.960
242.900
243.840
244.760	1
245.670
246.620
247.580
248.500	1
249.480
250.400
251.350
252.280	1
253.220
254.190
255.120
256.100	1
257.020
258.000
258.890
259.890	1
260.830
261.770
262.760
263.690	1
264.630
265.610
266.520
267.440	1
268.360
269.310
270.280
271.260	1
272.190
273.190
274.140
275.120	1
276.090
276.990
277.960
278.920	1
279.870
280.800
281.750
282.740	1
283.660
284.670
285.570
286.480	1
287.390
288.370
289.320
290.340	1
291.260
292.220
293.150
294.090	1
295.070
295.990
296.950
297.880	1
298.860
299.790
300.740
301.750	1
302.690
303.680
304.670
305.650	1
306.620
307.590
308.530
309.490	1
310.490
311.420
312.390
313.370	1
314.350
315.360
316.370
317.300	1
318.290
319.250
320.230
321.190	1
322.200
323.140
324.090
325.070	1
325.970
326.940
327.900
328.860	1
329.820
330.770
331.750
332.670	1
333.620
334.640
335.610
336.560	1
337.570
338.500
339.460
340.460	1
341.390
342.430
343.400
344.360	1
345.330
346.380
347.360
348.340	1
349.350
350.300
351.290
352.280	1
353.270
354.250
355.210
356.240	1
357.170
358.150
359.130
360.080	1
361.050
362.090
363.030
364.060	1
365.060
366.030
367.040
367.970	1
368.990
369.950
370.940
371.910	1
372.900
373.920
374.890
375.870	1
376.930
377.920
378.890
379.850	1
380.790
381.770
382.700
383.670	1
384.640
385.620
386.560
387.510	1
388.470
389.420
390.390
391.360	1
392.330
393.340
394.260
395.260	1
396.250
397.240
398.220
399.210	1
400.200
401.210
402.220
403.180	1
404.190
405.170
406.160
407.160	1
408.140
409.120
410.110
411.100	1
412.090
413.100
414.110
415.110	1
416.100
417.090
418.050
419.020	1
420.000
420.960
421.970
422.970	1
423.920
424.920
425.920
426.860	1
427.830
428.820
429.790
430.780	1
431.780
432.770
433.750
434.720	1
435.690
436.680
437.660
438.650	1
439.630
440.650
441.670
442.720	1
443.700
444.690
445.720
446.700	1
447.750
448.730
449.740
450.710	1
451.720
452.700
453.690
454.660	1
455.680
456.650
457.620
458.570	1
459.590
460.640
461.610
462.610	1
463.590
464.580
465.500
466.510	1
467.440
468.530
469.540
470.560	1
471.630
472.660
473.670
474.700	1
475.710
476.730
477.740
478.740	1
479.750
480.750
481.750
482.730	1
483.730
484.710
485.680
486.710	1
487.680
488.710
489.710
490.710	1
491.740
492.710
493.780
494.820	1
495.890
496.880
498.000
499.100	1
