0.620
1.600
2.510
3.470
4.560
5.650
6.740
7.870
8.920
10.060
11.160
12.250
13.330
14.360
15.410
16.450
17.570
18.590
19.640
20.650
21.760
22.850
23.900
24.970
26.030
27.070
28.150
29.200
30.300
31.370
32.460
33.530
34.650
35.680
36.750
37.830
38.900
40.010
41.070
42.140
43.180
44.230
45.310
46.400
47.530
48.590
49.670
50.740
51.790
52.880
53.940
55.040
56.110
57.200
58.280
59.370
60.420
61.500
62.570
63.650
64.730
65.830
66.900
67.970
69.060
70.160
71.240
72.350
73.430
74.560
75.650
76.720
77.830
78.880
80.000
81.100
81.930
82.710
83.330
83.880
84.400
84.930
85.490
86.040
86.560
87.130
87.680
88.230
88.760
89.300
89.860
90.400
90.960
91.530
92.070
92.610
93.140
93.670
94.220
94.750
95.300
95.800
96.340
96.870
97.390
97.940
98.520
99.060
99.610
100.130
100.680
101.200
101.760
102.280
102.830
103.390
103.920
104.450
104.960
105.510
106.100
106.630
107.220
107.770
108.300
108.860
109.410
109.950
110.490
111.040
111.610
112.140
112.710
113.240
113.800
114.370
114.900
115.440
115.980
116.510
117.070
117.640
118.190
118.710
119.270
119.840
120.390
120.900
121.450
122.000
122.520
123.060
123.630
124.170
124.710
125.250
125.810
126.350
126.890
127.450
127.990
128.550
129.090
129.620
130.180
130.700
131.250
131.770
132.320
132.850
133.410
133.950
134.530
135.050
135.630
136.180
136.730
137.270
137.830
138.360
138.940
139.480
140.060
140.590
141.180
141.710
142.270
142.860
143.420
143.970
144.510
145.030
145.580
146.130
146.680
147.240
147.780
148.310
148.870
149.440
149.960
150.510
151.070
151.630
152.190
152.740
153.270
153.850
154.400
154.940
155.510
156.040
156.590
157.130
157.700
158.230
158.810
159.370
159.920
160.510
161.310
162.150
163.250
164.360
165.430
166.530
167.650
168.740
169.810
170.920
171.980
173.080
174.130
175.230
176.310
177.420
178.500
179.600
180.700
181.780
182.870
183.940
185.020
186.120
187.230
188.320
189.430
190.520
191.550
192.690
193.760
194.880
195.940
197.020
198.100
199.180
200.240
201.330
202.310
203.240
204.190
205.170
206.130
207.110
208.020
208.940
209.810
210.730
211.670
212.550
213.460
214.430
215.300
216.140
216.940
217.810
218.710
219.610
220.490
221.400
222.380
223.310
224.250
225.280
226.290
227.230
228.250
229.240
230.160
231.170
232.090
233.090
234.000
234.990
