0.310
0.980
1.720
2.420
3.150
3.800
4.530
5.190
5.860
6.570
7.230
7.910
8.610
9.260
9.930
10.620
11.300
11.940
12.610
13.220
13.920
14.550
15.260
15.900
16.630
17.300
17.980
18.680
19.340
20.050
20.720
21.410
22.070
22.750
23.450
24.160
24.810
25.500
26.180
26.870
27.560
28.270
28.930
29.650
30.310
31.000
31.720
32.430
33.100
33.770
34.500
35.160
35.780
36.450
37.150
37.860
38.510
39.220
39.920
40.620
41.300
41.980
42.690
43.380
44.070
44.760
45.500
46.150
46.840
47.530
48.180
48.840
49.530
50.210
50.950
51.620
52.300
53.000
53.710
54.390
55.070
55.750
56.440
57.160
57.810
58.450
59.060
59.770
60.450
61.160
61.830
62.560
63.270
63.930
64.610
65.290
65.960
66.600
67.270
67.960
68.640
69.320
70.020
70.680
71.360
72.010
72.680
73.350
74.010
74.710
75.390
76.120
76.780
77.510
78.200
78.870
79.540
80.260
80.930
81.600
82.300
83.010
83.750
84.410
85.080
85.730
86.410
87.100
87.800
88.450
89.150
89.870
90.520
91.240
91.940
92.600
93.310
94.000
94.670
95.390
96.060
96.750
97.410
98.100
98.820
99.470
100.200
100.890
101.510
102.190
102.840
103.490
104.220
104.890
105.600
106.290
106.960
107.640
108.380
109.100
109.780
110.440
111.130
111.840
112.520
113.220
113.910
114.560
115.240
115.910
116.620
117.300
117.980
118.680
119.350
120.060
120.740
121.470
122.170
122.860
123.540
124.220
124.910
125.560
126.240
126.940
127.610
128.290
128.990
129.680
130.360
131.070
131.740
132.410
133.110
133.760
134.470
135.160
135.840
136.540
137.260
137.920
138.630
139.340
139.990
140.640
141.320
142.020
142.730
143.390
144.070
144.780
145.450
146.140
146.830
147.540
148.200
148.910
149.620
150.300
150.970
151.660
152.380
153.060
153.740
154.370
155.080
155.810
156.510
157.190
157.890
158.580
159.250
159.960
160.660
161.360
162.070
162.720
163.390
164.090
164.800
165.460
166.170
166.880
167.590
168.320
169.090
169.840
170.560
171.310
172.110
172.870
173.700
174.450
175.260
176.060
176.780
177.480
178.180
178.970
179.700
180.460
181.210
181.940
182.700
183.390
184.140
184.810
185.550
186.270
187.000
187.710
188.490
189.190
190.000
190.790
191.580
192.390
193.250
194.170
195.040
195.890
196.670
197.460
198.260
199.060
199.880
200.700
201.500
202.270
203.060
203.900
