0.260
0.560
0.840
1.130
1.420
1.710
2.000
2.290
2.580
2.870
3.160
3.460
3.750
4.040
4.320
4.620
4.910
5.200
5.490
5.770
6.060
6.340
6.620
6.910
7.190
7.460
7.750
8.030
8.320
8.600
8.890
9.200
9.500
9.800
10.100
10.400
10.710
11.010
11.320
11.620
11.930
12.230
12.530
12.820
13.130
13.430
13.720
14.030
14.330
14.640
14.950
15.250
15.570
15.870
16.180
16.500
16.800
17.110
17.420
17.730
18.030
18.320
18.640
18.950
19.260
19.560
19.850
20.160
20.470
20.780
21.090
21.400
21.710
22.020
22.320
22.630
22.940
23.250
23.560
23.870
24.170
24.480
24.780
25.080
25.390
25.700
26.010
26.330
26.640
26.950
27.250
27.560
27.870
28.180
28.480
28.780
29.090
29.400
29.720
30.030
30.350
30.660
30.980
31.290
31.600
31.910
32.220
32.530
32.840
33.150
33.470
33.770
34.080
34.400
34.700
35.020
35.330
35.640
35.940
36.250
36.560
36.870
37.170
37.480
37.790
38.100
38.410
38.720
39.020
39.340
39.650
39.960
40.260
40.580
40.890
41.200
41.510
41.800
42.100
42.420
42.730
43.040
43.340
43.660
43.970
44.270
44.580
44.880
45.190
45.490
45.800
46.120
46.420
46.740
47.030
47.340
47.650
47.960
48.280
48.580
48.900
49.210
49.520
49.840
50.150
50.460
50.770
51.080
51.390
51.710
52.010
52.330
52.640
52.950
53.260
53.560
53.880
54.200
54.510
54.820
55.130
55.440
55.750
56.070
56.370
56.690
57.000
57.310
57.620
57.940
58.240
58.560
58.860
59.170
59.480
59.800
60.110
60.420
60.720
61.040
61.350
61.660
61.960
62.270
62.580
62.890
63.200
63.510
63.820
64.130
64.440
64.760
65.070
65.380
65.700
66.010
66.330
66.640
66.960
67.270
67.580
67.880
68.200
68.510
68.820
69.140
69.450
69.770
70.080
70.400
70.710
71.030
71.340
71.670
71.980
72.290
72.600
72.920
73.220
73.540
73.850
74.160
74.480
74.800
75.110
75.420
75.730
76.040
76.350
76.660
76.970
77.280
77.590
77.910
78.220
78.530
78.830
79.150
79.460
79.780
80.090
80.410
80.710
81.030
81.340
81.640
81.950
82.260
82.570
82.880
83.190
83.500
83.810
84.120
84.430
84.750
85.050
85.370
85.680
85.990
86.300
86.610
86.920
87.240
87.540
87.860
88.160
88.480
88.790
89.110
89.410
89.730
90.030
90.360
90.670
90.980
91.290
91.610
91.910
92.220
92.530
92.840
93.150
93.460
93.780
94.090
94.410
94.730
95.040
95.360
95.680
95.990
96.300
96.620
96.930
97.240
97.550
97.860
98.170
98.470
98.780
99.100
99.420
99.730
100.050
100.360
100.670
100.980
101.280
101.600
101.900
102.210
102.520
102.840
103.150
103.460
103.760
104.080
104.380
104.700
105.010
105.330
105.640
105.950
106.260
106.570
106.880
107.190
107.490
107.800
108.110
108.430
108.740
109.050
109.370
109.680
110.000
110.310
110.630
110.940
111.240
111.550
111.860
112.180
112.490
112.800
113.110
113.410
113.720
114.030
114.350
114.660
114.970
115.280
115.580
115.890
116.200
116.520
116.830
117.150
117.470
117.770
118.090
118.400
118.710
119.020
119.350
119.680
120.000
120.310
120.630
120.940
121.240
121.550
121.870
122.180
122.490
122.800
123.110
123.440
123.740
124.050
124.360
124.680
124.980
125.300
125.610
125.920
126.240
126.560
126.880
127.180
127.490
127.800
128.120
128.440
128.760
129.080
129.390
129.720
130.030
130.350
130.670
130.990
131.300
131.620
131.930
132.230
132.540
132.850
133.160
133.480
133.790
134.100
134.400
134.720
135.030
135.350
135.660
135.970
136.280
136.590
136.910
137.220
137.520
137.840
138.140
138.460
138.770
139.080
139.390
139.710
140.020
140.340
140.660
140.970
141.290
141.590
141.900
142.210
142.520
142.840
143.150
143.460
143.770
144.080
144.400
144.710
145.010
145.320
145.640
145.950
146.260
146.580
146.890
147.210
147.520
147.830
148.150
148.450
148.770
149.080
149.380
149.710
150.030
150.350
150.670
150.990
151.310
151.620
151.940
152.260
152.580
152.900
153.210
153.530
153.830
154.140
154.450
154.770
155.080
155.390
155.710
156.030
156.350
156.680
157.020
157.350
157.670
157.990
158.300
158.630
158.940
159.270
159.580
159.910
160.230
160.550
160.870
161.190
161.510
161.830
162.150
162.460
162.780
163.100
163.420
163.730
164.050
164.370
164.690
165.000
165.310
165.610
165.930
166.250
166.570
166.890
167.210
167.540
167.860
168.200
168.520
168.850
169.170
169.510
169.830
170.150
170.470
170.790
171.120
171.440
171.750
172.080
172.390
172.720
173.040
