0.700
1.600
2.470
3.370
4.180
5.040
5.920
6.730
7.600
8.440
9.310
10.150
11.000
11.840
12.700
13.530
14.390
15.270
16.100
16.910
17.790
18.630
19.460
20.290
21.140
21.960
22.760
23.580
24.440
25.260
26.080
26.940
27.770
28.590
29.440
30.240
31.070
31.880
32.710
33.530
34.350
35.160
35.970
36.790
37.640
38.460
39.280
40.130
40.970
41.780
42.610
43.430
44.280
45.090
45.910
46.750
47.550
48.370
49.200
50.020
50.870
51.660
52.470
53.310
54.120
54.960
55.790
56.630
57.490
58.310
59.150
60.000
60.840
61.680
62.520
63.360
64.210
65.070
65.900
66.750
67.600
68.440
69.290
70.120
70.970
71.800
72.630
73.490
74.300
75.150
75.980
76.810
77.630
78.450
79.260
80.070
80.900
81.750
82.590
83.440
84.280
85.120
85.970
86.780
87.620
88.450
89.290
90.130
90.980
91.830
92.680
93.520
94.380
95.240
96.100
96.940
97.820
98.680
99.540
100.390
101.280
102.120
103.000
103.850
104.710
105.550
106.430
107.280
108.170
109.020
109.880
110.740
111.610
112.470
113.310
114.160
115.010
115.880
116.730
117.600
118.460
119.340
120.150
121.040
121.860
122.730
123.580
124.440
125.280
126.130
126.950
127.770
128.600
129.470
130.300
131.150
132.000
132.860
133.680
134.540
135.380
136.230
137.070
137.950
138.790
139.660
140.470
141.340
142.210
143.070
143.890
144.760
145.600
146.470
147.340
148.210
149.030
149.890
150.720
151.610
152.440
153.310
154.150
155.020
155.860
156.740
157.570
158.480
159.310
160.190
161.020
161.890
162.720
163.600
164.450
165.300
166.140
167.000
167.840
168.680
169.540
170.410
171.260
172.110
172.970
173.820
174.660
175.520
176.360
177.220
178.050
178.920
179.740
180.600
181.440
182.280
183.130
183.980
184.830
185.700
186.540
187.420
188.250
189.130
190.000
190.830
191.650
192.490
193.320
194.160
195.010
195.840
196.660
197.470
198.280
199.100
199.920
200.740
201.580
202.370
203.200
204.040
204.880
205.660
206.500
207.360
208.170
209.030
209.850
210.670
211.500
212.330
213.170
213.990
214.850
215.680
216.520
217.390
218.240
219.090
219.950
220.850
221.700
222.560
223.440
224.320
225.160
226.020
226.880
227.750
228.620
229.520
230.360
231.230
232.090
232.950
233.780
234.630
235.510
236.370
237.220
238.080
238.960
239.850
240.700
241.550
242.430
243.330
244.200
245.100
245.950
246.790
247.670
248.570
249.440
250.310
251.200
252.080
252.970
253.830
254.710
255.620
256.470
257.350
258.200
259.070
259.910
260.760
261.570
262.430
263.240
264.090
264.890
265.780
266.580
267.480
268.300
269.120
