0.470
1.000
1.550
2.060
2.600
3.110
3.680
4.220
4.740
5.290
5.830
6.370
6.890
7.410
7.960
8.490
9.010
9.540
10.080
10.610
11.140
11.680
12.210
12.730
13.270
13.790
14.340
14.860
15.410
15.930
16.450
16.990
17.530
18.070
18.610
19.150
19.690
20.230
20.770
21.300
21.830
22.370
22.920
23.460
23.990
24.520
25.040
25.570
26.100
26.630
27.150
27.690
28.220
28.740
29.280
29.810
30.340
30.870
31.400
31.950
32.480
33.020
33.560
34.090
34.620
35.160
35.700
36.230
36.770
37.310
37.840
38.370
38.890
39.420
39.970
40.490
41.030
41.560
42.080
42.610
43.150
43.670
44.210
44.740
45.270
45.800
46.310
46.850
47.380
47.890
48.420
48.950
49.480
50.010
50.540
51.070
51.600
52.120
52.660
53.190
53.710
54.240
54.780
55.300
55.830
56.360
56.890
57.420
57.960
58.500
59.030
59.570
60.100
60.640
61.170
61.700
62.240
62.770
63.310
63.850
64.390
64.920
65.460
66.000
66.530
67.070
67.600
68.150
68.690
69.230
69.750
70.280
70.820
71.350
71.870
72.400
72.930
73.450
73.990
74.520
75.060
75.600
76.130
76.650
77.180
77.700
78.230
78.760
79.300
79.830
80.360
80.890
81.430
81.960
82.480
83.020
83.550
84.100
84.620
85.150
85.680
86.210
86.730
87.270
87.810
88.340
88.870
89.400
89.930
90.460
91.000
91.540
92.080
92.620
93.160
93.690
94.210
94.750
95.270
95.800
96.340
96.880
97.410
97.940
98.480
99.020
99.550
100.090
100.630
101.170
101.700
102.250
102.780
103.320
103.860
104.410
104.950
105.490
106.030
106.570
107.100
107.640
108.170
108.720
109.260
109.790
110.320
110.860
111.390
111.930
112.460
113.000
113.520
114.060
114.590
115.120
115.660
116.190
116.730
117.260
117.810
118.340
118.890
119.420
119.950
120.490
121.030
121.560
122.100
122.640
123.180
123.720
124.250
124.800
125.350
125.880
126.420
126.960
127.490
128.030
128.580
129.110
129.650
130.180
130.710
131.250
131.780
132.310
132.850
133.380
133.920
134.450
134.990
135.530
136.060
136.600
137.130
137.670
138.210
138.740
139.280
139.820
140.350
140.880
141.420
141.950
142.490
143.020
143.550
144.070
144.600
145.140
145.670
146.200
146.730
147.260
147.790
148.320
148.850
149.380
149.910
150.440
150.980
151.510
152.030
152.570
153.090
153.620
154.150
154.680
155.220
155.740
156.270
156.810
157.330
157.860
158.390
158.930
159.460
160.000
160.520
161.050
161.570
162.120
162.640
163.180
163.710
164.250
164.770
165.300
165.840
166.360
166.880
167.420
167.950
168.490
169.020
169.540
170.070
170.610
171.150
171.660
172.200
172.730
173.250
173.770
174.290
174.820
175.350
175.870
176.390
176.910
177.440
177.960
178.480
179.010
179.530
180.050
180.580
181.110
181.630
182.150
182.670
183.190
183.700
184.230
184.760
185.280
185.790
186.330
186.840
187.370
187.890
188.420
188.940
189.450
189.980
190.510
191.020
191.540
192.060
192.570
193.090
193.620
194.140
194.660
195.180
195.690
196.220
196.730
197.260
197.770
198.290
198.810
199.330
199.850
200.370
200.880
201.410
201.920
202.440
202.960
203.470
203.990
204.510
205.020
205.540
206.050
206.560
207.080
207.590
208.120
208.630
209.140
209.650
210.180
210.690
211.210
211.720
212.250
212.760
213.280
213.800
214.310
214.830
215.350
215.870
216.390
216.910
217.440
217.960
218.480
219.000
219.510
220.030
220.550
221.060
221.580
222.100
222.610
223.130
223.650
224.180
224.700
225.200
225.730
226.240
226.750
227.270
227.770
228.280
228.780
229.310
229.830
230.350
230.860
231.380
231.900
232.410
232.950
233.460
233.980
234.500
235.020
235.540
236.070
236.580
237.100
237.620
238.130
238.660
239.170
239.680
240.210
240.730
241.240
241.780
242.280
242.810
243.330
243.850
244.370
244.870
245.390
245.920
246.420
246.940
247.470
247.980
248.500
249.020
249.540
250.060
250.570
251.100
251.630
252.150
252.660
253.170
253.690
254.210
254.730
255.240
255.760
256.290
256.800
257.320
257.840
258.360
258.880
259.400
259.920
260.440
260.970
261.490
262.000
262.530
263.050
263.570
264.090
264.600
265.140
265.670
266.190
266.710
267.240
267.770
268.300
268.820
269.340
269.860
270.390
270.930
271.450
271.980
272.510
273.040
273.560
274.090
274.610
275.130
275.630
276.170
276.700
277.220
277.750
278.270
278.780
279.320
279.830
280.370
280.890
281.410
281.930
282.470
282.990
283.530
284.040
284.580
285.110
285.640
286.170
286.700
287.230
287.760
288.280
288.810
289.340
289.880
290.400
290.920
291.440
291.970
292.500
293.030
293.560
294.080
294.600
295.130
295.650
296.170
296.700
297.220
297.750
298.270
298.790
299.310
299.840
300.360
300.890
301.420
301.960
302.470
302.990
303.510
304.030
304.570
305.080
305.600
306.130
306.650
307.180
307.690
308.220
308.750
309.260
309.790
310.320
310.860
311.370
311.880
312.410
312.930
313.460
313.970
314.500
315.020
315.540
316.060
316.580
317.110
317.630
318.150
318.660
319.200
319.720
320.250
320.760
321.280
321.820
322.340
322.870
323.400
323.920
324.590
325.220
325.740
326.270
326.790
327.310
327.830
328.350
328.870
329.400
329.910
330.440
330.980
331.510
332.040
332.550
333.070
333.600
334.130
334.650
335.170
335.690
336.220
336.740
337.270
337.780
338.300
338.820
339.340
339.850
340.380
340.900
341.420
341.960
342.470
342.980
343.490
344.010
344.520
345.030
345.530
346.050
346.550
347.060
347.570
348.080
348.580
349.100
349.620
350.130
350.640
351.150
351.660
352.180
352.690
353.210
353.720
354.250
354.760
355.270
355.780
356.290
356.790
357.300
357.810
358.330
358.840
359.350
359.870
360.390
360.910
361.430
361.940
362.450
362.980
363.490
364.020
364.550
365.070
365.580
366.110
366.630
367.150
367.670
368.200
368.720
369.230
369.760
370.280
370.810
371.340
371.870
372.400
372.930
373.440
373.970
374.500
375.020
375.560
376.080
376.600
377.120
377.650
378.170
378.700
379.210
379.740
380.260
380.790
381.300
381.820
382.350
382.880
383.410
383.930
384.460
385.000
385.530
386.060
386.570
387.100
387.630
388.150
388.670
389.190
389.720
390.240
390.760
391.290
391.820
392.340
392.880
393.400
393.920
394.440
394.970
395.500
396.020
396.550
397.080
397.600
398.110
398.630
399.150
399.660
400.180
400.710
401.230
401.760
402.280
402.810
403.340
403.860
404.380
404.900
405.440
405.960
406.490
407.010
407.540
408.060
408.590
409.120
409.650
410.180
410.700
411.230
411.750
412.280
412.810
413.330
413.850
414.380
414.910
415.420
415.940
416.470
417.000
417.530
418.060
418.580
419.100
419.620
420.150
420.670
421.190
421.710
422.240
422.770
423.300
423.820
424.340
424.870
425.410
425.930
426.450
426.970
427.500
428.010
428.540
429.060
429.590
430.110
430.640
431.160
431.680
432.200
432.720
433.240
433.770
434.290
434.820
435.350
435.880
436.400
436.930
437.450
437.980
438.510
439.030
439.550
440.080
440.600
441.110
441.640
442.150
442.680
443.210
443.740
444.260
444.780
445.300
445.820
446.330
446.860
447.370
447.890
448.410
448.940
449.470
449.980
450.500
451.020
451.550
452.070
452.590
453.120
453.640
454.160
454.690
455.210
455.740
456.260
456.780
457.300
457.820
458.330
458.860
459.380
459.900
460.430
460.950
461.470
461.990
462.510
463.030
463.560
464.070
464.590
465.110
465.630
466.150
466.670
467.190
467.720
468.240
468.760
469.280
469.800
470.320
470.850
471.360
471.870
472.390
472.900
473.420
473.940
474.450
474.970
475.490
476.010
476.530
477.050
477.570
478.090
478.600
479.120
479.630
480.150
480.660
481.170
481.690
482.200
482.710
483.220
483.740
484.250
484.770
485.290
485.810
486.330
486.840
487.350
487.880
488.390
488.910
489.420
489.930
490.440
490.950
491.470
491.990
492.500
493.020
493.530
494.050
494.560
495.080
495.590
496.090
496.600
497.110
497.630
498.140
498.650
499.170
499.670
500.200
500.710
501.220
501.740
502.240
502.760
503.270
503.780
504.300
504.810
505.320
505.840
506.350
506.860
507.370
507.890
508.400
508.910
509.420
509.940
510.460
510.970
511.470
511.980
512.510
513.010
513.530
514.040
514.570
515.080
515.580
516.110
516.620
517.130
517.650
518.170
518.680
519.200
519.710
520.220
520.760
521.260
521.760
522.290
522.810
523.330
523.850
524.360
524.870
525.390
525.910
526.420
526.960
527.460
527.950
528.480
528.990
529.500
530.020
530.540
531.050
531.570
532.090
532.600
533.130
533.640
534.160
534.680
535.200
535.710
536.230
536.740
537.250
537.760
538.270
538.790
539.320
539.840
540.360
540.880
541.410
541.910
542.440
542.960
543.480
543.990
544.500
545.020
545.530
546.040
546.550
547.080
547.590
548.110
548.620
549.150
549.660
550.190
550.700
551.230
551.760
552.280
552.790
553.310
553.830
554.350
554.870
555.390
555.920
556.430
556.950
557.470
557.990
558.490
559.020
559.550
560.070
560.590
561.110
561.630
562.150
562.670
563.180
563.710
564.220
564.740
565.250
565.770
566.290
566.800
567.320
567.840
568.360
568.880
569.400
569.910
570.430
570.950
571.480
572.000
572.510
573.030
573.570
574.100
574.620
575.150
575.670
576.200
576.710
577.230
577.750
578.260
578.780
579.300
579.820
580.340
580.850
581.370
581.890
582.400
582.930
583.440
583.970
584.490
585.000
585.520
586.040
586.560
587.070
587.590
588.110
588.620
589.140
589.650
590.160
590.670
591.180
591.700
592.210
592.720
593.240
593.750
594.260
594.780
595.310
595.810
596.330
596.840
597.360
597.880
598.380
598.900
599.420
599.930
600.440
600.960
601.470
601.980
602.490
603.000
603.510
604.020
604.540
605.060
605.570
606.080
606.590
607.090
607.570
608.080
608.580
609.060
609.550
610.050
610.540
611.030
611.510
612.000
612.480
612.960
613.430
613.920
614.410
614.890
615.380
615.870
616.360
616.840
617.320
617.810
618.290
618.760
619.240
619.730
620.220
620.700
621.180
621.670
622.150
622.630
623.140
623.640
624.150
624.660
625.150
625.650
626.150
626.640
627.160
627.660
628.150
628.660
629.170
629.670
630.160
630.660
631.160
631.670
632.170
632.680
633.180
633.680
634.180
634.690
635.190
635.710
636.200
636.700
637.200
637.710
638.210
638.710
639.210
639.710
640.210
640.710
641.210
641.710
642.200
642.700
643.200
643.700
644.200
644.700
645.190
645.700
646.200
646.710
647.220
647.720
648.230
648.740
649.250
649.750
650.260
650.760
651.270
651.780
652.280
652.790
653.300
653.810
654.320
654.820
655.330
655.840
656.340
656.860
657.370
657.870
658.390
658.890
659.380
659.900
660.410
660.900
661.410
661.910
662.410
662.910
663.430
663.930
664.440
664.940
665.450
665.960
666.470
666.980
667.480
667.990
668.490
669.000
669.500
670.020
670.520
671.030
671.520
672.030
672.540
673.040
673.540
674.060
674.550
675.050
675.550
676.070
676.560
677.080
677.580
678.090
678.600
679.100
679.600
680.100
680.610
681.110
681.610
682.110
682.610
683.120
683.620
684.120
684.630
685.130
685.640
686.130
686.640
687.150
687.650
688.150
688.660
689.170
689.680
690.170
690.670
691.180
691.680
692.180
692.690
693.200
693.700
694.210
694.690
695.200
695.710
696.200
696.690
697.200
697.700
698.200
698.700
699.210
699.720
700.220
700.730
701.240
701.730
702.250
702.740
703.240
703.760
704.250
704.760
705.260
705.770
706.280
706.780
707.290
707.800
708.290
708.800
709.300
709.800
710.320
710.810
711.310
711.820
712.330
712.850
713.360
713.870
714.380
714.870
715.380
715.880
716.380
716.880
717.390
717.890
718.390
718.900
719.400
719.900
720.400
720.910
721.420
721.930
722.430
722.930
723.420
723.940
724.430
724.940
725.440
725.950
726.450
726.950
727.440
727.930
728.430
728.940
729.440
729.930
730.430
730.940
731.440
731.950
732.450
732.950
733.450
733.950
734.450
734.940
735.440
735.920
736.420
736.920
737.420
737.900
738.390
738.880
739.380
739.880
740.370
740.860
741.370
741.860
742.350
742.840
743.340
743.840
744.320
744.820
745.320
745.810
746.320
746.820
747.330
747.820
748.330
748.820
749.330
749.820
750.330
750.830
751.320
751.810
752.310
752.810
753.310
753.810
754.320
754.810
755.320
755.820
756.320
756.820
757.320
757.810
758.310
758.810
759.310
759.810
760.310
760.810
761.310
761.820
762.320
762.830
763.320
763.820
764.320
764.830
765.330
765.830
766.340
766.840
767.340
767.830
768.340
768.850
769.340
769.860
770.350
770.840
771.330
771.830
772.330
772.830
773.320
773.830
774.330
774.830
775.330
775.840
776.320
776.830
777.320
777.810
778.310
778.800
779.290
779.790
780.280
780.780
781.270
781.760
782.270
782.770
783.260
783.760
784.260
784.770
785.270
785.770
786.270
786.760
787.260
787.770
788.260
788.760
789.260
789.770
790.270
790.770
791.260
791.770
792.280
792.790
793.290
793.800
794.290
794.780
795.300
795.810
796.310
796.820
797.320
797.820
798.330
798.840
799.340
799.840
800.360
800.870
801.380
801.890
802.390
802.900
803.400
803.910
804.410
804.920
805.420
805.930
806.430
806.930
807.450
807.950
808.450
808.940
809.450
809.950
810.430
810.930
811.440
811.930
812.430
812.920
813.420
813.920
814.410
814.900
815.400
815.890
816.400
816.900
817.410
817.920
818.410
818.920
819.430
819.930
820.440
820.940
821.440
821.960
822.450
822.970
823.460
823.970
824.490
825.000
825.520
826.040
826.560
827.080
827.590
828.100
828.620
829.130
829.630
830.140
830.640
831.160
831.660
832.170
832.670
833.180
833.690
834.190
834.690
835.200
835.710
836.220
836.710
837.210
837.700
838.190
838.680
839.190
839.680
840.180
840.670
841.170
841.680
842.170
842.660
843.170
843.680
844.170
844.670
845.160
845.660
846.150
846.650
847.160
847.660
848.150
848.650
849.150
849.650
850.150
850.650
851.150
851.650
852.150
852.650
853.150
853.650
854.150
854.650
855.140
855.640
856.130
856.620
857.130
857.620
858.120
858.610
859.110
859.610
860.100
860.600
861.090
861.600
862.110
862.610
863.110
863.620
864.140
864.640
865.160
865.660
866.180
866.700
867.220
867.720
868.220
868.730
869.260
869.760
870.290
870.800
871.320
871.830
872.330
872.870
873.380
873.880
874.400
874.930
875.450
875.950
876.460
876.990
877.510
878.020
878.520
879.050
879.570
880.080
880.580
881.100
881.610
882.120
882.640
883.130
883.640
884.150
884.660
885.170
885.680
886.190
886.700
887.200
887.700
888.220
888.720
889.230
889.750
890.260
890.760
891.280
891.800
892.310
892.820
893.340
893.850
894.360
894.880
895.400
895.920
896.430
896.930
897.460
897.980
898.490
898.990
899.510
900.010
900.520
901.030
901.540
902.040
902.540
903.040
903.550
904.060
904.560
905.060
905.580
906.070
906.560
907.060
907.570
908.070
908.570
909.070
909.580
910.100
910.600
911.110
911.610
912.120
912.630
913.140
913.630
914.140
914.660
915.180
915.680
916.200
916.690
917.200
917.700
918.210
918.710
919.240
919.750
920.260
920.770
921.260
921.800
922.300
922.820
923.310
923.830
924.330
924.850
925.370
925.880
926.390
926.910
927.410
927.940
928.440
928.960
929.460
929.980
930.500
931.010
931.530
932.040
932.560
933.070
933.590
934.110
934.630
935.150
935.680
936.210
936.750
937.260
937.790
938.300
938.820
939.340
939.860
940.370
940.890
941.410
941.920
942.450
942.960
943.480
944.000
944.540
945.070
945.590
946.100
946.630
947.140
947.660
948.170
948.680
949.200
949.720
950.220
950.750
951.260
951.770
952.290
952.790
953.300
953.840
954.350
954.860
955.390
955.910
956.430
956.960
957.470
957.990
958.500
959.020
959.540
960.060
960.580
961.090
961.620
962.120
962.620
963.140
963.650
964.170
964.690
965.210
965.700
966.220
966.730
967.240
967.750
968.250
968.780
969.270
969.780
970.310
970.820
971.330
971.850
972.350
972.850
973.370
973.900
974.400
974.910
975.420
975.940
976.450
976.960
977.490
977.990
978.510
979.030
979.550
980.070
980.570
981.070
981.590
982.100
982.600
983.100
983.620
984.130
984.630
985.130
985.660
986.160
986.660
987.180
987.700
988.210
988.720
989.230
989.730
990.240
990.750
991.260
991.780
992.280
992.780
993.300
993.820
994.320
994.820
995.340
995.880
996.430
997.000
997.530
998.130
998.700
999.270
999.820
1000.400
1001.030
1001.660
1002.260
1002.880
1003.500
1004.130
1004.750
1005.380
1006.000
1006.620
1007.240
1007.860
1008.490
1009.120
1009.750
1010.400
1011.050
1011.750
1012.380
1013.070
1013.750
1014.480
1015.150
1015.840
1016.510
1017.250
1017.950
1018.610
1019.370
1020.090
1020.840
1021.550
1022.330
1023.070
1023.810
1024.580
1025.350
1026.080
1026.870
1027.620
1028.370
1029.150
1029.940
1030.670
1031.440
1032.250
1032.990
1033.730
1034.520
1035.250
