10.660	1
11.010
11.330
11.670
12.010	1
12.330
12.680
13.000
13.330	1
13.660
13.990
14.310
14.640	1
14.980
15.300
15.630
15.970	1
16.290
16.640
16.970
17.300	1
17.610
17.940
18.280
18.600	1
18.940
19.280
19.600
19.930	1
20.260
20.590
20.910
21.230	1
21.550
21.900
22.210
22.560	1
22.890
23.230
23.550
23.880	1
24.210
24.560
24.870
25.210	1
25.530
25.870
26.200
26.520	1
26.860
27.200
27.530
27.850	1
28.170
28.520
28.830
29.180	1
29.500
29.840
30.170
30.500	1
30.820
31.150
31.460
31.780	1
32.100
32.430
32.740
33.060	1
33.400
33.740
34.060
34.400	1
34.730
35.050
35.370
35.680	1
36.000
36.330
36.650
37.000	1
37.330
37.670
38.000
38.350	1
38.670
39.000
39.310
39.630	1
39.960
40.290
40.610
40.950	1
41.270
41.610
41.940
42.270	1
42.600
42.940
43.270
43.600	1
43.930
44.270
44.590
44.940	1
45.250
45.600
45.930
46.260	1
46.590
46.940
47.270
47.600	1
47.950
48.290
48.620
48.950	1
49.290
49.640
49.960
50.300	1
50.660
51.020
51.370
51.710	1
52.050
52.380
52.720
53.050	1
53.390
53.730
54.060
54.400	1
54.710
55.040
55.390
55.700	1
56.040
56.380
56.710
57.050	1
57.380
57.710
58.040
58.370	1
58.700
59.040
59.360
59.700	1
60.030
60.360
60.690
61.040	1
61.360
61.700
62.030
62.360	1
62.690
63.020
63.350
63.680	1
64.000
64.340
64.670
65.000	1
65.330
65.670
66.000
66.330	1
66.660
66.980
67.300
67.610	1
67.930
68.250
68.600
68.930	1
69.250
69.590
69.900
70.230	1
70.580
70.910
71.240
71.560	1
71.900
72.240
72.570
72.910	1
73.240
73.580
73.900
74.230	1
74.570
74.920
75.260
75.590	1
75.930
76.270
76.600
76.920	1
77.260
77.600
77.930
78.270	1
78.600
78.950
79.270
79.610	1
79.940
80.280
80.620
80.940	1
81.260
81.570
81.890
82.230	1
82.560
82.920
83.240
83.600	1
83.920
84.250
84.570
84.900	1
85.230
85.570
85.900
86.240	1
86.570
86.900
87.210
87.550	1
87.870
88.200
88.530
88.870	1
89.190
89.520
89.850
90.190	1
90.520
90.870
91.190
91.550	1
91.870
92.220
92.550
92.910	1
93.250
93.580
93.910
94.230	1
94.550
94.900
95.210
95.540	1
95.870
96.220
96.550
96.860	1
97.210
97.540
97.880
98.200	1
98.550
98.890
99.220
99.550	1
99.860
100.200
100.520
100.850	1
101.180
101.530
101.860
102.190	1
102.520
102.860
103.180
103.520	1
103.860
104.200
104.520
104.850	1
105.180
105.530
105.860
106.210	1
106.530
106.870
107.200
107.540	1
107.870
108.200
108.530
108.860	1
109.180
109.500
109.810
110.130	1
110.470
110.820
111.150
111.490	1
111.830
112.180
112.510
112.840	1
113.170
113.520
113.840
114.180	1
114.510
114.860
115.190
115.540	1
115.860
116.200
116.520
116.870	1
117.200
117.530
117.870
118.210	1
118.550
118.910
119.240
119.590	1
119.930
120.250
120.580
120.920	1
121.250
121.590
121.910
122.250	1
122.570
122.890
123.200
123.520	1
123.850
124.180
124.510
124.840	1
125.170
125.500
125.820
126.130	1
126.450
126.770
127.100
127.430	1
127.760
128.090
128.420
128.760	1
129.100
129.430
129.760
130.090	1
130.420
130.750
131.080
131.400	1
131.740
132.070
132.400
132.720	1
133.040
133.370
133.720
134.030	1
134.380
134.710
135.020
135.370	1
135.690
136.030
136.350
136.690	1
137.020
137.350
137.680
138.010	1
138.360
138.700
139.020
139.360	1
139.680
140.020
140.350
140.670	1
141.000
141.330
141.660
141.990	1
142.310
142.650
142.980
143.310	1
143.640
143.970
144.300
144.630	1
144.960
145.300
145.630
145.960	1
146.290
146.620
146.950
147.290	1
147.620
147.960
148.290
148.610	1
148.930
149.240
149.560
149.880	1
150.210
150.560
150.890
151.210	1
151.530
151.840
152.160
152.500	1
152.820
153.150
153.480
153.810	1
154.140
154.470
154.790
155.140	1
155.470
155.790
156.120
156.450	1
156.770
157.100
157.430
157.770	1
158.100
158.420
158.740
159.080	1
159.400
159.750
160.070
160.390	1
160.720
161.060
161.400
161.720	1
162.030
162.350
162.670
163.000	1
163.350
163.670
163.990
164.300	1
164.620
164.960
165.290
165.620	1
165.960
166.290
166.640
166.960	1
167.300
167.620
167.960
168.280	1
168.630
168.960
169.290
169.610	1
169.930
170.280
170.610
170.950	1
171.280
171.590
171.920
172.270	1
172.580
172.910
173.250
173.580	1
173.900
174.240
174.570
174.910	1
175.220
175.560
175.870
176.200	1
176.530
176.870
177.190
177.520	1
177.850
178.180
178.510
178.840	1
179.170
179.510
179.820
180.150	1
180.480
180.810
181.140
181.470	1
181.810
182.130
182.460
182.800	1
183.140
183.460
183.790
184.130	1
184.460
184.780
185.110
185.440	1
185.780
186.110
186.430
186.750	1
187.080
187.390
187.690
188.000	1
188.330
188.660
189.000
189.320	1
189.660
189.970
190.310
190.630	1
190.960
191.290
191.630
191.940	1
192.270
192.590
192.920
193.250	1
193.580
193.910
194.230
194.550	1
194.880
195.210
195.540
195.870	1
196.210
196.540
196.860
197.180	1
197.520
197.850
198.180
198.500	1
198.830
199.140
199.470
199.790	1
200.130
200.450
200.780
201.110	1
201.440
201.770
202.110
202.440	1
202.770
203.100
203.430
203.750	1
204.070
204.390
204.720
205.050	1
205.380
205.720
206.050
206.380	1
206.690
207.020
207.330
207.650	1
207.970
208.300
208.610
208.950	1
209.280
209.600
209.930
210.260	1
210.580
210.890
211.210
211.540	1
211.860
212.190
212.510
212.850	1
213.170
213.500
213.820
214.150	1
214.470
214.790
215.120
215.430	1
215.770
216.090
216.420
216.740	1
217.060
217.380
217.710
218.030	1
218.360
218.680
218.990
219.290	1
219.600
219.920
220.250
220.570	1
220.890
221.210
221.550
221.860	1
222.190
222.530
222.860
223.190	1
223.530
223.860
224.180
224.510	1
224.850
225.170
225.490
225.820	1
226.150
226.470
226.800
227.130	1
227.460
227.780
228.110
228.440	1
228.780
229.100
229.430
229.740	1
230.080
230.410
230.730
231.060	1
231.380
231.700
232.020
232.320	1
232.630
232.960
233.270
233.600	1
233.920
234.240
234.550
234.870	1
235.190
235.510
235.840
236.160	1
236.480
236.810
237.140
237.460	1
237.780
238.100
238.420
238.740	1
239.060
239.380
239.710
240.020	1
240.340
240.670
240.990
241.310	1
241.630
241.940
242.260
242.580	1
242.910
243.230
243.550
243.880	1
244.200
244.530
244.870
245.190	1
245.520
245.840
246.170
246.510	1
246.840
247.160
247.490
247.820	1
248.140
248.460
248.780
249.100	1
249.430
249.760
250.080
250.410	1
250.740
251.070
251.380
251.710	1
252.030
252.350
252.660
252.980	1
253.310
253.630
253.950
254.270	1
254.590
254.910
255.220
255.540	1
255.860
256.190
256.500
256.820	1
257.150
257.460
257.770
258.070	1
258.380
258.710
259.030
259.360	1
259.690
260.010
260.330
260.640	1
260.960
261.290
261.610
261.930	1
262.250
262.570
262.880
263.210	1
263.530
263.860
264.180
264.510	1
264.840
265.170
265.500
265.830	1
266.160
266.490
266.830
267.160	1
267.490
267.810
268.120
268.440	1
268.760
269.100
269.420
269.760	1
270.080
270.420
270.760
271.090	1
271.420
271.750
272.070
272.400	1
272.730
273.060
273.390
273.720	1
274.060
274.390
274.700
275.030	1
275.370
275.710
276.030
276.370	1
276.700
277.030
277.360
277.700	1
278.020
278.360
278.690
279.020	1
279.350
279.690
280.010
280.330	1
280.660
280.980
281.320
281.650	1
281.980
282.310
282.640
282.970	1
283.290
283.620
283.950
284.280	1
284.620
284.950
285.280
285.620	1
285.950
286.290
286.620
286.960	1
287.290
287.620
287.940
288.290	1
288.610
288.950
289.270
289.610	1
289.940
290.280
290.610
290.940	1
291.270
291.610
291.940
292.260	1
292.590
292.930
293.260
293.600	1
293.930
294.260
294.600
294.930	1
295.260
295.580
295.910
296.250	1
296.570
296.890
297.190
297.500	1
297.830
298.160
298.480
298.820	1
299.140
299.480
299.800
300.120	1
300.450
300.780
301.110
301.430	1
301.760
302.090
302.410
302.730	1
303.050
303.370
303.690
304.030	1
304.360
304.690
305.000
305.330	1
305.660
305.980
306.310
306.640	1
306.980
307.290
307.620
307.940	1
308.260
308.590
308.910
309.230	1
309.570
309.900
310.220
310.560	1
310.900
311.240
311.570
311.900	1
312.220
312.540
312.850
313.150	1
313.460
313.790
314.120
314.460	1
314.780
315.110
315.430
315.760	1
316.090
316.420
316.760
317.090	1
317.420
317.750
318.080
318.420	1
318.740
319.080
319.410
319.730	1
320.060
320.400
320.720
321.050	1
321.370
321.710
322.050
322.380	1
322.710
323.040
323.370
323.700	1
324.040
324.370
324.710
325.040	1
325.360
325.670
325.990
326.310	1
326.640
326.980
327.310
327.650	1
327.980
328.300
328.620
328.970	1
329.300
329.640
329.980
330.320	1
330.650
330.990
331.310
331.640	1
331.970
332.320
332.650
332.960	1
333.290
333.620
333.950
334.290	1
334.620
334.950
335.280
335.600	1
335.910
336.230
336.550
336.870	1
337.190
337.510
337.830
338.160	1
338.470
338.790
339.120
339.440	1
339.770
340.100
340.430
340.770	1
341.100
341.410
341.740
342.060	1
342.400
342.730
343.060
343.400	1
343.720
344.040
344.350
344.670	1
345.000
345.330
345.650
345.990	1
346.330
346.670
346.990
347.340	1
347.670
348.030
348.340
348.690	1
349.010
349.340
349.690
350.030	1
350.350
350.700
351.030
351.380	1
351.700
352.030
352.360
352.690	1
353.020
353.360
353.690
354.020	1
354.350
354.700
355.020
355.360	1
355.690
356.020
356.350
356.690	1
357.030
357.360
357.680
358.010	1
358.350
358.680
359.020
359.350	1
359.670
360.010
360.340
360.660	1
360.970
361.270
361.580
361.900	1
362.240
362.580
362.910
363.240	1
363.570
363.900
364.220
364.550	1
364.870
365.200
365.530
365.850	1
366.180
366.510
366.840
367.170	1
367.500
367.820
368.150
368.480	1
368.810
369.160
369.480
369.830	1
370.140
370.480
370.810
371.140	1
371.470
371.810
372.130
372.470	1
372.780
373.120
373.460
373.780	1
374.090
374.410
374.730
375.050	1
375.380
375.700
376.030
376.350	1
376.670
377.010
377.340
377.680	1
378.000
378.330
378.660
378.980	1
379.310
379.660
379.970
380.300	1
380.630
380.970
381.290
381.610	1
381.920
382.260
382.590
382.920	1
383.240
383.580
383.910
384.240	1
384.580
384.910
385.250
385.580	1
385.910
386.250
386.570
386.910	1
387.240
387.570
387.910
388.250	1
388.590
388.930
389.260
389.610	1
389.940
390.270
390.600
390.940	1
391.280
391.600
391.920
392.270	1
392.600
392.930
393.260
393.570	1
393.910
394.240
394.590
394.940	1
395.260
395.610
395.930
396.260	1
396.590
396.920
397.260
397.590	1
397.910
398.230
398.560
398.890	1
399.220
399.540
399.860
400.170	1
400.490
400.810
401.130
401.460	1
401.770
402.120
402.440
402.780	1
403.110
403.440
403.770
404.100	1
404.420
404.750
405.090
405.410	1
405.720
406.030
406.330
406.660	1
406.970
407.300
407.630
407.960	1
408.280
408.610
408.930
409.250	1
409.570
409.880
410.180
410.490	1
410.820
411.150
411.460
411.810	1
412.140
412.470
412.800
413.110	1
413.450
413.790
414.100
414.450	1
414.780
415.090
415.420
415.760	1
416.090
416.400
416.720
417.040	1
417.370
417.690
418.020
418.350	1
418.680
419.020
419.350
419.670	1
420.000
420.330
420.650
420.980	1
421.310
421.650
421.970
422.290	1
422.620
422.950
423.280
423.600	1
423.930
424.260
424.580
424.910	1
425.250
425.570
425.920
426.250	1
426.560
426.880
427.200
427.530	1
427.850
428.180
428.500
428.830	1
429.160
429.480
429.790
430.120	1
430.440
430.760
431.080
431.400	1
431.730
432.060
432.380
432.720	1
433.040
433.390
433.700
434.050	1
434.370
434.700
435.030
435.370	1
435.680
436.020
436.340
436.660	1
436.980
437.320
437.640
437.980	1
438.290
438.620
438.950
439.270	1
439.590
439.920
440.250
440.580	1
440.890
441.220
441.530
441.830	1
442.140
442.450
442.770
443.100	1
443.420
443.740
444.060
444.380	1
444.710
445.030
445.360
445.690	1
446.010
446.340
446.660
446.980	1
447.290
447.620
447.940
448.280	1
448.600
448.930
449.250
449.570	1
449.890
450.210
450.530
450.850	1
451.170
451.500
451.810
452.140	1
452.460
452.780
453.100
453.420	1
453.760
454.090
454.420
454.730	1
455.060
455.390
455.710
456.040	1
456.370
456.690
457.020
457.340	1
457.660
457.970
458.290
458.620	1
458.960
459.280
459.590
459.910	1
460.240
460.570
460.890
461.220	1
461.550
461.870
462.200
462.510	1
462.830
463.160
463.470
463.800	1
464.110
464.410
464.720
465.030	1
465.360
465.680
465.990
466.320	1
466.640
466.950
467.260
467.560	1
467.870
468.190
468.510
468.830	1
469.160
469.480
469.800
470.120	1
470.440
470.760
471.070
471.400	1
471.710
472.040
472.370
472.690	1
473.020
473.360
473.680
474.020	1
474.340
474.690
475.000
475.340	1
475.670
476.000
476.320
476.660	1
476.980
477.290
477.610
477.930	1
478.260
478.610
478.920
479.270	1
479.590
479.920
480.250
480.600	1
480.920
481.280
481.610
481.950	1
482.290
482.630
482.960
483.310	1
483.650
483.970
484.320
484.670	1
485.000
485.340
485.680
486.020	1
486.360
486.700
487.030
487.370	1
487.700
488.050
488.380
488.730	1
489.070
489.410
489.730
490.080	1
490.410
490.770
491.090
491.450	1
491.770
492.130
492.440
492.790	1
493.110
493.440
493.780
494.120	1
494.450
494.800
495.140
495.490	1
495.820
496.160
496.490
496.830	1
497.170
497.530
497.860
498.210	1
498.530
498.880
499.220
499.560	1
499.900
500.250
500.580
500.930	1
501.270
501.620
501.960
502.290	1
502.620
502.940
503.250
503.590	1
503.920
504.250
504.590
504.930	1
505.270
505.610
505.940
506.300	1
506.620
506.980
507.290
507.640	1
507.970
508.280
508.610
508.960	1
509.280
509.590
509.910
510.240	1
510.570
510.920
511.250
511.600	1
511.950
512.260
512.590
512.930	1
513.260
513.600
513.920
514.260	1
514.600
514.930
515.260
515.600	1
515.950
516.290
516.620
516.980	1
517.300
517.640
517.970
518.320	1
518.640
518.980
519.320
519.660	1
519.980
520.320
520.670
521.010	1
521.320
521.670
521.980
522.330	1
522.640
522.980
523.310
523.650	1
523.970
524.310
524.640
524.970	1
525.290
525.630
525.960
526.290	1
