0.070
0.360
0.640
0.930
1.220
1.520
1.810
2.100
2.390
2.680
2.970
3.250
3.550
3.840
4.130
4.410
4.690
4.960
5.240
5.520
5.810
6.100
6.390
6.680
6.950
7.230
7.520
7.810
8.090
8.380
8.670
8.950
9.230
9.520
9.790
10.070
10.360
10.650
10.930
11.230
11.510
11.790
12.070
12.350
12.630
12.910
13.190
13.490
13.770
14.060
14.350
14.640
14.930
15.210
15.490
15.780
16.060
16.330
16.620
16.890
17.180
17.460
17.750
18.030
18.320
18.600
18.880
19.150
19.440
19.740
20.030
20.310
20.610
20.890
21.180
21.470
21.760
22.050
22.350
22.640
22.930
23.210
23.500
23.790
24.090
24.390
24.690
24.980
25.280
25.580
25.880
26.160
26.460
26.750
27.040
27.330
27.620
27.910
28.200
28.480
28.770
29.060
29.360
29.650
29.950
30.250
30.550
30.840
31.140
31.430
31.730
32.020
32.310
32.610
32.910
33.200
33.510
33.800
34.110
34.400
34.690
34.980
35.270
35.570
35.860
36.150
36.440
36.730
37.020
37.300
37.590
37.890
38.180
38.490
38.790
39.080
39.390
39.680
39.990
40.280
40.580
40.880
41.190
41.480
41.790
42.080
42.390
42.680
42.990
43.280
43.590
43.890
44.190
44.490
44.790
45.110
45.420
45.720
46.030
46.330
46.630
46.930
47.230
47.530
47.840
48.140
48.440
48.730
49.040
49.350
49.660
49.960
50.260
50.560
50.860
51.160
51.460
51.750
52.060
52.350
52.660
52.950
53.260
53.550
53.860
54.150
54.460
54.760
55.060
55.360
55.650
55.940
56.240
56.520
56.820
57.100
57.390
57.680
57.980
58.270
58.560
58.850
59.150
59.450
59.750
60.050
60.340
60.650
60.950
61.240
61.550
61.840
62.150
62.440
62.750
63.040
63.340
63.640
63.940
64.220
64.520
64.810
65.110
65.400
65.710
66.010
66.300
66.610
66.910
67.200
67.510
67.800
68.110
68.410
68.710
69.010
69.300
69.610
69.910
70.210
70.510
70.820
71.130
71.430
71.740
72.030
72.330
72.630
72.940
73.230
73.540
73.830
74.140
74.440
74.740
75.040
75.340
75.640
75.940
76.230
76.530
76.840
77.130
77.430
77.750
78.060
78.370
78.670
78.980
79.270
79.590
79.890
80.210
80.510
80.820
81.120
81.430
81.720
82.030
82.320
82.630
82.920
83.230
83.530
83.840
84.140
84.460
84.760
85.070
85.370
85.670
85.980
86.280
86.580
86.870
87.180
87.490
87.790
88.100
88.400
88.710
89.000
89.310
89.610
89.910
90.220
90.530
90.820
91.130
91.430
91.740
92.040
92.350
92.660
92.970
93.270
93.580
93.870
94.180
94.470
94.760
95.050
95.340
95.620
95.920
96.200
96.490
96.780
97.080
97.380
97.680
97.980
98.280
98.580
98.890
99.180
99.480
99.780
100.090
100.390
100.690
100.990
101.290
101.580
101.890
102.180
102.480
102.790
103.110
103.410
103.730
104.030
104.340
104.640
104.940
105.240
105.550
105.840
106.150
106.440
106.750
107.040
107.340
107.650
107.960
108.270
108.580
108.880
109.190
109.490
109.800
110.090
110.400
110.690
111.000
111.290
111.600
111.890
112.200
112.500
112.800
113.090
113.390
113.690
114.000
114.290
114.590
114.890
115.200
115.490
115.800
116.090
116.400
116.700
117.000
117.310
117.620
117.930
118.240
118.540
118.860
119.160
119.470
119.770
120.080
120.370
120.680
120.980
121.280
121.570
121.870
122.170
122.480
122.780
123.090
123.380
123.690
123.990
124.290
124.590
124.890
125.200
125.510
125.810
126.120
126.410
126.720
127.010
127.320
127.610
127.910
128.210
128.520
128.820
129.120
129.430
129.750
130.050
130.360
130.660
130.960
131.260
131.570
131.860
132.170
132.460
132.770
133.060
133.360
133.650
133.930
134.220
134.510
134.820
135.120
135.410
135.730
136.030
136.350
136.650
136.950
137.250
137.560
137.850
138.160
138.460
138.760
139.050
139.360
139.650
139.960
140.260
140.560
140.870
141.180
141.480
141.800
142.090
142.400
142.690
143.000
143.290
143.610
143.910
144.220
144.510
144.820
145.110
145.420
145.710
146.010
146.310
146.610
146.910
147.220
147.520
147.820
148.120
148.420
148.710
148.990
149.290
149.600
149.890
150.190
150.490
150.800
151.090
151.390
151.690
152.000
152.290
152.600
152.890
153.200
153.500
153.790
154.100
154.420
154.710
155.020
155.310
155.620
155.910
156.220
156.510
156.820
157.110
157.420
157.710
158.020
158.320
158.640
158.940
159.260
159.560
159.870
160.170
160.470
160.770
161.080
161.370
161.680
161.970
162.270
162.580
162.880
163.180
163.480
163.770
164.070
164.370
164.680
164.980
165.290
165.590
165.910
166.210
166.530
166.820
167.130
167.420
167.730
168.010
168.310
168.600
168.910
169.200
169.510
169.800
170.110
170.400
170.710
171.010
171.320
171.620
171.940
172.230
172.540
172.830
173.130
173.430
173.740
174.040
174.360
174.660
174.970
175.270
175.570
175.880
176.190
176.490
176.810
177.110
177.410
177.710
178.010
178.310
178.620
178.920
179.220
179.520
179.830
180.140
180.450
180.750
181.070
181.370
181.680
181.990
182.310
182.610
182.930
183.230
183.540
183.840
184.150
184.440
184.760
185.060
185.370
185.680
185.990
186.280
186.590
186.880
187.190
187.490
187.810
188.110
188.430
188.730
189.030
189.330
189.630
189.960
190.290
190.770
191.380
192.040
192.650
193.310
193.920
194.530
195.130
195.750
196.370
196.990
197.600
198.220
198.840
199.460
200.060
200.680
201.280
201.920
202.530
203.140
203.780
204.390
205.000
205.640
206.240
206.870
207.480
208.090
208.700
209.330
209.960
210.580
211.190
211.810
212.420
213.050
213.660
214.280
214.900
215.510
216.120
216.730
217.340
217.960
218.540
219.160
219.770
220.370
220.990
221.600
222.220
222.830
223.440
224.060
224.660
225.280
225.880
226.500
227.110
227.730
228.330
228.950
229.550
230.170
230.780
231.400
232.010
232.610
233.240
233.850
234.470
235.090
235.700
236.320
236.930
237.550
238.160
238.760
239.370
239.990
240.600
241.250
241.850
242.470
243.090
243.730
244.350
244.970
245.590
246.210
246.830
247.450
248.070
248.680
249.300
249.910
250.510
251.130
251.750
252.380
252.990
253.610
254.240
254.860
255.480
256.090
256.720
257.340
257.950
258.570
259.190
259.800
260.430
261.040
261.640
262.270
262.890
263.510
264.130
264.750
265.360
265.980
266.580
267.200
267.810
268.420
269.030
269.650
270.260
270.890
271.500
272.130
272.760
273.380
274.000
274.620
275.230
275.860
276.480
277.100
277.730
278.350
278.970
279.580
280.190
280.820
281.420
282.040
282.650
283.290
283.900
284.520
285.140
285.750
286.390
287.010
287.640
288.250
288.870
289.490
290.090
290.710
291.320
291.940
292.540
293.160
293.780
294.390
295.010
295.620
296.230
296.850
297.460
298.070
298.690
299.310
299.920
300.520
301.120
301.740
302.330
302.940
303.560
304.160
304.770
305.390
305.990
306.610
307.210
307.820
308.430
309.050
309.650
310.260
310.880
311.520
312.160
312.790
313.430
314.060
314.690
315.330
315.960
316.580
317.200
317.830
318.450
319.070
319.690
320.310
320.920
321.540
322.170
322.800
323.410
324.040
324.660
325.280
325.900
326.510
327.120
327.760
328.360
328.970
329.590
330.200
330.790
331.420
332.030
332.640
333.250
333.870
334.490
335.110
335.730
336.350
336.990
337.600
338.220
338.860
339.480
340.080
340.680
341.320
341.950
342.570
343.190
343.800
344.400
345.020
345.620
346.230
346.820
347.450
348.070
348.730
349.350
350.060
350.740
351.480
352.170
352.790
353.390
354.030
354.620
355.310
355.990
356.700
357.360
358.000
358.630
359.300
359.910
360.580
361.220
