0.000
0.370
0.730
1.090
1.440
1.800
2.140
2.500
2.860
3.200
3.560
3.910
4.250
4.610
4.950
5.320
5.680
6.040
6.380
6.750
7.120
7.480
7.820
8.180
8.560
8.920
9.290
9.640
10.020
10.380
10.740
11.090
11.470
11.830
12.180
12.550
12.930
13.300
13.680
14.050
14.410
14.790
15.160
15.530
15.890
16.260
16.620
17.000
17.380
17.750
18.110
18.480
18.850
19.220
19.580
19.940
20.310
20.680
21.050
21.420
21.800
22.170
22.530
22.900
23.270
23.630
24.000
24.370
24.750
25.130
25.500
25.870
26.230
26.610
26.960
27.340
27.700
28.080
28.440
28.800
29.160
29.520
29.890
30.270
30.640
31.010
31.380
31.740
32.100
32.480
32.860
33.220
33.590
33.950
34.300
34.670
35.040
35.400
35.760
36.130
36.490
36.850
37.210
37.570
37.920
38.280
38.630
38.980
39.330
39.650
39.990
40.350
40.710
41.050
41.410
41.780
42.150
42.510
42.870
43.230
43.590
43.950
44.320
44.670
45.020
45.380
45.750
46.110
46.470
46.840
47.200
47.550
47.910
48.280
48.650
49.010
49.380
49.730
50.090
50.460
50.830
51.190
51.540
51.910
52.270
52.630
53.000
53.370
53.740
54.100
54.460
54.830
55.200
55.550
55.910
56.260
56.630
56.990
57.350
57.700
58.060
58.410
58.770
59.110
59.480
59.840
60.190
60.550
60.900
61.260
61.610
61.960
62.310
62.660
63.010
63.370
63.730
64.080
64.440
64.800
65.160
65.520
65.890
66.250
66.610
66.970
67.320
67.690
68.030
68.410
68.770
69.120
69.480
69.830
70.210
70.570
70.930
71.300
71.660
72.030
72.400
72.760
73.110
73.480
73.850
74.200
74.560
74.930
75.270
75.640
75.990
76.350
76.730
77.080
77.430
77.790
78.130
78.480
78.840
79.200
79.560
79.920
80.270
80.620
80.980
81.330
81.680
82.040
82.400
82.750
83.120
83.470
83.810
84.160
84.520
84.880
85.220
85.550
85.900
86.250
86.590
86.920
87.260
87.630
88.000
88.370
88.740
89.100
89.460
89.820
90.190
90.550
90.900
91.260
91.620
91.990
92.350
92.700
93.070
93.430
93.780
94.140
94.510
94.870
95.230
95.590
95.960
96.320
96.680
97.040
97.400
97.760
98.110
98.480
98.830
99.190
99.570
99.930
100.310
100.650
101.020
101.390
101.750
102.100
102.460
102.820
103.180
103.530
103.880
104.240
104.610
104.960
105.320
105.680
106.050
106.410
106.760
107.120
107.470
107.820
108.180
108.530
108.900
109.260
109.620
109.980
110.330
110.690
111.060
111.430
111.780
112.140
112.500
112.860
113.230
113.570
113.940
114.280
114.640
114.980
115.340
115.690
116.050
116.400
116.750
117.110
117.470
117.820
118.170
118.530
118.900
119.230
119.590
119.940
120.300
120.640
121.000
121.340
121.690
122.040
122.410
122.760
123.120
123.470
123.840
124.200
124.540
124.890
125.240
125.590
125.950
126.300
126.660
127.020
127.370
127.730
128.090
128.440
128.800
129.140
129.500
129.860
130.210
130.550
130.900
131.260
131.610
131.960
132.320
132.670
133.030
133.390
133.750
134.110
134.460
134.810
135.170
135.520
135.880
136.240
136.590
136.950
137.300
137.650
138.000
138.360
138.720
139.070
139.430
139.800
140.160
140.520
140.880
141.240
141.590
141.950
142.290
142.660
143.010
143.360
143.700
144.060
144.410
144.770
145.120
145.480
145.830
146.180
146.530
146.880
147.240
147.590
147.950
148.310
148.670
149.020
149.390
149.750
150.130
150.480
150.850
151.210
151.580
151.930
152.300
152.660
153.020
153.360
153.740
154.090
154.450
154.820
155.160
155.520
155.880
156.240
156.600
156.960
157.330
157.680
158.040
158.390
158.750
159.120
159.480
159.830
160.200
160.570
160.930
161.270
161.630
161.990
162.350
162.710
163.070
163.440
163.790
164.150
164.510
164.870
165.230
165.590
165.950
166.310
166.670
167.020
167.380
167.760
168.120
168.490
168.870
169.220
169.580
169.940
170.320
170.690
171.060
171.420
171.790
172.160
172.510
172.870
173.230
173.590
173.950
174.310
174.680
175.040
175.410
175.770
176.150
176.530
176.890
177.250
177.610
177.960
178.320
178.680
179.030
179.410
179.810
180.180
180.570
180.940
181.310
181.680
182.030
182.410
182.770
183.150
183.520
183.880
184.250
184.620
184.980
185.350
185.710
186.070
186.440
186.790
187.170
187.530
187.920
188.270
188.660
189.010
189.330
189.660
189.980
190.300
190.620
190.930
191.260
191.570
191.890
192.210
192.530
192.860
193.170
193.490
193.810
194.140
194.450
194.770
195.100
195.410
195.730
196.060
196.380
196.700
