0.510
1.350
2.270
3.160
4.090
5.030
5.990
6.940
7.880
8.860
9.750
10.710
11.620
12.530
13.540
14.540
15.540
16.550
17.510
18.500
19.590
20.710
21.760
22.810
23.810
24.780
25.720
26.760
27.790
28.880
29.850
30.860
31.830
32.810
33.780
34.740
35.760
36.750
37.750
38.820
39.920
40.830
41.750
42.700
43.630
44.520
45.480
46.480
47.490
48.550
49.580
50.570
51.650
52.760
53.830
54.970
56.050
57.110
58.100
59.170
60.250
61.340
62.410
63.450
64.540
65.530
66.510
67.520
68.540
69.520
70.640
71.750
72.800
73.850
74.830
75.860
76.880
77.910
78.920
79.910
80.880
81.900
82.890
83.880
84.910
85.910
86.970
87.960
88.990
90.060
91.100
92.070
93.140
94.160
95.190
96.290
97.330
98.440
99.410
100.430
101.450
102.480
103.550
104.620
105.690
106.780
107.790
108.820
109.880
110.960
112.070
113.130
114.160
115.290
116.320
117.340
118.410
119.430
120.500
121.590
122.710
123.820
124.850
125.900
126.890
127.920
128.960
130.020
131.050
132.040
133.010
133.980
134.980
135.980
136.890
137.880
138.850
139.860
140.860
141.790
142.760
143.790
144.710
145.700
146.540
147.410
148.250
149.120
150.000
150.960
151.890
152.810
153.760
154.730
155.780
156.760
157.790
158.840
159.880
160.840
161.890
162.950
163.950
164.950
165.970
166.950
168.000
168.970
169.990
170.930
171.890
172.870
173.860
