0.600
1.580
2.650
3.650
4.690
5.820
6.880
7.940
8.950
10.040
11.050
12.140
13.290
14.360
15.340
16.320
17.340
18.390
19.360
20.500
21.590
22.680
23.710
24.840
25.850
26.790
27.820
28.780
29.820
30.770
31.600
32.380
33.200
33.960
34.800
35.570
36.400
37.240
38.100
38.930
39.740
40.560
41.360
42.100
42.900
43.550
44.240
44.920
45.560
46.230
46.850
47.460
48.090
48.750
49.330
49.930
50.510
51.110
51.680
52.290
52.870
53.440
54.030
54.620
55.220
55.830
56.410
56.970
57.570
58.140
58.670
59.260
59.790
60.360
60.910
61.470
62.040
62.640
63.210
63.830
64.410
65.000
65.620
66.210
66.800
67.430
68.030
68.630
69.230
69.830
70.410
71.010
71.600
72.270
72.910
73.550
74.150
74.790
75.320
75.880
76.400
76.940
77.510
78.020
78.590
79.100
79.640
80.180
80.730
81.280
81.800
82.310
82.840
83.400
83.970
84.570
85.140
85.710
86.250
86.850
87.390
88.010
88.570
89.180
89.790
90.400
90.980
91.600
92.150
92.760
93.300
93.890
94.450
95.040
95.600
96.160
96.690
97.240
97.790
98.340
98.880
99.460
100.010
100.560
101.090
101.650
102.210
102.780
103.310
103.900
104.430
105.000
105.540
106.070
106.620
107.200
107.750
108.350
108.900
109.460
110.060
110.630
111.150
111.730
112.250
112.800
113.350
113.930
114.460
115.010
115.600
116.160
116.720
117.280
117.840
118.390
118.910
119.490
120.060
120.620
121.150
121.730
122.280
122.860
123.390
123.950
124.500
125.030
125.600
126.200
126.760
127.360
127.940
128.520
129.060
129.630
130.170
130.760
131.300
131.880
132.390
132.960
133.490
134.040
134.560
135.100
135.650
136.200
136.710
137.270
137.800
138.360
138.870
139.440
139.980
140.500
141.040
141.590
142.110
142.660
143.210
143.770
144.320
144.900
145.440
146.000
146.560
147.110
147.620
148.150
148.670
149.230
149.740
150.300
150.820
151.370
151.930
152.470
152.980
153.530
154.030
154.590
155.070
155.600
156.090
156.620
157.130
157.690
158.220
158.730
159.250
159.790
160.310
160.860
161.390
161.920
162.440
162.990
163.490
164.050
164.560
165.080
165.610
166.160
166.670
167.220
167.740
168.270
168.790
169.320
169.820
170.340
170.850
171.380
171.890
172.440
172.930
173.480
173.970
174.510
175.010
175.560
176.090
176.630
177.160
177.680
178.170
178.720
179.220
179.760
180.250
180.770
181.320
181.860
182.360
182.910
183.410
183.940
184.460
185.000
185.520
186.040
186.530
187.050
187.570
188.110
188.610
189.140
189.630
190.160
190.660
191.200
191.700
192.230
192.790
193.320
193.840
194.370
194.890
195.440
195.930
196.470
196.990
197.540
198.050
198.710
199.390
200.280
201.140
202.200
203.220
204.200
205.210
206.290
207.340
208.330
209.410
210.450
211.490
212.520
213.540
214.570
215.600
216.650
217.670
218.750
219.800
220.860
221.910
222.950
224.000
225.010
226.050
227.080
228.070
229.140
230.210
231.280
232.310
233.340
234.370
235.420
236.440
237.470
238.520
239.550
240.590
241.600
242.610
243.630
244.710
245.710
246.740
247.780
248.830
249.850
250.880
251.900
252.940
253.930
254.960
255.980
256.960
258.020
259.030
260.050
261.120
262.110
263.150
264.180
265.180
266.190
267.190
268.170
269.180
270.160
271.160
272.180
273.230
274.270
275.270
276.310
277.330
278.350
279.350
280.360
281.360
282.370
283.380
284.460
285.500
286.510
287.480
288.360
289.310
290.200
291.260
292.290
293.340
294.350
295.390
296.420
297.480
298.490
299.490
300.560
301.590
302.630
303.610
304.680
305.700
306.770
307.850
308.950
309.980
311.120
312.160
313.260
314.250
315.260
316.300
317.310
318.350
319.340
320.270
321.260
322.180
323.200
324.230
325.310
326.360
327.370
328.380
329.430
330.420
331.470
332.470
333.480
334.560
335.580
336.530
337.420
338.390
339.310
340.170
341.080
342.050
343.070
344.030
345.010
345.990
347.050
348.110
349.150
350.160
351.180
352.230
353.240
353.940
354.620
355.300
355.940
356.620
357.290
357.950
358.620
359.300
359.980
360.640
361.330
362.010
362.680
363.340
364.030
364.710
365.470
366.210
366.890
367.590
368.240
368.900
369.520
370.160
370.830
371.480
371.990
372.510
373.000
373.520
374.010
374.550
375.020
375.550
376.060
376.540
377.060
377.580
378.090
378.610
379.100
379.620
380.160
380.650
381.170
381.690
382.180
382.710
383.230
383.740
384.250
384.760
385.240
385.770
386.270
386.770
387.300
387.820
388.280
388.780
389.290
389.770
390.260
390.780
391.280
391.780
392.260
392.760
393.260
393.790
394.310
394.810
395.480
396.150
396.820
397.480
398.150
398.830
399.490
400.140
400.850
401.520
402.180
402.880
403.570
404.230
404.880
405.550
406.220
406.890
407.560
408.210
408.880
409.570
410.250
410.930
411.620
412.280
412.970
413.640
414.340
415.040
415.740
416.430
417.110
417.800
418.460
419.150
419.810
420.510
421.170
421.860
422.590
423.300
423.990
424.660
425.360
426.070
426.800
427.470
428.220
428.920
429.620
430.280
430.970
431.650
432.340
433.040
433.720
434.410
435.100
435.780
436.490
437.190
437.890
438.580
439.260
439.950
440.660
441.360
442.050
442.700
443.410
444.110
444.790
445.490
446.230
447.010
447.870
448.750
449.730
450.700
451.730
452.700
453.740
454.780
455.790
456.820
457.910
458.930
459.990
461.020
462.070
463.130
464.130
465.140
466.170
467.170
468.190
469.240
470.290
471.270
472.250
473.290
474.320
475.370
476.380
477.370
478.440
479.410
480.430
481.450
482.490
483.480
484.520
485.540
486.670
487.700
488.790
489.920
490.960
491.930
492.840
493.800
494.770
495.600
496.510
497.330
498.230
499.080
499.950
500.810
501.670
502.430
503.260
504.180
505.170
506.100
507.110
508.070
509.000
509.990
510.900
511.870
512.850
513.810
514.790
515.740
516.660
517.670
