0.220
0.760
1.320
1.900
2.530
3.130
3.760
4.340
4.930
5.550
6.140
6.710
7.270
7.820
8.400
8.950
9.520
10.060
10.620
11.200
11.720
12.270
12.840
13.400
13.950
14.510
15.090
15.650
16.200
16.760
17.320
17.840
18.400
18.980
19.550
20.080
20.640
21.200
21.740
22.270
22.820
23.380
23.930
24.470
25.010
25.560
26.120
26.640
27.190
27.750
28.270
28.820
29.370
29.900
30.460
30.990
31.530
32.110
32.650
33.200
33.710
34.260
34.820
35.320
35.840
36.370
36.880
37.400
37.910
38.440
38.960
39.490
40.000
40.520
41.020
41.540
42.040
42.560
43.050
43.550
44.060
44.590
45.090
45.600
46.110
46.620
47.150
47.660
48.180
48.700
49.200
49.720
50.200
50.700
51.200
51.700
52.200
52.730
53.230
53.730
54.230
54.740
55.230
55.740
56.240
56.740
57.240
57.760
58.260
58.760
59.250
59.740
60.230
60.740
61.230
61.720
62.210
62.720
63.230
63.710
64.240
64.730
65.230
65.730
66.210
66.700
67.190
67.680
68.180
68.690
69.180
69.680
70.170
70.640
71.140
71.640
72.140
72.630
73.130
73.620
74.110
74.620
75.100
75.590
76.100
76.610
77.110
77.600
78.100
78.590
79.090
79.580
80.080
80.570
81.050
81.570
82.050
82.530
83.030
83.530
84.040
84.520
85.020
85.520
86.010
86.490
86.970
87.450
87.940
88.430
88.920
89.410
89.890
90.370
90.870
91.370
91.860
92.350
92.840
93.320
93.790
94.300
94.770
95.260
95.740
96.240
96.710
97.210
97.690
98.180
98.660
99.160
99.650
100.140
100.630
101.130
101.610
102.110
102.590
103.060
103.560
104.050
104.530
105.020
105.500
105.990
106.460
106.930
107.420
107.900
108.390
108.870
109.350
109.840
110.310
110.790
111.280
111.760
112.240
112.730
113.210
113.700
114.180
114.670
115.160
115.660
116.150
116.640
117.140
117.630
118.100
118.590
119.060
119.540
120.020
120.510
120.990
121.490
121.950
122.440
122.920
123.400
123.880
124.370
124.830
125.310
125.780
126.250
126.730
127.210
127.680
128.170
128.630
129.120
129.590
130.060
130.520
131.000
131.480
131.940
132.400
132.890
133.330
133.800
134.260
134.730
135.210
135.680
136.140
136.610
137.080
137.560
138.030
138.500
138.970
139.430
139.900
140.370
140.840
141.290
141.760
142.230
142.710
143.180
143.630
144.120
144.580
145.050
145.520
146.010
146.500
146.970
147.460
147.920
148.390
148.860
149.330
149.810
150.290
150.750
151.230
151.680
152.150
152.620
153.090
153.580
154.050
154.530
155.000
155.470
155.920
156.390
156.870
157.340
157.810
158.280
158.750
159.230
159.690
160.150
160.620
161.110
161.580
162.050
162.510
162.990
163.450
163.920
164.380
164.850
165.320
165.790
166.260
166.720
167.190
167.670
168.130
168.600
169.060
169.530
169.990
170.460
170.920
171.380
171.840
172.310
172.770
173.240
173.700
174.160
174.610
175.070
175.530
176.020
176.490
176.960
177.420
177.880
178.350
178.820
179.280
179.740
180.210
180.660
181.130
181.600
182.060
182.520
182.980
183.450
183.910
184.370
184.810
185.270
185.730
186.180
186.650
187.140
187.600
188.070
188.530
188.990
189.450
189.920
190.400
190.860
191.310
191.770
192.230
192.690
193.140
193.590
194.060
194.510
194.960
195.420
195.860
196.310
196.770
197.220
197.670
198.130
198.580
199.040
199.490
199.930
200.390
200.850
201.300
201.760
202.200
202.640
203.090
203.540
203.990
204.440
204.890
205.360
205.820
206.260
206.710
207.160
207.610
208.080
208.520
208.990
209.440
209.900
210.360
210.810
211.260
211.710
212.160
212.620
213.070
213.530
213.990
214.440
214.890
215.330
215.770
216.230
216.670
217.120
217.570
218.030
218.480
218.920
219.380
219.850
220.300
220.760
221.200
221.650
222.100
222.560
223.010
223.480
223.910
224.380
224.820
225.270
225.720
226.190
226.640
227.100
227.550
228.020
228.470
228.890
229.350
229.800
230.250
230.700
231.150
231.600
232.060
232.510
232.940
233.400
233.850
234.310
234.780
235.240
235.680
236.140
236.600
237.050
237.490
237.950
238.410
238.860
239.320
239.760
240.220
240.670
241.140
241.590
242.030
242.490
242.940
243.380
243.830
244.280
244.740
245.200
245.650
246.110
246.560
247.020
247.460
247.920
248.370
248.840
249.300
249.750
250.200
250.670
251.110
251.550
252.010
252.470
252.920
253.370
253.820
254.260
254.720
255.170
255.630
256.100
256.560
257.010
257.460
257.920
258.380
258.820
259.290
259.750
260.200
260.650
261.110
261.580
262.020
262.490
262.950
263.410
263.860
264.330
264.770
265.220
265.670
266.110
266.570
267.030
267.470
267.950
268.400
268.860
269.290
269.740
270.190
270.640
271.100
271.550
272.000
272.450
272.890
273.330
273.780
274.230
274.680
275.130
275.580
276.040
276.490
276.940
277.410
277.870
278.320
278.760
279.220
279.670
280.110
280.540
281.000
281.450
281.890
282.330
282.770
283.220
283.680
284.110
284.570
285.000
285.460
285.900
286.350
286.790
287.250
287.700
288.150
288.620
289.070
289.520
289.980
290.420
290.880
291.320
291.780
292.260
292.700
293.160
293.600
294.050
294.500
294.940
295.390
295.850
296.290
296.760
297.210
297.650
298.110
298.560
299.010
299.470
299.920
300.370
300.820
301.270
301.710
302.160
302.610
303.060
303.510
303.930
304.380
304.850
305.290
305.740
306.210
306.680
307.130
307.590
308.020
308.480
308.960
309.410
309.860
310.330
310.780
311.220
311.670
312.140
312.600
313.040
313.500
313.950
314.410
314.860
315.310
315.760
316.230
316.680
317.130
317.600
318.050
318.500
318.950
319.420
319.900
320.360
320.830
321.310
321.760
322.220
322.690
323.160
323.610
324.070
324.520
324.990
325.460
325.900
326.370
326.820
327.280
327.730
328.190
328.650
329.110
329.570
330.010
330.470
330.930
331.390
331.840
332.310
332.770
333.220
333.670
334.130
334.600
335.050
335.500
335.960
336.420
336.870
337.310
337.760
338.210
338.660
339.120
339.570
340.010
340.460
340.900
341.350
341.790
342.250
342.690
343.150
343.600
344.030
344.490
344.940
345.400
345.870
346.310
346.770
347.220
347.670
348.110
348.570
349.010
349.460
349.920
350.370
350.810
351.260
351.710
352.160
352.590
353.040
353.480
353.920
354.370
354.840
355.280
355.730
356.180
356.630
357.070
357.530
357.980
358.430
358.880
359.340
359.770
360.200
360.650
361.120
361.570
362.010
362.450
362.910
363.350
363.800
364.260
364.740
365.190
365.660
366.100
366.560
367.010
367.450
367.900
368.350
368.800
369.270
369.710
370.150
370.610
371.060
371.510
371.980
372.430
372.890
373.330
373.790
374.230
374.680
375.140
375.590
376.030
376.460
376.890
377.350
377.800
378.250
378.710
379.150
379.610
380.040
380.480
380.920
381.370
381.810
382.250
382.710
383.150
383.590
384.040
384.470
384.910
385.350
385.800
386.240
386.670
387.110
387.550
387.990
388.430
388.870
389.290
389.720
390.150
390.560
391.000
391.420
391.830
392.270
392.690
393.120
393.540
393.980
394.400
394.810
395.230
395.660
396.090
396.520
396.950
397.370
397.790
398.230
398.650
399.060
399.500
399.920
400.360
400.790
401.220
401.640
402.070
402.490
402.900
403.340
403.770
404.210
404.640
405.070
405.490
405.910
406.360
406.790
407.220
407.670
408.100
408.530
408.960
409.390
409.830
410.260
410.710
411.140
411.560
411.990
412.420
412.840
413.280
413.700
414.150
414.570
414.990
415.420
415.840
416.280
416.720
417.190
417.630
418.090
418.520
418.970
419.440
419.890
420.320
420.810
421.280
421.730
422.230
422.700
423.190
423.650
424.130
424.620
425.110
425.570
426.070
426.530
427.010
427.490
427.970
428.450
428.950
