0.280
0.600
0.900
1.210
1.530
1.850
2.170
2.500
2.830
3.160
3.480
3.800
4.130
4.460
4.800
5.150
5.490
5.830
6.170
6.510
6.850
7.200
7.540
7.860
8.200
8.540
8.890
9.230
9.570
9.900
10.240
10.580
10.920
11.260
11.600
11.930
12.240
12.580
12.920
13.270
13.610
13.940
14.270
14.600
14.910
15.250
15.580
15.930
16.290
16.650
17.000
17.340
17.680
18.030
18.360
18.710
19.060
19.400
19.730
20.060
20.380
20.720
21.070
21.410
21.750
22.070
22.420
22.750
23.100
23.420
23.750
24.090
24.400
24.740
25.080
25.440
25.780
26.120
26.440
26.760
27.090
27.440
27.770
28.100
28.420
28.750
29.080
29.420
29.770
30.130
30.470
30.840
31.170
31.530
31.870
32.210
32.550
32.880
33.220
33.540
33.870
34.200
34.550
34.880
35.230
35.580
35.910
36.240
36.600
36.930
37.260
37.600
37.960
38.300
38.630
38.960
39.270
39.600
39.940
40.280
40.610
40.950
41.290
41.630
41.980
42.320
42.660
43.010
43.360
43.700
44.040
44.390
44.730
45.060
45.390
45.730
46.080
46.420
46.770
47.110
47.450
47.780
48.110
48.440
48.750
49.090
49.430
49.750
50.070
50.420
50.740
51.060
51.380
51.710
52.050
52.390
52.730
53.090
53.440
53.770
54.120
54.460
54.800
55.150
55.490
55.820
56.160
56.490
56.820
57.150
57.500
57.830
58.160
58.490
58.820
59.140
59.460
59.790
60.140
60.470
60.790
61.120
61.440
61.770
62.100
62.440
62.770
63.090
63.440
63.770
64.110
64.440
64.780
65.130
65.460
65.800
66.150
66.480
66.820
67.170
67.510
67.840
68.190
68.540
68.880
69.220
69.560
69.890
70.230
70.570
70.900
71.260
71.600
71.960
72.300
72.630
72.970
73.310
73.650
73.990
74.340
74.690
75.030
75.350
75.700
76.050
76.380
76.720
77.060
77.400
77.740
78.070
78.420
78.750
79.110
79.450
79.790
80.130
80.460
80.800
81.140
81.500
81.850
82.200
82.540
82.880
83.230
83.570
83.900
84.250
84.590
84.910
85.230
85.540
85.880
86.220
86.570
86.910
87.240
87.570
87.910
88.250
88.610
88.960
89.310
89.650
89.990
90.340
90.680
91.030
91.390
91.740
92.070
92.430
92.780
93.140
93.480
93.820
94.150
94.490
94.840
95.200
95.540
95.880
96.230
96.570
96.910
97.250
97.580
97.930
98.250
98.590
98.940
99.280
99.620
99.950
100.290
100.640
100.980
101.330
101.660
102.000
102.330
102.670
103.010
103.370
103.720
104.080
104.410
104.770
105.120
105.480
105.830
106.180
106.520
106.850
107.200
107.540
107.870
108.220
108.560
108.900
109.240
109.570
109.910
110.250
110.580
110.950
111.300
111.640
111.980
112.310
112.670
113.020
113.370
113.720
114.100
114.450
114.780
115.120
115.480
115.800
116.140
116.460
116.790
117.150
117.480
117.810
118.170
118.520
118.860
119.210
119.550
119.900
120.230
120.580
120.930
121.280
121.640
121.970
122.330
122.670
122.990
123.310
123.650
123.960
124.260
124.570
124.880
125.220
125.560
125.890
126.200
126.560
126.900
127.240
127.560
127.910
128.270
128.610
128.950
129.290
129.640
129.980
130.310
130.660
131.010
131.350
131.710
132.060
132.400
132.730
133.080
133.420
133.750
134.080
134.390
134.720
135.050
135.380
135.730
136.090
136.440
136.790
137.140
137.470
137.810
138.160
138.520
138.870
139.230
139.570
139.920
140.260
140.610
140.950
141.300
141.650
141.990
142.320
142.660
143.010
143.330
143.670
144.030
144.370
144.700
145.060
145.400
145.740
146.080
146.410
146.760
147.100
147.450
147.770
148.110
148.450
148.800
149.150
149.480
149.830
150.160
150.480
150.800
151.140
151.460
151.790
152.120
152.460
152.810
153.140
153.500
153.840
154.170
154.520
154.860
155.190
155.520
155.880
156.220
156.550
156.890
157.220
157.560
157.920
158.280
158.610
158.980
159.330
159.680
160.020
160.360
160.720
161.060
161.420
161.760
162.100
162.450
162.800
163.140
163.500
163.830
164.170
164.510
164.850
165.200
165.570
165.920
166.270
166.620
166.960
167.280
167.630
167.990
168.330
168.680
169.040
169.380
169.720
170.070
170.420
170.770
171.120
171.460
171.800
172.150
172.500
172.840
173.180
173.510
173.830
174.160
174.510
174.840
175.170
175.480
175.830
176.160
176.490
176.840
177.170
177.510
177.870
178.210
178.530
178.870
179.220
179.570
179.890
180.220
180.530
180.850
181.170
181.500
181.810
182.140
182.450
182.770
