0.670
1.590
2.510
3.350
4.110
4.920
5.680
6.460
7.240
8.000
8.830
9.580
10.360
11.160
11.930
12.720
13.490
14.270
15.050
15.840
16.620
17.390
18.210
18.970
19.760
20.530
21.330
22.070
22.840
23.620
24.410
25.240
26.030
26.780
27.590
28.320
29.110
29.880
30.670
31.400
32.180
32.990
33.850
34.630
35.440
36.260
37.080
37.770
38.230
38.630
39.020
39.440
39.830
40.230
40.630
41.030
41.420
41.800
42.200
42.600
42.970
43.380
43.790
44.180
44.560
44.950
45.340
45.740
46.110
46.520
46.900
47.300
47.680
48.080
48.460
48.880
49.280
49.710
50.110
50.510
50.890
51.300
51.690
52.100
52.490
52.900
53.300
53.710
54.110
54.510
54.910
55.310
55.710
56.130
56.520
56.930
57.300
57.700
58.100
58.490
58.870
59.280
59.670
60.070
60.450
60.840
61.230
61.620
62.010
62.420
62.810
63.200
63.580
63.980
64.370
64.760
65.150
65.560
65.960
66.340
66.720
67.130
67.530
67.930
68.310
68.710
69.090
69.480
69.880
70.280
70.670
71.080
71.460
71.850
72.250
72.650
73.040
73.430
73.810
74.220
74.590
74.980
75.390
75.770
76.170
76.550
76.930
77.340
77.770
78.180
78.590
78.990
79.400
79.810
80.210
80.580
80.950
81.300
81.690
82.080
82.520
82.940
83.360
83.770
84.190
84.610
85.030
85.450
85.840
86.240
86.630
87.040
87.460
87.870
88.260
88.650
89.040
89.420
89.820
90.210
90.580
90.980
91.370
91.770
92.160
92.560
92.950
93.340
93.740
94.130
94.520
94.910
95.300
95.690
96.080
96.460
96.870
97.240
97.650
98.040
98.410
98.780
99.170
99.560
99.980
100.400
100.790
101.200
101.590
102.000
102.390
102.790
103.180
103.590
103.990
104.380
104.780
105.200
105.590
105.990
106.360
106.760
107.160
107.560
107.960
108.370
108.760
109.160
109.550
109.950
110.340
110.740
111.130
111.520
111.910
112.300
112.690
113.100
113.500
113.890
114.270
114.650
115.040
115.440
115.840
116.230
116.620
117.010
117.400
117.780
118.170
118.560
118.950
119.350
119.740
120.120
120.500
120.880
121.270
121.660
122.040
122.430
122.820
123.210
123.590
123.990
124.380
124.770
125.160
125.540
125.940
126.340
126.730
127.120
127.520
127.900
128.300
128.700
129.100
129.480
129.870
130.270
130.650
131.050
131.430
131.840
132.210
132.620
132.990
133.380
133.760
134.150
134.520
134.920
135.290
135.680
136.060
136.460
136.840
137.230
137.630
138.020
138.390
138.790
139.150
139.550
139.910
140.310
140.680
141.070
141.440
141.820
142.190
142.580
142.950
143.340
143.710
144.100
144.490
144.870
145.240
145.630
146.010
146.400
146.780
147.180
147.560
147.960
148.330
148.730
149.110
149.510
149.890
150.300
150.690
151.080
151.450
151.820
152.210
152.590
153.000
153.380
153.790
154.180
154.590
155.000
155.380
155.760
156.160
156.550
156.960
157.350
157.760
158.140
158.550
158.930
159.320
159.710
160.110
160.490
160.890
161.280
161.690
162.070
162.480
162.870
163.260
163.630
164.040
164.420
164.820
165.210
165.620
166.010
166.410
166.800
167.210
167.600
168.000
168.370
168.760
169.150
169.550
169.930
170.330
170.730
171.130
171.510
171.910
172.300
172.690
173.080
173.490
173.870
174.270
174.640
175.030
175.420
175.820
176.200
176.590
176.990
177.400
177.800
178.190
178.600
179.010
179.430
179.840
180.240
180.620
181.020
181.430
181.840
182.240
182.640
183.030
183.420
183.810
184.200
184.610
185.040
185.430
185.840
186.230
186.630
187.030
187.420
187.830
188.240
188.630
189.020
189.420
189.800
190.200
190.620
191.020
191.410
191.810
192.220
192.610
193.000
193.370
193.780
194.150
194.550
194.930
195.340
195.710
196.100
196.490
196.870
197.260
197.650
198.030
198.420
198.800
199.200
199.580
199.990
200.370
200.820
201.290
201.780
202.250
202.690
203.120
203.530
203.960
204.390
204.840
205.250
205.680
206.110
206.560
206.960
207.400
207.820
208.220
208.660
209.070
209.490
