0.480	1
1.420
2.300
3.200
4.170	1
5.130
6.090
6.960
7.800	1
8.700
9.550
10.480
11.370	1
12.260
13.180
14.030
14.920	1
15.800
16.680
17.540
18.450	1
19.360
20.280
21.170
22.050	1
22.950
23.830
24.710
25.620	1
26.480
27.350
28.260
29.160	1
30.040
30.940
31.820
32.670	1
33.570
34.430
35.360
36.260	1
37.150
38.070
38.990
39.870	1
40.760
41.660
42.540
43.440	1
44.350
45.240
46.150
47.070	1
47.980
48.900
49.800
50.710	1
51.580
52.460
53.350
54.240	1
55.160
56.080
56.980
57.900	1
58.800
59.710
60.630
61.570	1
62.490
63.380
64.300
65.250	1
66.200
67.080
67.990
68.910	1
69.840
70.750
71.660
72.560	1
73.510
74.430
75.340
76.250	1
77.180
78.110
79.040
79.960	1
80.910
81.820
82.740
83.670	1
84.610
85.520
86.430
87.390	1
88.320
89.220
90.120
91.050	1
91.960
92.910
93.820
94.730	1
95.680
96.620
97.570
98.510	1
99.420
100.360
101.240
102.190	1
103.100
104.040
104.960
105.860	1
106.800
107.710
108.650
109.560	1
110.460
111.370
112.250
113.170	1
114.090
115.010
115.920
116.820	1
117.760
118.680
119.610
120.560	1
121.460
122.410
123.280
124.100	1
124.990
125.930
126.790
127.710	1
128.650
129.570
130.470
131.310	1
132.230
133.150
134.040
134.920	1
135.880
136.830
137.810
138.750	1
139.680
140.570
141.460
142.360	1
143.280
144.210
145.140
146.070	1
147.020
147.930
148.850
149.760	1
150.680
151.650
152.590
153.550	1
154.480
155.400
156.310
157.220	1
158.140
159.070
160.000
160.950	1
161.890
162.820
163.740
164.690	1
165.640
166.630
167.550
168.480	1
169.420
170.380
171.300
172.240	1
173.170
174.110
175.060
176.030	1
176.930
177.870
178.820
179.770	1
180.690
181.650
182.560
183.460	1
184.390
185.350
186.260
187.210	1
188.150
189.080
190.010
190.940	1
191.900
192.850
193.790
194.760	1
195.680
196.600
197.560
198.480	1
199.450
200.380
201.280
202.200	1
203.140
204.090
204.970
205.900	1
206.870
207.870
208.840
209.750	1
210.740
211.670
212.580
213.490	1
214.500
215.430
216.420
217.360	1
218.360
219.440
220.450
221.430	1
