0.540
1.080
1.600
2.120
2.640
3.160
3.690
4.220
4.740
5.230
5.770
6.280
6.810
7.330
7.860
8.400
8.890
9.440
9.950
10.480
10.970
11.490
12.040
12.560
13.070
13.580
14.110
14.610
15.140
15.660
16.170
16.700
17.200
17.680
18.190
18.680
19.140
19.650
20.120
20.640
21.130
21.590
22.100
22.630
23.110
23.640
24.140
24.670
25.200
25.700
26.240
26.760
27.280
27.810
28.320
28.840
29.360
29.880
30.390
30.910
31.440
31.940
32.470
32.990
33.530
34.020
34.540
35.070
35.590
36.100
36.600
37.130
37.640
38.180
38.690
39.210
39.750
40.270
40.800
41.310
41.870
42.400
42.920
43.440
43.950
44.470
44.990
45.500
46.040
46.570
47.070
47.590
48.130
48.650
49.170
49.680
50.210
50.700
51.250
51.740
52.290
52.780
53.310
53.830
54.380
54.890
55.430
55.940
56.470
57.010
57.550
58.080
58.610
59.110
59.630
60.170
60.670
61.240
61.780
62.300
62.850
63.390
63.900
64.440
64.960
65.500
66.020
66.530
67.060
67.580
68.100
68.610
69.120
69.650
70.170
70.690
71.220
71.730
72.250
72.760
73.290
73.820
74.330
74.850
75.410
75.910
76.460
76.990
77.510
78.030
78.540
79.060
79.580
80.100
80.620
81.140
81.670
82.170
82.700
83.220
83.720
84.250
84.800
85.320
85.840
86.370
86.890
87.410
87.940
88.460
88.980
89.500
90.030
90.560
91.120
91.650
92.180
92.700
93.220
93.750
94.250
94.780
95.300
95.840
96.370
96.890
97.430
97.960
98.480
98.990
99.510
100.050
100.590
101.140
101.660
102.180
102.710
103.240
103.770
104.290
104.840
105.350
105.880
106.410
106.930
107.460
108.000
108.540
109.070
109.590
110.110
110.640
111.160
111.670
112.180
112.700
113.240
113.740
114.260
114.790
115.320
115.840
116.350
116.880
117.410
117.940
118.480
119.000
119.510
120.030
120.550
121.080
121.600
122.110
122.620
123.140
123.670
124.200
124.710
125.230
125.770
126.280
126.790
127.310
127.870
128.400
128.930
129.450
129.960
130.530
