0.140
0.660
1.170
1.690
2.210
2.730
3.270
3.810
4.330
4.870
5.360
5.860
6.350
6.860
7.390
7.900
8.420
8.940
9.470
9.970
10.510
11.000
11.530
12.040
12.550
13.020
13.530
14.030
14.530
15.050
15.540
16.030
16.520
16.980
17.470
17.980
18.460
18.920
19.410
19.900
20.390
20.890
21.410
21.900
22.420
22.900
23.410
23.900
24.390
24.880
25.350
25.860
26.360
26.840
27.340
27.820
28.310
28.810
29.320
29.820
30.320
30.830
31.330
31.820
32.310
32.810
33.320
33.850
34.360
34.850
35.360
35.880
36.380
36.870
37.370
37.880
38.420
38.920
39.430
39.920
40.420
40.900
41.370
41.880
42.420
42.920
43.410
43.930
44.430
44.920
45.430
45.950
46.470
46.990
47.510
48.030
48.540
49.070
49.580
50.130
50.650
51.160
51.700
52.200
52.740
53.250
53.790
54.310
54.810
55.340
55.840
56.360
56.890
57.390
57.890
58.400
58.940
59.440
59.960
60.470
60.980
61.480
62.020
62.520
63.020
63.530
64.050
64.560
65.060
65.570
66.070
66.590
67.110
67.610
68.110
68.620
69.120
69.630
70.140
70.640
71.160
71.670
72.190
72.690
73.210
73.720
74.210
74.720
75.240
75.740
76.250
76.770
77.270
77.760
78.260
78.790
79.300
79.800
80.310
80.820
81.350
81.870
82.380
82.900
83.410
83.920
84.440
84.950
85.460
85.980
86.490
87.010
87.520
88.040
88.550
89.070
89.580
90.090
90.560
91.080
91.590
92.090
92.630
93.140
93.670
94.190
94.680
95.190
95.720
96.230
96.750
97.250
97.770
98.280
98.780
99.310
99.830
100.360
100.880
101.390
101.900
102.430
102.930
103.430
103.950
104.460
104.970
105.490
106.010
106.530
107.040
107.540
108.060
108.560
109.110
109.610
110.130
110.640
111.150
111.650
112.170
112.680
113.220
113.720
114.240
114.730
115.240
115.760
116.280
116.810
117.340
117.840
118.340
118.860
119.350
119.870
120.380
120.910
121.430
121.970
122.470
123.000
123.490
124.010
124.520
125.030
125.540
126.040
126.540
127.050
127.580
128.110
128.610
129.150
129.650
130.180
130.700
131.200
131.690
132.210
132.740
133.240
133.740
134.260
134.770
135.280
135.790
136.300
136.800
137.330
137.840
138.380
138.880
139.370
139.880
140.400
140.930
141.460
141.980
142.480
142.990
143.530
144.040
144.560
145.090
145.600
146.130
146.640
147.150
147.640
148.150
148.680
149.210
149.740
150.250
150.790
151.300
151.830
152.360
152.870
153.380
153.910
154.430
154.980
155.490
156.040
156.560
157.070
157.600
158.110
158.640
159.160
159.680
160.200
160.720
161.250
161.740
162.250
162.750
163.280
163.770
164.300
164.820
165.340
165.870
166.400
166.930
167.450
167.970
168.480
169.010
169.520
170.030
170.550
171.070
171.600
172.120
172.630
173.150
173.670
174.200
174.740
175.260
175.780
176.290
176.820
177.340
177.850
178.390
178.920
179.440
179.960
180.470
181.000
181.530
182.060
182.570
183.070
183.560
184.050
184.540
185.040
185.540
186.040
186.540
187.040
187.530
188.050
188.560
189.060
189.570
190.060
190.590
191.090
191.620
192.120
192.630
193.140
193.660
194.180
194.700
195.210
195.730
196.230
196.760
197.260
197.750
198.300
198.820
199.340
199.890
200.410
200.930
201.470
201.980
202.510
203.030
203.560
204.080
204.620
205.140
205.650
206.150
206.680
207.190
207.710
208.230
208.720
209.260
209.770
210.280
210.800
211.310
211.830
212.350
212.860
213.370
213.880
214.380
214.920
215.420
215.950
216.470
217.000
217.520
218.040
218.540
219.060
219.590
220.110
220.620
221.150
221.680
222.210
222.740
223.280
223.810
224.330
224.850
225.370
225.870
226.390
226.900
227.430
227.950
228.470
229.000
229.510
230.040
230.540
231.070
231.590
232.110
232.650
233.180
233.690
234.220
234.740
235.270
235.800
236.330
236.860
237.400
237.900
238.410
238.950
239.480
240.030
240.550
241.090
241.620
242.140
242.670
243.190
243.730
244.250
244.780
245.300
245.820
246.350
246.870
247.410
247.940
248.450
248.990
249.500
250.040
250.560
251.090
251.610
252.140
252.670
253.210
253.740
254.280
254.790
255.320
255.860
256.380
256.920
257.450
257.990
258.510
259.050
259.560
260.080
260.610
261.170
261.680
262.210
262.740
263.280
263.800
264.330
264.860
265.400
265.920
266.450
266.990
267.500
268.030
268.580
269.100
269.630
270.150
270.690
271.210
271.760
272.280
272.830
273.380
273.910
274.420
274.980
275.490
276.020
276.530
277.080
277.590
278.120
278.660
279.200
279.730
280.260
280.790
281.320
281.840
282.390
282.910
283.450
283.990
284.500
285.020
285.550
286.080
286.620
287.120
287.660
288.200
288.710
289.210
289.770
290.310
290.840
291.370
291.910
292.430
292.960
293.500
294.030
294.540
295.110
295.630
296.170
296.710
297.230
297.740
298.250
298.790
299.330
299.850
300.390
300.930
301.440
301.990
302.530
303.070
303.600
304.130
304.670
305.190
305.750
306.270
306.790
307.320
307.860
308.410
308.920
309.450
310.010
310.530
311.060
311.590
312.120
312.640
313.170
313.690
314.220
314.740
315.280
315.790
316.320
316.880
317.410
317.920
318.460
318.980
319.520
320.080
320.580
321.120
321.650
322.170
322.680
323.190
323.730
324.270
324.780
325.290
325.840
326.340
326.880
327.380
327.880
328.390
328.920
329.450
329.980
330.520
331.040
331.570
332.100
332.590
333.140
333.670
334.210
334.750
335.280
335.820
336.370
336.890
337.440
337.960
338.500
339.050
339.590
340.130
340.660
341.200
341.740
342.280
342.820
343.370
343.910
344.440
344.980
345.510
346.070
346.600
347.140
347.670
348.200
348.740
349.300
349.830
350.370
350.910
351.450
351.990
352.530
353.090
353.630
354.170
354.710
355.230
355.780
356.300
356.860
357.400
357.940
358.480
359.030
359.560
360.080
360.620
361.170
361.700
362.230
362.770
363.330
363.860
364.420
364.960
365.500
366.020
366.560
367.090
367.640
368.190
368.740
369.300
369.850
370.400
370.940
371.480
372.020
372.570
373.120
373.650
374.190
374.720
375.270
375.780
376.300
376.870
377.390
377.940
378.480
379.020
379.560
380.080
380.630
381.180
381.700
382.220
382.750
383.290
383.820
384.370
384.930
385.470
386.020
386.580
387.130
387.650
388.180
388.700
389.250
389.780
390.310
390.860
391.400
391.940
392.460
393.010
393.540
394.090
394.630
395.160
395.680
396.230
396.780
397.320
397.860
398.410
398.940
399.490
400.040
400.590
401.120
401.680
402.240
402.780
403.320
403.860
404.440
404.980
405.540
406.080
406.630
407.190
407.720
408.250
408.780
409.340
409.910
410.440
410.980
411.520
412.070
412.610
413.150
413.660
414.210
414.750
415.310
415.860
416.400
416.930
417.480
418.010
418.540
419.050
419.580
420.150
420.670
421.220
421.760
422.270
422.820
423.350
423.880
424.450
424.990
425.530
426.050
426.580
427.150
427.690
428.220
428.770
429.290
429.840
430.370
430.930
431.450
431.980
432.550
433.090
433.620
434.110
434.630
435.180
435.700
436.180
436.710
437.220
437.700
438.200
438.690
439.170
439.660
440.170
440.680
441.230
441.720
442.250
442.780
443.330
443.890
444.420
444.940
445.460
446.000
446.520
447.060
447.600
