0.240
0.860
1.500
2.150
2.830
3.480
4.110
4.730
5.320
5.920
6.530
7.140
7.780
8.390
8.990
9.560
10.160
10.760
11.390
11.990
12.590
13.160
13.760
14.370
14.970
15.580
16.180
16.820
17.490
18.130
18.750
19.340
19.970
20.520
21.130
21.680
22.290
22.860
23.420
24.070
24.660
25.290
25.950
26.570
27.180
27.810
28.420
29.070
29.680
30.300
30.910
31.530
32.170
32.780
33.410
34.010
34.620
35.240
35.910
36.560
37.390
38.180
38.980
39.820
40.620
41.410
42.210
43.040
43.860
44.740
45.680
46.600
47.480
48.400
49.210
50.000
50.710
51.440
52.210
52.920
53.700
54.400
55.020
55.650
56.270
56.850
57.400
58.010
58.590
59.210
59.840
60.420
61.050
61.670
62.250
62.860
63.480
64.130
64.750
65.370
65.960
66.560
67.170
67.790
68.430
69.050
69.620
70.220
70.830
71.470
72.080
72.660
73.280
73.880
74.500
75.120
75.770
76.370
77.000
77.600
78.190
78.800
79.470
80.110
80.740
81.510
82.310
83.130
83.910
84.750
85.570
86.370
87.130
87.970
88.740
89.350
89.930
90.530
91.140
91.760
92.360
92.950
93.530
94.140
94.790
95.400
96.060
96.690
97.290
97.950
98.580
99.170
99.820
100.410
100.980
101.570
102.160
102.790
103.380
103.950
104.550
105.150
105.770
106.350
106.920
107.510
108.120
108.720
109.300
109.920
110.570
111.190
111.800
112.400
112.980
113.580
114.170
114.800
115.430
116.020
116.660
117.250
117.870
118.460
119.060
119.680
120.270
120.880
121.450
122.060
122.650
123.290
123.920
124.510
125.130
125.780
126.370
127.010
127.630
128.240
128.820
129.440
130.040
130.610
131.250
131.840
132.460
133.100
133.720
134.310
134.940
135.530
136.160
136.750
137.360
137.930
138.530
139.160
139.770
140.390
141.010
141.660
142.250
142.880
143.520
144.110
144.760
145.380
145.980
146.590
147.190
147.810
148.400
148.980
149.590
150.190
150.780
151.340
151.920
152.500
153.110
153.700
154.270
154.870
155.490
156.080
156.660
157.290
157.870
158.470
159.030
159.650
160.210
160.820
161.420
162.030
162.620
163.190
163.750
164.330
164.920
165.520
166.100
166.660
167.260
167.830
168.390
169.000
169.550
170.150
170.750
171.330
171.930
172.520
173.110
173.710
174.270
174.870
175.460
176.070
176.650
177.250
177.840
178.410
178.980
179.550
180.130
180.710
181.290
181.900
182.500
183.090
183.680
184.250
184.840
185.450
186.010
186.620
187.200
187.780
188.390
188.990
189.580
190.160
190.730
191.340
191.940
192.510
193.140
193.730
194.300
194.890
195.450
196.040
196.660
197.250
197.830
198.460
199.040
199.660
200.240
200.790
201.380
201.970
202.580
203.190
203.820
204.410
204.970
205.580
206.200
206.780
207.370
207.990
208.630
209.230
209.890
210.520
211.140
211.760
212.380
212.970
213.600
214.230
214.840
215.450
216.100
216.700
217.350
217.960
218.610
219.200
219.820
220.450
221.070
221.660
222.260
222.880
223.530
224.150
224.750
225.360
226.210
227.030
227.830
228.660
229.490
230.300
231.110
231.990
232.810
233.610
234.460
235.310
236.210
237.000
237.820
238.590
239.420
240.240
241.110
242.040
242.890
243.620
244.290
244.990
245.750
246.440
247.170
247.870
248.650
249.370
250.130
250.830
251.580
252.330
253.100
253.870
254.640
255.410
256.140
256.920
257.700
258.470
259.250
260.000
260.730
261.460
262.250
262.970
