0.140
0.770
1.400
2.060
2.690
3.310
3.940
4.580
5.210
5.830
6.460
7.110
7.740
8.360
9.000
9.640
10.260
10.870
11.500
12.150
12.780
13.410
14.010
14.650
15.280
15.890
16.520
17.150
17.770
18.410
19.040
19.670
20.290
20.900
21.520
22.150
22.780
23.390
24.020
24.650
25.290
25.910
26.530
27.170
27.800
28.420
29.050
29.680
30.300
30.910
31.550
32.180
32.810
33.440
34.080
34.730
35.350
35.980
36.620
37.250
37.880
38.500
39.120
39.770
40.390
41.010
41.640
42.270
42.910
43.540
44.160
44.800
45.430
46.060
46.690
47.320
47.960
48.590
49.220
49.850
50.490
51.110
51.740
52.370
53.010
53.640
54.280
54.910
55.530
56.150
56.780
57.410
58.040
58.670
59.300
59.930
60.570
61.190
61.820
62.460
63.110
63.740
64.380
65.010
65.650
66.280
66.920
67.560
68.190
68.830
69.460
70.090
70.730
71.360
71.980
72.620
73.250
73.890
74.510
75.140
75.770
76.380
76.990
77.640
78.270
78.890
79.520
80.160
80.780
81.400
82.030
82.660
83.310
83.920
84.530
85.160
85.800
86.410
87.030
87.660
88.280
88.900
89.530
90.160
90.790
91.410
92.030
92.650
93.280
93.910
94.530
95.170
95.790
96.410
97.020
97.660
98.280
98.900
99.530
100.160
100.780
101.400
102.020
102.650
103.270
103.900
104.530
105.170
105.810
106.440
107.070
107.720
108.350
108.970
109.600
110.240
110.870
111.500
112.120
112.750
113.390
114.010
114.630
115.260
115.880
116.510
117.130
117.780
118.410
119.030
119.670
120.300
120.920
121.540
122.160
122.810
123.460
124.080
124.710
125.340
125.970
126.580
127.210
127.840
128.460
129.080
129.710
130.340
130.980
131.590
132.220
132.850
133.490
134.100
134.730
135.360
136.000
136.600
137.250
137.860
138.500
139.120
139.750
140.370
141.010
141.630
142.250
142.890
143.520
144.140
144.770
145.400
146.040
146.660
147.290
147.920
148.550
149.170
149.780
150.410
151.050
151.670
152.300
152.940
153.560
154.200
154.820
155.440
156.060
156.690
157.320
157.930
158.570
159.200
159.830
160.450
161.060
161.710
162.330
162.970
163.600
164.210
164.820
165.480
166.090
166.690
167.320
167.960
168.600
169.220
169.830
170.470
171.100
171.740
172.370
172.970
173.610
174.230
174.830
175.480
176.110
176.730
177.350
177.980
178.610
179.230
179.840
180.470
181.100
181.730
182.340
182.980
183.600
184.230
184.860
185.470
186.100
186.720
187.350
187.970
188.600
189.230
189.860
190.480
191.110
191.740
192.350
192.980
193.620
194.240
194.890
195.510
196.140
196.780
197.400
198.020
198.660
199.290
199.930
200.550
201.190
201.820
202.450
203.080
203.720
204.360
204.980
205.610
206.250
206.880
207.520
208.150
208.800
209.430
210.060
210.700
211.320
211.960
212.580
213.230
213.870
214.500
215.150
215.770
216.420
217.040
217.670
218.300
218.930
219.570
220.190
220.810
221.450
222.080
222.700
223.340
223.970
224.600
225.230
225.850
226.490
227.120
227.750
228.380
229.030
229.660
230.300
230.930
231.550
232.170
232.800
233.430
234.060
234.700
235.330
235.960
236.590
237.220
237.840
238.470
239.100
239.730
240.380
241.000
241.630
242.270
242.900
243.530
244.170
244.810
245.450
246.080
246.710
247.340
247.970
248.600
249.230
249.860
250.490
251.110
251.740
252.360
252.980
253.630
254.260
254.890
255.520
256.140
256.790
257.410
258.030
258.680
259.330
259.960
260.590
261.210
261.840
262.460
263.080
263.710
264.350
264.990
265.610
266.240
266.870
267.490
268.110
268.740
269.370
270.000
270.630
271.260
271.890
272.540
273.170
273.810
274.450
275.070
275.710
276.340
276.980
277.600
278.240
278.870
279.520
280.150
280.780
281.410
282.030
282.660
283.280
283.900
284.540
285.170
285.790
286.430
287.070
287.690
288.310
288.950
289.590
290.220
290.850
291.480
292.100
292.740
293.370
294.010
294.640
295.270
295.900
296.530
297.160
297.790
298.430
299.050
299.690
300.320
300.940
301.570
302.200
302.820
303.440
304.090
304.720
305.340
305.960
306.610
307.250
307.860
308.490
309.130
309.760
310.400
311.020
311.660
312.300
312.900
313.540
314.170
314.810
315.450
316.070
316.690
317.320
317.950
318.570
319.200
319.830
320.470
321.100
321.730
322.350
322.960
323.600
324.230
324.870
325.500
326.120
326.750
327.380
328.010
328.640
329.260
329.910
330.520
331.160
331.790
332.410
333.040
333.660
334.290
334.920
335.540
336.170
336.800
337.430
338.060
338.690
339.320
339.960
340.590
341.220
341.860
342.480
343.110
343.740
344.370
345.000
345.610
346.240
346.890
347.530
348.140
348.770
349.410
350.030
350.650
351.270
351.900
352.530
353.160
353.770
354.400
355.020
355.640
356.280
356.910
357.530
358.170
358.790
359.430
360.050
360.640
361.260
361.900
362.530
363.150
363.780
364.420
365.060
365.670
366.300
366.930
367.570
368.200
368.820
369.450
370.080
370.690
371.320
371.950
372.580
373.200
373.820
374.460
375.090
375.700
376.320
376.940
377.580
378.210
378.830
379.460
380.080
380.700
381.330
381.960
382.610
