0.390	1
1.320
2.320
3.270
4.190	1
5.170
6.010
6.910
7.830	1
8.710
9.700
10.630
11.550	1
12.520
13.490
14.330
15.180	1
16.020
16.820
17.670
18.690	1
19.710
20.740
21.730
22.720	1
23.730
24.850
25.950
27.060	1
28.090
29.020
30.060
30.980	1
32.020
32.960
33.920
34.940	1
35.880
36.890
37.920
38.850	1
39.890
40.860
41.900
42.930	1
43.930
44.890
45.810
46.760	1
47.760
48.720
49.700
50.730	1
51.700
52.730
53.660
54.700	1
55.650
56.670
57.690
58.700	1
59.640
60.680
61.660
62.690	1
63.680
64.710
65.730
66.660	1
67.690
68.690
69.660
70.580	1
71.570
72.580
73.570
74.630	1
75.620
76.590
77.640
78.660	1
79.640
80.640
81.650
82.640	1
83.680
84.650
85.690
86.650	1
87.730
88.760
89.740
90.840	1
91.860
92.920
93.990
95.030	1
96.050
97.050
98.100
99.080	1
100.140
101.110
102.140
103.150	1
104.180
105.150
106.210
107.200	1
108.220
109.250
110.320
111.410	1
112.390
113.420
114.380
115.400	1
116.400
117.420
118.460
119.530	1
120.550
121.580
122.590
123.680	1
124.830
125.860
126.840
127.830	1
128.870
129.830
130.850
131.850	1
132.880
133.860
134.860
135.920	1
136.930
137.940
138.980
139.970	1
141.010
142.000
142.980
144.070	1
145.050
146.090
147.110
148.120	1
149.180
150.210
151.190
152.240	1
153.242
154.333
155.384
156.544	1
157.658
158.795
159.962
161.200	1
162.240
163.220
164.210
165.270	1
166.250
167.260
168.260
169.270	1
170.280
171.280
172.300
173.280	1
174.290
175.310
176.310
177.310	1
178.320
179.320
180.340
181.360	1
182.370
183.380
184.390
185.430	1
186.450
187.480
188.550
189.530	1
190.550
191.580
192.630
193.670	1
194.660
195.640
196.680
197.650	1
198.670
199.670
200.680
201.670	1
202.680
203.670
204.680
205.710	1
206.690
207.700
208.750
209.780	1
210.790
211.810
212.800
213.800	1
214.820
215.840
216.850
217.870	1
218.850
219.860
220.940
221.970	1
222.960
224.020
225.000
226.050	1
227.050
228.100
229.160
230.140	1
231.210
232.170
233.210
234.200	1
235.230
236.180
237.230
238.190	1
239.230
240.180
241.190
242.250	1
243.260
244.210
245.270
246.310	1
247.300
248.340
249.370
250.390	1
251.420
252.480
253.470
254.540	1
