0.140
0.720
1.310
1.870
2.410
2.980
3.540
4.100
4.660
5.170
5.720
6.300
6.830
7.390
7.920
8.470
9.030
9.620
10.190
10.740
11.290
11.860
12.370
12.930
13.430
13.990
14.540
15.120
15.680
16.230
16.750
17.320
17.860
18.410
18.970
19.570
20.120
20.700
21.250
21.830
22.370
22.950
23.500
24.080
24.640
25.210
25.760
26.330
26.900
27.480
28.040
28.630
29.160
29.720
30.280
30.840
31.390
31.940
32.500
33.090
33.650
34.220
34.760
35.320
35.910
36.460
37.000
37.590
38.190
38.730
39.270
39.850
40.380
40.930
41.490
42.060
42.600
43.160
43.690
44.250
44.820
45.380
45.940
46.510
47.070
47.630
48.200
48.750
49.320
49.870
50.430
50.980
51.530
52.110
52.660
53.230
53.780
54.350
54.890
55.470
56.030
56.580
57.140
57.720
58.280
58.830
59.370
59.910
60.470
61.060
61.640
62.190
62.760
63.300
63.890
64.430
64.960
65.540
66.080
66.630
67.190
67.720
68.280
68.840
69.400
69.940
70.510
71.060
71.620
72.150
72.690
73.250
73.790
74.310
74.880
75.500
76.120
76.730
77.280
77.840
78.410
78.940
79.500
80.090
80.640
81.180
81.750
82.330
82.870
83.420
83.980
84.540
85.090
85.660
86.220
86.790
87.360
87.910
88.470
89.030
89.630
90.180
90.770
91.330
91.890
92.450
93.030
93.580
94.150
94.720
95.270
95.880
96.450
97.010
97.560
98.140
98.700
99.240
99.790
100.370
100.920
101.460
102.040
102.580
103.170
103.710
104.270
104.840
105.400
105.960
106.550
107.090
107.650
108.180
108.730
109.320
109.910
110.490
111.020
111.590
112.150
112.710
113.280
113.840
114.420
114.980
115.540
116.090
116.660
117.230
117.800
118.350
118.920
119.500
120.060
120.620
121.200
121.740
122.300
122.880
123.450
124.020
124.560
125.140
125.720
126.290
126.820
127.410
127.970
128.550
129.090
129.670
130.220
130.780
131.340
131.950
132.540
133.110
133.640
134.220
134.770
135.300
135.860
136.450
137.010
137.550
138.130
138.690
139.260
139.810
140.350
140.940
141.530
142.100
142.630
143.200
143.760
144.330
144.880
145.470
146.050
146.600
147.160
147.750
148.320
148.900
149.470
150.020
150.580
151.180
151.730
152.270
152.850
153.420
153.950
154.530
155.120
155.670
156.220
156.790
157.340
157.910
158.460
159.030
159.590
160.150
160.700
161.270
161.830
162.370
162.960
163.500
164.040
164.610
165.160
165.700
166.250
166.820
167.360
167.910
168.460
169.030
169.580
170.130
170.650
171.230
171.780
172.300
172.870
173.420
173.960
174.510
175.050
175.620
176.140
176.690
177.230
177.790
178.320
178.880
179.450
179.980
180.530
181.080
181.630
182.180
182.720
183.300
183.830
184.380
184.920
185.460
186.010
186.550
187.120
187.670
188.200
188.720
189.250
189.840
190.400
190.960
191.550
192.130
192.700
193.270
193.850
194.430
194.970
195.540
196.100
196.660
197.210
197.760
198.300
198.890
199.460
200.030
200.580
201.160
201.720
202.270
202.850
203.440
204.030
204.600
205.140
205.720
206.300
206.860
207.430
208.030
208.600
209.180
209.730
210.300
210.880
211.450
212.030
212.590
213.170
213.710
214.310
214.850
215.440
216.000
216.560
217.160
217.710
218.300
218.870
219.450
220.040
220.610
221.150
221.750
222.300
222.890
223.450
224.010
224.590
225.150
225.720
226.300
226.870
227.470
228.050
228.650
229.190
229.770
230.330
230.940
231.530
232.110
232.680
233.280
233.820
234.420
234.980
235.510
236.070
236.640
237.170
237.770
238.340
238.910
239.490
240.080
240.630
241.200
241.760
242.370
242.960
243.520
244.090
244.650
245.220
245.790
246.330
246.920
247.480
248.070
248.610
249.190
249.760
250.320
250.890
251.480
252.050
252.600
253.180
253.740
254.310
254.870
255.440
256.010
256.580
257.150
257.730
258.300
258.870
259.460
260.030
260.600
261.190
261.750
262.340
262.880
263.430
264.000
264.590
265.160
265.740
266.310
266.890
267.510
268.080
268.630
269.200
269.750
270.330
270.900
271.490
272.060
272.590
273.160
273.720
274.290
274.860
275.440
276.030
276.600
277.170
277.730
278.300
278.880
279.430
280.000
280.600
281.150
281.710
282.280
282.870
283.420
284.010
284.600
285.150
285.730
286.320
286.890
287.440
288.030
288.600
289.210
289.770
290.360
290.940
291.530
292.110
292.680
293.280
293.850
294.400
294.990
295.570
296.160
296.720
297.320
297.910
298.470
299.040
299.650
300.210
300.810
301.360
301.950
302.490
303.060
303.630
304.240
304.810
305.420
306.000
306.520
307.100
307.620
308.170
308.740
309.310
309.870
310.430
310.970
311.530
312.120
312.650
