0.370
1.130
1.840
2.600
3.390
4.260
5.040
5.850
6.640
7.480
8.290
9.070
9.890
10.740
11.510
12.370
13.160
14.040
14.910
15.790
16.570
17.410
18.270
19.140
19.990
20.890
21.760
22.600
23.440
24.240
25.130
25.980
26.820
27.740
28.590
29.490
30.390
31.260
32.090
32.970
33.870
34.690
35.630
36.510
37.380
38.250
39.220
40.120
40.980
41.920
42.750
43.620
44.430
45.270
46.130
47.020
47.920
48.790
49.680
50.510
51.320
52.140
53.010
53.930
54.800
55.740
56.660
57.530
58.420
59.370
60.230
61.120
62.000
62.850
63.770
64.640
65.560
66.490
67.340
68.240
69.160
70.100
71.000
71.890
72.770
73.700
74.580
75.460
76.360
77.230
78.140
79.070
79.920
80.840
81.700
82.620
83.480
84.410
85.320
86.190
87.060
87.980
88.840
89.710
90.600
91.550
92.420
93.330
94.170
95.040
96.020
96.940
97.880
98.840
99.670
100.540
101.370
102.240
103.080
103.940
104.830
105.680
106.520
107.390
108.240
109.150
110.060
110.930
111.870
112.730
113.640
114.570
115.390
116.290
117.150
118.100
119.010
120.000
120.860
121.820
122.680
123.640
124.510
125.420
126.310
127.170
128.100
128.930
129.770
130.660
131.500
132.370
133.210
134.010
134.870
135.710
136.600
137.400
138.210
139.040
139.890
140.750
141.540
142.420
143.180
144.020
144.780
145.590
146.430
147.320
148.130
148.950
149.800
150.600
151.530
152.440
153.310
154.140
154.940
155.780
156.610
157.430
158.240
159.060
159.900
160.740
161.600
162.410
163.210
164.040
164.870
165.700
166.500
167.330
168.150
168.990
169.800
170.630
171.460
172.260
173.080
173.900
174.720
175.540
176.370
177.180
177.960
178.740
179.560
180.320
181.120
181.940
182.750
183.570
184.400
185.210
186.020
186.820
187.640
188.440
189.240
190.050
190.880
191.660
192.450
193.250
194.050
194.860
195.660
196.470
197.280
198.100
198.920
199.720
200.540
201.540
202.470
203.420
204.270
205.150
206.020
206.880
207.760
208.620
209.440
210.320
211.170
212.010
212.910
213.860
214.720
215.580
216.450
217.310
218.240
219.120
219.970
220.850
221.710
222.600
223.560
224.450
225.310
226.260
227.310
228.290
229.120
229.990
230.860
231.740
232.570
233.390
234.320
235.120
236.010
236.830
237.700
238.630
239.550
240.450
241.340
242.270
243.210
244.190
245.000
245.810
246.670
247.470
248.300
249.130
249.990
250.810
251.620
252.460
253.290
254.090
254.860
255.690
256.490
257.290
258.090
