0.280
0.880
1.450
2.040
2.610
3.190
3.740
4.310
4.880
5.420
5.990
6.560
7.120
7.680
8.240
8.770
9.330
9.880
10.450
11.010
11.570
12.140
12.680
13.250
13.810
14.370
14.920
15.480
16.040
16.590
17.140
17.700
18.260
18.810
19.340
19.910
20.460
21.000
21.540
22.100
22.630
23.180
23.730
24.260
24.800
25.360
25.890
26.430
26.980
27.540
28.090
28.640
29.170
29.750
30.300
30.860
31.410
31.960
32.510
33.050
33.600
34.170
34.710
35.250
35.790
36.330
36.850
37.410
37.970
38.530
39.060
39.620
40.170
40.720
41.260
41.800
42.360
42.900
43.430
43.970
44.530
45.070
45.600
46.140
46.670
47.110
47.550
48.010
48.570
49.110
49.640
50.170
50.720
51.250
51.770
52.300
52.800
53.310
53.860
54.390
54.900
55.430
55.950
56.470
57.010
57.530
58.060
58.590
59.110
59.630
60.140
60.650
61.180
61.720
62.230
62.760
63.290
63.810
64.340
64.900
65.450
65.970
66.460
66.980
67.530
68.030
68.550
69.080
69.580
70.120
70.630
71.160
71.690
72.210
72.710
73.240
73.770
74.270
74.800
75.300
75.810
76.350
76.870
77.410
77.990
78.560
79.080
79.610
80.130
80.670
81.190
81.720
82.230
82.760
83.270
83.800
84.320
84.830
85.360
85.870
86.360
86.870
87.380
87.900
88.420
88.920
89.450
89.980
90.490
90.990
91.520
92.030
92.560
93.080
93.590
94.110
94.600
95.120
95.610
96.150
96.650
97.170
97.670
98.210
98.710
99.230
99.730
100.250
100.760
101.260
101.770
102.270
102.800
103.290
103.800
104.320
104.820
105.360
105.860
106.350
106.880
107.440
107.960
108.470
109.000
109.510
110.050
110.570
111.090
111.610
112.120
112.680
113.230
113.770
114.300
114.820
115.400
115.970
116.560
117.100
117.630
118.200
118.710
119.210
119.760
120.250
120.780
121.290
121.820
122.360
122.860
123.350
123.860
124.370
124.860
125.370
125.900
126.410
126.910
127.420
127.930
128.440
128.930
129.460
129.960
130.500
131.000
131.530
132.060
132.570
133.100
133.610
134.140
134.650
135.150
135.670
136.190
136.700
137.200
137.730
138.230
138.740
139.260
139.790
140.320
140.810
141.330
141.840
142.360
142.860
143.390
143.900
144.420
144.920
145.430
145.950
146.490
147.000
147.520
148.010
148.520
149.050
149.560
150.070
150.550
151.060
151.600
152.130
152.640
153.140
153.670
154.210
154.720
155.230
155.770
156.280
156.810
157.320
157.820
158.360
158.880
159.410
159.920
160.430
160.960
161.470
161.970
162.480
163.000
163.520
164.040
164.560
165.070
165.600
166.110
166.630
167.140
167.650
168.170
168.690
169.210
169.700
170.200
170.740
171.230
171.760
172.240
172.770
173.270
173.820
174.330
174.820
175.350
175.860
176.360
176.870
177.410
177.920
178.430
178.940
179.480
179.990
180.490
181.010
181.540
182.030
182.560
183.070
183.560
184.080
184.580
185.070
185.530
186.040
186.540
187.060
187.550
188.060
188.570
189.090
189.570
190.100
190.600
191.140
191.650
192.170
192.700
193.210
193.690
194.220
194.720
195.230
195.710
196.200
196.740
197.250
197.740
198.260
198.780
199.280
199.790
200.320
200.880
201.410
201.940
202.460
202.960
203.460
203.990
204.510
205.020
205.520
206.040
206.560
207.070
207.590
208.100
208.620
209.130
209.640
210.170
210.660
211.190
211.720
212.250
212.750
213.270
213.770
214.300
214.800
215.320
215.830
216.360
216.850
217.370
217.890
218.390
218.910
219.440
219.950
220.480
220.970
221.450
221.970
222.480
222.950
223.460
223.970
224.460
224.960
225.480
225.970
226.500
226.990
227.500
228.020
228.530
229.020
229.530
230.050
230.550
231.040
231.550
232.060
232.570
233.060
233.520
234.040
234.530
234.990
235.490
236.020
236.540
237.040
237.580
238.110
238.610
239.100
239.650
240.160
240.660
241.230
241.770
242.330
242.870
243.410
243.940
244.480
245.040
245.590
246.100
246.670
