0.640
1.270
1.930
2.620
3.250
3.920
4.570
5.230
5.950
6.600
7.340
8.090
8.800
9.650
10.630
11.540
12.310
13.090
13.960
14.730
15.580
16.370
17.280
18.230
19.160
20.080
20.980
21.910
22.970
23.950
25.030
26.110
27.110
28.110
29.090
29.990
30.910
31.880
32.770
33.740
34.670
35.680
36.550
37.430
38.300
39.330
40.250
41.220
42.220
43.230
44.150
45.140
46.070
47.110
48.050
49.050
50.000
51.020
52.030
52.950
53.980
54.910
55.950
56.900
57.860
58.810
59.760
60.740
61.640
62.510
63.370
64.400
65.430
66.350
67.250
68.180
69.180
70.130
71.040
72.030
73.060
73.920
74.840
75.740
76.630
77.600
78.520
79.450
80.380
81.300
82.160
83.100
84.030
84.920
85.820
86.750
87.630
88.550
89.490
90.500
91.330
92.220
93.060
93.950
94.810
95.650
96.570
97.450
98.410
99.290
100.130
101.000
101.950
102.850
103.790
104.720
105.540
106.410
107.260
108.170
109.080
110.000
110.890
111.840
112.730
113.610
114.520
115.440
116.340
117.290
118.220
119.190
120.100
121.020
122.010
122.870
123.810
124.710
125.600
126.610
127.580
128.520
129.380
130.270
131.130
132.000
132.830
133.710
134.670
135.800
136.830
137.900
138.980
140.020
141.090
142.110
143.120
144.080
145.100
146.060
146.960
147.900
148.820
149.690
150.570
151.470
152.370
153.300
154.230
155.140
156.070
156.920
157.810
158.680
159.580
160.480
161.380
162.350
163.340
164.130
164.980
165.800
166.650
167.470
168.380
169.270
170.180
171.030
171.930
172.790
173.760
174.720
175.590
176.490
177.390
178.290
179.180
180.110
180.970
181.870
182.760
183.690
184.630
185.510
186.350
187.260
188.170
189.050
189.910
190.770
191.690
192.530
193.320
194.140
195.100
196.040
196.940
197.870
198.790
199.700
200.640
201.510
202.480
203.350
204.360
205.320
206.240
207.210
208.130
208.990
209.920
210.790
211.670
212.610
213.520
214.440
215.390
216.290
217.180
218.120
219.050
219.960
220.910
221.790
222.790
223.730
224.690
225.620
226.610
227.560
228.550
229.420
230.340
231.310
232.370
233.300
234.220
235.180
236.130
237.010
237.960
238.910
239.800
240.670
241.590
242.510
243.450
244.330
245.320
246.340
247.280
248.400
249.320
250.250
251.180
252.080
252.990
253.970
254.980
255.900
256.910
257.990
259.000
260.110
261.100
262.180
263.110
264.080
265.070
266.040
267.060
267.950
268.820
269.800
270.730
271.730
272.690
273.580
274.530
275.470
276.480
277.460
278.430
279.490
280.460
281.530
282.550
283.550
284.630
285.620
286.640
287.670
288.580
289.520
290.480
291.410
292.340
293.260
294.210
295.140
296.000
296.920
297.820
298.700
299.590
300.510
301.340
302.160
302.990
303.840
304.660
305.480
306.280
307.030
307.850
308.660
309.470
310.230
