0.460
1.080
1.650
2.250
2.880
3.470
4.060
4.650
5.300
5.900
6.520
7.140
7.780
8.370
9.000
9.610
10.260
10.850
11.480
12.090
12.720
13.360
13.940
14.540
15.160
15.770
16.360
16.960
17.560
18.170
18.800
19.390
20.010
20.640
21.260
21.860
22.480
23.110
23.750
24.370
25.000
25.620
26.270
26.880
27.510
28.130
28.730
29.350
29.970
30.590
31.220
31.830
32.480
33.110
33.720
34.330
34.940
35.550
36.160
36.820
37.440
38.060
38.700
39.290
39.940
40.570
41.230
41.880
42.560
43.190
43.810
44.440
45.080
45.690
46.330
46.980
47.610
48.240
48.870
49.470
50.110
50.760
51.360
52.020
52.650
53.240
53.880
54.490
55.130
55.810
56.440
57.070
57.730
58.380
59.010
59.670
60.290
60.930
61.570
62.240
62.870
63.550
64.200
64.820
65.490
66.120
66.820
67.480
68.110
68.740
69.390
70.030
70.670
71.300
71.980
72.630
73.270
73.910
74.550
75.200
75.860
76.500
77.180
77.780
78.420
79.010
79.660
80.270
80.910
81.560
82.220
82.870
83.530
84.190
84.860
85.530
86.170
86.830
87.460
88.130
88.760
89.410
90.080
90.710
91.350
92.040
92.670
93.330
93.970
94.640
95.260
95.930
96.570
97.230
97.870
98.520
99.150
99.800
100.430
101.060
101.690
102.350
102.980
103.620
104.250
104.900
105.510
106.170
106.800
107.450
108.090
108.740
109.360
110.030
110.660
111.320
111.970
112.610
113.280
113.920
114.560
115.210
115.850
116.500
117.160
117.790
118.430
119.080
119.700
120.350
121.020
121.670
122.310
122.990
123.630
124.310
124.950
125.620
126.270
126.940
127.600
128.260
128.920
129.570
130.200
130.860
131.500
132.130
132.790
133.460
134.100
134.760
135.410
136.070
136.710
137.370
138.060
138.720
139.370
140.030
140.670
141.330
141.990
142.660
143.310
143.940
144.590
145.250
145.880
146.530
147.170
147.840
148.480
149.170
149.810
150.470
151.150
151.810
152.460
153.120
153.760
154.440
155.090
155.780
156.440
157.090
157.760
158.420
159.070
159.730
160.350
160.990
161.660
162.320
162.960
163.590
164.240
164.920
165.590
166.240
166.900
167.570
168.260
168.920
169.570
170.260
170.930
171.580
172.240
172.890
173.530
174.170
174.830
175.490
176.150
176.830
177.460
178.150
178.790
179.460
180.160
180.820
181.450
182.110
182.780
183.410
184.040
184.720
185.400
186.040
186.700
187.350
188.000
188.660
189.320
189.950
190.610
191.240
191.870
192.530
193.200
193.850
194.500
195.170
195.810
196.470
197.130
197.790
198.460
199.130
199.770
200.410
201.120
201.760
202.420
203.100
203.820
204.470
205.130
205.810
206.470
207.190
207.870
208.520
209.200
209.910
210.580
211.220
211.880
212.550
213.230
213.880
214.570
215.250
215.890
216.530
217.200
217.850
218.520
219.220
219.890
220.580
221.250
221.940
222.600
223.300
223.950
224.640
225.290
225.990
226.670
227.340
228.020
228.670
229.320
229.950
230.630
231.300
232.020
232.690
233.380
234.030
234.720
235.390
236.090
236.750
237.440
238.110
238.770
239.450
240.160
240.850
241.530
242.200
242.890
243.580
244.280
244.940
245.640
246.380
247.080
247.740
248.430
249.120
249.800
250.480
251.150
251.840
252.530
253.210
253.900
254.580
255.260
255.970
256.660
257.360
258.040
258.700
259.360
260.020
260.660
261.360
262.030
262.720
263.390
264.060
264.720
265.430
266.090
266.790
267.460
268.140
268.780
269.470
270.150
270.840
271.480
272.180
272.840
273.520
274.180
274.850
275.530
276.240
276.900
277.630
278.320
279.060
279.830
280.620
281.500
282.440
283.360
284.240
285.010
285.790
286.610
287.380
288.140
288.930
289.740
290.530
291.300
292.130
292.830
293.570
294.280
295.080
295.810
296.580
297.450
298.370
299.300
300.180
301.110
302.030
302.920
303.860
304.660
305.500
306.380
307.300
308.150
309.030
309.930
310.820
311.750
312.600
313.500
314.420
315.350
316.250
317.160
318.100
319.010
319.910
320.840
321.760
322.680
323.620
324.580
325.580
326.500
327.460
328.430
329.390
330.330
331.280
332.270
