0.070	1
0.360
0.670
0.970
1.260	1
1.550
1.830
2.120
2.420	1
2.710
3.000
3.280
3.580	1
3.890
4.190
4.490
4.790	1
5.090
5.390
5.680
5.980	1
6.280
6.570
6.860
7.150	1
7.450
7.740
8.030
8.330	1
8.630
8.930
9.220
9.530	1
9.840
10.160
10.460
10.770	1
11.070
11.370
11.680
11.980	1
12.290
12.600
12.900
13.220	1
13.520
13.840
14.150
14.450	1
14.760
15.080
15.380
15.680	1
15.980
16.280
16.570
16.870	1
17.170
17.470
17.780
18.070	1
18.380
18.690
18.990
19.300	1
19.620
19.930
20.230
20.550	1
20.860
21.160
21.470
21.790	1
22.100
22.410
22.710
23.030	1
23.350
23.670
23.970
24.280	1
24.600
24.910
25.220
25.530	1
25.840
26.140
26.450
26.770	1
27.080
27.390
27.690
28.010	1
28.320
28.630
28.940
29.250	1
29.570
29.880
30.210
30.520	1
30.840
31.160
31.470
31.790	1
32.100
32.420
32.740
33.050	1
33.370
33.690
34.010
34.320	1
34.620
34.940
35.250
35.560	1
35.870
36.180
36.490
36.800	1
37.110
37.420
37.730
38.030	1
38.340
38.650
38.960
39.270	1
39.600
39.920
40.240
40.560	1
40.880
41.200
41.520
41.840	1
42.150
42.470
42.800
43.120	1
43.430
43.750
44.060
44.380	1
44.680
45.000
45.310
45.630	1
45.940
46.270
46.590
46.900	1
47.230
47.540
47.860
48.180	1
48.510
48.820
49.140
49.460	1
49.770
50.090
50.400
50.710	1
51.020
51.350
51.690
52.010	1
52.330
52.640
52.950
53.260	1
53.580
53.900
54.220
54.540	1
54.860
55.170
55.500
55.810	1
56.140
56.460
56.770
57.100	1
57.420
57.740
58.060
58.370	1
58.690
59.020
59.340
59.660	1
59.990
60.310
60.640
60.970	1
61.290
61.610
61.930
62.260	1
62.580
62.900
63.220
63.530	1
63.870
64.190
64.510
64.840	1
65.150
65.470
65.790
66.120	1
66.440
66.760
67.080
67.400	1
67.710
68.030
68.350
68.670	1
69.000
69.320
69.640
69.960	1
70.280
70.600
70.920
71.250	1
71.580
71.900
72.230
72.560	1
72.880
73.200
73.520
73.840	1
74.160
74.490
74.810
75.130	1
75.440
75.770
76.080
76.410	1
76.730
77.060
77.390
77.720	1
78.050
78.380
78.700
79.040	1
79.350
79.680
80.010
80.340	1
80.680
81.010
81.350
81.680	1
81.990
82.320
82.650
82.970	1
83.290
83.630
83.960
84.290	1
84.630
84.960
85.280
85.610	1
85.930
86.250
86.580
86.900	1
87.220
87.550
87.880
88.210	1
88.520
88.870
89.190
89.510	1
89.850
90.190
90.510
90.840	1
91.180
91.500
91.810
92.140	1
92.480
92.800
93.120
93.460	1
93.790
94.120
94.450
94.790	1
95.110
95.440
95.770
96.080	1
96.400
96.700
97.030
97.340	1
97.660
97.990
98.310
98.630	1
98.950
99.280
99.600
99.930	1
100.250
100.590
100.920
101.240	1
101.570
101.910
102.230
102.560	1
102.870
103.200
103.510
103.840	1
104.160
104.480
104.800
105.120	1
105.440
105.770
106.080
106.420	1
106.750
107.070
107.400
107.740	1
108.070
108.390
108.720
109.060	1
109.390
109.730
110.060
110.380	1
110.720
111.050
111.380
111.710	1
112.020
112.360
112.690
113.030	1
113.360
113.700
114.020
114.350	1
114.690
115.030
115.350
115.690	1
116.010
116.340
116.670
117.010	1
117.340
117.670
118.010
118.340	1
118.680
119.000
119.330
119.660	1
119.980
120.330
120.670
121.000	1
121.330
121.660
121.980
122.320	1
122.650
122.980
123.340
123.670	1
124.010
124.350
124.690
125.010	1
125.330
125.670
125.990
126.340	1
126.660
127.000
127.330
127.670	1
128.000
128.350
128.690
129.010	1
129.340
129.660
129.980
130.300	1
130.620
130.950
131.270
131.590	1
131.900
132.250
132.570
132.900	1
133.230
133.560
133.890
134.230	1
134.560
134.910
135.240
135.570	1
135.890
136.240
136.560
136.890	1
137.210
137.560
137.880
138.230	1
138.580
138.920
139.250
139.590	1
139.920
140.260
140.580
140.910	1
141.250
141.580
141.900
142.220	1
142.550
142.880
143.210
143.530	1
143.860
144.200
144.520
144.870	1
145.210
145.540
145.870
146.210	1
146.560
146.900
147.230
147.570	1
147.920
148.260
148.590
148.910	1
149.240
149.580
149.910
150.260	1
150.600
150.930
151.270
151.610	1
151.950
152.280
152.610
152.960	1
153.280
153.610
153.950
154.270	1
154.610
154.940
155.280
155.620	1
155.940
156.300
156.630
156.970	1
157.300
157.660
157.980
158.320	1
158.640
159.000
159.340
159.680	1
160.000
160.350
160.700
161.030	1
161.380
161.710
162.030
162.360	1
162.690
163.000
163.320
163.640	1
