0.380
0.820
1.250
1.650
2.050
2.420
2.820
3.230
3.620
4.030
4.410
4.810
5.190
5.590
5.970
6.380
6.770
7.170
7.560
7.970
8.360
8.770
9.170
9.560
9.950
10.350
10.740
11.130
11.530
11.910
12.300
12.690
13.100
13.500
13.890
14.310
14.720
15.130
15.540
15.930
16.310
16.680
17.060
17.440
17.830
18.220
18.620
19.010
19.410
19.800
20.200
20.610
21.010
21.380
21.780
22.170
22.580
22.960
23.370
23.760
24.150
24.530
24.920
25.320
25.690
26.060
26.460
26.840
27.240
27.640
28.030
28.420
28.820
29.210
29.610
30.000
30.390
30.770
31.180
31.580
31.990
32.380
32.780
33.190
33.590
33.990
34.360
34.750
35.170
35.550
35.940
36.330
36.730
37.120
37.510
37.900
38.310
38.710
39.100
39.490
39.900
40.290
40.700
41.090
41.480
41.860
42.240
42.630
43.010
43.390
43.780
44.170
44.550
44.940
45.320
45.720
46.100
46.500
46.890
47.280
47.670
48.060
48.460
48.850
49.230
49.600
49.980
50.350
50.740
51.120
51.500
51.890
52.290
52.660
53.070
53.450
53.850
54.250
54.630
55.020
55.420
55.810
56.200
56.580
56.960
57.360
57.740
58.120
58.510
58.900
59.290
59.670
60.060
60.440
60.850
61.230
61.620
62.010
62.410
62.800
63.200
63.590
63.980
64.380
64.780
65.170
65.550
65.950
66.320
66.720
67.110
67.500
67.880
68.270
68.660
69.060
69.450
69.840
70.220
70.620
71.020
71.390
71.780
72.170
72.570
72.950
73.340
73.730
74.110
74.510
74.890
75.290
75.660
76.040
76.430
76.820
77.220
77.620
78.010
78.400
78.780
79.180
79.550
79.960
80.340
80.740
81.140
81.520
81.920
82.310
82.700
83.100
83.480
83.880
84.260
84.660
85.040
85.430
85.820
86.200
86.570
86.950
87.330
87.730
88.100
88.480
88.860
89.240
89.620
90.000
90.380
90.750
91.150
91.520
91.910
92.300
92.690
93.080
93.470
93.870
94.260
94.650
95.040
95.430
95.820
96.220
96.610
96.990
97.380
97.770
98.150
98.540
98.920
99.300
99.700
100.080
100.460
100.870
101.260
101.630
102.020
102.430
102.820
103.220
103.610
104.010
104.390
104.800
105.190
105.590
105.980
106.380
106.770
107.170
107.540
107.940
108.340
108.720
109.120
109.500
109.910
110.300
110.690
111.080
111.470
111.850
112.230
112.620
113.020
113.410
113.800
114.190
114.560
114.950
115.330
115.710
116.100
116.480
116.870
117.260
117.640
118.040
118.430
118.810
119.200
119.600
119.980
120.380
120.770
121.150
121.540
121.910
122.310
122.680
123.060
123.440
123.830
124.220
124.600
124.990
125.390
125.760
126.140
126.540
126.940
127.330
127.740
128.130
128.530
128.920
129.310
129.700
130.100
130.470
130.860
131.260
131.650
132.040
132.430
132.830
133.220
133.610
133.990
134.380
134.790
135.180
135.570
135.980
136.370
136.770
137.150
137.530
137.940
138.340
138.730
139.160
139.560
139.950
140.330
140.740
141.130
141.520
141.910
142.290
142.670
143.050
143.450
143.830
144.200
144.580
144.970
145.370
145.760
146.140
146.530
146.920
147.290
147.650
147.990
148.350
148.730
149.090
149.470
149.860
150.250
150.640
151.030
151.410
151.780
152.160
152.550
152.920
153.320
153.690
154.070
154.450
154.860
155.250
155.640
156.020
156.380
156.780
157.160
157.510
157.880
158.250
158.570
158.900
159.220
159.540
159.860
