0.110
0.440
0.760
1.080
1.400
1.740
2.070
2.390
2.730
3.060
3.380
3.690
4.010
4.330
4.660
4.980
5.290
5.620
5.930
6.260
6.570
6.900
7.230
7.560
7.870
8.210
8.550
8.870
9.210
9.520
9.850
10.180
10.490
10.820
11.140
11.450
11.770
12.100
12.410
12.740
13.050
13.380
13.700
14.010
14.310
14.640
14.950
15.280
15.600
15.910
16.230
16.580
16.890
17.230
17.570
17.880
18.230
18.540
18.870
19.190
19.520
19.840
20.160
20.490
20.820
21.140
21.470
21.780
22.110
22.420
22.740
23.070
23.380
23.710
24.020
24.350
24.670
24.980
25.310
25.630
25.960
26.300
26.610
26.940
27.270
27.610
27.930
28.240
28.570
28.880
29.200
29.530
29.850
30.170
30.490
30.820
31.150
31.470
31.790
32.120
32.430
32.760
33.070
33.400
33.730
34.060
34.380
34.700
35.040
35.360
35.680
36.010
36.340
36.670
36.980
37.330
37.640
37.990
38.320
38.650
38.970
39.300
39.630
39.950
40.280
40.620
40.940
41.290
41.620
41.950
42.280
42.600
42.940
43.270
43.600
43.910
44.260
44.590
44.920
45.230
45.580
45.910
46.230
46.560
46.900
47.220
47.540
47.880
48.220
48.550
48.860
49.200
49.520
49.860
50.180
50.530
50.850
51.170
51.510
51.840
52.180
52.500
52.840
53.170
53.500
53.830
54.160
54.490
54.810
55.130
55.460
55.790
56.140
56.460
56.800
57.110
57.430
57.770
58.100
58.430
58.740
59.070
59.410
59.730
60.080
60.400
60.740
61.060
61.390
61.720
62.040
62.380
62.710
63.030
63.360
63.690
64.010
64.340
64.650
64.970
65.300
65.620
65.930
66.250
66.580
66.890
67.220
67.540
67.850
68.170
68.500
68.820
69.140
69.470
69.790
70.120
70.450
70.770
71.120
71.470
71.810
72.150
72.460
72.790
73.130
73.460
73.780
74.120
74.460
74.790
75.100
75.450
75.780
76.090
76.440
76.760
77.080
77.410
77.760
78.080
78.410
78.740
79.080
79.410
79.740
80.070
80.390
80.710
81.060
81.390
81.710
82.030
82.370
82.680
82.990
83.290
83.600
83.930
84.250
84.560
84.890
85.210
85.530
85.850
86.200
86.530
86.840
87.170
87.490
87.820
88.150
88.480
88.800
89.120
89.450
89.790
90.110
90.440
90.750
91.080
91.390
91.710
92.030
92.350
92.670
93.000
93.320
93.640
93.960
94.280
94.620
94.940
95.260
95.590
95.910
96.240
96.550
96.870
97.200
97.510
97.830
98.150
98.470
98.790
99.120
99.430
99.760
100.080
100.400
100.710
101.030
101.350
101.670
102.000
102.320
102.640
102.960
103.280
103.590
103.910
104.230
104.550
104.870
105.200
105.520
105.830
106.160
106.490
106.810
107.150
107.470
107.810
108.130
108.460
108.780
109.120
109.430
109.760
110.080
110.410
110.750
111.080
111.390
111.720
112.050
112.380
112.690
113.020
113.340
113.650
113.980
114.290
114.620
114.950
115.300
115.620
115.950
116.260
116.590
116.900
117.230
117.540
117.880
118.200
118.520
118.860
119.190
119.510
119.830
120.160
120.470
120.790
121.110
121.440
121.750
122.070
122.400
122.720
123.050
123.380
123.700
124.030
124.350
124.680
125.020
125.350
125.680
125.990
126.290
126.610
126.910
127.230
127.540
127.850
128.160
128.460
128.770
129.090
129.400
129.700
130.010
130.320
130.630
130.950
131.250
131.560
131.870
132.180
132.490
132.800
133.120
133.430
133.740
134.080
134.490
134.920
135.330
135.770
136.280
136.890
137.470
138.080
138.690
139.280
139.900
140.530
141.150
141.790
142.420
143.050
143.670
144.290
144.900
145.520
146.120
146.710
147.320
147.890
148.510
149.120
149.730
150.360
150.960
151.580
152.160
152.780
153.410
154.010
154.620
155.240
155.830
156.410
157.030
157.650
158.250
158.850
159.450
160.110
160.720
161.360
161.960
162.580
163.190
163.780
164.390
164.950
165.470
166.030
166.600
167.120
167.740
168.310
168.910
169.520
170.120
170.730
171.360
171.970
172.580
173.180
173.840
174.460
175.090
175.710
176.290
176.900
177.530
178.150
178.770
179.400
180.020
180.640
181.280
181.910
182.510
183.130
183.760
184.380
184.990
185.590
186.200
186.830
187.440
188.040
188.640
189.260
189.850
190.480
191.090
191.700
192.290
192.890
193.470
194.030
194.610
195.230
195.810
196.430
197.050
197.670
198.280
198.910
199.560
200.200
200.840
201.490
202.090
202.740
203.350
203.930
204.480
205.090
205.640
206.280
206.930
207.530
208.180
208.820
209.420
210.090
210.790
211.450
212.140
212.770
213.430
214.110
214.750
215.430
216.160
216.870
217.550
218.190
218.840
219.510
220.180
220.840
221.420
222.030
222.690
223.340
223.970
224.600
225.270
225.930
226.540
227.190
227.830
228.500
229.150
229.800
230.440
231.080
231.770
232.420
233.040
233.720
234.350
234.990
235.660
236.310
236.950
237.620
238.270
238.910
239.590
240.240
241.000
241.730
242.580
243.470
244.390
245.270
246.190
247.100
247.990
248.860
249.960
250.980
252.000
253.080
254.120
255.150
256.270
257.300
258.330
259.410
260.450
261.570
