0.370
1.280
2.140
2.960
3.780
4.530
5.350
6.090
6.900
7.680
8.560
9.430
10.140
10.880
11.630
12.400
13.070
13.750
14.400
15.090
15.780
16.560
17.330
18.150
19.020
19.830
20.650
21.560
22.540
23.450
24.440
25.450
26.390
27.330
28.350
29.270
30.280
31.270
32.280
33.270
34.290
35.270
36.270
37.250
38.310
39.320
40.270
41.330
42.280
43.280
44.260
45.310
46.250
47.270
48.290
49.260
50.270
51.250
52.240
53.210
54.190
55.240
56.220
57.250
58.230
59.210
60.190
61.200
62.250
63.210
64.210
65.210
66.250
67.250
68.250
69.280
70.300
71.280
72.290
73.350
74.310
75.370
76.390
77.400
78.390
79.420
80.400
81.390
82.400
83.370
84.410
85.390
86.390
87.380
88.380
89.360
90.410
91.400
92.390
93.360
94.390
95.340
96.380
97.340
98.380
99.360
100.340
101.350
102.320
103.320
104.320
105.260
106.260
107.240
108.260
109.260
110.330
111.350
112.340
113.340
114.430
115.480
116.530
117.560
118.590
119.630
120.710
121.700
122.700
123.720
124.800
125.760
126.690
127.740
128.720
129.760
130.750
131.780
132.810
133.880
134.880
135.880
136.840
137.850
138.880
139.910
140.930
141.920
142.900
143.940
145.000
146.030
147.000
147.920
148.930
149.910
150.900
151.940
152.940
154.040
155.040
156.020
157.020
158.050
159.050
160.010
161.070
162.060
163.110
164.050
165.060
165.970
166.970
167.900
168.570
169.070
169.580
170.070
170.580
171.120
171.620
172.120
172.620
173.110
173.630
174.110
174.630
175.130
175.670
176.170
176.640
177.160
177.640
178.150
178.640
179.170
179.670
180.170
180.640
181.170
181.630
182.120
182.610
183.140
183.610
184.130
184.630
185.110
185.610
186.120
186.630
187.140
187.640
188.110
188.620
189.110
189.560
189.990
190.460
190.890
191.360
191.800
192.240
192.720
193.180
193.650
194.160
194.650
195.170
195.670
196.180
196.670
197.170
197.690
198.200
198.690
199.230
199.730
200.230
200.730
201.220
201.710
202.220
202.700
203.240
203.730
204.260
204.760
205.260
205.750
206.240
206.740
207.230
207.740
208.250
208.730
209.220
209.690
210.190
210.690
211.210
211.690
212.210
212.690
213.200
213.670
214.160
214.680
215.190
215.670
216.190
216.660
217.180
217.670
218.190
218.670
219.160
219.660
220.160
220.640
221.170
221.640
222.160
222.650
223.160
223.570
224.020
224.430
224.880
225.290
225.720
226.170
226.600
227.030
227.440
227.890
228.370
228.870
229.350
229.810
230.310
230.800
231.320
231.790
232.320
232.810
233.290
233.800
234.320
234.810
235.330
235.830
236.380
236.900
237.400
237.870
238.400
238.880
239.380
239.870
240.400
240.900
241.400
241.880
242.390
242.880
243.400
243.880
244.390
244.890
245.420
245.940
246.450
246.950
247.440
247.920
248.420
248.930
249.390
249.910
250.430
250.920
251.440
251.930
252.470
252.970
253.490
254.000
254.510
255.000
255.530
256.020
256.540
257.060
257.540
258.050
258.570
259.050
259.560
260.040
260.560
261.050
261.590
262.080
262.610
263.120
263.610
264.120
264.600
265.100
265.630
266.140
266.640
267.140
267.650
268.170
268.700
269.200
269.710
270.220
270.730
271.210
271.700
272.220
272.730
273.240
273.770
274.300
274.790
275.310
275.840
276.350
276.890
277.420
277.930
278.430
278.930
279.430
279.960
280.450
280.950
281.450
281.970
282.470
282.990
283.480
284.010
284.490
285.020
285.520
286.050
286.560
287.080
287.590
288.100
288.620
289.140
289.630
290.170
290.680
291.180
291.680
292.190
292.720
293.220
293.730
294.250
294.750
295.250
295.770
296.280
296.790
297.300
297.790
298.310
298.800
299.330
299.820
300.330
300.830
301.370
301.850
302.390
302.890
303.390
303.910
304.410
304.920
305.420
305.910
306.420
306.950
307.440
307.960
308.470
308.980
309.490
309.990
310.520
311.010
311.530
312.020
312.530
313.020
313.520
314.030
314.530
315.040
315.560
316.070
316.560
317.070
317.580
318.080
318.620
319.120
319.630
320.100
320.620
321.130
321.620
322.110
322.610
323.120
323.600
324.130
324.600
325.130
325.650
326.140
326.670
327.160
327.690
328.170
328.680
329.160
329.660
330.160
330.630
331.130
331.620
332.120
332.620
333.140
333.630
334.130
334.630
335.110
335.630
336.110
336.630
337.100
337.590
338.110
338.580
339.080
339.580
340.080
340.600
341.080
341.580
342.070
342.560
343.080
343.560
344.040
344.530
345.020
345.530
346.010
346.510
347.010
347.520
348.000
348.500
349.000
349.490
349.970
350.480
350.950
351.450
351.930
352.430
352.900
353.410
353.890
354.380
354.880
355.350
355.850
356.360
356.820
357.330
357.830
358.300
358.810
359.290
359.790
360.290
360.790
361.310
361.800
362.300
362.780
363.270
363.770
364.260
364.730
365.230
365.700
366.190
366.670
367.140
367.640
368.170
368.670
369.140
369.650
370.170
370.660
371.160
371.660
372.160
372.640
373.140
373.650
374.170
374.640
375.150
375.650
376.160
376.630
377.110
377.630
378.130
378.620
379.140
379.650
380.160
380.670
381.190
381.700
382.200
382.670
383.180
383.720
384.220
384.700
385.190
385.690
386.220
386.700
387.210
387.700
388.230
388.740
389.250
389.740
390.260
390.770
391.290
391.780
392.300
392.780
393.310
393.790
394.310
394.780
395.290
395.790
396.330
396.800
397.310
397.820
398.330
398.800
399.310
399.810
400.280
400.790
401.290
401.760
402.270
402.760
403.250
403.760
404.280
404.780
405.270
405.770
406.290
406.780
407.300
407.820
408.310
408.810
409.300
409.780
410.280
410.750
411.300
411.820
412.360
412.900
413.670
414.450
415.220
416.060
416.930
417.810
418.700
419.570
420.470
421.450
422.350
423.410
424.350
425.410
426.370
427.390
428.450
429.440
430.440
431.430
432.400
433.410
434.380
435.420
436.430
437.420
438.380
439.410
440.390
441.380
442.350
443.350
444.360
445.340
446.290
447.300
448.270
449.270
450.290
451.280
452.300
453.300
454.320
455.340
456.350
457.360
458.370
459.350
460.320
461.340
462.320
463.340
464.340
465.300
466.300
467.270
468.320
469.310
470.260
471.260
472.250
473.220
474.190
475.170
476.160
477.130
478.160
479.120
480.100
481.070
482.070
483.080
484.070
485.080
486.110
487.120
488.090
489.010
490.010
491.020
492.000
492.990
493.950
494.970
495.960
496.970
497.950
498.990
499.940
500.910
501.920
502.880
503.870
504.860
505.860
506.900
507.900
508.920
509.970
511.020
512.040
513.080
514.090
515.100
516.170
517.230
518.230
519.260
520.300
521.370
522.420
523.440
524.500
525.590
526.680
527.690
528.780
529.880
530.980
532.060
533.160
534.290
535.370
536.450
537.490
538.380
539.090
539.830
540.540
541.190
541.900
542.620
543.320
543.930
544.580
545.230
545.880
546.490
547.060
547.690
548.280
548.840
549.460
550.100
550.710
551.330
551.980
552.610
553.260
553.950
554.620
555.360
556.050
556.780
557.550
558.260
559.040
559.730
560.490
561.200
561.940
562.690
563.420
564.100
564.800
565.470
566.120
566.790
567.510
568.200
568.860
569.490
570.160
570.800
571.480
572.140
572.980
573.830
574.680
575.450
576.280
577.040
577.840
