0.370
1.430
2.380
3.320
4.320
5.290
6.230
7.180
8.130
8.980
9.910
10.820
11.660
12.590
13.450
14.390
15.410
16.400
17.340
18.360
19.310
20.260
21.270
22.280
23.280
24.250
25.210
26.230
27.190
28.210
29.200
30.120
31.090
32.110
33.060
34.000
35.020
35.980
36.920
37.920
38.950
39.910
40.910
41.840
42.850
43.820
44.850
45.810
46.770
47.810
48.810
49.790
50.830
51.810
52.810
53.800
54.790
55.720
56.700
57.750
58.760
59.730
60.780
61.750
62.750
63.730
64.720
65.790
66.780
67.840
68.890
69.840
70.780
71.860
72.910
73.920
75.000
76.010
77.070
78.120
79.210
80.280
81.360
82.420
83.510
84.590
85.620
86.650
87.710
88.800
89.830
90.840
91.930
92.940
93.960
95.030
96.020
97.090
98.140
99.250
100.300
101.370
102.470
103.490
104.600
105.660
106.780
107.810
108.910
109.980
111.060
112.130
113.120
114.260
115.340
116.410
117.490
118.540
119.650
120.660
121.770
122.810
123.880
124.890
125.990
127.030
128.070
129.120
130.220
131.240
132.340
133.430
134.520
135.580
136.700
137.760
138.830
139.840
140.950
141.950
143.000
143.920
144.860
145.760
146.720
147.620
148.560
149.540
150.440
151.390
152.290
153.170
154.040
154.950
155.870
156.910
157.950
159.020
159.920
160.840
161.720
162.590
163.500
164.350
165.190
166.110
166.880
167.730
168.600
169.530
170.370
171.300
172.180
173.040
173.970
174.830
175.730
176.610
177.510
178.350
179.220
180.180
181.170
182.150
183.090
184.090
185.090
186.080
187.100
188.100
189.120
190.160
191.130
192.160
193.130
194.180
195.230
196.270
197.250
198.320
199.380
200.370
201.450
202.540
203.560
204.600
205.680
206.720
207.550
208.360
209.140
209.930
210.630
211.390
212.120
212.860
213.560
214.290
215.010
215.780
216.530
217.300
218.070
218.720
219.390
220.140
220.820
221.530
222.300
223.020
223.780
224.520
225.250
225.960
226.740
227.450
228.220
228.910
229.620
230.290
231.030
231.750
232.530
233.310
234.030
234.840
235.600
236.360
237.210
238.000
238.880
239.690
240.480
241.250
242.070
242.860
243.640
244.390
245.120
245.810
246.570
247.340
248.160
249.000
249.760
250.590
251.380
252.110
252.840
253.630
254.500
255.350
256.340
257.460
258.450
259.400
260.300
261.230
262.160
263.050
264.040
265.030
266.000
266.930
267.940
268.940
269.950
270.920
271.910
272.730
273.590
274.460
275.310
276.160
276.970
277.830
278.710
279.530
280.380
281.260
282.130
283.030
283.900
284.730
285.600
