0.440
1.440
2.360
3.340
4.220
5.160
6.100
6.950
7.860
8.780
9.690
10.590
11.470
12.350
13.290
14.260
15.230
16.130
17.130
17.980
18.820
19.700
20.610
21.490
22.380
23.290
24.150
25.040
25.940
26.840
27.710
28.660
29.510
30.430
31.280
32.200
33.080
34.000
34.850
35.770
36.640
37.550
38.430
39.330
40.200
41.090
42.010
42.860
43.740
44.640
45.500
46.390
47.270
48.180
49.040
49.920
50.800
51.710
52.610
53.500
54.360
55.230
56.090
56.980
57.850
58.730
59.580
60.490
61.350
62.230
63.120
64.030
64.880
65.780
66.660
67.520
68.420
69.290
70.230
71.120
72.010
72.890
73.780
74.690
75.590
76.490
77.420
78.330
79.210
80.180
81.020
81.940
82.810
83.690
84.610
85.520
86.400
87.310
88.190
89.120
89.990
90.920
91.770
92.680
93.550
94.450
95.310
96.200
97.100
97.960
98.810
99.720
100.600
101.490
102.350
103.230
104.090
105.030
105.880
106.780
107.660
108.560
109.420
110.300
111.180
112.070
112.940
113.850
114.760
115.610
116.500
117.410
118.310
119.230
120.110
121.020
121.910
122.820
123.700
124.590
125.450
126.380
127.220
128.140
129.010
129.900
130.790
131.680
132.600
133.520
134.420
135.330
136.220
137.090
137.990
138.880
139.770
140.660
141.560
142.450
143.320
144.230
145.140
146.040
146.930
147.860
148.750
149.650
150.540
151.450
152.340
153.260
154.140
155.050
155.950
156.860
157.750
158.670
159.600
160.490
161.370
162.290
163.180
164.080
164.970
165.890
166.780
167.710
168.590
169.480
170.410
171.320
172.220
173.120
174.010
174.930
175.820
176.740
177.650
178.570
179.460
180.370
181.310
182.200
183.110
184.030
184.950
185.870
186.780
187.700
188.590
189.510
190.430
191.380
192.290
193.220
194.110
195.030
195.950
196.840
197.730
198.660
199.550
200.470
201.350
202.280
203.160
204.050
204.940
205.850
206.750
207.630
208.510
209.410
210.290
211.210
212.090
212.990
213.850
214.760
215.650
216.550
217.430
218.340
219.220
220.080
221.000
221.840
222.730
223.630
224.500
225.400
226.300
227.200
228.100
229.070
229.980
230.860
231.930
232.980
234.080
235.110
236.200
237.210
238.210
239.230
240.320
241.420
242.540
243.590
244.740
245.800
246.920
247.950
249.040
250.190
251.250
252.360
253.430
254.430
255.490
256.600
257.660
258.720
259.750
260.760
261.880
263.000
264.090
265.120
266.050
266.990
267.950
268.960
