0.070
0.430
0.800
1.160
1.550
1.910
2.290
2.660
3.020
3.400
3.750
4.120
4.490
4.870
5.240
5.600
5.970
6.340
6.690
7.070
7.420
7.800
8.180
8.540
8.920
9.280
9.650
10.020
10.370
10.750
11.100
11.470
11.840
12.210
12.570
12.940
13.310
13.680
14.040
14.410
14.790
15.160
15.530
15.900
16.270
16.650
17.010
17.380
17.750
18.120
18.490
18.850
19.210
19.590
19.960
20.320
20.690
21.060
21.430
21.810
22.180
22.550
22.910
23.280
23.650
24.030
24.400
24.770
25.140
25.520
25.890
26.260
26.620
27.000
27.380
27.750
28.140
28.510
28.880
29.230
29.590
29.960
30.310
30.680
31.060
31.430
31.790
32.150
32.520
32.890
33.260
33.620
33.980
34.350
34.730
35.100
35.460
35.830
36.200
36.570
36.940
37.310
37.680
38.040
38.420
38.790
39.150
39.530
39.900
40.240
40.610
40.980
41.350
41.720
42.090
42.460
42.840
43.210
43.560
43.940
44.320
44.680
45.050
45.410
45.800
46.160
46.540
46.910
47.270
47.650
48.030
48.400
48.780
49.140
49.530
49.900
50.270
50.640
51.000
51.370
51.740
52.100
52.470
52.840
53.210
53.590
53.960
54.330
54.710
55.080
55.440
55.810
56.190
56.540
56.940
57.300
57.670
58.050
58.420
58.780
59.150
59.530
59.890
60.260
60.640
61.030
61.400
61.780
62.140
62.520
62.900
63.280
63.660
64.030
64.420
64.800
65.170
65.550
65.920
66.300
66.670
67.050
67.420
67.800
68.170
68.540
68.920
69.290
69.660
70.040
70.390
70.770
71.140
71.520
71.890
72.260
72.630
73.010
73.380
73.770
74.150
74.510
74.880
75.250
75.640
76.010
76.380
76.750
77.130
77.510
77.880
78.240
78.620
78.980
79.340
79.720
80.080
80.450
80.800
81.180
81.550
81.920
82.280
82.650
83.020
83.410
83.780
84.140
84.520
84.880
85.260
85.630
86.000
86.360
86.740
87.120
87.490
87.870
88.230
88.590
88.960
89.340
89.710
90.070
90.450
90.820
91.190
91.570
91.950
92.330
92.710
93.080
93.450
93.800
94.190
94.550
94.920
95.300
95.670
96.040
96.410
96.780
97.150
97.500
97.890
98.260
98.620
98.990
99.370
99.720
100.110
100.480
100.850
101.210
101.590
101.950
102.320
102.680
103.060
103.430
103.800
104.170
104.540
104.900
105.280
105.650
106.030
106.410
106.780
107.170
107.530
107.910
108.280
108.650
109.030
109.400
109.770
110.140
110.520
110.900
111.270
111.650
112.030
112.390
112.760
113.140
113.510
113.870
114.250
114.630
115.000
115.360
115.720
116.090
116.470
116.840
117.220
117.590
117.950
118.330
118.700
119.070
119.440
119.810
120.200
120.580
120.960
121.330
121.700
122.070
122.450
122.830
123.190
123.560
123.940
124.300
124.670
125.050
125.410
125.780
126.140
126.520
126.880
127.250
127.630
128.010
128.360
128.740
129.100
129.490
129.850
130.210
130.580
130.950
131.340
131.710
132.070
132.450
132.820
133.210
133.570
133.940
134.310
134.690
135.070
135.440
135.810
136.170
136.560
136.940
137.330
137.700
138.090
138.450
138.820
139.200
139.580
139.950
140.320
140.680
141.060
141.440
141.820
142.190
142.580
142.960
143.330
143.710
144.070
144.460
144.830
145.190
145.570
145.930
146.320
146.690
147.060
147.440
147.800
148.190
148.550
148.920
149.300
149.670
150.050
150.420
150.800
151.180
151.550
151.940
152.300
152.680
153.060
153.440
153.820
154.180
154.540
154.910
155.280
155.660
156.020
156.390
156.760
157.130
157.500
157.880
158.250
158.620
158.990
159.370
159.740
160.110
160.470
160.850
161.220
161.590
161.970
162.340
162.720
163.100
163.480
163.840
164.220
164.580
164.970
165.340
165.700
166.070
166.440
166.820
167.190
167.570
167.940
168.320
168.700
169.080
169.440
169.820
170.180
170.560
170.930
171.290
171.670
172.050
172.430
172.820
173.170
173.550
173.920
174.290
174.650
175.030
175.400
175.770
176.140
176.510
176.870
177.250
177.620
177.990
178.360
178.730
179.110
179.480
179.830
180.210
180.590
180.960
181.310
