0.310
0.670
1.020
1.370
1.730
2.080
2.420
2.780
3.120
3.460
3.820
4.140
4.490
4.810
5.150
5.480
5.810
6.150
6.500
6.830
7.180
7.520
7.850
8.200
8.530
8.860
9.220
9.530
9.870
10.210
10.530
10.880
11.260
11.620
11.950
12.260
12.600
12.920
13.250
13.600
13.930
14.260
14.600
14.940
15.290
15.620
15.970
16.290
16.630
16.970
17.300
17.650
17.990
18.330
18.660
19.010
19.340
19.680
20.010
20.360
20.710
21.030
21.350
21.700
22.040
22.370
22.700
23.050
23.390
23.730
24.060
24.400
24.750
25.100
25.420
25.750
26.080
26.410
26.740
27.090
27.430
27.780
28.130
28.470
28.820
29.160
29.480
29.820
30.160
30.500
30.840
31.180
31.500
31.830
32.170
32.510
32.860
33.190
33.530
33.870
34.210
34.560
34.880
35.230
35.580
35.900
36.240
36.590
36.930
37.270
37.610
37.950
38.290
38.640
38.960
39.300
39.650
39.980
40.310
40.650
41.000
41.340
41.690
42.030
42.370
42.720
43.050
43.390
43.750
44.080
44.410
44.770
45.110
45.440
45.770
46.120
46.470
46.800
47.130
47.480
47.830
48.160
48.490
48.840
49.190
49.540
49.890
50.240
50.570
50.900
51.250
51.590
51.920
52.280
52.600
52.940
53.260
53.610
53.930
54.250
54.600
54.930
55.260
55.600
55.930
56.270
56.600
56.950
57.280
57.600
57.950
58.280
58.620
58.950
59.270
59.610
59.950
60.280
60.600
60.940
61.290
61.640
61.960
62.310
62.650
63.000
63.320
63.670
64.010
64.340
64.680
65.030
65.350
65.690
66.020
66.360
66.710
67.050
67.380
67.720
68.070
68.420
68.750
69.100
69.440
69.780
70.100
70.460
70.810
71.160
71.490
71.830
72.180
72.520
72.840
73.190
73.540
73.880
74.220
74.560
74.890
75.220
75.560
75.900
76.260
76.600
76.950
77.300
77.650
78.000
78.330
78.670
79.030
79.360
79.710
80.050
80.410
80.740
81.080
81.430
81.780
82.130
82.460
82.810
83.160
83.500
83.840
84.180
84.530
84.880
85.210
85.560
85.920
86.270
86.590
86.950
87.280
87.620
87.960
88.310
88.650
88.990
89.320
89.670
90.020
90.360
90.700
91.050
91.420
91.740
92.080
92.430
92.770
93.120
93.470
93.820
94.150
94.470
94.820
95.150
95.480
95.820
96.150
96.480
96.810
97.140
97.460
97.810
98.160
98.510
98.850
99.210
99.550
99.880
100.220
100.570
100.910
101.260
101.600
101.930
102.280
102.620
102.960
103.290
103.630
103.970
104.300
104.640
104.980
105.330
105.660
106.010
106.340
106.680
107.010
107.350
107.690
108.020
108.360
108.690
109.020
109.360
109.700
110.050
110.370
110.690
111.020
111.360
111.690
112.030
112.360
112.700
113.030
113.370
113.700
114.010
114.360
114.690
115.010
115.340
115.670
116.000
116.320
116.650
116.980
117.310
117.640
117.970
118.290
118.620
118.940
119.280
119.610
119.960
120.290
120.640
120.960
121.300
121.630
121.960
122.290
122.640
122.950
123.280
123.610
123.950
124.270
124.600
124.930
125.270
125.590
125.930
126.260
126.590
126.920
127.250
127.570
127.920
128.240
128.560
128.880
129.200
129.520
129.850
130.170
130.520
130.830
131.170
131.490
131.820
132.130
132.470
132.790
133.130
133.440
133.780
134.100
134.440
134.760
135.080
135.400
135.740
136.070
136.390
136.720
137.060
137.380
137.700
138.030
138.370
138.710
139.030
139.350
139.700
140.010
140.360
140.680
141.020
141.330
141.680
141.990
142.340
142.650
143.000
143.310
143.650
143.970
144.310
144.620
144.950
145.270
145.610
145.930
146.260
146.580
146.920
147.240
147.590
147.900
148.240
148.550
148.880
149.200
149.530
149.850
150.190
150.510
150.840
151.150
151.490
151.800
152.140
152.460
152.800
153.120
153.450
153.760
154.090
154.410
154.750
155.070
155.400
155.710
156.030
156.350
156.670
157.000
157.320
157.650
157.970
158.290
158.620
158.940
159.260
159.580
159.900
160.220
160.550
160.870
161.200
161.520
161.860
162.180
162.520
162.840
163.170
163.490
163.820
164.150
164.470
164.800
165.130
165.450
165.790
166.110
166.440
166.760
167.090
167.410
167.750
168.070
168.400
168.720
169.050
169.370
169.700
170.020
170.360
170.680
171.030
171.340
171.670
171.980
172.310
172.620
172.950
173.270
173.600
173.920
174.260
174.570
174.910
175.230
175.560
175.880
176.210
176.530
176.850
177.170
177.500
177.830
178.170
178.500
178.830
179.150
179.470
179.800
180.130
180.460
180.790
181.100
181.430
181.740
182.070
182.390
182.740
183.050
183.390
183.700
184.030
184.340
184.690
185.010
185.330
185.650
185.980
186.280
186.600
186.900
187.220
187.530
187.860
188.170
188.500
188.810
189.140
189.450
189.780
190.080
190.400
190.700
191.020
191.330
191.660
191.970
192.290
192.610
192.930
193.250
193.580
193.900
194.220
194.520
194.840
195.140
195.460
195.780
196.110
196.420
196.750
197.070
197.390
197.710
198.020
198.340
198.670
199.000
199.330
199.640
199.970
200.310
200.640
200.960
201.290
201.640
201.960
202.290
202.620
202.980
203.310
203.640
203.990
204.340
204.670
205.000
205.340
205.680
206.020
206.360
206.710
207.060
207.400
207.730
208.070
208.410
208.750
209.090
209.440
209.790
210.130
210.460
210.800
211.150
211.490
211.830
212.180
212.520
212.860
213.190
213.520
213.880
214.210
214.550
214.890
215.230
215.580
215.910
216.250
216.590
216.940
217.280
217.630
217.980
218.320
218.640
218.990
219.320
219.680
220.010
220.350
220.700
221.030
221.370
221.710
222.040
222.380
222.740
223.060
223.400
223.750
224.080
224.420
224.740
225.090
225.430
225.750
226.110
226.440
226.770
227.110
227.440
227.760
228.080
228.400
228.720
229.040
229.350
229.680
229.990
230.310
230.630
230.950
231.280
231.590
231.920
232.230
232.550
232.870
233.200
233.520
233.840
234.160
234.470
234.800
235.120
235.440
235.750
