0.100
0.430
0.760	1
1.070
1.380
1.695
2.010	1
2.330
2.650
2.960
3.270	1
3.565
3.860
4.175
4.490	1
4.810
5.130
5.450
5.770	1
6.110
6.450
6.755
7.060	1
7.365
7.670
7.985
8.300	1
8.625
8.950
9.270
9.590	1
9.900
10.210
10.525
10.840	1
11.165
11.490
11.785
12.080	1
12.405
12.730
13.045
13.360	1
13.670
13.980
14.300
14.620	1
14.930
15.240
15.550
15.860	1
16.170
16.480
16.790
17.100	1
17.410
17.720
18.050
18.380	1
18.690
19.000
19.315
19.630	1
19.945
20.260
20.580
20.900	1
21.230
21.560
21.865
22.170	1
22.490
22.810
23.125
23.440	1
23.750
24.060
24.365
24.670	1
24.985
25.300
25.620
25.940	1
26.265
26.590
26.905
27.220	1
27.540
27.860
28.185
28.510	1
28.825
29.140
29.440
29.740	1
30.060
30.380
30.710
31.040	1
31.350
31.660
31.980
32.300	1
32.620
32.940
33.260
33.580	1
33.905
34.230
34.550
34.870	1
35.195
35.520
35.840
36.160	1
36.480
36.800
37.125
37.450	1
37.775
38.100
38.415
38.730	1
39.060
39.390
39.705
40.020	1
40.345
40.670
40.995
41.320	1
41.640
41.960
42.275
42.590	1
42.910
43.230
43.555
43.880	1
44.200
44.520
44.835
45.150	1
45.460
45.770
46.085
46.400	1
46.715
47.030
47.350
47.670	1
47.995
48.320
48.635
48.950	1
49.265
49.580
49.905
50.230	1
50.565
50.900
51.235
51.570	1
51.890
52.210
52.530
52.850	1
53.160
53.470
53.800
54.130	1
54.455
54.780
55.105
55.430	1
55.745
56.060
56.385
56.710	1
57.035
57.360
57.685
58.010	1
58.325
58.640
58.970
59.300	1
59.630
59.960
60.280
60.600	1
60.920
61.240
61.560
61.880	1
62.200
62.520
62.840
63.160	1
63.475
63.790
64.115
64.440	1
64.765
65.090
65.415
65.740	1
66.055
66.370
66.695
67.020	1
67.345
67.670
67.980
68.290	1
68.620
68.950
69.265
69.580	1
69.890
70.200
70.515
70.830	1
71.160
71.490
71.820
72.150	1
72.480
72.810
73.120
73.430	1
73.760
74.090
74.425
74.760	1
75.080
75.400
75.710
76.020	1
76.340
76.660
76.990
77.320	1
77.640
77.960
78.280
78.600	1
78.920
79.240
79.560
79.880	1
80.200
80.520
80.840
81.160	1
81.490
81.820
82.135
82.450	1
82.765
83.080
83.400
83.720	1
84.040
84.360
84.670
84.980	1
85.295
85.610
85.920
86.230	1
86.550
86.870
87.185
87.500	1
87.805
88.110
88.435
88.760	1
89.075
89.390
89.695
90.000	1
90.320
90.640
90.950
91.260	1
91.585
91.910
92.240
92.570	1
92.870
93.170
93.495
93.820	1
94.140
94.460
94.780
95.100	1
95.405
95.710
96.030
96.350	1
96.675
97.000
97.315
97.630	1
97.950
98.270
98.575
98.880	1
99.195
99.510
99.825
100.140	1
100.460
100.780
101.075
101.370	1
101.690
102.010
102.330
102.650	1
102.960
103.270
103.585
103.900	1
104.215
104.530
104.845
105.160	1
105.465
105.770
106.085
106.400	1
106.720
107.040
107.355
107.670	1
107.965
108.260
108.580
108.900	1
109.215
109.530
109.845
110.160	1
110.485
110.810
111.115
111.420	1
111.730
112.040
112.360
112.680	1
112.995
113.310
113.620
113.930	1
114.250
114.570
114.875
115.180	1
115.495
115.810
116.120
116.430	1
116.750
117.070
117.395
117.720	1
118.035
118.350
118.660
118.970	1
119.295
119.620
119.935
120.250	1
120.565
120.880
121.190
121.500	1
121.815
122.130
122.450
122.770	1
123.095
123.420
123.735
124.050	1
124.370
124.690
125.000
125.310	1
125.630
125.950
126.255
126.560	1
126.890
127.220
127.530
127.840	1
128.150
128.460
128.770
129.080	1
129.400
129.720
130.025
130.330	1
130.645
130.960
131.265
131.570	1
131.890
132.210
132.525
132.840	1
133.150
133.460
133.785
134.110	1
134.425
134.740
135.065
135.390	1
135.715
136.040
136.350
136.660	1
136.985
137.310
137.630
137.950	1
138.260
138.570
138.880
139.190	1
139.510
139.830
140.140
140.450	1
140.755
141.060
141.355
141.650	1
141.970
142.290
142.605
142.920	1
143.230
143.540
143.850
144.160	1
144.475
144.790
145.110
145.430	1
145.745
146.060
146.365
146.670	1
147.000
147.330
147.640
147.950	1
148.265
148.580
148.890
149.200	1
149.495
149.790
150.100
150.410	1
150.730
151.050
151.350
151.650	1
151.965
152.280
152.600
152.920	1
153.225
153.530
153.845
154.160	1
154.485
154.810
155.125
155.440	1
155.740
156.040
156.350
156.660	1
156.990
157.320
157.635
157.950	1
158.265
158.580
158.885
159.190	1
159.505
159.820
160.130
160.440	1
160.760
161.080
161.395
161.710	1
162.035
162.360
162.670
162.980	1
163.300
163.620
163.935
164.250	1
164.575
164.900
165.215
165.530	1
165.855
166.180
166.480
166.780	1
167.100
167.420
167.740
168.060	1
168.375
168.690
169.005
169.320	1
169.645
169.970
170.280
170.590	1
170.910
171.230
171.545
171.860	1
172.190
172.520
172.845
173.170	1
173.480
173.790
174.115
174.440	1
174.770
175.100
175.420
175.740	1
176.085
176.430
176.755
177.080	1
177.400
177.720
178.035
178.350	1
178.660
178.970
179.280
179.590	1
179.915
180.240
180.560
180.880	1
181.200
181.520
181.835
182.150	1
182.475
182.800
183.105
183.410	1
183.715
184.020
184.340
184.660	1
184.980
185.300
185.625
185.950	1
186.275
186.600
186.910
187.220	1
187.530
187.840
188.160
188.480	1
188.805
189.130
189.440
189.750	1
190.070
190.390
190.710
191.030	1
191.340
191.650
191.965
192.280	1
192.595
192.910
193.225
193.540	1
193.855
194.170
194.490
194.810	1
195.120
195.430
195.755
196.080	1
196.405
196.730
197.040
197.350	1
197.680
198.010
198.345
198.680	1
199.015
199.350
199.675
200.000	1
200.330
200.660
200.985
201.310	1
201.645
201.980
202.300
202.620	1
202.940
203.260
203.585
203.910	1
204.210
204.510
204.815
205.120	1
205.450
205.780
206.100
206.420	1
206.745
207.070
207.370
207.670	1
207.995
208.320
208.630
208.940	1
209.250
209.560
209.860
210.160	1
210.495
210.830
211.140
211.450	1
211.775
212.100
212.425
212.750	1
213.080
213.410
213.735
214.060	1
214.375
214.690
215.005
215.320	1
215.655
215.990
216.310
216.630	1
216.960
217.290
217.600
217.910	1
218.230
218.550
218.865
219.180	1
219.500
219.820
220.135
220.450	1
220.775
221.100
221.420
221.740	1
222.050
222.360
222.670
222.980	1
223.305
223.630
223.955
224.280	1
224.600
224.920
225.240
225.560	1
225.890
226.220
226.535
226.850	1
227.180
227.510
227.825
228.140	1
228.465
228.790
229.110
229.430	1
229.765
230.100
230.415
230.730	1
231.065
231.400
231.710
232.020	1
232.345
232.670
232.985
233.300	1
233.630
233.960
234.285
234.610	1
234.935
235.260
235.585
235.910	1
236.240
236.570
236.890
237.210	1
237.530
237.850
238.155
238.460	1
238.785
239.110
239.430
239.750	1
240.070
240.390
240.705
241.020	1
241.345
241.670
241.990
242.310	1
242.630
242.950
243.270
243.590	1
243.920
244.250
244.565
244.880	1
245.195
245.510
245.825
246.140	1
246.460
246.780
247.100
247.420	1
247.745
248.070
248.380
248.690	1
249.015
249.340
249.655
249.970	1
250.285
250.600
250.915
251.230	1
251.550
251.870
252.200
252.530	1
252.855
253.180
253.490
253.800	1
254.130
254.460
254.770
255.080	1
255.415
255.750
256.060
256.370	1
256.700
257.030
257.350
257.670	1
257.990
258.310
258.635
258.960	1
259.290
259.620
259.945
260.270	1
260.590
260.910
261.230
261.550	1
261.875
262.200
262.510
262.820	1
263.150
263.480
263.790
264.100	1
264.420
264.740
265.055
265.370	1
265.700
266.030
266.345
266.660	1
266.985
267.310
267.630
267.950	1
268.270
268.590
268.905
269.220	1
269.550
269.880
270.190
270.500	1
270.815
271.130
271.450
271.770	1
272.095
272.420
272.735
273.050	1
273.375
273.700
274.025
274.350	1
274.675
275.000
275.310
275.620	1
275.945
276.270
276.590
276.910	1
277.245
277.580
277.900
278.220	1
278.525
278.830
279.150
279.470	1
279.805
280.140
280.460
280.780	1
281.105
281.430
281.740
282.050	1
282.380
282.710
283.035
283.360	1
283.675
283.990
284.305
284.620	1
284.950
285.280
285.595
285.910	1
286.230
286.550
286.865
287.180	1
287.505
287.830
288.155
288.480	1
288.800
289.120
289.435
289.750	1
290.075
290.400
290.725
291.050	1
291.360
291.670
291.990
292.310	1
292.635
292.960
293.275
293.590	1
293.905
294.220
294.535
294.850	1
295.180
295.510
295.825
296.140	1
296.445
296.750
297.075
297.400	1
297.715
298.030
298.345
298.660	1
298.980
299.300
299.610
299.920	1
300.245
300.570
300.895
301.220	1
301.530
301.840
302.160
302.480	1
302.805
303.130
303.450
303.770	1
304.085
304.400
304.700
305.000	1
305.315
305.630
305.955
306.280	1
306.590
306.900
307.220
307.540	1
307.860
308.180
308.500
308.820	1
309.135
309.450
309.765
310.080	1
310.395
310.710
311.035
311.360	1
311.670
311.980
312.305
312.630	1
312.945
313.260
313.575
313.890	1
314.215
314.540
314.890
315.240	1
315.560
315.880
316.200
316.520	1
316.845
317.170
317.495
317.820	1
318.140
318.460
318.780
319.100	1
319.435
319.770
320.085
320.400	1
320.730
321.060
321.390
321.720	1
322.055
322.390
322.705
323.020	1
323.350
323.680
324.000
324.320	1
324.645
324.970
325.285
325.600	1
325.930
326.260
326.585
326.910	1
327.225
327.540
327.860
328.180	1
328.495
328.810
329.130
329.450	1
329.775
330.100
330.425
330.750	1
331.065
331.380
331.710
332.040	1
332.360
332.680
333.005
333.330	1
333.645
333.960
334.275
334.590	1
334.915
335.240
335.570
335.900	1
336.235
336.570
336.900
337.230	1
337.555
337.880
338.205
338.530	1
338.845
339.160
339.495
339.830	1
340.165
340.500
340.825
341.150	1
341.475
341.800
342.115
342.430	1
342.760
343.090
343.405
343.720	1
344.045
344.370
344.690
345.010	1
345.340
345.670
345.975
346.280	1
346.605
346.930
347.245
347.560	1
347.875
348.190
348.510
348.830	1
349.155
349.480
349.810
350.140	1
350.465
350.790
351.100
351.410	1
351.730
352.050
352.370
352.690	1
353.015
353.340
353.655
353.970	1
354.280
354.590
354.905
355.220	1
355.550
355.880
356.210
356.540	1
356.860
357.180
357.495
357.810	1
358.130
358.450
358.755
359.060	1
359.375
359.690
359.990
360.290	1
360.595
360.900
361.205
361.510	1
361.800
362.090
362.400
362.710	1
363.025
363.340
363.640
363.940	1
364.255
364.570
364.890
365.210	1
