0.360
1.320
2.310
3.290
4.300
5.200
6.170
7.170
8.160
9.150
10.290
11.270
12.240
13.220
14.240
15.210
16.250
17.330
18.340
19.260
20.260
21.180
22.120
23.100
24.080
25.000
25.880
26.800
27.800
28.730
29.740
30.800
31.840
32.790
33.740
34.730
35.710
36.630
37.610
38.600
39.740
40.810
41.770
42.800
43.720
44.660
45.600
46.590
47.610
48.590
49.590
50.620
51.590
52.580
53.610
54.520
55.530
56.400
57.340
58.240
59.130
60.040
61.030
61.960
62.880
63.940
64.890
65.890
66.920
67.910
68.890
69.840
70.890
71.910
72.830
73.800
74.800
75.800
76.750
77.720
78.700
79.560
80.540
81.460
82.470
83.490
84.440
85.340
86.290
87.240
88.160
89.140
90.010
90.930
91.820
92.790
93.770
94.690
95.610
96.550
97.500
98.410
99.250
100.140
101.180
102.190
103.170
104.190
105.180
106.150
107.120
108.070
109.090
110.030
110.990
111.980
113.110
114.100
115.040
116.010
116.910
117.820
118.820
119.770
120.750
121.600
122.470
123.370
124.290
125.200
126.170
127.080
127.980
128.980
129.940
130.800
131.680
132.650
133.610
134.490
135.410
136.280
137.190
138.060
139.010
139.970
140.840
141.740
142.580
143.450
144.290
145.180
146.050
146.900
147.660
148.470
149.330
150.240
151.160
152.080
153.010
153.960
154.890
155.860
156.900
157.860
158.790
159.700
160.620
161.550
162.510
163.420
164.420
165.380
166.400
167.230
168.140
169.000
169.910
170.780
171.640
172.570
173.480
174.340
175.290
176.150
177.110
178.050
178.930
179.850
180.770
181.660
182.570
183.580
184.620
185.560
186.640
187.690
188.730
189.820
190.880
191.900
192.940
193.930
194.910
195.840
196.830
197.740
198.650
199.480
200.360
201.250
202.170
202.960
203.860
204.780
205.750
206.700
207.680
208.680
209.590
210.550
211.490
212.370
213.230
214.130
215.040
215.910
216.870
217.780
218.690
219.710
220.690
221.690
222.620
223.620
224.620
225.510
226.450
227.400
228.360
229.250
230.050
230.910
231.860
232.770
233.780
234.780
235.730
236.610
237.530
238.490
239.450
240.350
241.330
242.240
243.210
243.980
244.770
245.580
246.380
247.130
247.880
248.680
249.430
250.240
250.980
251.800
252.640
253.480
254.320
255.150
256.000
256.780
257.660
258.440
259.300
260.130
261.020
261.860
262.670
263.540
264.410
265.170
265.950
266.790
267.580
268.460
269.420
270.450
271.420
272.390
273.450
274.390
275.410
276.420
277.370
278.340
279.260
280.190
281.190
282.140
283.070
283.990
284.970
285.900
286.840
287.800
288.760
289.750
290.690
291.680
292.650
293.610
294.520
295.480
296.470
297.400
