0.130
0.570
1.010
1.480
1.930
2.370
2.820
3.280
3.740
4.190
4.640
5.110
5.570
6.030
6.500
6.970
7.420
7.890
8.340
8.820
9.280
9.740
10.190
10.670
11.120
11.610
12.070
12.540
13.000
13.470
13.940
14.390
14.850
15.330
15.780
16.260
16.720
17.200
17.670
18.130
18.570
19.020
19.470
19.950
20.410
20.880
21.340
21.810
22.270
22.750
23.230
23.700
24.170
24.640
25.100
25.570
26.030
26.510
26.970
27.460
27.910
28.380
28.850
29.320
29.770
30.210
30.660
31.120
31.580
32.030
32.480
32.960
33.420
33.860
34.340
34.800
35.250
35.700
36.170
36.640
37.080
37.540
38.020
38.480
38.930
39.390
39.850
40.340
40.800
41.240
41.700
42.180
42.620
43.090
43.540
44.020
44.460
44.920
45.400
45.860
46.310
46.780
47.260
47.730
48.200
48.660
49.120
49.610
50.060
50.530
50.990
51.460
51.910
52.370
52.840
53.320
53.780
54.240
54.710
55.190
55.670
56.130
56.600
57.050
57.510
57.980
58.440
58.910
59.360
59.810
60.280
60.750
61.210
61.680
62.150
62.600
63.060
63.520
63.980
64.450
64.900
65.390
65.860
66.320
66.780
67.260
67.720
68.210
68.670
69.150
69.620
70.070
70.520
71.000
71.450
71.920
72.380
72.820
73.280
73.750
74.180
74.640
75.100
75.550
75.980
76.440
76.920
77.370
77.820
78.280
78.760
79.210
79.660
80.130
80.580
81.060
81.510
81.990
82.460
82.910
83.370
83.810
84.260
84.720
85.180
85.630
86.100
86.560
87.010
87.470
87.910
88.380
88.820
89.280
89.750
90.210
90.660
91.120
91.590
92.040
92.480
92.940
93.400
93.880
94.320
94.760
95.230
95.680
96.110
96.570
97.030
97.510
97.950
98.430
98.870
99.340
99.790
100.250
100.710
101.190
101.640
102.090
102.550
103.000
103.440
103.910
104.350
104.820
105.280
105.740
106.180
106.650
107.080
107.550
107.990
108.470
108.920
109.380
109.830
110.300
110.750
111.210
111.690
112.140
112.600
113.060
113.510
113.970
114.440
114.910
115.360
115.840
116.300
116.760
117.210
117.670
118.120
118.580
119.050
119.540
120.000
120.450
120.900
121.370
121.830
122.300
122.750
123.230
123.690
124.170
124.620
125.080
125.550
126.020
126.490
126.960
127.410
127.870
128.330
128.790
129.260
129.740
130.190
130.670
131.130
131.600
132.060
132.530
133.000
133.440
133.900
134.370
134.820
135.310
135.760
136.240
136.700
137.170
137.620
138.090
138.570
139.040
139.500
139.980
140.430
140.900
141.380
141.850
142.320
142.780
143.250
143.730
144.180
144.630
145.090
145.570
146.020
146.490
146.950
147.410
147.870
148.320
148.770
149.230
149.700
150.150
150.620
151.090
151.530
152.000
152.460
152.920
153.360
153.820
154.260
154.720
155.170
155.640
156.120
156.590
157.040
157.510
157.960
158.440
158.880
159.340
159.800
160.250
160.690
161.150
161.590
162.060
162.490
162.950
163.410
163.860
164.300
164.760
165.200
165.660
166.100
166.540
167.000
167.460
167.930
168.370
168.860
169.310
169.770
170.230
170.700
171.160
171.610
172.080
172.530
172.990
173.450
173.890
174.350
174.800
175.260
175.700
176.160
176.610
177.060
177.520
177.970
178.440
178.880
179.340
179.780
180.240
180.690
181.140
181.590
182.050
182.500
182.960
183.420
183.870
184.340
184.770
185.220
185.700
186.150
186.610
187.060
187.520
187.960
188.420
188.880
189.340
189.800
190.270
190.700
191.170
191.600
192.060
192.510
192.960
193.410
193.880
194.320
194.780
195.220
195.680
196.120
196.580
197.020
197.490
197.930
198.390
198.830
199.290
199.750
200.200
200.660
201.120
201.580
202.050
202.480
202.940
203.400
203.840
204.290
204.750
205.220
205.660
206.140
206.600
207.040
207.510
208.000
208.450
208.900
209.370
209.830
210.290
210.760
211.210
211.670
212.140
212.600
213.070
213.520
213.980
214.440
214.910
215.370
215.830
216.280
216.740
217.210
217.670
218.140
218.590
219.060
219.520
219.980
220.430
220.870
221.330
221.790
222.240
222.680
223.150
223.610
224.080
224.540
225.000
225.480
225.940
226.400
226.840
227.300
227.750
228.210
228.670
229.150
229.610
230.070
230.560
231.020
231.490
231.950
232.400
232.870
233.330
233.780
234.260
234.710
235.190
235.640
236.100
236.560
237.030
237.470
237.940
238.390
238.860
239.310
239.780
240.240
240.710
241.160
241.620
242.080
242.540
242.990
243.450
243.920
244.380
244.840
245.310
245.760
246.230
246.660
247.130
247.590
248.050
248.500
248.970
249.410
249.880
250.310
250.780
251.240
251.700
252.150
252.620
253.060
253.530
253.970
254.420
254.890
255.360
255.810
256.290
256.730
257.210
257.670
258.120
258.580
259.050
259.500
259.960
260.410
260.880
261.350
261.790
262.260
262.720
263.170
263.630
264.090
264.550
265.010
265.460
265.930
266.390
266.860
267.320
267.770
268.230
268.700
269.150
269.620
270.100
270.570
271.030
271.490
271.960
272.430
272.900
273.370
273.860
274.310
274.770
275.200
275.660
276.120
276.590
277.050
277.530
277.980
278.460
278.910
279.380
279.860
280.310
280.790
281.250
281.700
282.180
282.650
283.120
283.580
284.050
284.500
284.970
285.460
285.920
286.380
286.840
287.310
287.770
288.250
288.720
289.190
289.660
290.120
290.590
291.060
291.510
291.990
292.460
292.930
293.390
293.840
294.320
294.770
295.240
295.680
296.150
296.620
297.100
297.550
298.030
298.500
298.980
299.430
299.900
300.360
300.830
301.290
301.750
302.220
302.690
303.160
303.620
304.080
304.530
305.010
305.460
305.900
306.370
306.830
307.280
307.760
308.210
308.690
309.170
309.620
310.090
310.550
311.020
311.470
311.950
312.400
312.870
313.320
313.790
314.250
314.720
315.180
315.660
316.110
316.570
317.020
317.490
317.950
318.400
318.870
319.330
319.790
320.260
320.720
321.180
321.650
322.110
322.580
323.050
323.520
323.990
324.480
324.950
325.400
325.880
326.360
326.830
327.300
327.750
328.220
328.690
329.180
329.650
