1.529	1
1.889
2.250
2.555
2.860	1
3.190
3.520
3.855
4.190	1
4.515
4.840
5.160
5.480	1
5.820
6.160
6.485
6.810	1
7.135
7.460
7.795
8.130	1
8.450
8.770
9.100
9.430	1
9.750
10.070
10.415
10.760	1
11.100
11.440
11.760
12.080	1
12.400
12.720
13.040
13.360	1
13.680
14.000
14.315
14.630	1
14.970
15.310
15.640
15.970	1
16.295
16.620
16.950
17.280	1
17.610
17.940
18.295
18.650	1
18.980
19.310
19.655
20.000	1
20.325
20.650
20.970
21.290	1
21.615
21.940
22.270
22.600	1
22.930
23.260
23.605
23.950	1
24.280
24.610
24.925
25.240	1
25.560
25.880
26.180
26.480	1
26.805
27.130
27.465
27.800	1
28.130
28.460
28.790
29.120	1
29.445
29.770
30.100
30.430	1
30.750
31.070
31.400
31.730	1
32.060
32.390
32.730
33.070	1
33.395
33.720
34.045
34.370	1
34.700
35.030
35.360
35.690	1
36.030
36.370
36.700
37.030	1
37.355
37.680
37.995
38.310	1
38.635
38.960
39.285
39.610	1
39.935
40.260
40.590
40.920	1
41.245
41.570
41.895
42.220	1
42.555
42.890
43.220
43.550	1
43.875
44.200
44.515
44.830	1
45.145
45.460
45.775
46.090	1
46.415
46.740
47.070
47.400	1
47.730
48.060
48.390
48.720	1
49.055
49.390
49.715
50.040	1
50.380
50.720
51.045
51.370	1
51.690
52.010
52.345
52.680	1
53.010
53.340
53.670
54.000	1
54.330
54.660
54.995
55.330	1
55.655
55.980
56.305
56.630	1
56.970
57.310
57.650
57.990	1
58.330
58.670
58.990
59.310	1
59.640
59.970
60.295
60.620	1
60.940
61.260
61.590
61.920	1
62.250
62.580
62.900
63.220	1
63.550
63.880
64.210
64.540	1
64.865
65.190
65.515
65.840	1
66.180
66.520
66.850
67.180	1
67.495
67.810
68.145
68.480	1
68.800
69.120
69.445
69.770	1
70.095
70.420
70.740
71.060	1
71.380
71.700
72.020
72.340	1
72.670
73.000
73.325
73.650	1
73.975
74.300
74.635
74.970	1
75.280
75.590
75.925
76.260	1
76.575
76.890
77.240
77.590	1
77.920
78.250
78.570
78.890	1
79.215
79.540
79.855
80.170	1
80.500
80.830
81.155
81.480	1
81.805
82.130
82.460
82.790	1
83.115
83.440
83.775
84.110	1
84.435
84.760
85.085
85.410	1
85.730
86.050
86.360
86.670	1
87.005
87.340
87.660
87.980	1
88.305
88.630
88.955
89.280	1
89.590
89.900
90.225
90.550	1
90.865
91.180
91.500
91.820	1
92.140
92.460
92.795
93.130	1
111.120	1
111.445
111.770
112.090
112.410	1
112.730
113.050
113.360
113.670	1
113.990
114.310
114.640
114.970	1
115.285
115.600
115.920
116.240	1
116.570
116.900
117.210
117.520	1
117.840
118.160
118.480
118.800	1
119.115
119.430
119.740
120.050	1
120.365
120.680
120.995
121.310	1
121.635
121.960
122.270
122.580	1
122.900
123.220
123.535
123.850	1
124.175
124.500
124.815
125.130	1
125.445
125.760
126.080
126.400	1
126.725
127.050
127.370
127.690	1
127.990
128.290
128.615
128.940	1
129.250
129.560
129.885
130.210	1
130.510
130.810
131.130
131.450	1
131.775
132.100
132.415
132.730	1
133.050
133.370
133.680
133.990	1
134.310
134.630
134.950
135.270	1
135.595
135.920
136.235
136.550	1
136.845
137.140
137.450
137.760	1
138.085
138.410
138.730
139.050	1
139.365
139.680
139.995
140.310	1
140.630
140.950
141.270
141.590	1
141.895
142.200
142.510
142.820	1
143.125
143.430
143.765
144.100	1
144.405
144.710
145.040
145.370	1
145.680
145.990
146.315
146.640	1
146.950
147.260
147.585
147.910	1
148.225
148.540
148.855
149.170	1
149.485
149.800
150.115
150.430	1
150.745
151.060
151.385
151.710	1
152.010
152.310
152.640
152.970	1
153.275
153.580
153.900
154.220	1
154.525
154.830
155.140
155.450	1
155.760
156.070
156.380
156.690	1
157.015
157.340
157.650
157.960	1
158.265
158.570
158.880
159.190	1
159.500
159.810
160.110
160.410	1
160.725
161.040
161.355
161.670	1
161.980
162.290
162.605
162.920	1
163.245
163.570
163.880
164.190	1
164.495
164.800
165.125
165.450	1
165.760
166.070
166.370
166.670	1
166.985
167.300
167.605
167.910	1
168.215
168.520
168.830
169.140	1
169.460
169.780
170.090
170.400	1
170.715
171.030
171.330
171.630	1
171.945
172.260
172.580
172.900	1
173.205
173.510
173.810
174.110	1
174.435
174.760
175.075
175.390	1
175.710
176.030
176.325
176.620	1
176.935
177.250
177.565
177.880	1
178.185
178.490
178.810
179.130	1
179.435
179.740
180.050
180.360	1
180.675
180.990
181.295
181.600	1
181.930
182.260
182.565
182.870	1
183.180
183.490
183.805
184.120	1
184.430
184.740
185.055
185.370	1
185.685
186.000
186.300
186.600	1
186.910
187.220
187.530
187.840	1
188.155
188.470
188.780
189.090	1
189.395
189.700
190.020
190.340	1
190.645
190.950
191.260
191.570	1
191.875
192.180
192.485
192.790	1
193.115
193.440
193.755
194.070	1
194.380
194.690
195.010
195.330	1
195.645
195.960
196.270
196.580	1
196.890
197.200
197.520
197.840	1
198.140
198.440
198.760
199.080	1
199.395
199.710
200.020
200.330	1
200.660
200.990
201.310
201.630	1
201.955
202.280
202.590
202.900	1
203.230
203.560
203.885
204.210	1
204.520
204.830
205.145
205.460	1
205.770
206.080
206.410
206.740	1
207.035
207.330
207.650
207.970	1
208.280
208.590
208.905
209.220	1
209.525
209.830
210.150
210.470	1
210.785
211.100
211.420
211.740	1
212.055
212.370
212.690
213.010	1
213.330
213.650
213.970
214.290	1
214.625
214.960
215.290
215.620	1
215.945
216.270
216.595
216.920	1
217.235
217.550
217.885
218.220	1
218.545
218.870
219.190
219.510	1
219.825
220.140
220.445
220.750	1
221.080
221.410
221.730
222.050	1
222.370
222.690
223.025
223.360	1
223.680
224.000
224.320
224.640	1
224.950
225.260
225.560
225.860	1
226.170
226.480
226.800
227.120	1
227.450
227.780
228.100
228.420	1
228.730
229.040
229.365
229.690	1
230.005
230.320
230.625
230.930	1
231.240
231.550
231.875
232.200	1
232.525
232.850
233.185
233.520	1
233.835
234.150
234.465
234.780	1
235.105
235.430
235.745
236.060	1
236.360
236.660
236.980
237.300	1
237.605
237.910
238.220
238.530	1
238.835
239.140
239.470
239.800	1
240.120
240.440
240.745
241.050	1
241.370
241.690
242.020
242.350	1
242.660
242.970
243.300
243.630	1
243.950
244.270
244.585
244.900	1
245.225
245.550
245.850
246.150	1
246.503
246.844
247.191
247.557	1
