0.540
1.190
1.830
2.470
3.120
3.740
4.390
5.040
5.580
6.140
6.650
7.200
7.730
8.250
8.770
9.330
9.830
10.370
10.890
11.420
11.940
12.460
12.990
13.510
14.030
14.570
15.070
15.590
16.100
16.610
17.120
17.630
18.140
18.640
19.160
19.670
20.200
20.710
21.240
21.790
22.310
22.820
23.310
23.840
24.340
24.840
25.380
25.880
26.400
26.910
27.410
27.920
28.410
28.910
29.410
29.910
30.400
30.940
31.440
31.950
32.460
32.960
33.460
33.960
34.470
34.980
35.480
35.990
36.490
37.000
37.510
38.000
38.500
39.000
39.500
40.010
40.500
41.000
41.490
41.960
42.460
42.950
43.450
43.960
44.460
44.970
45.450
45.960
46.450
46.940
47.430
47.930
48.430
48.920
49.420
49.910
50.400
50.900
51.390
51.890
52.380
52.880
53.370
53.870
54.370
54.850
55.350
55.860
56.350
56.850
57.350
57.840
58.340
58.820
59.310
59.800
60.290
60.790
61.290
61.780
62.270
62.740
63.240
63.730
64.230
64.720
65.200
65.690
66.180
66.680
67.170
67.660
68.150
68.650
69.130
69.610
70.110
70.600
71.090
71.580
72.060
72.550
73.040
73.520
74.010
74.500
74.980
75.460
75.940
76.420
76.910
77.400
77.880
78.360
78.860
79.340
79.830
80.320
80.820
81.300
81.790
82.280
82.770
83.250
83.730
84.210
84.680
85.170
85.650
86.140
86.620
87.100
87.580
88.070
88.540
89.020
89.500
89.990
90.470
90.970
91.450
91.940
92.420
92.910
93.400
93.880
94.360
94.860
95.340
95.820
96.300
96.780
97.260
97.740
98.230
98.710
99.190
99.670
100.140
100.620
101.110
101.590
102.070
102.560
103.030
103.510
103.990
104.470
104.960
105.440
105.920
106.410
106.890
107.370
107.850
108.320
108.800
109.270
109.740
110.230
110.710
111.190
111.690
112.180
112.680
113.150
113.620
114.110
114.590
115.070
115.540
116.020
116.510
116.990
117.460
117.950
118.420
118.910
119.390
119.870
120.360
120.830
121.310
121.790
122.260
122.740
123.220
123.700
124.180
124.660
125.150
125.640
126.130
126.620
127.100
127.570
128.050
128.530
129.010
129.500
129.970
130.440
130.910
131.400
131.870
132.350
132.830
133.320
133.810
134.290
134.770
135.250
135.740
136.230
136.710
137.190
137.660
138.140
138.610
139.100
139.580
140.060
140.530
141.010
141.490
141.970
142.450
142.940
143.400
143.880
144.340
144.810
145.290
145.760
146.240
146.720
147.190
147.670
148.150
148.630
149.100
149.580
150.050
150.520
150.980
151.470
151.940
152.420
152.890
153.360
153.830
154.310
154.770
155.250
155.730
156.200
156.670
157.150
157.610
158.090
158.570
159.040
159.520
159.990
160.470
160.930
161.400
161.860
162.350
162.830
163.320
163.790
164.260
164.740
165.200
165.680
166.150
166.620
167.090
167.550
168.030
168.500
168.970
169.460
169.920
170.390
170.860
171.340
171.810
172.290
172.760
173.250
173.720
174.190
174.670
175.140
175.610
176.090
176.550
177.010
177.470
177.950
178.410
178.880
179.350
179.820
180.290
180.760
181.240
181.710
182.200
182.670
183.140
183.600
184.060
184.530
184.990
185.470
185.940
186.420
186.890
187.370
187.840
188.320
188.790
189.250
189.720
190.190
190.660
191.130
191.600
192.080
192.550
193.030
193.490
193.990
194.470
194.960
195.440
195.900
196.370
196.840
197.310
197.780
198.240
198.690
199.150
199.610
200.060
200.520
200.980
201.450
201.910
202.370
202.830
203.300
203.740
204.190
204.650
205.120
205.580
206.030
206.500
206.970
207.440
207.910
208.370
208.840
209.300
209.760
210.230
210.690
211.150
211.620
212.080
212.540
213.010
213.470
213.920
214.380
214.840
215.300
215.750
216.190
216.640
217.090
217.530
217.970
218.420
218.870
219.320
219.780
220.220
220.670
221.110
221.550
221.990
222.440
222.890
223.340
223.780
224.230
224.680
225.140
225.580
226.030
226.480
226.930
227.370
227.810
228.250
228.700
229.140
229.590
230.040
230.500
230.950
231.400
231.840
232.290
232.740
233.180
233.630
234.070
234.520
234.970
235.430
235.860
236.320
236.770
237.210
237.670
238.120
238.580
239.020
239.460
239.900
240.340
240.790
241.250
241.690
242.130
242.580
243.030
243.460
243.910
244.360
244.790
245.230
245.690
246.140
246.590
247.030
247.470
247.930
248.390
248.840
249.280
249.730
250.180
250.630
251.090
251.540
251.990
252.440
252.890
253.340
253.800
254.240
254.680
255.130
255.580
256.040
256.490
256.940
257.390
257.840
258.270
258.730
259.180
259.640
260.080
260.530
260.980
261.420
261.870
262.320
262.760
263.200
263.640
264.090
264.540
264.980
265.440
265.880
266.320
266.770
267.210
267.660
268.120
268.570
269.020
269.460
269.910
270.360
270.800
271.240
271.680
272.140
272.600
273.040
273.490
273.940
274.390
274.830
275.270
275.720
276.160
276.610
277.050
277.490
277.940
278.390
278.840
279.290
279.730
280.170
280.620
281.080
281.530
281.970
282.410
282.860
283.310
283.750
284.200
284.650
285.090
285.540
285.990
286.430
286.870
287.320
287.760
288.210
288.660
289.110
289.560
290.010
290.460
290.900
291.340
291.800
292.230
292.680
293.130
293.580
294.030
294.460
294.920
295.370
295.810
296.260
296.710
297.150
297.590
298.040
298.490
298.930
299.380
299.830
300.290
300.760
301.220
301.650
302.110
302.560
303.010
303.450
303.900
304.360
304.810
305.260
305.710
306.140
306.590
307.030
307.470
307.910
308.360
308.800
309.260
309.710
310.160
310.610
311.060
311.510
311.970
312.430
312.880
313.340
313.810
314.270
314.710
315.160
315.610
316.050
316.510
316.950
317.400
317.850
318.300
318.750
319.190
319.650
320.100
320.550
320.990
321.440
321.890
322.340
322.790
323.240
323.690
324.150
324.600
325.040
325.500
325.950
326.400
326.850
327.310
327.760
328.190
328.650
329.090
329.540
329.990
330.440
330.890
331.350
331.800
332.250
332.700
333.160
333.610
334.070
334.520
334.970
335.420
335.870
336.330
336.780
337.230
337.680
338.140
338.580
339.030
339.480
339.940
340.380
340.830
341.280
341.720
342.170
342.610
343.060
343.520
343.980
344.440
344.880
345.340
345.790
346.240
346.700
347.160
347.610
348.060
348.520
348.970
349.420
349.860
350.310
350.780
351.230
351.680
352.140
352.580
353.030
353.500
353.950
354.390
354.840
355.300
355.760
356.220
356.670
357.140
357.580
358.040
358.510
358.970
359.410
359.870
360.330
360.780
361.230
361.680
362.120
362.580
363.030
363.490
363.940
364.400
364.860
365.310
365.750
366.200
366.660
367.110
367.560
368.010
368.470
368.920
369.370
369.830
370.290
370.730
371.180
371.630
372.080
372.530
372.990
373.420
373.880
374.330
374.780
375.230
375.670
376.130
376.580
377.040
377.480
377.940
378.400
378.850
379.310
379.750
380.200
380.650
381.100
381.560
381.990
382.450
382.910
383.360
383.810
384.260
384.710
385.170
385.630
386.070
386.530
387.000
387.450
387.900
388.360
388.820
389.280
389.740
390.190
390.660
391.090
391.540
391.990
392.450
392.900
393.350
393.800
394.260
394.690
395.140
395.600
396.040
396.490
396.950
397.400
397.860
398.320
398.780
399.240
399.690
400.140
400.590
401.050
401.510
401.970
402.430
402.890
403.350
403.800
404.250
404.720
405.160
405.610
406.060
406.520
406.970
407.430
407.900
408.350
408.800
409.270
409.730
410.170
410.630
411.090
411.540
411.990
412.450
412.910
413.370
413.820
414.280
414.720
415.180
415.650
416.110
416.560
417.010
417.470
417.930
418.400
418.860
419.310
419.780
420.230
420.690
421.140
421.600
422.060
422.530
422.990
423.440
423.900
424.360
424.820
425.270
425.720
426.180
426.640
427.090
427.550
428.000
428.460
428.920
429.380
429.840
430.300
430.750
431.210
431.680
432.130
432.590
433.040
433.510
433.970
434.440
434.900
435.370
435.810
436.260
436.720
437.180
437.630
438.090
438.550
439.020
439.470
439.930
440.390
440.850
441.320
441.780
442.230
442.690
443.140
443.590
444.060
444.510
444.960
445.390
445.850
446.320
446.780
447.250
447.690
448.140
448.600
449.050
449.500
449.940
450.400
450.850
451.310
451.750
452.210
452.670
453.120
453.580
454.040
454.500
454.940
455.400
455.850
456.300
456.750
457.210
457.660
458.120
458.570
459.020
459.470
459.930
460.380
460.830
461.290
461.730
462.170
462.620
463.080
463.520
463.970
464.430
464.890
465.340
465.790
466.230
466.690
467.150
467.610
468.050
468.500
468.960
469.410
469.870
470.340
470.800
471.250
471.700
472.140
472.590
473.050
473.500
473.960
474.420
474.870
475.320
475.790
476.250
476.710
477.160
477.610
478.060
478.510
478.960
479.410
479.860
480.300
480.760
481.200
481.650
482.090
482.540
482.980
483.430
483.870
484.320
484.770
485.220
485.670
486.120
486.570
487.030
487.470
487.930
488.380
488.840
489.290
489.740
490.190
490.640
491.100
491.550
491.990
492.440
492.890
493.340
493.790
494.240
494.680
495.140
495.580
496.030
496.480
496.940
497.390
497.830
498.280
498.740
499.190
499.640
500.090
500.540
500.990
501.450
501.890
502.330
502.780
503.220
503.670
504.130
504.580
505.020
505.470
505.920
506.370
506.820
507.280
507.740
508.190
508.630
509.070
509.530
509.980
510.430
510.880
511.330
511.770
512.220
512.670
513.110
513.560
514.010
514.450
514.900
515.350
515.790
516.230
516.670
517.120
517.560
518.000
518.440
518.890
519.340
519.790
520.230
520.660
521.110
521.550
522.000
522.450
522.910
523.360
523.810
524.260
524.710
525.160
525.610
526.060
526.510
526.960
527.410
527.860
528.320
528.780
529.240
529.690
530.150
530.600
531.050
531.490
531.940
532.390
532.840
533.280
533.730
534.170
534.610
535.050
535.490
535.940
536.380
536.810
537.250
537.690
538.130
538.580
539.020
539.450
539.900
540.350
540.800
541.240
541.680
542.130
542.570
543.010
543.440
543.890
544.340
544.780
545.220
545.660
546.100
546.550
547.000
547.450
547.890
548.340
548.770
549.220
549.660
550.110
550.560
551.020
551.480
551.930
552.390
552.870
553.320
553.760
554.210
554.650
555.100
555.550
556.000
556.440
556.870
557.320
557.760
558.200
558.630
559.080
559.520
559.980
560.430
560.890
561.330
561.780
562.220
562.660
563.100
563.540
563.980
564.430
564.880
565.340
565.790
566.240
566.680
567.120
567.560
568.010
568.450
568.900
569.350
569.790
570.230
570.680
571.130
571.580
572.030
572.480
572.930
573.380
573.820
574.260
574.700
575.140
575.590
576.030
576.490
576.930
577.380
577.830
578.260
578.710
579.150
579.590
580.040
580.490
580.920
581.370
581.820
582.280
582.730
583.190
583.660
584.110
584.570
585.060
585.520
586.020
586.500
586.960
587.460
587.920
588.390
588.850
589.340
589.830
590.300
590.770
591.240
591.710
592.160
592.630
593.090
593.540
593.990
594.430
594.900
595.370
595.830
596.330
596.790
597.270
597.750
598.210
598.690
599.150
599.620
600.090
600.570
601.070
601.540
602.000
602.470
602.940
603.400
603.900
604.380
604.910
605.510
606.090
606.690
607.250
607.870
608.460
609.050
609.620
610.220
610.820
611.390
611.960
612.550
613.170
613.780
