0.580
1.270
1.950
2.600
3.240
3.840
4.480
5.110
5.770
6.390
6.990
7.630
8.260
8.850
9.460
10.120
10.740
11.380
12.010
12.680
13.290
13.870
14.460
15.060
15.690
16.270
16.880
17.480
18.120
18.770
19.380
19.990
20.600
21.260
21.880
22.490
23.100
23.720
24.300
24.940
25.530
26.160
26.780
27.410
28.020
28.720
29.450
30.070
30.750
31.310
31.870
32.470
33.020
33.600
34.220
34.860
35.520
36.120
36.700
37.330
37.960
38.560
39.220
39.870
40.500
41.070
41.630
42.210
42.800
43.410
43.990
44.560
45.150
45.790
46.420
47.070
47.670
48.310
48.940
49.590
50.180
50.820
51.440
52.050
52.700
53.330
53.960
54.570
55.210
55.820
56.450
57.090
57.710
58.320
58.950
59.550
60.180
60.830
61.440
62.080
62.700
63.340
63.960
64.600
65.260
65.890
66.500
67.100
67.740
68.350
68.980
69.560
70.190
70.810
71.370
71.900
72.490
73.050
73.640
74.260
74.880
75.470
76.100
76.750
77.380
77.970
78.540
79.150
79.730
80.350
80.980
81.570
82.190
82.800
83.410
84.030
84.640
85.200
85.800
86.360
86.970
87.540
88.150
88.770
89.400
90.040
90.730
91.370
91.990
92.590
93.180
93.820
94.430
95.060
95.650
96.240
96.820
97.420
97.990
98.580
99.180
99.770
100.360
101.000
101.630
102.270
102.930
103.560
104.170
104.800
105.450
106.060
106.680
107.320
107.960
108.570
109.200
109.850
110.450
111.070
111.700
112.310
112.930
113.540
114.150
114.750
115.390
115.990
116.600
117.220
117.840
118.450
119.060
119.700
120.320
120.940
121.560
122.200
122.840
123.480
124.100
124.760
125.410
126.030
126.630
127.210
127.820
128.470
129.120
129.840
130.500
131.140
131.810
132.470
133.100
133.750
134.400
135.060
135.730
136.440
137.080
137.730
138.360
139.020
139.680
140.380
141.020
141.680
142.340
142.990
143.650
144.340
145.030
145.700
146.380
146.990
147.650
148.350
148.990
149.670
150.350
150.990
151.610
152.250
152.880
153.540
154.170
154.790
155.450
156.060
156.730
157.360
158.000
158.690
159.360
160.000
160.680
161.340
161.980
162.600
163.250
163.930
164.600
165.250
165.980
166.650
167.300
167.970
168.630
169.270
169.920
170.550
171.290
171.970
172.690
173.350
173.980
174.670
175.320
175.970
176.590
177.290
177.970
178.660
179.300
179.950
180.610
181.300
181.920
182.610
183.310
183.960
184.640
185.260
185.910
186.530
187.180
187.850
188.520
189.150
189.800
190.460
191.130
191.790
192.450
193.090
193.730
194.370
194.980
195.630
196.250
196.890
197.520
198.160
198.800
199.370
199.970
200.620
201.240
201.870
202.500
203.110
203.750
204.360
204.950
205.580
206.220
206.930
207.600
208.270
208.960
209.660
210.360
211.070
211.730
212.370
213.000
213.690
214.350
214.980
215.660
216.330
217.030
217.700
218.380
219.060
219.710
220.420
221.090
221.700
222.350
223.020
223.740
224.440
225.130
225.800
226.480
227.180
227.860
228.560
229.290
229.960
230.630
231.350
232.020
232.700
233.390
234.070
234.740
235.480
236.140
236.850
237.600
238.280
238.940
239.640
240.340
241.060
241.780
242.550
243.260
243.970
244.680
245.410
246.070
246.760
247.460
248.140
248.850
249.590
250.300
251.060
251.760
252.520
253.200
253.960
254.630
255.280
255.980
256.630
257.330
257.960
258.590
259.250
259.900
260.520
261.180
261.880
262.580
263.300
264.050
264.770
265.530
266.310
267.020
267.790
268.470
269.160
269.800
270.460
271.170
271.810
272.490
273.140
273.840
274.500
275.120
275.750
276.370
277.000
277.640
278.260
278.920
279.520
280.160
280.810
281.440
