0.290
0.700
1.130
1.570
2.010
2.440
2.860
3.280
3.710
4.120
4.530
4.960
5.410
5.840
6.270
6.690
7.090
7.530
7.940
8.350
8.790
9.200
9.630
10.050
10.480
10.910
11.350
11.780
12.210
12.630
13.070
13.470
13.900
14.330
14.760
15.180
15.620
16.040
16.470
16.890
17.320
17.750
18.180
18.590
19.030
19.450
19.890
20.310
20.760
21.180
21.620
22.020
22.440
22.870
23.310
23.730
24.160
24.580
25.020
25.430
25.870
26.280
26.730
27.140
27.590
28.010
28.450
28.870
29.300
29.720
30.160
30.590
31.030
31.460
31.910
32.340
32.770
33.210
33.640
34.070
34.510
34.930
35.370
35.790
36.230
36.650
37.090
37.500
37.940
38.360
38.810
39.220
39.660
40.100
40.520
40.960
41.390
41.810
42.230
42.660
43.100
43.520
43.940
44.360
44.800
45.210
45.620
46.060
46.480
46.900
47.290
47.700
48.120
48.520
48.950
