0.180
0.500
0.810
1.110
1.420
1.740
2.040
2.350
2.670
2.980
3.280
3.590
3.910
4.230
4.550
4.860
5.170
5.480
5.790
6.100
6.410
6.760
7.090
7.410
7.750
8.060
8.380
8.710
9.030
9.350
9.670
9.990
10.310
10.620
10.940
11.260
11.580
11.910
12.240
12.560
12.900
13.220
13.560
13.870
14.190
14.520
14.840
15.160
15.480
15.800
16.120
16.430
16.750
17.080
17.400
17.710
18.040
18.340
18.660
18.970
19.270
19.590
19.900
20.210
20.540
20.880
21.210
21.550
21.890
22.250
22.590
22.930
23.240
23.590
23.920
24.240
24.560
24.910
25.230
25.550
25.880
26.210
26.530
26.850
27.170
27.510
27.820
28.150
28.480
28.820
29.160
29.480
29.810
30.130
30.470
30.800
31.130
31.450
31.770
32.090
32.410
32.740
33.060
33.380
33.690
34.020
34.360
34.690
35.030
35.350
35.670
35.990
36.310
36.620
36.940
37.260
37.580
37.920
38.250
38.580
38.920
39.240
39.570
39.900
40.230
40.570
40.900
41.250
41.570
41.890
42.220
42.560
42.890
43.220
43.550
43.880
44.210
44.550
44.900
45.230
45.560
45.900
46.230
46.550
46.870
47.200
47.530
47.870
48.200
48.540
48.870
49.200
49.520
49.860
50.180
50.520
50.840
51.170
51.510
51.840
52.190
52.530
52.860
53.180
53.500
53.840
54.170
54.520
54.870
55.210
55.540
55.860
56.190
56.520
56.850
57.180
57.510
57.860
58.200
58.530
58.860
59.170
59.500
59.840
60.170
60.500
60.830
61.160
61.500
61.830
62.160
62.500
62.830
63.170
63.500
63.860
64.190
64.510
64.850
65.180
65.510
65.820
66.160
66.480
66.820
67.160
67.490
67.810
68.140
68.470
68.800
69.140
69.480
69.820
70.160
70.480
70.820
71.160
71.480
71.820
72.160
72.490
72.830
73.170
73.510
73.840
74.180
74.510
74.840
75.170
75.500
75.830
76.150
76.480
76.800
77.140
77.470
77.800
78.130
78.470
78.790
79.110
79.430
79.760
80.090
80.420
80.750
81.060
81.390
81.720
82.050
82.390
82.720
83.050
83.370
83.710
84.040
84.370
84.700
85.060
85.400
85.730
86.060
86.390
86.720
87.040
87.360
87.690
88.010
88.330
88.650
88.980
89.320
89.650
89.970
90.310
90.630
90.980
91.310
91.660
91.980
92.320
92.640
92.970
93.300
93.630
93.960
94.310
94.630
94.960
95.300
95.620
95.950
96.300
96.640
96.980
97.330
97.660
98.000
98.330
98.660
99.000
99.310
99.630
99.950
100.280
100.600
100.930
101.260
101.600
101.940
102.260
102.580
102.910
103.250
103.590
103.920
104.240
104.570
104.890
105.220
105.550
105.880
106.220
106.550
106.890
107.200
107.540
107.870
108.200
108.540
108.870
109.210
109.540
109.870
110.210
110.540
110.870
111.200
111.530
111.860
112.200
112.530
112.870
113.220
113.540
113.880
114.240
114.570
114.890
115.220
115.550
115.870
116.190
116.510
116.840
117.160
117.480
117.790
118.120
118.430
118.750
119.080
119.400
119.710
120.060
120.390
120.720
121.040
121.380
121.690
122.020
122.360
122.680
123.010
123.340
123.650
123.980
124.300
124.630
124.950
125.290
125.610
125.950
126.270
126.590
126.920
127.250
127.580
127.920
128.260
128.580
128.910
129.230
129.540
129.860
130.180
130.510
130.840
131.170
131.510
131.840
132.170
132.510
132.840
133.170
133.490
133.830
134.160
134.500
134.830
135.170
135.500
135.840
136.170
136.500
136.830
137.170
137.490
137.830
138.150
138.500
138.840
139.160
139.490
139.830
140.150
140.480
140.810
141.150
141.490
141.820
142.150
142.480
142.800
143.120
143.460
143.780
144.110
144.430
144.760
145.080
145.420
145.760
146.080
146.410
146.740
147.070
147.390
147.720
148.040
148.370
148.700
149.030
149.370
149.690
150.010
150.350
150.680
151.010
151.330
151.680
152.000
152.330
152.670
152.980
153.300
153.630
153.970
154.300
154.620
154.950
155.280
155.620
155.940
156.280
156.610
156.940
157.260
157.580
157.920
158.250
158.570
158.910
159.230
159.560
159.900
160.230
160.560
160.890
161.240
161.570
161.910
162.230
162.560
162.890
163.210
163.530
163.850
164.190
164.520
164.840
165.160
165.490
165.820
166.160
166.480
166.800
167.130
167.460
167.780
168.110
168.430
168.770
169.090
169.420
169.750
170.070
170.400
170.740
171.060
171.400
171.730
172.050
172.370
172.720
173.040
173.370
173.700
174.030
174.350
174.690
175.000
175.330
175.640
175.970
176.300
176.630
176.950
177.300
177.640
177.980
178.290
178.620
178.950
179.290
179.610
179.950
180.270
180.610
180.950
181.280
181.600
181.940
182.260
182.600
182.930
183.260
183.580
183.910
184.250
184.580
184.910
185.230
185.550
185.880
186.200
186.530
186.860
187.190
187.520
187.840
188.160
188.490
188.830
189.160
189.500
189.830
190.160
190.480
190.800
191.130
191.470
191.800
192.130
192.480
192.810
193.160
193.500
193.840
194.160
194.480
194.830
195.160
195.490
195.820
196.130
196.460
196.770
197.110
197.430
197.760
198.080
198.430
198.760
199.090
199.400
199.730
200.060
200.380
200.710
201.030
201.360
201.680
202.010
202.340
202.670
203.000
203.330
203.650
203.980
204.310
204.650
204.990
205.310
205.630
205.970
206.300
206.630
206.960
207.290
207.620
207.950
208.290
208.610
208.950
209.260
209.600
209.940
210.260
210.590
210.930
211.240
211.570
211.900
212.220
212.540
212.860
213.190
213.530
213.850
214.180
214.510
214.840
215.160
215.500
215.820
216.150
216.480
216.800
217.130
217.470
217.790
218.140
218.450
218.780
219.100
219.430
219.750
220.080
220.420
220.750
221.080
221.410
221.730
222.060
222.380
222.710
223.040
223.370
223.690
224.020
224.350
224.700
225.030
225.360
225.690
226.020
226.340
226.670
226.990
227.310
227.630
227.950
228.270
228.610
228.930
229.270
229.580
229.910
230.230
230.560
230.890
231.220
231.540
231.880
232.200
232.550
232.880
233.190
233.520
233.850
234.180
234.510
234.850
235.180
235.500
235.820
236.140
236.450
236.770
237.100
237.440
237.780
238.110
238.440
238.770
239.090
239.410
239.750
240.070
240.420
240.740
241.070
241.390
241.720
242.040
242.380
242.700
243.030
243.350
243.680
244.010
244.360
244.690
245.020
245.350
245.680
245.990
246.320
246.650
246.980
247.300
247.640
247.950
248.290
248.610
248.950
249.270
249.620
249.940
250.270
250.600
250.940
251.270
251.590
251.910
252.240
252.560
252.890
253.220
253.550
253.880
254.220
254.540
254.880
255.210
255.540
255.860
256.190
256.520
256.850
257.180
257.510
257.830
258.170
258.480
258.800
259.120
259.450
259.760
260.090
260.400
260.740
261.050
261.390
261.730
262.060
262.380
262.720
263.050
263.380
263.700
264.040
264.370
264.700
265.020
265.340
265.670
266.010
266.330
266.690
267.030
267.360
267.690
268.020
268.330
268.680
268.990
269.340
269.670
270.000
270.320
270.660
270.970
271.300
271.630
271.970
272.300
272.640
272.970
273.300
273.620
273.960
274.280
274.610
274.930
275.250
275.570
275.900
276.220
276.570
276.890
277.230
277.540
277.880
278.190
278.520
278.840
279.160
279.480
279.810
280.140
280.470
280.800
281.130
281.460
281.800
282.120
282.460
282.780
283.120
283.440
283.770
284.090
284.420
284.750
285.080
285.400
285.730
286.050
286.360
286.690
287.020
287.340
287.690
288.020
288.350
288.680
289.010
289.320
289.670
289.990
290.320
290.630
290.970
291.300
291.630
291.960
292.290
292.610
292.950
293.280
293.600
293.920
294.250
294.570
294.900
295.230
295.550
295.880
296.200
296.530
296.870
297.210
297.520
297.840
298.160
298.490
298.820
299.160
299.480
299.810
300.130
300.460
300.800
301.130
301.460
301.790
302.120
302.430
302.760
303.080
303.410
303.740
304.070
304.400
304.730
305.060
305.400
305.730
306.040
306.370
306.700
307.030
307.380
307.710
308.030
308.360
308.690
309.030
309.350
309.690
310.020
310.340
310.670
311.000
311.330
311.650
311.980
312.320
312.650
312.970
313.290
313.620
313.950
314.270
314.610
314.920
315.270
315.590
315.920
316.240
316.580
316.900
317.230
317.560
317.910
318.220
318.570
318.880
319.220
319.540
319.870
320.220
320.540
320.860
321.200
321.520
321.850
322.160
322.510
322.830
323.160
323.480
323.820
324.150
324.480
324.800
325.130
325.470
325.800
326.140
326.470
326.790
327.120
327.440
327.780
328.110
328.440
328.760
329.110
329.420
329.760
330.080
330.410
330.740
331.080
331.410
331.750
332.070
332.400
332.720
333.060
333.380
333.740
334.070
334.400
334.720
335.060
335.400
335.720
336.060
336.380
336.700
337.030
337.360
337.700
338.020
338.370
338.680
339.020
339.340
339.680
340.000
340.340
340.660
340.990
341.320
341.660
341.980
342.320
342.640
342.990
343.300
343.650
343.970
344.310
344.630
344.970
345.300
345.630
345.960
346.300
346.640
346.970
347.300
347.650
347.960
348.310
348.620
348.970
349.280
349.630
349.950
350.290
350.610
350.950
351.280
351.610
351.930
352.260
352.600
352.930
353.260
353.590
353.920
354.250
354.570
354.900
355.230
355.550
355.880
356.210
356.550
356.880
357.210
357.550
357.880
358.210
358.530
358.870
359.180
359.510
359.860
360.200
360.530
360.870
361.210
361.540
361.870
362.190
362.500
362.820
363.140
363.470
363.800
364.130
364.450
364.790
365.110
365.460
365.810
366.130
366.480
366.820
367.160
367.490
367.800
368.120
368.420
368.740
369.060
369.390
369.720
370.050
370.370
370.710
371.030
371.360
371.690
372.030
372.350
372.690
373.010
373.330
373.650
373.980
374.300
374.640
374.950
375.310
375.630
375.990
376.310
376.660
376.980
377.310
377.630
377.980
378.300
378.620
378.960
379.300
379.630
379.960
380.280
380.630
380.960
381.310
381.630
381.980
382.310
382.650
383.010
383.350
383.690
384.020
384.340
384.660
384.970
385.290
385.610
385.940
386.280
386.610
386.930
387.270
387.590
387.930
388.260
388.600
388.950
389.280
389.620
389.950
390.270
390.590
390.940
391.270
391.600
391.920
392.260
392.570
392.900
393.240
393.600
393.930
394.260
394.600
394.940
395.300
395.640
395.970
396.280
396.620
396.940
397.270
397.630
397.950
398.300
398.630
399.000
399.330
399.690
400.040
400.370
400.720
401.050
401.380
401.700
402.020
402.370
402.720
403.060
403.400
403.730
404.080
404.400
404.760
405.080
405.440
405.780
406.120
406.440
406.780
407.140
407.460
407.800
408.140
408.480
408.820
409.170
409.510
409.860
410.180
410.510
410.860
411.170
411.510
411.870
412.210
412.550
412.890
413.230
413.550
413.910
414.250
414.580
414.930
415.250
415.580
415.910
416.240
416.570
416.930
417.260
417.590
417.940
418.290
418.620
418.960
419.300
419.660
420.010
420.370
420.710
421.050
421.390
421.720
422.060
422.390
422.730
423.070
423.390
423.740
424.050
424.380
424.710
425.040
425.370
425.710
426.030
426.360
426.700
427.030
427.370
427.700
428.030
428.360
428.680
429.010
429.340
429.680
430.010
430.350
430.690
431.020
431.360
431.720
432.060
432.400
432.720
433.060
433.390
433.720
434.040
434.380
434.690
435.020
435.380
435.720
436.060
436.400
436.730
437.060
437.400
437.750
438.100
438.430
438.790
439.120
439.480
439.820
440.160
440.480
440.830
441.170
441.520
441.850
442.200
442.540
442.880
443.210
443.560
443.890
444.230
444.570
444.900
445.250
445.600
445.920
446.260
446.600
446.940
447.290
447.640
447.960
448.310
448.640
448.980
449.320
449.660
450.010
450.360
450.680
451.040
451.360
451.710
452.030
452.370
452.700
453.030
453.360
453.720
454.050
454.410
454.750
455.120
455.460
455.810
456.170
456.500
456.810
457.150
457.470
457.800
458.150
458.460
458.800
459.130
459.470
459.830
460.170
460.490
460.830
461.190
461.520
461.850
462.210
462.540
462.850
463.200
463.510
463.850
464.200
464.550
464.870
465.210
465.550
465.870
466.200
466.530
466.860
467.210
467.550
467.870
468.210
468.560
468.900
469.240
469.590
469.930
470.280
470.630
470.980
471.320
471.660
471.990
472.330
472.670
473.010
473.350
473.710
474.070
474.410
474.750
475.100
475.450
475.790
476.130
476.490
476.820
477.160
477.500
477.830
478.180
478.540
478.890
479.220
479.570
479.920
480.270
480.640
480.990
481.330
481.650
482.000
482.350
482.690
483.010
483.350
483.690
484.040
484.380
484.710
485.070
485.410
485.750
486.090
486.450
486.790
487.140
487.490
487.840
488.180
488.510
488.850
489.200
489.540
489.890
490.260
490.610
490.950
491.290
491.660
492.010
492.350
492.700
493.050
493.400
493.740
494.090
494.430
494.770
495.110
495.440
495.790
496.100
496.450
496.780
497.090
497.430
497.760
498.100
498.440
498.800
499.130
499.480
499.820
500.140
500.500
500.840
501.160
501.510
501.840
502.190
502.520
502.880
503.220
503.540
503.900
504.230
504.550
504.860
505.180
505.510
505.820
506.150
506.470
506.790
507.110
507.420
507.750
508.060
508.390
508.700
509.010
509.320
509.620
509.930
510.250
510.550
510.870
511.180
511.490
511.790
512.110
512.410
512.720
