0.500
1.140
1.810
2.480
3.190
3.820
4.520
5.160
5.840
6.500
7.110
7.740
8.360
8.990
9.410
9.830
10.280
10.710
11.120
11.570
11.980
12.420
12.830
13.240
13.640
14.040
14.460
14.890
15.310
15.730
16.120
16.550
16.980
17.390
17.800
18.240
18.650
19.080
19.490
19.920
20.350
20.780
21.200
21.630
22.060
22.480
22.890
23.310
23.730
24.150
24.560
24.970
25.390
25.810
26.240
26.670
27.080
27.510
27.920
28.330
28.760
29.180
29.600
30.020
30.440
30.860
31.290
31.700
32.130
32.570
32.980
33.410
33.810
34.230
34.630
35.020
35.420
35.830
36.240
36.650
37.070
37.510
37.920
38.330
38.760
39.190
39.590
40.010
40.430
40.840
41.260
41.670
42.100
42.510
42.920
43.340
43.770
44.190
44.610
45.040
45.470
45.900
46.330
46.750
47.180
47.610
48.040
48.460
48.900
49.320
49.740
50.160
50.590
51.000
51.420
51.840
52.270
52.690
53.140
53.550
53.960
54.350
54.780
55.190
55.600
56.010
56.420
56.820
57.240
57.630
58.040
58.450
58.880
59.280
59.720
60.130
60.540
60.960
61.390
61.800
62.230
62.640
63.080
63.480
63.920
64.320
64.760
65.190
65.620
66.040
66.470
66.900
67.330
67.750
68.180
68.610
69.050
69.470
69.910
70.320
70.750
71.180
71.620
72.050
72.490
72.900
73.340
73.760
74.170
74.590
75.010
75.430
75.860
76.290
76.710
77.130
77.550
77.960
78.390
78.820
79.260
79.680
80.100
80.530
80.930
81.360
81.800
82.230
82.670
83.090
83.520
83.950
84.390
84.820
85.250
85.690
86.110
86.550
86.990
87.410
87.850
88.280
88.710
89.130
89.560
90.000
90.440
90.870
91.300
91.730
92.170
92.590
93.040
93.470
93.930
94.370
94.790
95.210
95.650
96.090
96.510
96.910
97.330
97.770
98.180
98.590
99.010
99.450
99.880
100.290
100.740
101.170
101.580
102.030
102.440
102.870
103.320
103.740
104.180
104.610
105.050
105.470
105.920
106.330
106.780
107.200
107.630
108.060
108.490
108.930
109.360
109.790
110.230
110.660
111.110
111.530
111.980
112.390
112.830
113.260
113.710
114.140
114.590
115.000
115.420
115.830
116.270
116.690
117.110
117.520
117.960
118.390
118.820
119.230
119.670
120.090
120.530
120.960
121.400
121.830
122.260
122.680
123.090
123.500
123.930
124.350
124.790
125.210
125.660
126.090
126.530
126.950
127.380
127.810
128.260
128.680
129.110
129.540
129.980
130.410
130.840
131.270
131.720
132.140
132.580
133.000
133.430
133.850
134.280
134.710
135.160
135.570
136.000
136.410
136.850
137.260
137.680
138.080
138.490
138.920
139.330
139.720
140.160
140.590
141.030
141.440
141.890
142.320
142.760
143.210
143.640
144.060
144.490
144.920
145.340
145.770
146.220
146.640
147.060
147.490
147.930
148.350
148.800
149.230
149.660
150.090
150.540
150.960
151.410
151.820
152.250
152.690
153.120
153.560
153.980
154.410
154.840
155.250
155.690
156.090
156.510
156.920
157.310
157.740
158.130
158.540
158.960
159.380
159.830
160.240
160.690
161.130
161.570
162.020
162.460
162.890
163.320
163.770
164.200
164.640
165.080
165.490
165.940
166.360
166.790
167.220
167.650
168.080
168.510
168.950
169.360
169.780
170.220
170.630
171.060
171.490
171.910
172.360
172.780
173.210
173.630
174.040
174.450
174.880
175.300
175.730
176.160
176.600
177.040
177.470
177.910
178.350
178.750
179.150
179.580
179.990
180.400
180.790
181.210
181.640
182.060
182.510
182.950
183.380
183.810
184.260
184.700
185.110
185.530
185.950
186.380
186.800
187.230
187.650
188.070
188.510
188.960
189.390
189.820
190.250
190.680
191.100
191.550
191.960
192.400
192.840
193.260
193.680
194.120
194.540
194.980
195.410
195.830
196.260
196.670
197.090
197.550
197.990
198.410
198.850
199.290
199.700
200.130
200.560
201.010
201.420
201.870
202.290
202.720
203.160
203.570
204.010
204.430
204.880
205.300
205.700
206.140
206.570
207.000
207.420
207.850
208.280
208.720
209.130
209.560
210.000
210.440
210.880
211.330
211.750
212.200
212.620
213.060
213.490
213.940
214.360
214.800
215.220
215.660
216.080
216.520
216.970
217.420
217.840
218.260
218.690
219.140
219.550
220.000
220.400
220.830
221.260
221.680
222.080
222.520
222.960
223.390
223.800
224.250
224.670
225.110
225.520
225.980
226.400
226.850
227.270
227.710
228.130
228.570
229.000
229.440
229.880
230.320
230.770
231.220
231.660
232.100
232.530
232.980
233.420
233.880
234.310
234.750
235.200
235.640
236.070
236.510
236.950
237.400
237.850
238.290
238.730
239.170
239.610
240.050
240.490
240.910
241.370
241.810
242.240
242.680
243.110
243.550
244.000
244.440
244.870
245.310
245.770
246.190
246.610
247.060
247.480
247.910
248.330
248.760
249.200
249.630
250.070
250.520
250.940
251.390
251.830
252.290
252.720
253.170
253.630
254.070
254.520
254.950
255.390
255.830
256.270
256.700
257.110
257.560
257.980
258.430
258.860
259.310
259.730
260.180
260.610
261.070
261.500
261.930
262.360
262.800
263.230
263.660
264.070
264.500
264.930
265.380
265.790
266.240
266.670
267.090
267.530
267.950
268.370
268.770
269.190
269.630
270.070
270.500
270.940
271.370
271.810
272.250
272.680
273.120
273.550
273.980
274.430
274.870
275.300
275.740
276.190
276.620
277.040
277.480
277.910
278.350
278.780
279.230
279.650
280.110
280.530
280.960
281.400
281.830
282.260
282.680
283.180
283.840
284.460
285.150
285.820
286.530
287.240
287.890
288.600
289.420
290.310
291.200
292.030
292.920
293.770
294.640
295.480
296.310
297.150
297.950
298.810
299.620
300.400
301.240
302.000
302.830
