0.400
0.790
1.200
1.630
2.010
2.430
2.800
3.210
3.580
3.990
4.370
4.800
5.230
5.660
6.070
6.520
7.000
7.500
7.990
8.430
8.890
9.350
9.850
10.320
10.840
11.330
11.800
12.280
12.790
13.300
13.810
14.310
14.830
15.330
15.840
16.340
16.840
17.360
17.870
18.370
18.920
19.420
19.940
20.460
20.970
21.500
22.020
22.550
23.040
23.550
24.060
24.560
25.070
25.610
26.140
26.670
27.210
27.750
28.270
28.780
29.290
29.830
30.350
30.880
31.380
31.910
32.410
32.950
33.460
33.980
34.500
35.010
35.580
36.100
36.650
37.170
37.720
38.240
38.750
39.280
39.820
40.340
40.850
41.400
41.900
42.450
42.970
43.500
44.030
44.560
45.070
45.580
46.110
46.650
47.170
47.710
48.220
48.780
49.310
49.820
50.360
50.900
51.450
51.990
52.550
53.080
53.630
54.170
54.690
55.230
55.760
56.270
56.830
57.330
57.870
58.420
58.940
59.430
59.980
60.510
61.080
61.620
62.140
62.690
63.220
63.770
64.290
64.840
65.400
65.970
66.520
67.070
67.610
68.130
68.660
69.220
69.740
70.280
70.820
71.350
71.900
72.420
72.970
73.480
74.040
74.540
75.080
75.610
76.150
76.680
77.220
77.760
78.290
78.840
79.370
79.880
80.400
80.950
81.480
82.040
82.560
83.070
83.630
84.140
84.660
85.220
85.740
86.250
86.800
87.330
87.900
88.420
88.960
89.480
89.990
90.530
91.070
91.610
92.110
92.660
93.180
93.720
94.230
94.780
95.310
95.810
96.350
96.860
97.380
97.890
98.410
98.930
99.450
100.010
100.510
101.070
101.580
102.130
102.660
103.170
103.720
104.240
104.730
105.250
105.770
106.310
106.830
107.340
107.870
108.380
108.920
109.450
109.980
110.490
111.040
111.540
112.040
112.500
112.990
113.480
113.940
114.420
114.930
115.450
115.980
116.490
116.980
117.500
118.050
118.580
119.110
119.620
120.130
120.670
121.190
121.720
122.240
122.750
123.250
123.770
124.300
124.830
125.350
125.880
126.380
126.940
127.460
127.970
128.480
129.030
129.530
130.060
130.560
131.110
131.630
132.150
132.680
133.200
133.720
134.230
134.740
135.270
135.780
136.300
136.810
137.330
137.870
138.380
138.870
139.380
139.920
140.460
140.990
141.520
142.020
142.540
143.030
143.570
144.100
144.630
145.160
145.680
146.210
146.730
147.280
147.790
148.350
148.870
149.400
149.910
150.430
150.960
151.470
152.000
152.560
153.090
153.620
154.170
154.690
155.240
155.840
156.380
156.970
157.520
158.050
158.550
159.070
159.610
160.110
160.650
161.190
161.710
162.240
162.770
163.310
163.810
164.340
164.880
165.390
165.920
166.460
166.990
167.520
168.030
168.600
169.140
169.660
170.180
170.730
171.260
171.780
172.300
172.830
173.350
173.900
174.430
174.960
175.500
176.030
176.570
177.170
177.750
178.320
178.880
179.490
180.040
180.580
181.100
181.650
182.150
182.690
183.210
183.760
184.310
184.830
185.360
185.890
186.410
186.980
187.500
188.050
188.580
189.120
189.650
190.220
190.740
191.290
191.850
192.390
192.960
193.490
194.030
194.620
195.200
195.710
196.220
196.740
197.260
197.780
198.320
198.840
199.350
199.870
200.390
200.920
201.440
201.950
202.460
202.990
203.550
204.080
204.600
205.090
205.630
206.150
206.660
207.180
207.680
208.190
208.710
209.210
209.750
210.260
210.780
211.290
211.810
212.340
212.850
213.350
213.860
214.400
214.900
215.460
215.980
216.520
217.040
217.530
218.050
218.600
219.100
219.630
220.120
220.590
221.080
221.600
222.130
222.640
223.150
223.650
224.150
224.680
225.160
225.670
226.180
226.700
227.210
227.730
228.230
228.770
229.280
229.770
230.310
230.810
231.310
231.810
232.340
232.880
233.380
233.890
234.410
234.990
235.540
236.070
236.560
237.090
237.610
238.120
238.620
239.150
239.630
240.160
240.700
241.210
241.740
242.250
242.770
243.310
243.890
244.430
244.920
245.390
245.890
246.390
246.880
247.330
247.820
248.280
248.740
249.250
249.760
250.230
250.750
251.290
251.800
252.320
252.840
253.370
253.890
254.410
254.930
255.440
255.940
256.460
256.970
257.490
258.000
258.520
259.030
259.530
260.010
260.470
260.950
261.440
261.910
262.360
262.770
263.220
263.650
264.030
264.400
264.780
265.150
265.540
265.920
266.300
266.680
267.070
267.430
267.810
268.200
268.590
268.990
269.370
269.770
270.140
270.550
270.930
271.410
271.850
272.390
272.890
273.440
273.940
274.480
274.970
275.520
276.030
276.550
277.080
277.600
278.090
278.580
279.040
279.520
279.980
280.450
280.960
281.440
281.920
282.370
282.850
283.310
283.810
284.330
284.860
285.350
285.900
286.380
286.900
287.400
287.930
288.450
288.950
289.470
289.980
290.490
291.040
291.550
292.110
292.630
293.170
293.640
294.120
294.590
295.030
295.500
295.980
296.460
296.950
297.510
298.010
298.570
299.060
299.560
300.090
300.600
301.120
301.630
302.120
302.630
303.150
303.690
304.180
304.700
305.210
305.710
306.200
306.650
307.130
307.610
308.060
308.530
309.010
309.500
309.960
310.440
310.930
311.450
311.930
312.420
312.900
313.380
313.850
314.340
314.810
315.300
315.800
316.330
316.850
317.350
317.880
318.390
318.890
319.420
319.910
320.430
320.970
321.500
322.010
322.520
323.020
323.550
324.030
324.580
325.070
325.620
326.140
326.650
327.170
327.660
328.130
328.610
329.090
329.560
330.050
330.580
331.120
331.620
332.170
332.710
333.220
333.740
334.280
334.830
335.320
335.800
336.270
336.750
337.270
337.780
338.310
338.820
339.330
339.850
340.360
340.890
341.430
341.970
342.550
343.090
343.630
344.160
344.700
345.230
345.740
346.260
346.790
347.330
347.850
348.360
348.890
349.440
349.980
350.510
351.010
351.480
351.990
352.490
353.010
353.560
354.060
354.580
355.100
355.640
356.130
356.690
357.220
357.730
358.250
358.800
359.320
359.870
360.380
360.890
361.420
361.910
362.420
362.960
363.490
364.000
364.550
365.070
365.610
366.120
366.660
367.200
367.720
368.210
368.740
369.280
369.880
370.480
371.070
371.640
372.210
372.750
373.300
373.870
374.450
375.050
375.630
376.190
376.760
377.380
377.960
378.570
379.190
379.790
380.390
380.960
381.590
382.160
382.790
383.370
383.960
384.590
385.160
385.790
386.370
386.990
387.560
388.160
388.790
389.430
390.020
390.650
391.270
391.900
392.550
393.170
393.810
394.410
395.020
395.670
396.260
396.910
397.500
398.130
398.760
399.350
399.950
400.580
