0.340
0.920
1.480
2.010
2.580
3.080
3.620
4.120
4.640
5.210
5.770
6.300
6.810
7.350
7.890
8.410
8.930
9.480
10.020
10.550
11.050
11.600
12.150
12.680
13.210
13.680
14.130
14.610
15.100
15.640
16.180
16.720
17.230
17.750
18.300
18.830
19.350
19.860
20.380
20.910
21.410
21.940
22.490
23.020
23.520
24.040
24.580
25.100
25.610
26.140
26.640
27.190
27.710
28.230
28.760
29.280
29.790
30.300
30.860
31.390
31.890
32.400
32.930
33.460
33.960
34.480
35.020
35.550
36.050
36.520
37.050
37.540
38.060
38.580
39.120
39.630
40.160
40.640
41.170
41.690
42.170
42.680
43.230
43.750
44.260
44.780
45.280
45.820
46.300
46.820
47.370
47.880
48.400
48.890
49.400
49.920
50.410
50.940
51.490
52.030
52.520
53.030
53.550
54.050
54.560
55.080
55.650
56.190
56.680
57.180
57.720
58.230
58.710
59.220
59.770
60.290
60.780
61.280
61.820
62.320
62.820
63.320
63.860
64.390
64.900
65.380
65.910
66.410
66.950
67.440
68.000
68.530
69.040
69.540
70.070
70.600
71.110
71.590
72.140
72.720
73.340
73.900
74.420
74.910
75.440
76.010
76.540
77.070
77.630
78.150
78.710
79.230
79.780
80.310
80.860
81.410
81.950
82.490
83.020
83.580
84.140
84.680
85.220
85.790
86.310
86.860
87.400
87.960
88.500
89.060
89.590
90.120
90.630
91.170
91.700
92.200
92.720
93.280
93.820
94.350
94.850
95.400
95.930
96.460
96.980
97.520
98.020
98.570
99.060
99.590
100.120
100.630
101.160
101.710
102.240
102.750
103.270
103.780
104.300
104.810
105.360
105.880
106.380
106.880
107.390
107.920
108.440
108.970
109.470
110.020
110.570
111.100
111.640
112.180
112.710
113.230
113.780
114.330
114.870
115.410
115.960
116.490
117.020
117.560
118.100
118.680
119.220
119.760
120.330
120.860
121.400
121.960
122.490
123.040
123.590
124.120
124.710
125.270
125.830
126.370
126.910
127.460
128.020
128.570
129.120
129.680
130.230
130.750
131.310
131.860
132.380
132.930
133.450
133.980
134.510
135.040
135.560
136.100
136.640
137.220
137.760
138.300
138.840
139.410
139.950
140.490
141.030
141.600
142.120
142.700
143.220
143.790
144.350
144.900
145.430
145.990
146.580
147.140
147.700
148.240
148.800
149.320
149.880
150.430
150.980
151.530
152.060
152.630
153.160
153.710
154.280
154.820
155.390
155.940
156.490
157.030
157.560
158.140
158.690
159.260
159.810
160.370
160.920
161.480
162.040
162.590
163.140
163.710
164.230
164.800
165.340
165.900
166.440
167.000
167.530
168.110
168.650
169.220
169.760
170.320
170.880
171.430
171.990
172.520
173.080
173.620
174.140
174.700
175.240
175.810
176.370
176.910
177.440
178.020
178.570
179.100
179.640
180.200
180.760
181.310
181.860
182.400
182.940
183.520
184.040
184.610
185.150
185.710
186.270
186.800
187.340
187.930
188.470
189.010
189.560
190.140
190.690
191.240
191.770
192.340
192.860
193.410
193.970
194.530
195.090
195.640
196.190
196.770
197.300
197.860
198.390
198.940
199.520
200.040
200.590
201.170
201.700
202.270
202.800
203.370
203.920
204.500
205.060
205.590
206.120
206.660
207.210
207.720
208.270
208.760
209.290
209.800
210.350
210.890
211.450
211.990
212.510
213.080
213.630
214.160
214.710
215.230
215.770
216.320
216.860
217.430
218.010
218.560
219.120
219.650
220.200
220.770
221.340
221.900
222.460
222.990
223.560
224.090
224.640
225.190
225.740
226.290
226.840
227.410
227.960
228.500
229.050
229.610
230.160
230.720
231.300
231.850
232.420
232.950
233.530
234.080
234.600
235.130
235.710
236.240
236.790
237.320
237.880
238.420
238.980
239.530
240.080
240.630
241.160
241.730
242.270
242.850
243.400
243.980
244.530
245.080
245.660
246.220
246.770
247.310
247.860
248.410
248.940
249.510
250.050
250.600
251.160
251.690
252.240
252.810
253.330
253.910
254.460
255.010
255.540
256.100
256.640
257.210
257.750
258.290
258.830
259.390
259.930
260.490
261.040
261.580
262.110
262.680
263.240
263.770
264.330
264.870
265.420
265.980
266.540
267.080
267.630
268.200
268.770
269.310
269.860
270.420
270.970
271.510
272.030
272.590
273.120
273.680
274.220
274.800
275.330
275.890
276.450
276.990
277.550
278.070
278.600
279.160
279.700
280.260
280.830
281.360
281.920
282.470
283.030
283.570
284.090
284.640
285.190
285.750
286.300
286.870
287.400
287.970
288.520
289.090
289.640
290.170
290.720
291.260
291.820
292.390
292.940
293.480
294.030
294.590
295.120
295.680
296.250
296.780
297.320
297.880
298.460
299.000
299.540
300.100
300.640
301.200
301.760
302.280
302.820
303.380
303.940
304.460
305.010
305.530
306.100
306.650
307.190
307.760
308.280
308.820
309.370
309.910
310.410
310.950
311.510
312.050
312.620
313.150
313.690
314.240
314.800
315.340
315.900
316.470
317.040
317.590
318.170
318.710
319.250
319.790
320.340
320.890
321.450
321.990
322.520
323.050
323.600
324.150
324.670
325.230
325.800
326.340
326.900
327.450
328.000
328.540
329.080
329.600
330.180
330.700
331.280
331.810
332.350
332.920
333.470
334.020
334.570
335.090
335.630
336.190
336.760
337.320
337.870
338.420
339.000
339.550
340.110
340.690
341.220
341.770
342.340
342.900
343.440
344.010
344.570
345.130
345.690
346.240
346.790
347.310
347.880
348.430
349.000
349.570
350.120
350.680
351.240
351.790
352.320
352.880
353.420
354.000
354.550
355.090
355.650
356.200
356.790
357.330
357.890
358.440
359.010
359.530
360.110
360.660
361.240
361.780
362.350
362.900
363.420
363.980
364.520
365.100
365.660
366.220
366.780
367.330
367.900
368.440
368.980
369.530
370.120
370.680
371.210
371.780
372.360
372.920
373.470
374.030
374.590
375.130
375.670
376.230
376.780
377.310
377.870
378.430
379.000
379.550
380.100
380.640
381.190
381.740
382.300
382.890
383.450
384.000
384.540
385.120
385.670
386.250
386.820
387.400
387.950
388.510
389.060
389.640
390.210
390.740
391.320
391.840
392.400
392.930
393.460
394.040
394.570
395.100
395.620
396.150
396.700
397.230
397.760
398.270
398.830
399.350
399.890
400.420
400.930
401.470
401.980
402.530
403.080
403.620
404.150
404.680
405.180
405.710
406.230
406.740
407.280
407.830
408.330
408.890
409.420
409.940
410.450
410.980
411.530
412.070
412.570
413.080
413.630
414.140
414.650
415.200
415.730
416.250
416.780
417.290
417.830
418.370
418.890
419.420
419.970
420.490
420.980
421.520
422.050
422.550
423.080
423.610
424.130
424.650
425.140
425.690
426.210
426.710
427.230
427.780
428.310
428.840
429.350
429.880
430.430
430.950
431.440
431.960
432.510
433.010
433.520
434.020
434.480
434.960
435.460
435.920
436.400
436.880
437.380
437.860
438.340
438.820
439.280
