0.270
0.970
1.660
2.350
3.080
3.900
4.740
5.650
6.500
7.290
8.080
8.890
9.690
10.520
11.300
12.130
12.840
13.590
14.340
15.090
15.890
16.660
17.490
18.280
18.920
19.620
20.280
20.970
21.700
22.380
23.020
23.650
24.310
24.920
25.540
26.200
26.830
27.580
28.360
29.080
29.890
30.720
31.540
32.350
33.130
33.970
34.920
35.820
36.720
37.620
38.570
39.650
40.660
41.680
42.760
43.770
44.800
45.760
46.870
47.950
49.040
50.140
51.210
52.290
53.100
53.880
54.640
55.400
56.100
56.870
57.600
58.390
59.100
59.860
60.650
61.370
62.170
62.880
63.650
64.380
65.150
65.890
66.680
67.440
68.190
68.940
69.680
70.400
71.170
71.890
72.650
73.420
74.140
74.790
75.410
75.950
76.470
77.010
77.570
78.080
78.650
79.160
79.720
80.270
80.790
81.340
81.890
82.460
82.990
83.550
84.100
84.630
85.170
85.740
86.280
86.840
87.410
87.960
88.530
89.070
89.630
90.180
90.770
91.310
91.890
92.420
92.940
93.510
94.050
94.590
95.140
95.710
96.240
96.760
97.340
97.910
98.470
99.020
99.560
100.120
100.700
101.220
101.780
102.310
102.830
103.350
103.900
104.420
104.970
105.490
106.020
106.550
107.080
107.610
108.170
108.730
109.260
109.800
110.330
110.900
111.430
111.980
112.530
113.100
113.760
114.490
115.250
116.010
116.750
117.480
118.200
118.950
119.660
120.420
121.130
121.850
122.570
123.280
124.030
124.750
125.520
126.280
127.050
127.780
128.520
129.210
129.940
130.700
131.420
132.180
132.900
133.650
134.440
135.170
135.940
136.650
137.400
138.160
138.860
139.630
140.350
141.050
141.740
142.310
142.830
143.410
143.920
144.470
145.020
145.540
146.100
146.610
147.140
147.680
148.200
148.760
149.280
149.820
150.320
150.840
151.390
151.910
152.430
152.970
153.470
154.020
154.560
155.070
155.630
156.140
156.700
157.220
157.750
158.300
158.820
159.370
159.880
160.440
160.950
161.470
162.000
162.560
163.080
163.580
164.120
164.620
165.170
165.680
166.230
166.750
167.260
167.780
168.290
168.810
169.340
169.880
170.390
170.940
171.440
171.980
172.520
173.030
173.590
174.110
174.620
175.150
175.660
176.180
176.750
177.310
177.860
178.360
178.890
179.450
179.970
180.500
181.020
181.540
182.080
182.630
183.120
183.660
184.190
184.680
185.210
185.790
186.320
186.880
187.400
187.920
188.480
188.980
189.530
190.080
190.630
191.160
191.710
192.230
192.780
193.320
193.980
194.700
195.410
196.080
196.810
197.520
198.210
198.970
199.680
200.400
201.090
201.830
202.540
203.270
203.970
204.650
205.220
205.780
206.310
206.880
207.460
208.020
208.570
209.080
209.610
210.100
210.650
211.180
211.720
212.270
212.780
213.340
213.880
214.410
214.940
215.500
216.040
216.570
217.130
217.640
218.170
218.690
219.220
219.730
220.270
220.760
221.270
221.790
222.330
222.870
223.390
223.900
224.440
224.930
225.470
226.010
226.520
227.050
227.600
228.140
228.640
229.150
229.680
230.170
230.670
231.160
231.660
232.160
232.650
233.200
233.740
234.260
234.780
235.280
235.790
236.320
236.850
237.390
237.940
238.480
239.020
239.540
240.070
240.620
241.180
241.700
242.260
242.780
243.330
243.870
244.410
244.980
245.560
246.110
246.660
247.210
247.780
248.330
248.860
249.430
250.150
250.840
251.590
252.320
253.090
253.840
254.560
255.300
256.020
256.830
257.570
258.370
259.140
259.880
260.730
261.650
262.530
263.610
264.640
265.740
266.820
267.890
268.960
270.070
271.170
272.280
273.340
274.070
274.870
275.600
276.330
277.090
277.790
278.490
279.230
279.960
280.560
281.130
281.740
282.350
282.980
283.680
284.470
285.270
286.050
286.840
287.660
288.430
289.230
290.070
290.850
291.640
292.470
293.210
294.010
294.770
295.560
296.390
297.150
297.950
298.790
299.560
300.390
