0.550
1.120
1.710	1
2.320
2.900
3.480
4.050	1
4.610
5.190
5.770
6.340	1
6.900
7.470
8.050
8.590	1
9.160
9.700
10.250
10.820	1
11.370
11.920
12.520
13.070	1
13.640
14.230
14.790
15.370	1
15.930
16.470
17.030
17.580	1
18.140
18.730
19.280
19.870	1
20.440
21.030
21.600
22.210	1
22.810
23.390
23.970
24.550	1
25.110
25.710
26.280
26.870	1
27.460
28.070
28.640
29.230	1
29.830
30.410
31.020
31.600	1
32.180
32.780
33.350
33.920	1
34.510
35.110
35.720
36.310	1
36.890
37.490
38.110
38.710	1
39.300
39.890
40.480
41.070	1
41.690
42.280
42.870
43.450	1
44.040
44.640
45.220
45.840	1
46.430
47.040
47.620
48.230	1
48.800
49.420
50.000
50.590	1
51.180
51.790
52.380
53.000	1
53.580
54.170
54.790
55.370	1
55.970
56.590
57.190
57.780	1
58.350
58.950
59.560
60.160	1
60.740
61.340
61.930
62.520	1
63.120
63.740
64.330
64.930	1
65.520
66.130
66.720
67.320	1
67.930
68.530
69.130
69.720	1
70.290
70.900
71.490
72.080	1
72.660
73.250
73.850
74.460	1
75.080
75.660
76.280
76.850	1
77.460
78.080
78.680
79.250	1
79.870
80.460
81.060
81.660	1
82.260
82.850
83.460
84.090	1
84.650
85.260
85.860
86.480	1
87.060
87.670
88.260
88.870	1
89.460
90.060
90.650
91.260	1
91.860
92.460
93.060
93.690	1
94.270
94.900
95.480
96.080	1
96.680
97.310
97.900
98.500	1
99.080
99.690
100.300
100.910	1
101.490
102.110
102.690
103.300	1
103.890
104.530
105.130
105.730	1
106.320
106.940
107.520
108.140	1
108.730
109.340
109.910
110.490	1
111.090
111.690
112.310
112.880	1
113.490
114.130
114.730
115.310	1
115.900
116.540
117.120
117.750	1
118.330
118.940
119.530
120.110	1
120.710
121.300
121.920
122.510	1
123.130
123.760
124.370
124.970	1
125.580
126.170
126.760
127.360	1
127.970
128.590
129.190
129.800	1
130.410
131.030
131.660
132.260	1
132.870
133.470
134.080
134.700	1
135.310
135.930
136.520
137.140	1
137.720
138.330
138.940
139.560	1
140.150
140.780
141.400
142.020	1
142.630
143.270
143.900
144.490	1
145.080
145.700
146.280
146.890	1
147.480
148.070
148.690
149.300	1
149.900
150.520
151.140
151.770	1
152.370
153.000
153.610
154.240	1
154.860
155.480
156.080
156.690	1
157.300
157.900
158.500
159.100	1
159.700
160.310
160.890
161.490	1
162.100
162.690
163.320
163.940	1
164.560
165.180
165.770
166.410	1
167.020
167.650
168.270
168.860	1
169.450
170.030
170.630
171.210	1
171.780
172.370
172.970
173.540	1
