0.440
0.980
1.530
2.140
2.700
3.300
3.850
4.460
5.030
5.600
6.170
6.770
7.340
7.930
8.510
9.070
9.670
10.270
10.850
11.440
12.010
12.610
13.170
13.770
14.320
14.930
15.470
16.080
16.630
17.210
17.790
18.390
18.960
19.550
20.130
20.710
21.280
21.870
22.440
23.030
23.610
24.190
24.770
25.360
25.940
26.530
27.110
27.710
28.290
28.880
29.450
30.030
30.600
31.210
31.780
32.370
32.950
33.540
34.120
34.710
35.280
35.880
36.450
37.040
37.630
38.230
38.800
39.390
39.980
40.550
41.130
41.740
42.300
42.900
43.470
44.060
44.620
45.210
45.810
46.390
46.980
47.570
48.150
48.770
49.330
49.930
50.480
51.060
51.650
52.230
52.830
53.410
53.990
54.550
55.110
55.710
56.280
56.860
57.430
58.040
58.610
59.190
59.760
60.370
60.950
61.540
62.110
62.710
63.300
63.880
64.460
65.050
65.670
66.250
66.840
67.420
68.020
68.600
69.180
69.760
70.310
70.900
71.460
72.030
72.610
73.200
73.770
74.370
74.940
75.530
76.080
76.690
77.230
77.830
78.390
78.990
79.600
80.170
80.740
81.330
81.900
82.480
83.040
83.600
84.160
84.770
85.350
85.950
86.500
87.070
87.670
88.230
88.780
89.350
89.940
90.540
91.140
91.750
92.360
92.940
93.510
94.100
94.670
95.260
95.830
96.430
97.000
97.550
98.110
98.700
99.270
99.870
100.420
101.010
101.580
102.180
102.770
103.380
103.940
104.540
105.110
105.710
106.280
106.860
107.450
108.050
108.650
109.250
109.820
110.440
111.020
111.650
112.220
112.790
113.380
113.970
114.540
115.150
115.710
116.330
116.900
117.480
118.070
118.680
119.240
119.820
120.400
120.980
121.560
122.160
122.750
123.350
123.930
124.510
125.100
125.700
126.290
126.900
127.470
128.070
128.650
129.240
129.840
130.430
131.030
131.630
132.200
132.810
133.380
133.980
134.560
135.150
135.730
136.360
136.950
137.520
138.110
138.710
139.300
139.890
140.490
141.060
141.640
142.260
142.840
143.440
144.010
144.620
145.190
145.770
146.370
146.980
147.560
148.160
148.730
149.330
149.930
150.520
151.100
151.710
152.310
152.890
153.490
154.090
154.700
155.290
155.870
156.460
157.020
157.620
158.220
158.810
159.400
159.990
160.590
161.190
161.770
162.370
162.990
163.550
164.140
164.720
165.290
165.880
166.470
167.070
167.650
168.220
168.820
169.390
169.990
170.560
171.180
171.760
172.370
172.980
173.580
174.180
174.790
175.390
175.980
176.620
177.250
177.840
178.480
179.080
179.730
180.310
180.940
181.510
182.120
182.720
183.310
183.870
184.460
