0.680
1.820
2.880
3.960
5.030
6.160
7.200
8.290
9.310
10.440
11.510
12.580
13.690
14.820
15.900
16.990
18.050
19.170
20.100
21.070
22.000
22.930
23.900
24.800
25.730
26.610
27.600
28.540
29.520
30.450
31.420
32.500
33.580
34.590
35.690
36.780
37.900
38.970
40.050
41.180
42.220
43.340
44.430
45.510
46.570
47.720
48.760
49.850
50.920
51.980
53.040
54.170
55.220
56.360
57.460
58.530
59.610
60.610
61.700
62.820
63.840
64.950
66.020
67.090
68.140
69.240
70.310
71.380
72.440
73.510
74.590
75.740
76.830
77.870
78.980
80.050
81.120
82.170
83.270
84.380
85.460
86.500
87.580
88.670
89.800
90.900
91.950
93.060
94.050
95.170
96.220
97.340
98.390
99.530
100.600
101.490
102.420
103.430
104.360
105.340
106.290
107.330
108.430
109.480
110.550
111.630
112.700
113.760
114.900
115.970
116.980
118.060
119.180
120.190
121.230
122.270
123.340
124.370
125.440
126.550
127.570
128.670
129.750
130.760
131.850
132.910
133.990
135.020
136.070
137.130
138.180
139.240
140.330
141.340
142.410
143.470
144.580
145.590
146.710
147.750
148.780
149.870
150.930
151.970
152.980
154.010
155.070
156.140
157.220
158.320
159.340
160.400
161.500
162.560
163.630
164.700
165.710
166.760
167.850
168.940
169.980
171.020
172.040
173.060
174.120
175.220
176.240
177.280
178.330
179.330
180.290
181.350
182.490
183.540
184.620
185.690
186.740
187.800
188.860
189.910
190.970
192.010
193.020
194.100
195.120
196.180
197.200
198.230
199.230
200.230
201.280
202.350
203.370
204.390
205.460
206.490
207.510
208.550
209.650
210.670
211.700
212.750
213.810
214.920
216.000
217.030
218.090
219.140
220.190
221.280
222.350
223.460
224.510
225.520
226.570
227.610
228.670
229.730
230.870
231.840
232.860
233.880
234.960
235.960
237.000
238.060
239.120
240.170
241.150
242.180
243.320
244.350
245.480
246.510
247.630
248.660
249.810
250.820
251.860
252.890
253.890
255.020
256.060
257.110
258.170
259.230
260.260
261.350
262.450
263.530
264.540
265.630
266.700
267.790
268.830
269.880
270.980
272.030
273.080
274.100
275.200
276.330
277.430
278.490
279.540
280.600
281.740
282.790
283.870
284.970
285.990
287.090
288.160
289.230
290.310
291.320
292.340
293.230
294.090
294.970
295.880
296.740
297.500
298.290
299.020
299.770
300.500
301.290
302.020
302.790
303.520
304.260
305.050
305.770
306.730
307.610
308.570
309.460
310.440
311.360
312.280
313.280
314.210
315.210
316.250
317.330
318.320
319.280
320.190
321.060
321.910
322.820
323.630
324.390
325.210
326.000
326.720
327.420
328.130
328.840
329.570
330.290
331.040
331.760
332.500
333.240
333.980
334.720
335.520
336.290
337.080
337.870
