0.200
0.630
1.090
1.550
1.980
2.430
2.890
3.330
3.780
4.210
4.640
5.080
5.540
5.970
6.410
6.820
7.270
7.710
8.150
8.600
9.050
9.490
9.940
10.380
10.820
11.270
11.720
12.160
12.600
13.040
13.490
13.940
14.380
14.830
15.270
15.720
16.160
16.610
17.060
17.490
17.920
18.360
18.810
19.250
19.690
20.130
20.560
21.010
21.460
21.900
22.350
22.810
23.250
23.690
24.140
24.580
25.040
25.460
25.910
26.360
26.790
27.230
27.670
28.120
28.570
29.020
29.460
29.910
30.360
30.800
31.240
31.670
32.130
32.560
33.010
33.450
33.880
34.340
34.780
35.230
35.680
36.110
36.540
36.980
37.420
37.880
38.310
38.740
39.180
39.640
40.070
40.520
40.970
41.410
41.850
42.310
42.770
43.210
43.650
44.100
44.530
44.980
45.420
45.870
46.310
46.760
47.210
47.640
48.080
48.520
48.960
49.410
49.860
50.310
50.730
51.200
51.640
52.070
52.520
52.960
53.400
53.840
54.300
54.740
55.180
55.640
56.090
56.530
56.970
57.420
57.870
58.320
58.770
59.220
59.660
60.110
60.550
61.000
61.450
61.900
62.360
62.800
63.250
63.700
64.150
64.600
65.050
65.490
65.940
66.410
66.850
67.300
67.750
68.190
68.630
69.080
69.530
69.990
70.440
70.880
71.330
71.780
72.220
72.670
73.110
73.560
74.010
74.460
74.900
75.360
75.800
76.240
76.700
77.140
77.600
78.040
78.500
78.950
79.390
79.840
80.290
80.730
81.190
81.630
82.070
82.520
82.960
83.390
83.830
84.260
84.710
85.150
85.600
86.040
86.490
86.940
87.400
87.830
88.270
88.720
89.160
89.600
90.050
90.490
90.930
91.370
91.830
92.270
92.710
93.150
93.600
94.060
94.500
94.940
95.380
95.830
96.280
96.720
97.150
97.610
98.050
98.490
98.930
99.370
99.820
100.260
100.710
101.150
101.610
102.070
102.510
102.960
103.400
103.850
104.290
104.740
105.190
105.640
106.090
106.520
106.960
107.400
107.860
108.300
108.730
109.180
109.630
110.080
110.530
110.980
111.420
111.880
112.330
112.770
113.230
113.670
114.120
114.560
115.020
115.480
115.930
116.370
116.810
117.260
117.700
118.160
118.600
119.060
119.490
119.960
120.400
120.850
121.300
121.740
122.220
122.670
123.130
123.590
124.070
124.530
125.020
125.470
125.960
126.420
126.900
127.350
127.830
128.270
128.720
129.180
129.620
130.060
130.510
130.960
131.400
131.820
132.290
132.760
133.220
133.670
134.100
134.570
135.000
135.460
135.900
136.380
136.830
137.280
137.720
138.180
138.620
139.060
139.530
139.960
140.380
140.810
141.250
141.700
142.120
142.580
143.010
143.470
143.940
144.410
144.860
145.320
145.770
146.260
146.710
147.190
147.670
148.140
148.590
149.080
149.530
150.020
150.470
150.960
151.410
151.880
152.350
152.840
153.290
153.760
154.230
154.700
