0.230
0.800
1.440
2.040
2.660
3.240
3.890
4.500
5.150
5.740
6.410
7.040
7.690
8.280
8.930
9.540
10.170
10.760
11.400
12.010
12.650
13.240
13.890
14.510
15.120
15.720
16.380
16.990
17.640
18.220
18.840
19.480
20.110
20.720
21.340
21.960
22.580
23.170
23.810
24.440
25.080
25.680
26.320
26.920
27.500
28.100
28.750
29.350
30.010
30.590
31.210
31.880
32.530
33.180
33.790
34.380
34.980
35.560
36.140
36.740
37.370
37.980
38.580
39.170
39.730
40.320
40.880
41.510
42.100
42.700
43.290
43.840
44.440
45.060
45.640
46.260
46.850
47.450
48.030
48.660
49.250
49.830
50.430
51.020
51.620
52.160
52.740
53.310
53.860
54.420
55.000
55.570
56.140
56.720
57.290
57.850
58.420
58.980
59.540
60.120
60.700
61.250
61.810
62.390
62.930
63.510
64.090
64.630
65.200
65.790
66.360
66.950
67.530
68.090
68.670
69.270
69.850
70.410
70.990
71.570
72.160
72.750
73.330
73.910
74.450
75.050
75.630
76.210
76.790
77.370
77.970
78.540
79.120
79.730
80.320
80.920
81.510
82.110
82.700
83.250
83.790
84.340
84.940
85.520
86.090
86.670
87.260
87.820
88.380
88.950
89.510
90.080
90.630
91.180
91.740
92.310
92.880
93.440
94.010
94.570
95.120
95.670
96.220
96.780
97.320
97.870
98.430
98.980
99.520
100.040
100.610
101.170
101.720
102.250
102.800
103.360
103.910
104.450
105.000
105.560
106.100
106.620
107.170
107.720
108.290
108.850
109.380
109.950
110.490
111.030
111.570
112.120
112.660
113.210
113.750
114.300
114.830
115.370
115.920
116.460
117.030
117.540
118.090
118.630
119.190
119.750
120.280
120.840
121.390
121.930
122.470
123.020
123.570
124.120
124.660
125.210
125.750
126.290
126.840
127.370
127.920
128.470
129.010
129.530
130.080
130.630
131.160
131.710
132.250
132.800
133.320
133.860
134.390
134.910
135.410
135.900
136.450
136.990
137.540
138.070
138.610
139.150
139.670
140.210
140.740
141.270
141.820
142.370
142.880
143.410
143.950
144.480
145.020
145.540
146.080
146.620
147.140
147.690
148.210
148.760
149.280
149.820
150.340
150.890
151.410
151.920
152.450
152.980
153.510
154.060
154.570
155.090
155.630
156.170
156.720
157.250
157.800
158.350
158.920
159.450
159.980
160.530
161.050
161.570
162.080
162.640
163.160
163.690
164.200
164.740
165.250
165.750
166.300
166.820
167.320
167.870
168.400
168.930
169.470
169.990
170.530
171.040
171.570
172.110
172.640
173.170
173.700
174.240
174.740
175.260
175.810
176.330
176.850
177.400
177.900
178.440
178.980
179.530
180.040
180.570
181.130
181.640
182.170
182.710
183.250
183.780
184.300
184.840
185.370
185.890
186.440
186.970
187.490
188.020
188.560
189.100
189.610
190.130
190.670
191.210
191.750
192.280
192.810
193.350
193.900
194.440
194.970
195.490
196.010
196.550
197.100
197.630
198.170
198.710
199.230
199.730
200.230
200.720
201.290
201.820
202.340
202.860
203.380
203.880
204.400
204.940
205.490
206.030
206.570
207.080
207.610
208.150
208.700
209.230
209.800
210.350
210.890
211.410
211.930
212.490
213.020
213.550
214.090
214.650
215.170
215.710
216.250
216.770
217.300
217.840
218.390
218.940
219.460
220.000
220.520
221.060
221.580
222.100
222.640
223.180
223.750
224.300
224.860
225.380
225.950
226.480
227.000
227.540
228.050
228.600
229.030
229.460
229.890
230.310
230.740
231.210
231.730
232.280
232.860
233.420
233.940
234.510
235.030
235.570
236.140
236.640
237.150
237.750
238.350
238.970
239.540
240.150
240.780
241.390
242.070
242.780
243.490
244.180
244.860
245.530
246.210
246.900
247.610
248.370
249.090
249.880
250.650
251.370
252.160
