0.000
0.480
0.930
1.420
1.870
2.340
2.780
3.240
3.720
4.260
4.780
5.300
5.830
6.390
6.990
7.560
8.110
8.670
9.280
9.850
10.390
10.970
11.500
12.020
12.550
13.170
13.830
14.640
15.470
16.250
17.050
17.890
18.690
19.510
20.320
21.120
21.950
22.760
23.610
24.440
25.230
26.050
26.860
27.670
28.460
29.270
30.080
30.900
31.710
32.520
33.290
34.110
34.930
35.760
36.560
37.380
38.210
39.020
39.810
40.670
41.470
42.290
43.090
43.910
44.740
45.540
46.370
47.190
47.970
48.790
49.580
50.360
51.210
52.050
52.870
53.680
54.510
55.300
56.100
56.960
57.800
58.600
59.440
60.250
61.080
61.910
62.730
63.520
64.320
65.160
65.990
66.780
67.610
68.460
69.300
70.100
70.930
71.750
72.550
73.390
74.220
75.040
75.880
76.670
77.530
78.350
79.190
80.010
80.820
81.630
82.450
83.250
84.030
84.880
85.690
86.510
87.380
88.180
89.070
89.870
90.710
91.560
92.390
93.220
94.080
94.900
95.750
96.650
97.440
98.290
99.130
99.960
100.790
101.630
102.420
103.260
104.090
104.950
105.770
106.610
107.470
108.310
109.110
109.930
110.760
111.560
112.390
113.200
114.060
114.830
115.680
116.440
117.280
118.090
118.910
119.750
120.560
121.360
122.170
123.030
123.860
124.670
125.510
126.340
127.170
127.990
128.810
129.660
130.440
131.260
132.100
132.920
133.760
134.580
135.400
136.210
137.040
137.870
138.700
139.520
140.370
141.170
141.990
142.830
143.680
144.520
145.360
146.180
147.060
147.960
148.760
149.580
150.410
151.240
152.090
152.950
153.800
154.680
155.540
156.350
157.220
158.080
158.960
159.830
160.670
161.490
162.380
163.210
164.070
164.900
165.780
166.710
167.720
168.810
169.770
170.780
171.810
172.810
173.740
174.720
175.680
176.590
177.470
178.400
179.390
180.310
181.190
182.090
183.020
183.920
184.880
185.750
186.600
187.490
188.480
189.440
190.350
191.310
192.270
193.250
194.230
195.200
196.160
197.070
198.030
199.010
200.000
