0.190
0.370
0.550
0.735
0.920
1.105
1.290
1.485
1.680	1
1.865
2.050
2.235
2.420	1
2.590
2.760
2.950
3.140	1
3.320
3.500
3.675
3.850	1
4.030
4.210
4.395
4.580	1
4.755
4.930
5.110
5.290	1
5.475
5.660
5.845
6.030	1
6.220
6.410
6.595
6.780	1
6.970
7.160
7.345
7.530	1
7.700
7.870
8.060
8.250	1
8.430
8.610
8.795
8.980	1
9.170
9.360
9.545
9.730	1
9.905
10.080
10.275
10.470	1
10.645
10.820
11.000
11.180	1
11.365
11.550
11.735
11.920	1
12.100
12.280
12.460
12.640	1
12.815
12.990
13.165
13.340	1
13.520
13.700
13.890
14.080	1
14.250
14.420
14.615
14.810	1
14.990
15.170
15.355
15.540	1
15.720
15.900
16.095
16.290	1
16.470
16.650
16.835
17.020	1
17.190
17.360
17.550
17.740	1
17.910
18.080
18.265
18.450	1
18.630
18.810
18.990
19.170	1
19.350
19.530
19.715
19.900	1
20.082
20.265
20.447
20.629	1
20.808
20.987
21.166
21.345	1
21.520
21.695
21.870
22.055	1
22.240
22.425
22.610
22.790	1
22.970
23.145
23.320
23.505	1
23.690
23.870
24.050
24.230	1
24.410
24.590
24.770
24.955	1
25.140
25.310
25.480
25.660	1
25.840
26.020
26.200
26.385	1
26.570
26.755
26.940
27.115	1
27.290
27.460
27.630
27.815	1
28.000
28.170
28.340
28.510	1
28.680
28.855
29.030
29.215	1
29.400
29.575
29.750
29.915	1
30.080
30.270
30.460
30.635	1
30.810
30.990
31.170
31.355	1
31.540
31.710
31.880
32.055	1
32.230
32.410
32.590
32.765	1
32.940
33.115
33.290
33.470	1
33.650
33.835
34.020
34.200	1
34.380
34.560
34.740
34.905	1
35.070
35.245
35.420
35.600	1
35.780
35.960
36.140
36.315	1
36.490
36.670
36.850
37.030	1
37.210
37.385
37.560
37.740	1
37.920
38.095
38.270
38.450	1
38.630
38.805
38.980
39.155	1
39.330
39.500
39.670
39.840	1
40.010
40.195
40.380
40.555	1
40.730
40.910
41.090
41.270	1
41.450
41.635
41.820
42.000	1
42.180
42.355
42.530
42.715	1
42.900
43.080
43.260
43.435	1
43.610
43.780
43.950
44.125	1
44.300
44.470
44.640
44.830	1
45.020
45.195
45.370
45.545	1
45.720
45.910
46.100
46.270	1
46.440
46.630
46.820
46.990	1
47.160
47.355
47.550
47.730	1
47.910
48.095
48.280
48.455	1
48.630
48.810
48.990
49.175	1
49.360
49.535
49.710
49.890	1
50.070
50.260
50.450
50.630	1
50.810
50.990
51.170
51.350	1
51.530
51.710
51.890
52.070	1
52.250
52.440
52.630
52.810	1
52.990
53.175
53.360
53.535	1
53.710
53.895
54.080
54.260	1
54.440
54.625
54.810
54.985	1
55.160
55.325
55.490
55.670	1
55.850
56.025
56.200
56.380	1
56.560
56.745
56.930
57.110	1
57.290
57.475
57.660
57.840	1
58.020
58.200
58.380
58.555	1
58.730
58.910
59.090
59.270	1
59.450
59.640
59.830
60.010	1
60.190
60.370
60.550
60.725	1
60.900
61.085
61.270
61.445	1
61.620
61.800
61.980
62.160	1
62.340
62.515
62.690
62.870	1
63.050
63.230
63.410
63.585	1
63.760
63.935
64.110
64.295	1
64.480
64.650
64.820
64.995	1
65.170
65.350
65.530
65.710	1
65.890
66.070
66.250
66.425	1
66.600
66.785
66.970
67.140	1
67.310
67.490
67.670
67.855	1
68.040
68.225
68.410
68.585	1
68.760
68.935
69.110
69.275	1
69.440
69.620
69.800
69.975	1
70.150
70.325
70.500
70.675	1
70.850
71.025
71.200
71.375	1
71.550
71.740
71.930
72.100	1
72.270
72.455
72.640
72.815	1
72.990
73.170
73.350
73.525	1
73.700
73.875
74.050
74.230	1
74.410
74.590
74.770
74.950	1
75.130
75.305
75.480
75.670	1
75.860
76.035
76.210
76.390	1
76.570
76.745
76.920
77.105	1
77.290
77.465
77.640
77.820	1
78.000
78.170
78.340
78.520	1
78.700
78.875
79.050
79.230	1
79.410
79.595
79.780
79.955	1
80.130
80.310
80.490
80.665	1
80.840
81.020
81.200
81.380	1
81.560
81.735
81.910
82.090	1
82.270
82.450
82.630
82.815	1
83.000
83.180
83.360
83.540	1
83.720
83.895
84.070
84.250	1
84.430
84.610
84.790
84.970	1
85.150
85.335
85.520
85.695	1
85.870
86.045
86.220
86.405	1
86.590
86.785
86.980
87.155	1
87.330
87.510
87.690
87.870	1
88.050
88.230
88.410
88.595	1
88.780
88.960
89.140
89.330	1
89.520
89.695
89.870
90.060	1
90.250
90.435
90.620
90.795	1
90.970
91.150
91.330
91.515	1
91.700
91.880
92.060
92.240	1
92.420
92.595
92.770
92.945	1
93.120
93.295
93.470
93.650	1
93.830
94.010
94.190
94.370	1
94.550
94.735
94.920
95.090	1
95.260
95.430
95.600
95.790	1
95.980
96.160
96.340
96.515	1
96.690
96.870
97.050
97.230	1
97.410
97.590
97.770
97.935	1
98.100
98.285
98.470
98.640	1
98.810
98.990
99.170
99.350	1
99.530
99.705
99.880
100.065	1
100.250
100.430
100.610
100.795	1
100.980
101.150
101.320
101.500	1
101.680
101.855
102.030
102.210	1
102.390
102.570
102.750
102.925	1
103.100
103.265
103.430
103.610	1
103.790
103.965
104.140
104.320	1
104.500
104.675
104.850
105.025	1
105.200
105.370
105.540
105.715	1
105.890
106.065
106.240
106.415	1
106.590
106.765
106.940
107.115	1
107.290
107.465
107.640
107.815	1
107.990
108.165
108.340
108.520	1
108.700
108.870
109.040
109.225	1
109.410
109.580
109.750
109.925	1
110.100
110.270
110.440
110.625	1
110.810
110.985
111.160
111.335	1
111.510
111.680
111.850
112.025	1
112.200
112.370
112.540
112.725	1
112.910
113.085
113.260
113.430	1
113.600
113.770
113.940
114.115	1
114.290
114.465
114.640
114.820	1
115.000
115.175
115.350
115.520	1
115.690
115.870
116.050
116.225	1
116.400
116.570
116.740
116.915	1
117.090
117.260
117.430
117.605	1
117.780
117.965
118.150
118.315	1
118.480
118.655
118.830
119.005	1
119.180
119.360
119.540
119.710	1
119.880
120.060
120.240
120.420	1
120.600
120.770
120.940
121.115	1
121.290
121.465
121.640
121.810	1
121.980
122.165
122.350
122.515	1
122.680
122.850
123.020
123.190	1
123.360
123.530
123.700
123.870	1
124.040
124.215
124.390
124.560	1
124.730
124.905
125.080
125.260	1
125.440
125.610
125.780
125.950	1
126.120
126.295
126.470
126.650	1
126.830
127.005
127.180
127.350	1
127.520
127.695
127.870
128.055	1
128.240
128.415
128.590
128.760	1
128.930
129.100
129.270
129.455	1
129.640
129.805
129.970
130.150	1
130.330
130.505
130.680
130.870	1
131.060
131.235
131.410
131.585	1
131.760
131.935
132.110
132.295	1
132.480
132.645
132.810
132.990	1
133.170
133.345
133.520
133.695	1
133.870
134.045
134.220
134.395	1
134.570
134.745
134.920
135.090	1
135.260
135.440
135.620
135.795	1
135.970
136.145
136.320
136.495	1
136.670
136.840
137.010
137.175	1
