0.170
0.600
1.020
1.470
1.880
2.300
2.720
3.130
3.570
4.010
4.440
4.850
5.280
5.710
6.150
6.580
6.990
7.410
7.830
8.260
8.700
9.110
9.540
9.950
10.400
10.810
11.240
11.680
12.110
12.520
12.920
13.340
13.770
14.200
14.630
15.080
15.510
15.930
16.370
16.800
17.210
17.620
18.060
18.500
18.920
19.350
19.780
20.200
20.620
21.040
21.450
21.880
22.320
22.760
23.180
23.630
24.060
24.500
24.930
25.370
25.800
26.240
26.670
27.070
27.490
27.920
28.360
28.810
29.240
29.700
30.130
30.560
31.000
31.450
31.880
32.290
32.740
33.160
33.580
34.020
34.430
34.850
35.290
35.700
36.120
36.510
36.910
37.310
37.700
38.170
38.610
39.060
39.480
39.900
40.330
40.760
41.190
41.630
42.040
42.450
42.890
43.310
43.730
44.160
44.590
45.020
45.450
45.870
46.280
46.700
47.120
47.560
48.000
48.430
48.840
49.290
49.710
50.170
50.640
51.190
51.730
52.270
52.860
53.410
53.950
54.550
55.100
55.670
56.270
56.840
57.390
57.990
58.530
59.100
59.700
60.230
60.750
61.260
61.750
62.280
62.710
63.140
63.570
64.010
64.440
64.870
65.310
65.730
66.160
66.590
67.020
67.450
67.880
68.310
68.720
69.140
69.570
69.990
70.430
70.860
71.280
71.710
72.130
72.560
72.980
73.400
73.840
74.270
74.690
75.100
75.530
75.950
76.360
76.780
77.210
77.610
78.010
78.440
78.860
79.290
79.750
80.240
80.690
81.170
81.640
82.060
82.510
82.930
83.370
83.790
84.220
84.650
85.070
85.500
85.930
86.360
86.800
87.230
87.660
88.070
88.490
88.910
89.320
89.750
90.170
90.590
91.000
91.420
91.840
92.270
92.690
93.210
93.760
94.300
94.870
95.450
95.980
96.560
97.130
97.670
98.220
98.810
99.360
99.900
100.500
101.060
101.610
102.210
102.760
103.310
103.900
104.480
105.050
105.650
106.210
106.740
107.320
107.900
108.490
108.980
109.390
109.800
110.220
110.670
111.090
111.530
111.930
112.360
112.770
113.170
113.600
114.030
114.430
114.870
115.270
115.690
116.090
116.510
116.910
117.350
117.760
118.180
118.590
119.000
119.400
119.800
120.210
120.640
121.050
121.480
121.900
122.300
122.720
123.140
123.540
123.960
124.390
124.790
125.220
125.650
126.070
126.470
126.880
127.290
127.710
128.110
128.520
128.950
129.350
129.760
130.180
130.600
131.030
131.440
131.880
132.300
132.710
133.130
133.540
133.960
134.380
134.790
135.210
135.620
136.020
136.420
136.830
137.250
137.700
138.170
138.640
139.160
139.690
140.220
140.810
141.350
141.900
142.460
143.020
143.540
144.140
144.700
145.240
145.790
146.350
146.940
147.510
148.050
148.600
149.170
149.700
150.250
150.820
151.350
151.930
152.520
153.060
153.660
154.210
154.750
155.310
155.900
156.450
157.000
157.570
158.100
158.650
159.220
159.770
160.290
160.740
161.230
161.690
162.140
162.560
162.980
163.400
163.820
164.250
164.670
165.100
165.520
165.940
166.340
166.760
167.190
167.610
168.030
168.450
168.880
169.300
169.710
170.120
170.550
170.940
171.360
171.780
172.180
172.600
173.030
173.450
173.870
174.300
174.720
175.130
175.550
175.950
176.380
176.790
177.220
177.650
178.070
178.490
178.910
179.330
179.750
180.180
180.600
181.030
181.450
181.880
182.300
182.710
183.130
183.540
183.960
184.390
184.810
185.230
185.650
186.080
186.500
186.920
187.320
187.750
188.180
188.600
189.020
189.440
189.840
190.260
190.680
191.100
191.520
191.940
192.350
192.770
193.200
193.610
194.030
194.450
194.880
195.290
195.710
196.140
196.550
196.970
197.380
197.810
198.230
198.660
199.100
199.510
199.920
200.320
200.730
201.160
201.570
202.010
202.410
202.820
203.220
203.660
204.060
204.480
204.900
205.330
205.750
206.170
206.590
207.000
207.430
207.850
208.280
208.700
209.120
209.540
209.950
210.370
210.780
211.200
211.620
212.070
212.490
212.980
213.450
213.930
214.400
214.910
215.430
215.960
216.490
217.000
217.490
217.990
218.520
219.070
219.660
220.210
220.770
221.370
221.910
222.510
223.050
223.620
224.160
224.750
225.290
225.840
226.440
226.990
227.530
228.120
228.660
229.210
229.800
230.350
230.900
231.500
232.060
232.630
233.060
233.480
233.890
234.310
234.720
235.130
235.560
235.980
236.400
236.820
237.240
237.650
238.090
238.510
238.910
239.340
239.740
240.150
240.560
240.960
241.390
241.780
242.210
242.610
243.020
243.440
243.860
244.290
244.700
245.090
245.500
245.910
246.300
246.710
247.140
247.550
247.960
248.360
248.770
249.190
249.610
250.020
250.430
250.860
251.270
251.690
252.100
252.510
252.910
253.320
253.740
254.140
254.530
254.930
255.320
255.720
256.120
256.520
256.940
257.340
257.740
258.130
258.530
258.970
259.390
259.810
260.230
260.650
261.100
261.540
261.970
262.420
262.850
263.280
263.670
264.090
264.510
264.920
265.330
265.740
266.130
266.530
266.910
267.310
267.690
268.090
268.490
268.900
269.330
269.710
270.100
270.500
270.880
271.270
271.690
272.070
272.460
272.860
273.240
273.610
273.990
274.420
274.850
275.270
275.680
276.090
276.470
276.880
277.270
277.690
278.080
278.470
278.870
279.250
279.640
280.030
280.410
280.820
281.190
281.590
282.000
282.390
282.760
283.130
283.530
283.900
284.280
284.660
285.090
285.490
285.910
286.310
286.690
287.080
287.470
287.840
288.230
288.610
288.980
289.360
289.750
290.130
290.540
290.920
291.280
291.660
292.040
292.420
292.770
293.150
293.510
293.890
294.250
294.610
294.980
295.330
295.720
296.100
296.480
296.830
297.180
297.550
297.920
298.290
298.670
299.010
299.370
299.750
300.090
300.400
300.720
301.040
301.370
301.690
301.980
302.270
302.560
302.850
303.140
303.440
303.730
304.010
304.300
304.600
304.890
305.180
305.460
305.750
306.040
306.340
306.620
306.920
307.200
307.500
307.790
308.080
308.370
308.680
309.000
309.310
309.620
309.920
310.240
310.550
310.880
311.210
311.570
311.920
312.280
312.650
313.030
313.420
313.860
314.280
314.650
315.050
315.440
315.820
316.220
316.600
316.990
317.400
317.770
318.170
318.550
318.930
319.320
319.700
320.090
320.470
320.880
321.320
321.720
322.160
322.580
322.970
323.380
323.750
324.130
324.520
324.900
325.310
325.680
326.070
326.470
326.870
327.250
327.640
328.070
328.480
328.880
329.290
329.720
330.130
330.550
330.960
331.370
331.790
332.210
332.620
333.040
333.460
333.870
334.280
334.690
335.110
335.500
335.890
336.300
336.710
337.110
337.520
337.920
338.320
338.730
339.140
339.550
339.960
340.370
340.780
341.180
341.600
341.980
342.380
342.790
343.180
343.530
343.890
344.270
344.610
344.970
345.370
345.760
346.150
346.540
346.920
347.310
347.710
348.130
348.520
348.950
349.370
349.790
350.190
350.620
351.010
351.430
351.810
352.220
352.640
353.050
353.460
353.860
354.290
354.690
355.120
355.540
355.940
356.340
356.740
357.140
357.540
357.950
358.360
358.780
359.190
359.600
359.990
360.380
360.800
361.200
361.620
362.050
362.450
362.870
363.270
363.700
364.090
364.510
364.930
365.330
365.740
366.120
366.520
366.940
367.350
367.770
368.160
368.550
368.960
369.380
369.800
370.220
370.640
371.060
371.470
371.890
372.310
372.730
373.170
373.600
374.040
374.450
374.870
375.280
375.680
376.110
376.520
376.930
377.320
377.740
378.150
378.570
378.980
379.420
379.860
380.270
380.720
381.170
381.640
382.080
382.540
382.990
383.430
383.900
384.400
384.890
385.370
385.840
386.320
386.790
387.220
387.680
388.120
388.550
388.980
389.450
389.900
390.340
390.800
391.230
391.700
392.100
392.520
392.920
393.290
393.660
394.050
394.430
394.840
395.280
395.710
396.160
396.600
397.010
397.440
397.880
398.320
398.730
399.140
399.500
399.860
400.230
400.640
401.020
401.420
401.790
402.200
402.590
403.040
403.490
403.930
404.370
404.790
405.240
405.690
406.160
406.610
407.090
407.530
407.990
408.470
408.930
409.380
409.830
410.270
410.720
411.190
411.630
412.180
412.690
413.210
413.720
414.250
414.760
415.300
415.840
416.340
416.900
417.410
417.970
418.570
419.150
419.720
420.280
420.870
421.440
422.050
422.620
423.150
423.640
424.130
424.640
425.160
425.660
426.150
426.670
427.180
427.640
428.110
428.600
429.040
429.520
429.990
430.460
430.940
431.410
431.870
432.340
432.860
433.390
433.940
434.490
435.010
435.570
436.110
436.660
437.170
437.750
438.320
438.910
439.500
440.080
440.650
441.210
441.820
442.390
442.950
443.500
444.090
444.670
445.230
445.780
446.390
446.960
447.520
448.120
448.700
449.330
449.930
450.500
451.100
451.750
452.340
452.980
453.580
454.210
454.840
455.450
456.080
456.720
457.370
458.000
458.590
459.220
459.850
460.530
461.210
461.880
462.560
463.260
463.960
