0.080
0.660
1.280
1.870
2.490
3.040
3.580
4.150
4.700
5.240
5.790
6.340
6.890
7.440
8.000
8.590
9.170
9.710
10.300
10.870
11.430
12.010
12.610
13.230
13.830
14.440
15.020
15.640
16.240
16.820
17.440
18.070
18.700
19.340
19.980
20.620
21.320
21.960
22.640
23.290
23.920
24.600
25.240
25.900
26.590
27.230
27.850
28.480
29.130
29.810
30.460
31.140
31.800
32.430
33.150
33.790
34.500
35.150
35.840
36.540
37.180
37.890
38.530
39.120
39.760
40.360
40.990
41.640
42.290
42.930
43.540
44.190
44.870
45.560
46.290
46.960
47.750
48.460
49.250
49.980
50.720
51.470
52.160
52.860
53.610
54.340
55.060
55.810
56.580
57.310
58.020
58.730
59.530
60.290
61.030
61.770
62.570
63.300
64.070
64.800
65.570
66.280
67.070
67.780
68.560
69.390
70.140
70.930
71.690
72.500
73.250
73.970
74.630
75.300
75.920
76.560
77.190
77.880
78.510
79.200
79.860
80.500
81.130
81.760
82.390
83.080
83.750
84.420
85.080
85.710
86.290
86.930
87.520
88.150
88.760
89.380
89.990
90.620
91.230
91.850
92.500
93.080
93.630
94.220
94.770
95.350
95.920
96.470
97.020
97.530
98.090
98.560
99.060
99.530
100.020
100.530
101.050
101.620
102.220
102.760
103.320
103.910
104.440
105.020
105.560
106.130
106.700
107.240
107.730
108.270
108.770
109.290
109.840
110.330
110.860
111.340
111.820
112.300
112.790
113.280
113.740
114.220
114.700
115.200
115.650
116.120
116.590
117.060
117.530
118.020
118.470
118.940
119.430
119.890
120.370
120.820
121.290
121.780
122.250
122.710
123.170
123.660
124.130
124.600
125.060
125.500
125.960
126.440
126.880
127.340
127.800
128.270
128.730
129.210
129.660
130.130
130.610
131.060
131.540
131.990
132.420
132.870
133.290
133.740
134.180
134.650
135.070
135.510
135.970
136.400
136.850
137.290
137.760
138.190
138.650
139.130
139.630
140.110
140.590
141.060
141.540
141.980
142.450
142.920
143.380
143.830
144.300
144.740
145.210
145.680
146.170
146.630
147.090
147.570
148.040
148.500
148.970
149.440
149.940
150.420
150.890
151.360
151.840
152.320
152.790
153.260
153.700
154.170
154.620
155.060
155.500
155.960
156.440
156.900
157.400
157.860
158.350
158.820
159.280
159.730
160.190
160.640
161.120
161.590
162.050
162.510
162.970
163.430
163.870
164.310
164.770
165.240
165.710
166.170
166.620
167.050
167.500
167.970
168.480
168.970
169.440
169.950
170.420
170.890
171.360
171.820
172.290
172.770
173.230
173.700
174.170
174.660
175.130
175.600
176.070
176.520
177.000
177.480
177.930
178.430
178.910
179.390
179.840
180.320
180.790
181.250
181.730
182.220
182.710
183.170
183.640
184.090
184.570
185.010
185.500
185.990
186.470
186.940
187.410
187.910
188.360
188.840
189.310
189.780
190.240
190.740
191.240
191.730
192.210
192.710
193.200
193.670
194.140
194.640
195.120
195.570
196.040
196.530
197.000
197.500
197.980
198.440
198.930
199.420
199.860
200.340
200.790
201.140
201.490
201.870
202.220
202.590
202.930
203.280
203.620
203.980
204.330
204.680
205.020
205.360
205.700
206.040
206.390
206.720
207.070
207.430
207.770
208.110
208.470
208.820
209.150
209.490
209.830
210.180
210.530
210.870
211.220
211.560
211.890
212.240
212.590
212.930
213.270
213.620
213.980
214.310
214.650
215.000
215.350
215.690
216.030
216.370
216.690
217.030
217.380
217.720
218.070
218.410
218.740
219.080
219.410
219.760
220.080
220.400
220.750
221.060
221.420
221.760
222.100
222.420
222.760
223.120
223.460
223.780
224.150
224.490
224.850
225.190
225.530
225.860
226.200
226.540
226.890
227.240
227.580
227.900
228.250
228.600
228.940
229.290
229.620
229.970
230.310
230.660
230.990
231.340
231.680
232.000
232.340
232.670
233.020
233.340
233.680
234.020
234.350
234.690
235.030
235.370
235.710
236.070
236.420
236.750
237.110
237.450
237.790
238.130
238.470
238.800
239.130
239.490
239.810
240.150
240.500
240.830
241.170
241.510
241.850
242.200
242.550
242.890
243.210
243.560
243.870
244.200
244.530
244.890
245.230
245.560
245.890
246.240
246.600
246.950
247.290
247.630
247.970
248.300
248.660
249.000
249.330
249.660
250.000
250.340
250.680
251.020
251.350
251.690
252.020
252.360
252.690
253.040
253.380
253.700
254.050
254.390
254.730
255.060
255.400
255.740
256.080
256.400
256.750
257.080
257.390
257.740
258.070
258.410
258.740
259.080
259.420
259.760
260.090
260.410
260.740
261.060
261.390
261.720
262.050
262.380
262.700
263.020
263.330
263.660
263.980
264.330
264.660
264.980
265.320
265.640
265.980
266.290
266.620
266.960
267.290
267.630
267.980
268.300
268.660
268.980
269.310
269.650
269.980
270.310
270.650
270.980
271.310
271.630
271.980
272.430
272.880
273.350
273.790
274.270
274.730
275.230
275.710
276.170
276.660
277.160
277.660
278.130
278.630
279.100
279.590
280.110
280.600
281.090
281.610
282.120
282.590
283.120
283.610
284.070
284.560
285.060
285.550
286.050
286.520
286.970
287.450
287.900
288.350
288.810
289.300
289.790
290.300
290.780
291.250
291.720
292.180
292.670
293.120
293.610
294.080
294.550
295.020
295.490
296.000
296.520
297.000
297.520
297.980
298.480
299.010
299.580
300.120
300.630
301.190
301.690
302.160
302.650
303.140
303.590
304.070
304.530
305.000
305.440
305.910
306.380
306.830
307.270
307.730
308.140
308.580
309.020
309.430
309.880
310.280
310.680
311.110
311.520
311.910
312.340
312.740
313.150
313.550
313.980
314.380
314.780
315.210
315.620
316.010
316.450
316.870
317.290
317.710
318.120
318.520
318.940
319.360
319.770
320.170
320.570
321.000
321.410
321.800
322.170
322.520
322.880
323.250
323.600
323.970
324.330
324.690
325.040
325.370
325.710
326.070
326.400
326.750
327.070
327.410
327.760
328.100
328.420
328.730
329.050
329.380
329.690
330.020
330.340
330.660
330.970
331.290
331.620
331.940
332.250
332.570
332.890
333.220
333.580
333.910
334.260
334.580
334.920
335.270
335.620
335.960
336.280
336.640
336.970
337.300
337.650
337.980
338.340
338.670
339.000
339.310
339.640
339.970
340.300
340.630
340.970
341.310
341.630
341.960
342.300
342.610
342.960
343.270
343.600
343.920
344.240
344.550
344.870
345.190
345.510
345.830
346.160
346.480
346.790
347.130
347.460
347.780
348.110
348.450
348.760
349.090
349.430
349.750
350.080
350.390
350.710
351.040
351.360
351.690
352.020
352.360
352.720
353.060
353.400
353.720
354.040
354.380
354.700
355.010
355.340
355.660
355.980
356.300
356.620
356.940
357.270
357.610
357.940
358.250
358.590
358.940
359.280
359.630
359.970
360.280
360.610
360.930
361.240
361.560
361.900
362.210
362.550
362.890
363.220
363.530
363.860
364.210
364.540
364.860
365.190
365.510
365.840
366.150
366.480
366.800
367.140
367.470
367.800
368.120
368.450
368.770
369.100
369.450
369.770
370.090
370.420
370.740
371.060
371.380
371.690
372.020
372.350
372.670
373.000
373.330
373.650
373.970
374.290
374.620
374.950
375.270
375.600
375.930
376.260
376.590
376.910
377.240
377.570
377.900
378.220
378.540
378.860
379.180
379.500
379.830
380.150
380.460
380.790
381.110
381.420
381.750
382.060
382.380
382.710
383.020
383.350
383.670
384.000
384.320
384.640
384.990
385.310
385.630
385.950
386.280
386.600
386.900
387.210
387.530
387.850
388.170
388.500
388.830
389.170
389.500
389.810
390.160
390.490
390.810
391.140
391.460
391.780
392.110
392.430
392.770
393.100
393.420
393.750
394.080
394.400
394.710
395.030
395.360
395.670
396.000
396.330
396.660
396.980
397.310
397.640
397.950
398.270
398.590
398.900
399.210
399.520
399.840
400.170
400.490
400.800
401.120
401.450
401.760
402.080
402.400
402.720
403.040
403.350
403.670
403.980
404.280
404.590
404.900
405.220
405.540
405.870
406.190
406.510
406.820
407.150
407.470
407.770
408.080
408.400
408.710
409.020
409.330
409.630
409.940
410.270
410.590
410.900
411.220
411.550
411.850
412.170
412.480
412.790
413.100
413.400
413.720
414.030
414.330
414.640
414.950
415.280
415.590
415.920
416.240
416.550
416.860
417.170
417.470
417.780
418.100
418.400
418.710
419.020
419.330
419.640
419.960
420.280
420.600
420.930
421.230
421.540
421.850
422.160
422.480
422.780
423.100
423.410
423.720
424.030
424.340
424.640
424.950
425.270
425.570
425.900
426.210
426.540
426.850
427.160
427.470
427.780
428.100
428.400
428.710
429.030
429.340
429.650
429.970
430.290
430.600
430.920
431.240
431.550
431.860
432.180
432.490
432.790
433.110
433.420
433.730
434.050
434.370
434.680
435.000
435.320
435.640
435.970
436.280
436.610
436.930
437.240
437.540
437.850
438.170
438.500
438.810
439.110
439.430
439.740
440.050
440.350
440.670
441.000
441.320
441.640
441.950
442.270
442.590
442.900
443.220
443.530
443.840
444.150
444.450
444.770
445.070
445.380
445.700
446.000
446.320
446.630
446.950
447.270
447.590
447.900
448.220
448.530
448.840
449.160
449.470
449.770
450.080
450.390
450.710
451.020
451.330
451.640
451.940
452.260
452.560
452.870
453.190
453.500
453.810
454.120
454.430
454.730
455.040
455.350
455.660
455.980
456.290
456.600
456.910
457.220
457.510
457.820
458.110
458.420
458.730
459.050
459.360
459.680
459.990
460.310
460.630
460.960
461.280
461.590
461.900
462.210
462.530
462.840
463.160
463.480
463.810
464.130
464.450
464.760
465.070
465.380
465.690
466.000
466.320
466.630
466.940
467.240
467.560
467.870
468.180
468.490
468.800
469.110
469.420
469.730
470.050
470.370
470.690
471.010
471.320
471.640
471.960
472.280
472.590
472.900
473.210
473.530
473.830
474.140
474.450
474.770
475.080
475.380
475.700
476.020
476.330
476.650
476.960
477.260
477.580
477.880
478.200
478.510
478.820
479.120
479.440
479.740
480.060
480.370
480.690
481.020
481.340
481.660
481.980
482.300
482.610
482.930
483.230
483.540
483.850
484.160
484.470
484.790
485.090
485.410
485.720
486.030
486.350
486.670
486.980
487.300
487.630
487.950
488.270
488.590
488.900
489.220
489.540
489.860
490.180
490.510
490.830
491.150
491.460
491.790
492.110
492.420
492.750
493.070
493.400
493.720
494.050
494.380
494.690
495.000
495.310
495.630
495.930
496.250
496.550
496.870
497.180
497.480
497.800
498.110
498.430
498.750
499.070
499.400
499.720
500.040
500.360
500.670
500.990
501.310
501.630
501.950
502.260
502.570
502.880
503.200
503.510
503.830
504.150
504.470
504.800
505.120
505.430
505.760
506.080
506.390
506.710
507.040
507.360
507.670
508.000
508.320
508.640
508.950
509.280
509.600
509.920
510.240
510.550
510.870
511.190
511.500
511.810
512.130
512.430
512.750
513.060
513.370
513.670
513.980
514.300
514.630
514.940
515.270
515.590
515.910
516.230
516.550
516.860
517.180
517.510
517.850
518.180
518.500
518.820
519.140
519.460
519.780
520.090
520.410
520.740
521.050
521.370
521.690
522.010
522.330
522.650
522.970
523.290
523.610
523.920
524.230
524.540
524.860
525.170
525.490
525.800
526.120
526.450
526.770
527.090
527.400
527.720
528.040
528.360
528.680
529.000
529.320
529.630
529.940
530.260
530.570
530.890
531.210
531.520
531.840
532.160
532.480
532.810
533.130
533.440
533.760
534.080
534.400
534.720
535.040
535.360
535.680
536.000
536.330
536.640
536.970
537.270
537.590
537.890
538.210
538.520
538.840
539.160
539.480
539.790
540.090
540.400
540.710
541.020
541.350
541.670
541.990
542.300
542.630
542.930
543.250
543.570
543.890
544.200
544.520
544.850
545.180
545.500
545.820
546.140
546.470
546.790
547.090
547.400
547.710
548.040
548.350
548.670
548.990
549.320
549.640
549.950
550.270
550.590
550.900
551.210
551.530
551.840
552.150
552.470
552.780
553.100
553.420
553.750
554.070
554.380
554.700
555.020
555.350
555.670
555.980
556.280
556.600
556.910
557.240
557.550
557.880
558.190
558.520
558.830
559.160
559.480
559.780
560.090
560.400
560.720
561.020
561.340
561.650
561.950
562.260
562.570
562.890
563.190
563.510
563.810
564.130
564.440
564.750
565.060
565.360
565.670
565.990
566.310
566.640
566.960
567.280
567.600
567.920
568.250
568.570
568.900
569.220
569.530
569.850
570.160
570.470
570.770
571.080
571.390
571.700
572.010
572.330
572.630
572.940
573.250
573.570
573.880
574.190
574.510
574.840
575.150
575.480
575.790
576.110
576.430
576.760
577.070
577.400
577.720
578.040
578.360
578.680
579.000
579.320
579.620
579.930
580.250
580.570
580.890
581.210
581.520
581.850
582.170
582.480
582.810
583.130
583.450
583.770
584.080
584.410
584.720
585.040
585.360
585.690
586.000
586.300
586.610
586.930
587.240
587.570
587.880
588.200
588.520
588.850
589.160
589.490
589.810
590.120
590.410
590.710
591.020
591.320
591.630
591.930
592.260
592.570
592.890
593.210
593.530
593.860
594.170
594.490
594.800
595.110
595.420
595.740
596.050
596.370
596.690
597.010
597.330
597.650
597.970
598.290
598.600
598.920
599.240
599.560
599.870
600.180
600.500
600.800
601.120
601.430
601.740
602.040
602.370
602.680
603.000
603.310
603.630
603.940
604.240
604.560
604.880
605.200
605.530
605.850
606.170
606.490
606.810
607.130
607.450
607.760
608.080
608.400
608.730
609.050
609.360
609.680
609.990
610.310
610.610
610.920
611.230
611.550
611.860
612.180
612.510
612.830
613.150
613.470
613.780
614.110
614.430
614.740
615.070
615.390
615.700
616.030
616.340
616.670
616.990
617.300
617.620
617.940
618.260
618.580
618.900
619.220
619.540
619.850
620.160
620.470
620.790
621.100
621.410
621.730
622.050
622.370
622.690
623.010
623.330
623.650
623.970
624.280
624.610
624.920
625.240
625.560
625.880
626.200
626.500
626.810
627.120
627.430
627.760
628.080
628.390
628.710
629.030
629.350
629.670
629.990
630.300
630.610
630.920
631.240
631.550
631.860
632.170
632.490
632.810
633.120
633.430
633.750
634.060
634.370
634.670
634.980
635.290
635.590
635.890
636.180
636.490
636.790
637.090
637.390
637.680
637.980
638.280
638.600
638.910
639.220
639.520
639.830
640.120
640.410
640.700
640.980
641.270
641.570
641.870
642.170
642.480
642.770
643.070
643.380
643.700
644.010
644.310
644.620
644.920
645.220
645.510
645.810
646.110
646.410
646.730
647.030
647.350
647.640
647.950
648.250
648.540
648.840
649.140
649.440
649.740
650.050
650.370
650.680
650.980
651.300
651.610
651.920
652.260
652.610
652.940
653.320
653.680
654.040
654.380
654.740
655.130
655.490
655.870
656.230
656.610
656.960
657.350
657.720
658.080
658.460
658.810
659.200
659.570
659.960
660.340
660.710
661.080
661.480
661.860
662.230
662.620
663.000
663.370
663.760
664.120
664.500
664.880
665.280
665.650
666.010
666.390
666.750
667.160
667.540
667.920
668.340
668.720
669.120
669.540
669.940
670.320
670.720
671.120
671.520
671.950
672.370
672.800
673.200
673.650
674.080
674.490
674.920
675.370
675.780
676.230
676.660
677.070
677.500
677.930
678.380
678.780
679.200
679.620
680.060
680.480
680.900
681.300
681.740
682.140
682.560
682.990
683.470
683.950
684.400
684.890
685.380
685.860
686.330
686.780
687.250
687.720
688.200
688.680
689.110
689.560
690.030
690.460
690.950
691.400
691.890
692.360
692.810
693.300
693.830
694.320
694.880
695.380
695.940
696.450
696.970
697.530
698.070
698.610
699.130
699.680
700.330
700.920
701.570
702.290
703.090
703.910
704.700
705.490
706.270
707.030
707.880
708.660
709.470
710.290
711.080
711.950
712.860
713.800
714.710
715.610
716.520
717.490
718.470
719.380
720.150
720.940
721.760
722.550
723.260
724.040
724.750
725.480
726.230
727.010
727.730
728.500
729.290
730.030
730.740
731.500
732.200
732.870
733.610
734.390
735.090
735.840
736.610
737.310
738.060
738.810
739.530
740.270
741.020
741.800
742.610
743.310
744.050
744.770
745.530
746.320
747.200
748.010
748.930
749.870
750.740
751.570
752.370
753.170
754.000
754.830
755.620
756.440
757.280
758.100
759.080
760.030
760.950
761.940
762.870
763.850
764.770
765.710
766.670
767.660
768.630
769.400
770.160
770.920
771.620
772.330
773.030
773.740
774.530
775.340
776.080
776.900
777.640
778.370
779.100
779.890
780.640
781.440
782.180
782.850
783.570
784.220
784.900
785.580
786.220
786.880
787.530
788.180
788.840
789.510
790.120
790.750
791.390
792.040
792.640
793.300
793.900
794.530
795.180
795.790
796.430
797.020
797.680
798.340
799.060
799.750
800.500
801.310
802.040
802.820
803.620
804.370
805.120
805.910
806.640
807.320
808.050
808.780
809.540
810.290
810.990
811.790
812.600
813.360
814.170
815.010
815.790
816.610
817.380
818.180
818.930
819.690
820.470
821.210
821.950
822.700
823.410
824.160
824.930
825.640
826.390
827.210
827.970
828.780
829.600
830.430
831.360
832.210
833.110
833.940
834.730
835.480
836.260
837.080
837.860
838.650
839.400
840.200
840.990
841.840
842.640
843.440
844.300
845.140
846.030
846.910
847.810
848.630
849.500
850.310
851.100
851.880
852.740
853.570
854.390
855.220
856.090
857.000
857.870
858.710
859.610
860.550
861.460
862.420
863.380
864.360
865.350
866.290
867.240
868.280
869.260
870.310
871.330
872.330
873.330
874.370
875.400
876.380
877.450
878.390
879.430
880.440
881.410
882.370
883.380
884.420
885.390
886.420
887.340
888.260
889.300
890.340
891.310
892.360
893.400
894.410
895.350
896.340
897.350
898.350
899.380
900.290
901.260
902.200
903.140
904.220
905.280
906.280
907.280
908.320
909.430
910.450
911.460
912.380
913.380
914.400
915.460
916.480
917.460
918.490
919.480
920.470
921.460
922.450
923.450
924.490
925.460
926.400
927.340
928.420
929.400
930.490
931.580
932.620
933.590
934.510
935.450
936.500
937.550
938.540
939.570
940.680
941.670
942.610
943.550
944.480
945.450
946.470
947.450
948.440
949.400
950.370
951.360
952.380
953.330
954.260
955.240
956.150
957.130
958.110
959.040
960.060
961.030
961.980
962.980
963.950
964.840
965.780
966.740
967.680
968.620
969.570
970.500
971.390
972.360
973.290
974.270
975.260
976.220
977.210
978.180
979.150
980.060
981.020
981.990
982.980
983.890
984.890
985.830
986.770
987.640
988.600
989.510
990.470
991.380
992.330
993.260
994.260
995.180
996.170
997.200
998.190
999.090
1000.070
1000.990
1001.940
1002.890
1003.920
1004.950
1006.080
1007.160
1008.220
1009.000
1009.820
1010.600
1011.360
1012.100
1012.840
1013.540
1014.170
1014.870
1015.500
1016.150
1016.850
1017.460
1018.130
1018.790
1019.410
1020.090
1020.780
1021.480
1022.190
1022.840
1023.500
1024.140
1024.770
1025.370
1025.980
1026.610
1027.190
1027.810
1028.430
1029.070
1029.550
1030.090
1030.580
1031.100
1031.620
1032.110
1032.610
1033.150
1033.780
1034.370
1035.060
1035.690
1036.340
1037.020
1037.700
1038.320
1039.020
1039.740
1040.450
1041.120
1041.860
1042.620
1043.380
1044.130
1044.860
1045.590
1046.380
1047.130
1047.870
1048.600
1049.330
1050.100
1050.810
1051.560
1052.290
1053.080
1053.830
1054.570
1055.340
1056.130
1056.880
1057.680
1058.460
1059.190
1059.990
1060.780
1061.570
1062.330
1063.100
1063.890
1064.780
1065.630
1066.450
1067.320
1068.170
1069.030
1069.810
1070.630
1071.410
1072.200
1073.040
1073.780
1074.500
1075.240
1075.950
1076.530
1077.160
1077.750
1078.260
1078.740
1079.260
1079.750
1080.250
1080.740
1081.250
1081.750
1082.220
1082.690
1083.190
1083.670
1084.150
1084.630
1085.090
1085.570
1086.090
1086.570
1087.060
1087.550
1088.040
1088.560
1089.030
1089.540
1090.060
1090.550
1091.050
1091.510
1092.010
1092.470
1092.970
1093.500
1094.000
1094.480
1094.960
1095.440
1095.900
1096.390
1096.880
1097.340
1097.810
1098.280
1098.740
1099.190
1099.660
1100.120
1100.580
1101.030
1101.510
1101.970
1102.430
1102.880
1103.360
1103.820
1104.310
1104.780
1105.230
1105.690
1106.150
1106.610
1107.060
1107.490
1107.940
1108.400
1108.860
1109.320
1109.790
1110.260
1110.720
1111.200
1111.660
1112.110
1112.590
1113.040
1113.510
1113.990
1114.440
1114.910
1115.400
1115.850
1116.340
1116.790
1117.290
1117.770
1118.240
1118.720
1119.190
1119.680
1120.160
1120.610
1121.080
1121.550
1122.020
1122.500
1122.980
1123.460
1123.940
1124.400
1124.900
1125.360
1125.840
1126.330
1126.810
1127.300
1127.770
1128.230
1128.700
1129.170
1129.630
1130.110
1130.570
1131.060
1131.510
1131.990
1132.470
1132.940
1133.410
1133.880
1134.350
1134.840
1135.330
1135.810
1136.270
1136.750
1137.220
1137.700
1138.160
1138.630
1139.110
1139.590
1140.050
1140.520
1141.010
1141.490
1141.970
1142.440
1142.930
1143.390
1143.860
1144.330
1144.810
1145.280
1145.770
1146.220
1146.700
1147.180
1147.650
1148.120
1148.590
1149.060
1149.520
1149.980
1150.460
1150.950
1151.430
1151.910
1152.390
1152.850
1153.340
1153.830
1154.290
1154.770
1155.270
1155.740
1156.230
1156.690
1157.170
1157.650
1158.120
1158.570
1159.070
1159.540
1160.010
1160.620
1161.200
1161.800
1162.370
1162.960
1163.560
1164.190
1164.860
1165.480
1166.160
1166.790
1167.330
1167.800
1168.280
1168.770
1169.240
1169.690
1170.160
1170.650
1171.140
1171.620
1172.090
1172.550
1173.030
1173.490
1173.970
1174.450
1174.930
1175.400
1175.890
1176.360
1176.820
1177.280
1177.770
1178.250
1178.720
1179.200
1179.680
1180.140
1180.620
1181.100
1181.560
1182.050
1182.510
1183.000
1183.470
1183.950
1184.440
1184.890
1185.370
1185.840
1186.320
1186.790
1187.250
1187.700
1188.130
1188.590
1189.040
1189.490
1189.970
1190.460
1190.980
1191.460
1191.930
1192.400
1192.850
1193.340
1193.800
1194.260
1194.710
1195.140
1195.590
1196.040
1196.520
1196.990
1197.450
1197.910
1198.390
1198.870
1199.310
1199.760
1200.180
1200.620
1201.090
1201.540
1201.970
1202.440
1202.890
1203.320
1203.780
1204.250
1204.690
1205.160
1205.610
1206.070
1206.540
1207.010
1207.450
1207.930
1208.370
1208.820
1209.270
1209.720
1210.170
1210.640
1211.080
1211.530
1211.990
1212.440
1212.870
1213.330
1213.800
1214.240
1214.700
1215.170
1215.640
1216.080
1216.580
1217.100
1217.610
1218.190
1218.730
1219.330
1219.910
1220.480
1221.040
1221.660
1222.220
1222.810
1223.430
1224.090
1224.730
1225.350
1225.990
1226.680
1227.350
1228.020
1228.720
1229.410
1230.080
1230.790
1231.480
1232.240
1232.950
1233.700
1234.480
1235.230
1235.900
1236.580
1237.250
1237.910
1238.570
1239.230
1239.880
1240.560
1241.190
1241.790
1242.420
1243.080
1243.750
1244.410
1245.080
1245.740
1246.420
1247.000
1247.620
1248.220
1248.790
1249.390
1250.000
1250.560
1251.050
1251.580
1252.060
1252.520
1252.980
1253.420
1253.870
1254.320
1254.790
1255.260
1255.740
1256.220
1256.690
1257.150
1257.580
1258.030
1258.490
1258.960
1259.410
1259.880
1260.330
1260.810
1261.270
1261.710
1262.180
1262.630
1263.110
1263.570
1264.030
1264.470
1264.950
1265.400
1265.870
1266.320
1266.750
1267.220
1267.650
1268.110
1268.570
1269.000
1269.470
1269.900
1270.370
1270.830
1271.310
1271.780
1272.250
1272.710
1273.180
1273.640
1274.100
1274.550
1275.020
1275.480
1275.950
1276.390
1276.860
1277.330
1277.790
1278.250
1278.700
1279.170
1279.660
1280.100
1280.580
1281.040
1281.500
1281.940
1282.430
1282.880
1283.350
1283.840
1284.310
1284.780
1285.240
1285.710
1286.190
1286.650
1287.120
1287.590
1288.060
1288.530
1288.990
1289.440
1289.910
1290.370
1290.830
1291.280
1291.760
1292.200
1292.640
1293.100
1293.540
1294.010
1294.480
1294.920
1295.400
1295.850
1296.310
1296.740
1297.200
1297.650
1298.110
1298.590
1299.020
1299.470
1299.920
1300.380
1300.840
1301.280
1301.720
1302.170
1302.640
1303.080
1303.540
1303.980
1304.440
1304.880
1305.340
1305.750
1306.160
1306.600
1307.000
1307.470
1307.940
1308.380
1308.840
1309.310
1309.760
1310.220
1310.700
1311.140
1311.550
1311.990
1312.430
1312.860
1313.270
1313.660
1314.090
1314.490
1314.930
1315.350
1315.810
1316.240
1316.700
1317.140
1317.600
1318.040
1318.490
1318.930
1319.380
1319.830
1320.280
1320.760
1321.200
1321.670
1322.140
1322.600
1323.040
1323.510
1323.970
1324.430
1324.900
1325.340
1325.820
1326.300
1326.750
1327.220
1327.690
1328.180
1328.650
1329.100
1329.580
1330.040
1330.530
1331.000
1331.460
1331.920
1332.370
1332.820
1333.280
1333.710
1334.170
1334.610
1335.060
1335.510
1335.980
1336.450
1336.910
1337.350
1337.810
1338.240
1338.710
1339.140
1339.590
1340.040
1340.510
1340.960
1341.410
1341.830
1342.280
1342.710
1343.150
1343.590
1344.010
1344.460
1344.830
1345.200
1345.600
1345.970
1346.340
1346.740
1347.110
1347.480
1347.870
1348.240
1348.640
1349.010
1349.380
1349.780
1350.150
1350.590
1351.030
1351.460
1351.920
1352.360
1352.770
1353.200
1353.650
1354.090
1354.530
1354.980
1355.460
1355.930
1356.390
1356.880
1357.330
1357.810
1358.290
1358.750
1359.230
1359.690
1360.150
1360.630
1361.100
1361.550
1362.020
1362.470
1362.920
1363.380
1363.850
1364.320
1364.750
1365.200
1365.660
1366.100
1366.560
1367.040
1367.490
1367.940
1368.420
1368.890
1369.360
1369.830
1370.290
1370.760
1371.220
1371.700
1372.160
1372.630
1373.070
1373.540
1373.990
1374.460
1374.930
1375.390
1375.830
1376.310
1376.750
1377.230
1377.680
1378.120
1378.570
1379.010
1379.460
1379.940
1380.380
1380.860
1381.310
1381.770
1382.240
1382.700
1383.160
1383.600
1384.070
1384.520
1384.980
1385.460
1385.920
1386.380
1386.760
1387.180
1387.560
1387.960
1388.440
1388.880
1389.360
1389.820
1390.280
1390.720
1391.190
1391.630
1392.070
1392.520
1392.970
1393.430
1393.870
1394.340
1394.790
1395.240
1395.680
1396.130
1396.560
1396.990
1397.400
1397.830
1398.290
1398.710
1399.160
1399.630
1400.080
1400.520
1400.980
1401.410
1401.870
1402.300
1402.750
1403.170
1403.640
1404.160
1404.640
1405.210
1405.780
1406.360
1406.970
1407.590
1408.260
1408.900
1409.510
1410.170
1410.800
1411.450
1412.070
1412.690
1413.330
1413.950
1414.610
1415.240
1415.850
1416.460
1417.110
1417.710
1418.350
1418.980
1419.610
1420.260
1420.890
1421.490
1422.150
1422.770
1423.370
1423.990
1424.620
1425.240
1425.850
1426.490
1427.080
1427.730
1428.390
1429.000
1429.670
1430.280
1430.950
1431.550
1432.180
1432.810
1433.470
1434.100
1434.700
1435.330
1435.980
1436.640
1437.260
1437.910
1438.550
1439.220
1439.870
1440.490
1441.160
1441.800
1442.500
1443.180
1443.840
1444.540
1445.300
1446.060
1446.770
1447.580
1448.330
1449.140
1449.900
1450.680
1451.410
1452.200
1452.930
1453.730
1454.480
1455.220
1456.030
1456.750
1457.530
1458.310
1459.040
1459.800
1460.570
1461.380
1462.100
1462.830
1463.540
1464.320
1465.040
1465.750
1466.460
1467.220
1467.940
1468.620
1469.340
1470.050
1470.740
1471.430
1472.120
1472.780
1473.460
1474.140
1474.850
1475.540
1476.190
1476.880
1477.570
1478.240
1478.900
1479.570
1480.250
1480.890
1481.550
1482.200
1482.860
1483.520
1484.200
1484.890
1485.560
1486.240
1486.900
1487.580
1488.260
1488.930
1489.600
1490.270
1490.930
1491.590
1492.260
1492.930
1493.580
1494.230
1494.880
1495.550
1496.210
1496.870
1497.520
1498.160
1498.810
1499.470
1500.120
1500.800
1501.450
1502.090
1502.750
1503.400
1504.060
1504.690
1505.340
1506.020
1506.660
1507.300
1507.940
1508.580
1509.200
1509.850
1510.480
1511.140
1511.780
1512.440
1513.100
1513.760
1514.410
1515.070
1515.720
1516.390
1517.030
1517.670
1518.340
1518.970
1519.610
1520.270
1520.910
1521.560
1522.190
1522.840
1523.490
1524.140
1524.780
1525.400
1526.020
1526.650
1527.310
1527.940
1528.590
1529.250
1529.910
1530.560
1531.200
1531.830
1532.480
1533.170
1533.850
1534.490
1535.140
1535.790
1536.390
1536.990
1537.630
1538.250
1538.930
1539.560
1540.230
1540.870
1541.490
1542.150
1542.760
1543.390
1544.040
1544.670
1545.300
1545.930
1546.540
1547.200
1547.840
1548.520
1549.170
1549.790
1550.440
1551.080
1551.700
1552.350
1552.990
1553.640
1554.270
1554.910
1555.510
1556.170
1556.780
1557.420
1558.050
1558.660
1559.300
1559.940
1560.560
1561.230
1561.890
1562.530
1563.150
1563.810
1564.450
1565.130
1565.790
1566.410
1567.070
1567.720
1568.360
1568.980
1569.600
1570.210
1570.830
1571.500
1572.110
1572.770
1573.390
1574.000
1574.680
1575.330
1575.980
1576.590
1577.230
1577.870
1578.500
1579.160
1579.850
1580.490
1581.120
1581.740
1582.380
1582.980
1583.600
1584.210
1584.820
1585.440
1586.060
1586.590
1587.110
1587.670
1588.290
1588.890
1589.480
1590.070
1590.670
1591.290
1591.870
1592.470
1593.070
1593.650
1594.270
1594.850
1595.450
1596.050
1596.670
1597.250
1597.840
1598.430
1599.060
1599.650
1600.250
1600.850
1601.460
1602.050
1602.640
1603.230
1603.850
1604.440
1605.030
1605.640
1606.210
1606.820
1607.410
1608.020
1608.600
1609.200
1609.800
1610.410
1611.000
1611.590
1612.180
1612.790
1613.380
1613.970
1614.560
1615.180
1615.760
1616.350
1616.960
1617.560
1618.140
1618.750
1619.340
1619.940
1620.540
1621.140
1621.750
1622.370
1622.970
1623.590
1624.190
1624.800
1625.400
1626.010
1626.580
1627.170
1627.780
1628.380
1629.000
1629.590
1630.220
1630.830
1631.430
1632.040
1632.650
1633.240
1633.860
1634.480
1635.080
1635.710
1636.290
1636.880
1637.440
1638.020
1638.600
1639.190
1639.820
1640.410
1641.000
1641.600
1642.190
1642.780
1643.390
1643.990
1644.580
1645.180
1645.750
1646.330
1646.950
1647.520
1648.110
1648.730
1649.320
1649.930
1650.510
1651.130
1651.720
1652.310
1652.920
1653.520
1654.140
1654.730
1655.320
1655.920
1656.490
1657.100
1657.700
1658.320
1658.910
1659.500
1660.090
1660.690
1661.310
1661.910
1662.500
1663.100
1663.720
1664.320
1664.950
1665.540
1666.150
1666.760
1667.370
1667.940
1668.540
1669.150
1669.760
1670.360
1670.950
1671.560
1672.160
1672.750
1673.350
1673.940
1674.530
1675.130
1675.710
1676.290
1676.880
1677.480
1678.080
1678.680
1679.270
1679.860
1680.400
1681.000
1681.540
1682.140
1682.690
1683.300
1683.890
1684.490
1685.080
1685.670
1686.270
1686.870
1687.450
1688.050
1688.640
1689.250
1689.850
1690.420
1691.020
1691.600
1692.220
1692.820
1693.430
1694.010
1694.600
1695.200
1695.800
1696.450
1697.040
1697.660
1698.300
1698.900
1699.470
1700.070
1700.660
1701.310
1701.920
1702.570
1703.160
1703.770
1704.360
1704.960
1705.570
1706.170
1706.760
1707.340
1707.960
1708.580
1709.190
1709.760
1710.350
1710.960
1711.590
1712.180
1712.760
1713.350
1713.940
1714.540
1715.160
1715.740
1716.370
1716.940
1717.560
1718.140
1718.730
1719.330
1719.920
1720.500
1721.110
1721.700
1722.270
1722.860
1723.440
1724.030
1724.630
1725.250
1725.810
1726.420
1727.010
1727.580
1728.200
1728.810
1729.390
1730.000
1730.600
1731.190
1731.780
1732.360
1732.950
1733.560
1734.140
1734.730
1735.340
1735.920
1736.520
1737.110
1737.720
1738.300
1738.900
1739.450
1740.060
1740.640
1741.210
1741.820
1742.410
1743.000
1743.590
1744.170
1744.750
1745.320
1745.940
1746.530
1747.120
1747.680
1748.280
1748.910
1749.510
1750.090
1750.700
1751.300
1751.930
1752.540
1753.120
1753.710
1754.280
1754.860
1755.440
1756.010
1756.600
1757.170
1757.780
1758.360
1758.940
1759.530
1760.150
1760.740
1761.330
1761.920
1762.530
1763.120
1763.730
1764.350
1764.920
1765.540
1766.110
1766.710
1767.270
1767.870
1768.440
1769.030
1769.630
1770.210
1770.780
1771.360
1771.920
1772.480
1773.080
1773.670
1774.230
1774.820
1775.390
1775.990
1776.590
1777.160
1777.760
1778.350
1778.960
1779.570
1780.140
1780.720
1781.300
1781.880
1782.440
1783.050
1783.640
1784.230
1784.850
1785.420
1786.050
1786.660
1787.270
1787.850
1788.460
1789.030
1789.640
1790.220
1790.800
1791.380
1791.950
1792.550
1793.170
1793.780
1794.420
1794.980
1795.590
1796.180
1796.770
1797.350
1797.940
1798.450
1798.980
1799.510
1800.050
1800.650
1801.220
1801.820
1802.410
1802.980
1803.570
1804.170
1804.760
1805.360
1805.930
1806.500
1807.080
1807.660
1808.240
1808.820
1809.420
1810.000
1810.570
1811.130
1811.680
1812.280
1812.850
1813.450
1814.010
1814.590
1815.180
1815.750
1816.350
1817.010
1817.610
1818.260
1818.890
1819.470
1820.020
1820.600
1821.170
1821.760
1822.340
1822.920
1823.500
1824.080
1824.670
1825.260
1825.840
1826.420
1826.990
1827.570
1828.160
1828.730
1829.320
1829.900
1830.490
1831.070
1831.650
1832.230
1832.820
1833.410
1833.990
1834.550
1835.180
1835.820
1836.400
1837.030
1837.630
1838.240
1838.830
1839.410
1840.020
1840.610
1841.180
1841.780
1842.420
1843.040
1843.680
1844.330
1844.960
1845.570
1846.170
1846.800
1847.440
1848.050
1848.680
1849.300
1849.920
1850.540
1851.170
1851.800
1852.430
1853.030
1853.660
1854.280
1854.900
1855.540
1856.160
1856.780
1857.390
1858.010
1858.620
1859.270
1859.890
1860.510
1861.140
1861.770
1862.400
1863.040
1863.690
1864.340
1864.970
1865.610
1866.260
1866.910
1867.570
1868.200
1868.860
1869.530
1870.180
1870.840
1871.500
1872.160
1872.800
1873.450
1874.070
1874.730
1875.420
1876.110
1876.880
1877.680
1878.500
1879.370
1880.220
1881.120
1882.000
1882.830
1883.600
1884.380
1885.200
1885.960
1886.740
1887.570
1888.340
1889.120
1889.920
1890.730
1891.450
1892.200
1892.950
1893.650
1894.390
1895.160
1895.890
1896.670
1897.430
1898.150
1898.850
1899.590
1900.310
1901.050
1901.800
1902.550
1903.290
1904.010
1904.750
1905.530
1906.320
1907.100
1907.910
1908.700
1909.470
1910.290
1911.110
1911.890
1912.710
1913.470
1914.280
1915.100
1915.880
1916.670
1917.400
1918.210
1918.940
1919.730
1920.540
1921.300
1922.160
1922.950
1923.780
1924.560
1925.390
1926.170
1927.000
1927.750
1928.550
1929.420
1930.250
1931.070
1931.890
1932.700
1933.540
1934.440
1935.260
1936.150
1936.980
1937.780
1938.560
1939.300
1939.980
1940.650
1941.350
1942.050
1942.700
1943.300
1943.890
1944.470
1945.050
1945.650
1946.260
1946.840
1947.410
1947.990
1948.580
1949.160
1949.740
1950.300
1950.890
1951.430
1952.040
1952.610
1953.210
1953.790
1954.380
1954.940
1955.660
1956.390
1957.180
1957.940
1958.670
1959.480
1960.210
1960.770
1961.330
1961.870
1962.460
1962.990
1963.580
1964.110
1964.700
1965.250
1965.800
1966.340
1966.920
1967.460
1968.010
1968.570
1969.170
1969.750
1970.340
1970.900
1971.450
1972.030
1972.590
1973.160
1973.760
1974.310
1974.870
1975.420
1975.960
1976.490
1977.040
1977.620
1978.190
1978.740
1979.320
1979.880
1980.450
1981.040
1981.610
1982.160
1982.720
1983.310
1983.910
1984.460
1985.010
1985.600
1986.150
1986.520
1986.920
1987.310
1987.690
1988.080
1988.480
1988.860
1989.260
1989.660
1990.050
1990.440
1990.810
1991.200
1991.600
1991.960
1992.350
1992.720
1993.130
1993.500
1993.910
1994.290
1994.670
1995.050
1995.430
1995.800
1996.200
1996.580
1996.940
1997.340
1997.720
1998.130
1998.510
1998.920
1999.310
1999.720
2000.090
2000.500
2000.870
2001.240
2001.590
2001.970
2002.370
2002.770
2003.140
2003.510
2003.910
2004.280
2004.660
2005.050
2005.420
2005.810
2006.340
2006.910
2007.470
2008.020
2008.580
2009.170
2009.730
2010.330
2010.910
2011.480
2012.070
2012.640
2013.220
2013.770
2014.340
2014.940
2015.510
2016.070
2016.630
2017.190
2017.780
2018.360
2018.960
2019.520
2020.100
2020.660
2021.230
2021.810
2022.350
2022.920
2023.480
2024.070
2024.640
2025.200
2025.770
2026.350
2026.930
2027.480
2028.060
2028.610
2029.170
2029.740
2030.310
2030.850
2031.420
2031.950
2032.490
2033.060
2033.640
2034.190
2034.760
2035.320
2035.900
2036.450
2037.020
2037.590
2038.170
2038.690
2039.270
2039.810
2040.350
2040.920
2041.490
2042.060
2042.610
2043.190
2043.740
2044.320
2044.870
2045.420
2046.010
2046.550
2047.130
2047.700
2048.270
2048.840
2049.420
2050.000
2050.550
2051.120
2051.710
2052.240
2052.820
2053.390
2053.920
2054.490
2055.040
2055.640
2056.210
2056.780
2057.320
2057.900
2058.460
2058.990
2059.570
2060.120
2060.660
2061.240
2061.790
2062.330
2062.870
2063.420
2063.970
2064.520
2065.080
2065.620
2066.190
2066.750
2067.310
2067.850
2068.380
2068.960
2069.500
2070.030
2070.590
2071.190
2071.730
2072.300
2072.870
2073.390
2073.960
2074.500
2075.070
2075.630
2076.200
2076.760
2077.340
2077.900
2078.490
2079.050
2079.630
2080.200
2080.750
2081.330
2081.920
2082.490
2083.040
2083.610
2084.200
2084.800
2085.370
2085.940
2086.540
2087.130
2087.690
2088.250
2088.840
2089.380
2089.940
2090.500
2091.070
2091.610
2092.180
2092.760
2093.350
2093.910
2094.480
2095.030
2095.600
2096.200
2096.760
2097.340
2097.900
2098.470
2099.050
2099.630
2100.170
2100.760
2101.330
2101.890
2102.450
2102.990
2103.570
2104.120
2104.670
2105.220
2105.800
2106.360
2106.910
2107.480
2108.030
2108.600
2109.150
2109.710
2110.250
2110.780
2111.340
2111.880
2112.440
2112.980
2113.550
2114.110
2114.640
2115.220
2115.760
2116.310
2116.860
2117.400
2117.980
2118.550
2119.130
2119.690
2120.240
2120.820
2121.390
2121.930
2122.480
2123.060
2123.680
2124.250
2124.840
2125.410
2126.000
2126.560
2127.130
2127.680
2128.260
2128.820
2129.410
2129.980
2130.520
2131.090
2131.630
2132.200
2132.720
2133.270
2133.850
2134.390
2134.960
2135.520
2136.060
2136.630
2137.190
2137.740
2138.320
2138.880
2139.440
2140.000
2140.540
2141.100
2141.680
2142.240
2142.790
2143.380
2143.950
2144.490
2145.080
2145.660
2146.230
2146.770
2147.340
2147.880
2148.470
2149.000
2149.570
2150.140
2150.740
2151.280
2151.860
2152.430
2153.010
2153.570
2154.150
2154.690
2155.270
2155.840
2156.380
2156.930
2157.510
2158.060
2158.610
2159.200
2159.750
2160.300
2160.870
2161.440
2161.970
2162.540
2163.090
2163.630
2164.180
2164.730
2165.260
2165.830
2166.380
2166.930
2167.490
2168.060
2168.620
2169.190
2169.780
2170.370
2170.920
2171.460
2172.010
2172.560
2173.110
2173.630
2174.180
2174.770
2175.330
2175.890
2176.480
2177.020
2177.600
2178.160
2178.710
2179.280
2179.850
2180.420
2181.000
2181.560
2182.100
2182.650
2183.240
2183.780
2184.380
2184.930
2185.490
2186.090
2186.630
2187.090
2187.540
2187.990
2188.430
2188.890
2189.370
2189.820
2190.290
2190.750
2191.190
2191.640
2192.090
2192.530
2193.000
2193.430
2193.850
2194.230
2194.620
2195.030
2195.400
2195.790
2196.180
2196.580
2196.980
2197.370
2197.760
2198.130
2198.530
2198.930
2199.310
2199.690
2200.060
2200.430
2200.820
2201.210
2201.590
2201.970
2202.330
2202.720
2203.100
2203.480
2203.860
2204.250
2204.780
2205.340
2205.890
2206.450
2207.000
2207.600
2208.160
2208.720
2209.280
2209.820
2210.360
2210.910
2211.480
2212.010
2212.560
2213.140
2213.670
2214.240
2214.780
2215.330
2215.890
2216.460
2217.040
2217.590
2218.170
2218.750
2219.280
2219.870
2220.420
2220.960
2221.550
2222.090
2222.650
2223.220
2223.770
2224.350
2224.930
2225.460
2226.020
2226.590
2227.140
2227.690
2228.230
2228.760
2229.330
2229.890
2230.410
2230.920
2231.450
2231.990
2232.550
2233.110
2233.640
2234.220
2234.750
2235.310
2235.830
2236.380
2236.940
2237.480
2238.020
2238.530
2239.030
2239.520
2240.080
2240.660
2241.230
2241.780
2242.340
2242.900
2243.480
2244.030
2244.610
2245.190
2245.730
2246.300
2246.870
2247.420
2247.980
2248.530
2249.080
2249.660
2250.230
2250.780
2251.340
2251.920
2252.480
2253.040
2253.590
2254.170
2254.730
2255.290
2255.860
2256.410
2256.980
2257.550
2258.090
2258.680
2259.230
2259.810
2260.390
2261.010
2261.610
2262.250
2262.870
2263.470
2264.120
2264.740
2265.350
2265.950
2266.550
2267.180
2267.790
2268.380
2269.020
2269.600
2270.240
2270.860
2271.490
2272.080
2272.720
2273.330
2273.970
2274.580
2275.210
2275.820
2276.450
2277.050
2277.670
2278.300
2278.940
2279.550
2280.290
2280.990
2281.650
2282.370
2283.090
2283.820
2284.490
2285.240
2285.940
2286.670
2287.420
2288.160
2288.900
2289.590
2290.350
2291.120
2291.920
2292.690
2293.580
2294.400
2295.280
2296.230
2297.120
2298.080
2299.010
2299.920
2300.880
2301.800
2302.720
2303.580
2304.550
2305.430
2306.410
2307.330
2308.240
2309.230
2310.150
2311.130
2312.030
2312.870
2313.760
2314.660
2315.520
2316.240
2316.960
2317.740
2318.530
2319.270
2320.070
2320.840
2321.610
2322.400
2323.180
2324.050
2324.840
2325.680
2326.570
2327.360
2328.230
2329.070
2329.930
2330.710
2331.440
2332.150
2332.870
2333.600
2334.340
2335.100
2335.850
2336.580
2337.370
2338.100
2338.850
2339.600
2340.330
2341.050
2341.760
2342.510
2343.320
2344.140
2345.030
2345.880
2346.760
2347.660
2348.530
2349.510
2350.450
2351.440
2352.440
2353.360
2354.370
2355.320
2356.220
2357.180
2358.160
2359.110
2360.060
2361.110
2362.080
2363.080
2364.070
2365.080
2366.090
2367.210
2368.250
2369.270
2370.360
2371.380
2372.290
2373.160
2373.980
2374.860
2375.730
2376.530
2377.430
2378.250
2379.080
2379.950
2380.920
2381.820
2382.700
2383.540
2384.430
2385.140
2385.880
2386.610
2387.310
2388.120
2388.860
2389.630
2390.430
2391.190
2391.980
2392.680
2393.340
2394.050
2394.760
2395.410
2396.180
2396.930
2397.740
2398.490
2399.350
2400.250
2401.140
2402.000
2402.810
2403.620
2404.470
2405.310
2406.190
2406.980
2407.800
2408.550
2409.340
2410.130
2410.940
2411.750
2412.530
2413.290
2414.080
2414.880
2415.670
2416.490
2417.260
2418.030
2418.820
2419.650
2420.420
2421.260
2422.040
2422.930
2423.720
2424.600
2425.390
2426.250
2427.030
2427.890
2428.670
2429.610
2430.640
2431.650
2432.770
2433.860
2434.980
2436.030
2437.100
2438.110
2439.100
2440.050
2441.000
2441.960
2442.860
2443.790
2444.730
2445.710
2446.570
2447.510
2448.410
2449.400
2450.400
2451.310
2452.370
2453.380
2454.430
2455.430
2456.450
2457.540
2458.580
2459.480
2460.390
2461.270
2462.090
2462.840
2463.650
2464.500
2465.380
2466.210
2467.040
2467.790
2468.590
2469.380
2470.180
2470.940
2471.820
2472.630
2473.480
2474.310
2475.110
2475.890
2476.730
2477.490
2478.310
2479.130
2479.890
2480.670
2481.390
2482.160
2482.890
2483.580
2484.320
2485.020
2485.820
2486.600
2487.340
2488.100
2488.870
2489.680
2490.440
2491.150
2491.870
2492.610
2493.350
2494.110
2494.830
2495.550
2496.330
2497.030
2497.800
2498.510
2499.230
2499.950
2500.680
2501.400
2502.150
2502.910
2503.700
2504.480
2505.230
2506.030
2506.780
2507.500
2508.290
2509.020
2509.770
2510.540
2511.330
2512.070
2512.820
2513.580
2514.360
2515.110
2515.920
2516.730
2517.480
2518.270
2519.070
2519.820
2520.540
2521.290
2522.040
2522.830
2523.600
2524.380
2525.160
2525.950
2526.740
2527.540
2528.290
2528.990
2529.740
2530.520
2531.300
2532.080
2532.880
2533.650
2534.410
2535.170
2535.950
2536.730
2537.490
2538.260
2539.050
2539.840
2540.620
2541.420
2542.160
2542.900
2543.710
2544.520
2545.320
2546.080
2546.830
2547.560
2548.340
2549.160
2549.920
2550.750
2551.510
2552.340
2553.180
2554.010
2554.840
2555.660
2556.480
2557.220
2557.970
2558.630
2559.300
2560.050
2560.780
2561.530
2562.270
2563.050
2563.810
2564.590
2565.370
2566.150
2566.950
2567.710
2568.470
2569.220
2569.970
2570.710
2571.450
2572.200
2572.920
2573.670
2574.430
2575.240
2575.990
2576.680
2577.430
2578.150
2578.870
2579.610
2580.380
2581.120
2581.860
2582.650
2583.380
2584.120
2584.890
2585.630
2586.380
2587.120
2587.870
2588.610
2589.380
2590.180
2590.920
2591.710
2592.530
2593.410
2594.320
2595.190
2596.060
2596.980
2597.910
2598.820
2599.670
2600.620
2601.570
2602.460
2603.300
2604.220
2605.160
2606.070
2607.050
2607.950
2608.910
2609.800
2610.710
2611.620
2612.570
2613.510
2614.490
2615.520
2616.510
2617.570
2618.560
2619.520
2620.580
2621.540
2622.570
2623.670
2624.670
2625.650
2626.630
2627.700
2628.720
2629.780
2630.890
2631.830
2632.810
2633.750
2634.670
2635.580
2636.530
2637.500
2638.400
2639.390
2640.350
2641.230
2642.130
2643.010
2643.770
2644.580
2645.380
2646.140
2646.940
2647.780
2648.650
2649.470
2650.280
2651.160
2651.980
2652.770
2653.640
2654.580
2655.550
2656.460
2657.430
2658.370
2659.300
2660.260
2661.220
2662.280
2663.260
2664.280
2665.190
2666.150
2667.080
2667.980
2668.940
2669.880
2670.840
2671.760
2672.690
2673.580
2674.530
2675.520
2676.530
2677.500
2678.450
2679.440
2680.400
2681.340
2682.230
2683.140
2683.870
2684.590
2685.330
2686.170
2687.000
2687.800
2688.660
2689.440
2690.270
2691.130
2691.880
2692.700
2693.480
2694.260
2695.020
2695.870
2696.880
2697.800
2698.750
2699.710
2700.720
2701.630
2702.610
2703.540
2704.500
2705.450
2706.250
2707.060
2707.870
2708.660
2709.540
2710.360
2711.250
2712.040
2712.840
2713.680
2714.480
2715.260
2716.080
2716.840
2717.650
2718.440
2719.180
2719.930
2720.660
2721.420
2722.220
2722.970
2723.700
2724.500
2725.280
2726.010
2726.800
2727.600
2728.420
2729.180
2729.990
2730.750
2731.570
2732.350
2733.190
2733.980
2734.740
2735.560
2736.370
2737.130
2737.930
2738.750
2739.550
2740.320
2741.120
2741.900
2742.730
2743.530
2744.340
2745.100
2745.910
2746.740
2747.540
2748.350
2749.120
2749.860
2750.630
2751.440
2752.220
2753.050
2753.850
2754.630
2755.450
2756.270
2757.060
2757.890
2758.670
2759.470
2760.250
2761.040
2761.780
2762.580
2763.320
2764.130
2764.920
2765.700
2766.540
2767.310
2768.130
2768.910
2769.700
2770.540
2771.330
2772.100
2772.900
2773.690
2774.470
2775.270
2776.100
2776.880
2777.690
2778.470
2779.270
2780.040
2780.820
2781.590
2782.340
2783.060
2783.830
2784.610
2785.390
2786.120
2786.890
2787.650
2788.410
2789.200
2789.990
2790.770
2791.520
2792.310
2793.060
2793.780
2794.530
2795.310
2796.050
2796.740
2797.480
2798.250
2799.010
2799.790
2800.550
2801.340
2802.100
2802.870
2803.630
2804.400
2805.170
2805.920
2806.680
2807.450
2808.190
2808.970
2809.730
2810.490
2811.230
2811.980
2812.740
2813.500
2814.280
2815.090
2815.850
2816.640
2817.470
2818.270
2819.010
2819.760
2820.480
2821.260
2821.980
2822.730
2823.460
2824.210
2824.970
2825.710
2826.460
2827.190
2827.940
2828.680
2829.410
2830.150
2830.880
2831.610
2832.380
2833.100
2833.820
2834.560
2835.280
2836.020
2836.730
2837.390
2838.130
2838.890
2839.630
2840.390
2841.180
2841.900
2842.640
2843.390
2844.090
2844.830
2845.560
2846.350
2847.120
2847.940
2848.670
2849.410
2850.160
2850.930
2851.630
2852.260
2852.940
2853.660
2854.340
2855.100
2855.830
2856.570
2857.290
2858.050
2858.760
2859.480
2860.260
2860.980
2861.780
2862.550
2863.320
2864.120
2864.910
2865.630
2866.370
2867.170
2867.890
2868.700
2869.400
2870.090
2870.820
2871.540
2872.260
2872.980
2873.700
2874.420
2875.160
2875.870
2876.560
2877.310
2878.020
2878.750
2879.460
2880.180
2880.920
2881.620
2882.320
2883.050
2883.760
2884.480
2885.240
2885.940
2886.660
2887.360
2888.080
2888.880
2889.680
2890.420
2891.230
2892.010
2892.730
2893.500
2894.270
2895.070
2895.840
2896.600
2897.380
2898.180
2898.930
2899.700
2900.500
2901.250
2901.980
2902.770
2903.520
2904.290
2905.020
2905.770
2906.520
2907.290
2908.070
2908.820
2909.590
2910.320
2911.070
2911.800
2912.520
2913.240
2913.950
2914.690
2915.410
2916.110
2916.750
2917.450
2918.100
2918.770
2919.460
2920.090
2920.760
2921.520
2922.240
2922.920
2923.660
2924.400
2925.070
2925.820
2926.490
2927.230
2927.940
2928.640
2929.330
2930.080
2930.790
2931.530
2932.250
2932.990
2933.720
2934.430
2935.130
2935.840
2936.480
2937.120
2937.820
2938.440
2939.160
2939.900
2940.580
2941.310
2942.020
2942.730
2943.480
2944.190
2944.910
2945.640
2946.380
2947.090
2947.840
2948.580
2949.310
2950.010
2950.740
2951.430
2952.160
2952.870
2953.590
2954.290
2955.020
2955.690
2956.440
2957.180
2957.910
2958.620
2959.370
2959.990
2960.560
2961.140
2961.700
2962.250
2962.850
2963.440
2964.070
2964.670
2965.270
2965.900
2966.520
2967.110
2967.720
2968.350
2968.930
2969.550
2970.180
2970.770
2971.400
2972.010
2972.620
2973.200
2973.840
2974.470
2975.060
2975.710
2976.310
2976.930
2977.520
2978.150
2978.760
2979.350
2979.950
2980.580
2981.190
2981.800
2982.440
2983.030
2983.670
2984.280
2984.900
2985.510
2986.160
2986.740
2987.360
2987.960
2988.560
2989.190
2989.790
2990.390
2991.010
2991.630
2992.210
2992.820
2993.460
2994.070
2994.690
2995.330
2995.960
2996.580
2997.200
2997.810
2998.440
2999.070
2999.690
3000.280
3000.890
3001.530
3002.150
3002.760
3003.340
3003.950
3004.550
3005.160
3005.760
3006.350
3006.960
3007.530
3008.180
3008.810
3009.410
3010.050
3010.660
3011.280
3011.930
3012.550
3013.180
3013.860
3014.650
3015.390
3016.180
3016.910
3017.680
3018.490
3019.260
3020.010
3020.810
3021.590
3022.440
3023.230
3024.080
3024.890
3025.750
3026.540
3027.400
3028.250
3029.050
3029.930
3030.760
3031.640
3032.500
3033.430
3034.280
3035.150
3036.130
3037.140
3038.090
3039.050
3040.020
3041.040
3042.040
3043.010
3043.980
3045.020
3046.040
3047.160
3048.240
3049.260
3050.390
3051.420
3052.460
3053.530
3054.580
3055.540
3056.570
3057.590
3058.630
3059.650
3060.670
3061.670
3062.670
3063.670
3064.690
3065.780
3066.880
3067.970
3069.030
3070.080
3071.210
3072.250
3073.380
3074.440
3075.500
3076.600
3077.700
3078.810
3079.850
3080.890
3081.940
3083.000
3084.050
3085.110
3086.180
3087.240
3088.380
3089.420
3090.550
3091.620
3092.740
3093.760
3094.800
3095.910
3096.900
3097.950
3099.030
3100.020
3100.940
3101.950
3102.960
3103.960
3104.940
3106.060
3107.170
3108.200
3109.310
3110.340
3111.390
3112.520
3113.550
3114.660
3115.730
3116.880
3117.890
3118.800
3119.740
3120.690
3121.710
3122.680
3123.690
3124.700
3125.620
3126.590
3127.530
3128.500
3129.550
3130.630
3131.670
3132.740
3133.820
3134.790
3135.770
3136.780
3137.700
3138.710
3139.750
3140.770
3141.840
3142.810
3143.730
3144.700
3145.660
3146.560
3147.430
3148.360
3149.260
3150.180
3151.050
3151.970
3152.840
3153.750
3154.640
3155.480
3156.430
3157.380
3158.390
3159.360
3160.220
3161.030
3161.890
3162.720
3163.580
3164.360
3164.940
3165.540
3166.160
3166.740
3167.250
3167.790
3168.310
3168.830
3169.320
3169.840
3170.360
3170.840
3171.320
3171.770
3172.240
3172.720
3173.190
3173.650
3174.090
3174.560
3175.020
3175.480
3175.950
3176.400
3176.870
3177.330
3177.800
3178.250
3178.740
3179.210
3179.670
3180.130
3180.610
3181.070
3181.520
3181.960
3182.420
3182.880
3183.330
3183.780
3184.210
3184.620
3185.050
3185.480
3185.940
3186.390
3186.850
3187.310
3187.760
3188.220
3188.690
3189.160
3189.640
3190.110
3190.570
3191.020
3191.450
3191.900
3192.370
3192.810
3193.270
3193.700
3194.150
3194.600
3195.070
3195.530
3195.980
3196.440
3196.910
3197.350
3197.810
3198.290
3198.740
3199.190
3199.660
3200.110
3200.570
3201.050
3201.490
3201.970
3202.430
3202.870
3203.330
3203.800
3204.270
3204.710
3205.180
3205.650
3206.090
3206.550
3207.030
3207.490
3207.950
3208.440
3208.910
3209.370
3209.800
3210.250
3210.700
3211.150
3211.620
3212.070
3212.520
3212.980
3213.440
3213.890
3214.360
3214.800
3215.280
3215.740
3216.200
3216.660
3217.100
3217.560
3218.040
3218.500
3218.940
3219.420
3219.870
3220.330
3220.790
3221.250
3221.710
3222.190
3222.640
3223.110
3223.590
3224.060
3224.530
3225.000
3225.460
3225.930
3226.420
3226.870
3227.340
3227.800
3228.240
3228.710
3229.160
3229.620
3230.090
3230.540
3230.980
3231.440
3231.890
3232.350
3232.820
3233.280
3233.720
3234.190
3234.650
3235.080
3235.550
3235.990
3236.450
3236.910
3237.390
3237.840
3238.320
3238.780
3239.250
3239.710
3240.160
3240.610
3241.070
3241.530
3241.970
3242.450
3242.910
3243.350
3243.830
3244.270
3244.730
3245.190
3245.620
3246.070
3246.540
3247.010
3247.460
3247.930
3248.410
3248.890
3249.390
3249.910
3250.420
3250.910
3251.410
3251.890
3252.360
3252.840
3253.310
3253.780
3254.240
3254.710
3255.190
3255.650
3256.120
3256.590
3257.060
3257.530
3257.980
3258.440
3258.910
3259.370
3259.840
3260.290
3260.740
3261.220
3261.660
3262.130
3262.610
3263.070
3263.540
3264.000
3264.470
3264.920
3265.380
3265.830
3266.310
3266.770
3267.230
3267.670
3268.150
3268.600
3269.090
3269.560
3270.010
3270.490
3270.940
3271.420
3271.880
3272.360
3272.820
3273.290
3273.740
3274.220
3274.660
3275.140
3275.590
3276.060
3276.500
3276.960
3277.440
3277.880
3278.360
3278.820
3279.270
3279.740
3280.200
3280.650
3281.120
3281.610
3282.080
3282.530
3283.000
3283.490
3283.950
3284.400
3284.850
3285.310
3285.790
3286.250
3286.690
3287.170
3287.630
3288.080
3288.560
3289.040
3289.490
3289.950
3290.400
3290.830
3291.280
3291.730
3292.200
3292.640
3293.110
3293.560
3294.060
3294.530
3295.000
3295.510
3295.990
3296.470
3296.960
3297.410
3297.900
3298.360
3298.840
3299.300
3299.770
3300.230
3300.700
3301.170
3301.630
3302.080
3302.550
3303.010
3303.460
3303.930
3304.390
3304.860
3305.320
3305.800
3306.260
3306.720
3307.180
3307.630
3308.090
3308.570
3309.020
3309.460
3309.910
3310.350
3310.770
3311.220
3311.670
3312.090
3312.530
3312.970
3313.430
3313.870
3314.290
3314.750
3315.190
3315.620
3316.050
3316.460
3316.900
3317.320
3317.770
3318.180
3318.610
3319.070
3319.500
3319.940
3320.370
3320.840
3321.280
3321.730
3322.190
3322.670
3323.150
3323.620
3324.070
3324.520
3324.960
3325.400
3325.860
3326.320
3326.760
3327.210
3327.670
3328.110
3328.560
3329.000
3329.470
3329.950
3330.450
3330.930
3331.400
3331.870
3332.370
3332.830
3333.320
3333.810
3334.280
3334.770
3335.240
3335.690
3336.130
3336.570
3337.030
3337.470
3337.900
3338.360
3338.790
3339.230
3339.660
3340.100
3340.540
3340.970
3341.410
3341.850
3342.300
3342.740
3343.170
3343.620
3344.040
3344.480
3344.920
3345.360
3345.810
3346.240
3346.710
3347.200
3347.670
3348.120
3348.600
3349.080
3349.520
3349.970
3350.420
3350.880
3351.320
3351.750
3352.200
3352.650
3353.090
3353.520
3353.970
3354.390
3354.850
3355.290
3355.730
3356.160
3356.610
3357.030
3357.480
3357.930
3358.350
3358.800
3359.230
3359.690
3360.120
3360.570
3361.040
3361.470
3361.900
3362.350
3362.780
3363.220
3363.680
3364.100
3364.540
3364.980
3365.420
3365.880
3366.310
3366.740
3367.190
3367.650
3368.090
3368.540
3369.010
3369.480
3369.940
3370.400
3370.860
3371.310
3371.760
3372.220
3372.680
3373.160
3373.600
3374.080
3374.530
3375.000
3375.460
3375.900
3376.380
3376.840
3377.290
3377.750
3378.210
3378.670
3379.130
3379.610
3380.090
3380.540
3381.010
3381.490
3381.980
3382.520
3383.020
3383.530
3384.000
3384.480
3384.940
3385.400
3385.870
3386.320
3386.770
3387.210
3387.630
3388.070
3388.520
3388.990
3389.430
3389.880
3390.360
3390.820
3391.260
3391.740
3392.170
3392.640
3393.090
3393.540
3393.970
3394.420
3394.860
3395.320
3395.800
3396.280
3396.740
3397.220
3397.680
3398.140
3398.630
3399.080
3399.530
3400.000
3400.460
3400.930
3401.370
3401.830
3402.310
3402.760
3403.230
3403.680
3404.140
3404.570
3405.050
3405.500
3405.970
3406.410
3406.860
3407.310
3407.780
3408.220
3408.680
3409.100
3409.560
3409.990
3410.450
3410.900
3411.340
3411.790
3412.250
3412.680
3413.140
3413.620
3414.080
3414.530
3415.000
3415.440
3415.900
3416.350
3416.800
3417.250
3417.680
3418.130
3418.600
3419.030
3419.500
3419.940
3420.400
3420.850
3421.290
3421.740
3422.200
3422.640
3423.110
3423.570
3424.020
3424.490
3424.930
3425.410
3425.850
3426.330
3426.910
3427.440
3428.060
3428.640
3429.270
3429.960
3430.600
3431.300
3431.940
3432.640
3433.370
3434.090
3434.770
3435.480
3436.160
3436.850
3437.510
3438.210
3438.850
3439.530
3440.310
3441.030
3441.830
3442.560
3443.350
3444.040
3444.770
3445.500
3446.270
3446.960
3447.640
3448.330
3449.020
3449.700
3450.390
3450.990
3451.610
3452.220
3452.840
3453.420
3454.030
3454.670
3455.260
3455.870
3456.510
3457.110
3457.750
3458.340
3458.890
3459.490
3460.080
3460.640
3461.220
3461.800
3462.400
3462.960
3463.550
3464.110
3464.710
3465.270
3465.860
3466.440
3466.990
3467.590
3468.130
3468.720
3469.310
3469.880
3470.460
3471.030
3471.620
3472.240
3472.830
3473.390
3473.980
3474.580
3475.180
3475.780
3476.400
3477.010
3477.670
3478.270
3478.900
3479.550
3480.190
3480.790
3481.460
3482.080
3482.710
3483.370
3484.000
3484.630
3485.300
3485.940
3486.600
3487.270
3487.930
3488.590
3489.230
3489.860
3490.500
3491.120
3491.770
3492.380
3493.030
3493.640
3494.250
3494.870
3495.490
3496.120
3496.720
3497.340
3497.910
3498.540
3499.130
3499.700
3500.320
3500.900
3501.450
3502.030
3502.610
3503.190
3503.810
3504.430
3505.040
3505.620
3506.260
3506.840
3507.460
3508.060
3508.690
3509.310
3509.900
3510.510
3511.120
3511.720
3512.360
3512.980
3513.600
3514.210
3514.820
3515.430
3516.050
3516.700
3517.310
3517.910
3518.530
3519.170
3519.820
3520.450
3521.090
3521.710
3522.370
3523.020
3523.660
3524.270
3524.990
3525.690
3526.350
3527.050
3527.760
3528.470
3529.140
3529.830
