0.100
0.420
0.740
1.080
1.420
1.760
2.110
2.450
2.790
3.160
3.490
3.830
4.160
4.520
4.840
5.180
5.530
5.880
6.220
6.560
6.900
7.240
7.590
7.940
8.270
8.610
8.950
9.290
9.620
9.970
10.300
10.640
10.980
11.310
11.660
11.990
12.330
12.660
12.990
13.330
13.670
14.010
14.330
14.660
15.000
15.340
15.680
16.020
16.350
16.680
17.020
17.360
17.690
18.030
18.370
18.710
19.040
19.370
19.700
20.040
20.360
20.700
21.040
21.370
21.690
22.020
22.360
22.680
23.010
23.350
23.680
24.010
24.350
24.680
25.000
25.340
25.660
26.000
26.320
26.660
26.980
27.320
27.650
27.990
28.320
28.660
29.010
29.340
29.660
29.990
30.310
30.640
30.980
31.320
31.650
31.960
32.320
32.650
32.990
33.310
33.650
33.990
34.320
34.640
34.970
35.290
35.620
35.950
36.310
36.650
36.980
37.330
37.660
38.000
38.330
38.670
39.010
39.350
39.690
40.020
40.360
40.690
41.020
41.350
41.680
42.010
42.340
42.660
42.980
43.310
43.640
43.990
44.310
44.630
44.960
45.300
45.630
45.970
46.310
46.650
46.970
47.320
47.650
48.000
48.320
48.650
48.970
49.310
49.650
49.970
50.320
50.640
50.980
51.330
51.670
52.000
52.320
52.650
52.980
53.310
53.630
53.950
54.290
54.610
54.950
55.290
55.600
55.940
56.270
56.610
56.930
57.260
57.600
57.920
58.250
58.580
58.910
59.230
59.560
59.890
60.220
60.560
60.880
61.200
61.510
61.830
62.150
62.480
62.800
63.130
63.460
63.800
64.120
64.450
64.770
65.100
65.420
65.740
66.060
66.390
66.700
67.030
67.350
67.670
67.990
68.330
68.660
68.970
69.310
69.630
69.970
70.290
70.600
70.930
71.260
71.600
71.920
72.250
72.590
72.920
73.240
73.570
73.900
74.220
74.540
74.840
75.150
75.480
75.800
76.110
76.440
76.760
77.070
77.400
77.720
78.040
78.350
78.670
78.990
79.310
79.630
79.960
80.280
80.590
80.920
81.250
81.580
81.910
82.230
82.540
82.870
83.190
83.510
83.830
84.150
84.470
84.780
85.100
85.420
85.750
86.070
86.390
86.710
87.030
87.350
87.670
87.980
88.310
88.630
88.950
89.270
89.590
89.920
90.250
90.570
90.910
91.250
91.590
91.920
92.250
92.580
92.920
93.250
93.580
93.900
94.240
94.560
94.890
95.210
95.550
95.880
96.200
96.530
96.870
97.200
97.520
97.850
98.170
98.500
98.830
99.160
99.490
99.820
100.150
100.480
100.800
101.140
101.460
101.790
102.110
102.430
102.750
103.060
103.380
103.710
104.030
104.340
104.660
104.980
105.290
105.610
105.920
106.240
106.590
106.920
107.240
107.560
107.890
108.200
108.530
108.880
109.210
109.540
109.870
110.200
110.520
110.850
111.180
111.500
111.830
112.160
112.500
112.830
113.160
113.480
113.820
114.150
114.460
114.780
115.100
115.430
115.750
116.090
116.410
116.740
117.060
117.390
117.710
118.050
118.370
118.700
119.020
119.360
119.690
120.010
120.350
120.670
121.000
121.340
121.670
122.010
122.340
122.670
123.000
123.330
123.650
123.970
124.300
124.620
124.960
125.300
125.620
125.940
126.260
126.590
126.910
127.240
127.550
127.890
128.210
128.550
128.880
129.220
129.550
129.890
130.230
130.550
130.900
131.230
131.560
131.890
132.230
132.580
132.930
133.260
133.620
133.950
134.300
134.640
134.980
135.300
135.640
135.980
136.290
136.640
136.990
137.330
137.660
138.000
138.340
138.680
139.010
139.370
139.700
140.030
140.360
140.700
141.030
141.350
141.680
142.010
142.340
142.680
143.010
143.360
143.700
144.040
144.380
144.720
145.070
145.420
145.760
146.100
146.420
146.760
147.070
147.420
147.760
148.090
148.420
148.770
149.100
149.430
149.770
150.100
150.430
150.750
151.070
151.410
151.730
152.070
152.390
152.720
153.050
153.380
153.720
154.050
154.390
154.740
155.070
155.400
155.750
156.080
156.400
156.730
157.060
157.390
157.720
158.060
158.380
158.710
159.030
159.360
159.690
160.020
160.340
160.670
161.000
161.320
161.650
161.970
162.310
162.630
162.970
163.300
163.620
163.950
164.300
164.640
164.990
165.320
165.660
166.010
166.340
166.680
167.010
167.330
167.670
168.010
168.350
168.670
169.030
169.370
169.700
170.030
170.370
170.710
171.060
171.400
171.750
172.080
172.420
172.760
173.090
173.430
173.790
174.110
174.430
174.750
175.060
175.380
175.700
176.020
176.340
176.660
176.980
177.300
177.630
177.950
178.270
178.590
