0.310
0.880
1.430
2.030
2.590
3.170
3.720
4.250
4.820
5.410
6.010
6.580
7.190
7.800
8.380
8.970
9.590
10.210
10.830
11.410
12.010
12.650
13.260
13.920
14.540
15.170
15.780
16.430
17.070
17.710
18.350
18.960
19.590
20.230
20.850
21.520
22.140
22.780
23.410
24.090
24.710
25.320
25.950
26.580
27.180
27.810
28.470
29.110
29.720
30.390
31.010
31.660
32.330
32.970
33.600
34.240
34.890
35.520
36.140
36.770
37.420
38.070
38.750
39.380
40.030
40.700
41.350
41.990
42.640
43.290
43.930
44.590
45.260
45.920
46.550
47.190
47.830
48.460
49.070
49.720
50.370
51.050
51.670
52.330
52.990
53.660
54.320
54.990
55.630
56.290
56.940
57.620
58.290
58.930
59.600
60.240
60.910
61.520
62.170
62.820
63.450
64.110
64.770
65.430
66.070
66.730
67.380
68.040
68.680
69.340
70.000
70.640
71.280
71.950
72.610
73.280
73.920
74.580
75.250
75.920
76.550
77.240
77.900
78.560
79.240
79.920
80.580
81.240
81.930
82.580
83.280
83.920
84.600
85.250
85.950
86.610
87.250
87.900
88.540
89.180
89.830
90.460
91.150
91.810
92.470
93.140
93.820
94.450
95.080
95.760
96.370
97.000
97.620
98.310
98.940
99.580
100.200
100.880
101.520
102.160
102.850
103.500
104.150
104.800
105.440
106.060
106.720
107.390
108.050
108.730
109.370
110.030
110.670
111.310
111.970
112.610
113.230
113.940
114.600
115.280
115.970
116.660
117.320
118.000
118.630
119.320
119.980
120.690
121.390
122.040
122.700
123.380
124.020
124.690
125.330
126.010
126.670
127.340
128.000
128.670
129.320
130.000
130.660
131.290
131.940
132.600
133.250
133.960
134.610
135.190
135.750
136.180
136.610
137.010
137.430
137.870
138.290
138.700
139.150
139.570
140.010
140.440
140.870
141.300
141.720
142.160
142.580
143.000
143.450
143.880
144.310
144.720
145.160
145.590
146.030
146.440
146.890
147.320
147.740
148.170
148.590
149.040
149.440
149.870
150.300
150.720
151.140
151.580
152.000
152.440
152.870
153.290
153.700
154.110
154.530
154.970
155.400
155.830
156.260
156.680
157.120
157.540
157.960
158.410
158.830
159.270
159.700
160.120
160.560
160.980
161.400
161.840
162.270
162.690
163.130
163.550
163.990
164.400
164.820
165.240
165.670
166.090
166.490
166.930
167.350
167.750
168.170
168.600
169.060
169.490
169.930
170.350
170.750
171.180
171.590
172.020
172.450
172.870
173.300
173.730
174.160
174.580
174.990
175.420
175.850
176.250
176.680
177.100
177.540
177.950
178.390
178.820
179.260
179.690
180.100
180.530
180.960
181.390
181.800
182.240
182.660
183.090
183.510
183.950
184.380
184.800
185.220
185.660
186.080
186.510
186.940
187.370
187.790
188.200
188.630
189.060
189.480
189.900
190.320
190.740
191.150
191.560
191.980
192.420
192.820
193.260
193.680
194.100
194.520
194.920
195.360
195.800
196.220
196.650
197.070
197.490
197.920
198.330
198.760
199.180
199.620
200.040
200.450
200.880
201.290
201.720
202.130
202.560
203.000
203.400
203.830
204.260
204.680
205.090
205.500
205.940
206.360
206.780
207.220
207.650
208.070
208.480
208.900
209.340
209.750
210.180
210.600
211.020
211.440
211.860
212.270
212.690
213.120
213.540
213.940
214.360
214.780
215.220
215.650
216.070
216.490
216.940
217.360
217.790
218.210
218.610
219.040
219.470
219.890
220.340
220.770
221.190
221.610
222.040
222.480
222.940
223.380
223.810
224.240
224.700
225.130
225.570
226.010
226.470
226.900
227.350
227.780
228.220
228.650
229.080
229.490
229.930
230.370
230.800
231.220
231.640
232.070
232.490
232.920
233.350
233.780
234.210
234.620
235.060
235.480
235.890
236.320
236.760
237.180
237.610
238.040
238.450
238.890
239.310
239.730
240.170
240.600
241.030
241.460
241.890
242.360
242.850
243.390
244.010
244.630
245.290
245.970
246.740
247.470
248.150
248.870
249.590
250.260
250.980
251.680
252.390
253.110
253.900
254.640
255.410
256.100
256.810
257.550
258.280
259.030
259.760
260.540
261.320
262.140
262.910
263.820
264.650
265.600
266.470
267.400
268.280
269.110
269.970
270.750
271.580
272.370
273.140
273.950
274.710
275.570
276.430
277.240
278.080
278.860
279.640
280.440
281.280
282.080
282.860
283.650
284.480
