0.870
1.900
3.000
4.090
5.230
6.240
7.320
8.320
9.390
10.400
11.470
12.440
13.510
14.460
15.500
16.470
17.440
18.260
19.180
20.000
20.920
21.790
22.770
23.780
24.790
25.740
26.790
27.750
28.750
29.780
30.740
31.790
32.830
33.840
34.920
35.970
37.080
38.140
39.210
40.250
41.310
42.390
43.400
44.500
45.520
46.570
47.650
48.720
49.800
50.900
51.970
52.950
54.010
55.000
55.980
56.900
57.850
58.800
59.690
60.720
61.740
62.850
63.980
64.970
66.050
67.120
68.120
69.200
70.240
71.390
72.420
73.470
74.550
75.560
76.530
77.560
78.590
79.620
80.660
81.680
82.730
83.760
84.830
85.840
86.890
87.890
88.970
90.010
91.060
92.020
93.060
94.060
95.130
96.180
97.210
98.260
99.300
100.350
101.370
102.360
103.400
104.410
105.450
106.430
107.520
108.490
109.600
110.610
111.670
112.780
113.820
114.890
115.970
117.040
118.170
119.230
120.350
121.440
122.520
123.530
124.630
125.700
126.760
127.840
128.910
129.990
131.060
132.150
133.260
134.360
135.460
136.480
137.550
138.610
139.620
140.670
141.740
142.820
143.840
144.940
145.950
146.990
148.040
149.140
150.220
151.300
152.440
153.500
154.530
155.570
156.650
157.650
158.720
159.780
160.800
161.880
162.930
164.030
165.100
166.160
167.200
168.280
169.310
170.370
171.510
172.600
173.620
174.670
175.690
176.760
177.810
178.880
179.950
180.960
182.010
183.040
184.070
185.120
186.210
187.280
188.380
189.380
190.420
191.490
192.540
193.590
194.610
195.660
196.700
197.760
198.820
199.870
200.990
202.030
203.140
204.190
205.340
206.350
207.400
208.420
209.490
210.560
211.680
212.750
213.890
214.970
216.020
217.070
218.160
219.300
220.330
221.440
222.530
223.630
224.700
225.760
226.760
227.770
228.850
229.930
230.990
232.020
233.110
234.120
235.180
236.200
237.300
238.350
239.400
240.430
241.460
242.500
243.550
244.570
245.650
246.680
247.740
248.740
249.810
250.870
251.930
253.080
254.130
255.200
256.210
257.270
258.370
259.410
260.450
261.460
262.560
263.600
264.630
265.730
266.770
267.850
268.840
269.910
270.990
272.030
273.120
274.170
275.220
276.240
277.340
278.370
279.410
280.470
281.530
282.620
283.680
284.730
285.770
286.820
287.860
288.900
289.920
290.970
292.050
293.130
294.120
295.190
296.220
297.280
298.290
299.370
300.390
301.450
302.420
303.470
304.490
305.500
306.470
307.480
308.490
309.490
310.480
311.470
312.500
313.500
314.550
315.580
316.580
317.610
318.620
319.650
320.670
321.630
322.650
323.740
324.860
325.870
326.940
327.950
328.980
330.030
331.120
332.100
333.190
334.190
335.210
336.260
337.300
338.270
339.310
340.390
341.400
342.380
343.390
344.380
345.420
346.500
347.570
348.570
349.550
350.640
351.720
352.790
353.850
354.940
356.060
357.130
358.240
359.300
360.430
361.540
362.630
363.720
364.800
365.900
366.930
367.990
368.980
370.070
371.200
372.280
373.240
374.280
375.330
376.460
377.520
378.630
379.750
380.810
381.840
382.930
384.000
385.070
386.190
387.280
388.400
389.490
390.550
391.600
392.660
393.760
394.810
395.840
396.900
398.010
399.050
400.100
401.210
402.280
403.360
404.380
405.490
406.500
407.550
408.590
409.660
410.710
411.750
412.880
413.920
415.010
415.880
416.670
417.570
418.470
419.330
420.140
420.950
421.720
422.550
423.320
424.140
424.960
425.730
426.500
427.330
428.100
428.860
429.640
430.470
431.260
432.030
432.830
433.650
434.450
435.190
435.900
436.570
437.280
437.970
438.600
439.250
439.870
440.510
441.180
441.790
442.450
443.120
443.850
444.560
445.240
445.940
446.670
447.460
448.200
449.010
449.770
450.510
451.330
452.080
452.870
453.660
454.520
455.320
456.120
456.900
457.700
458.500
