0.400
0.980
1.540
2.100
2.670
3.230
3.760
4.330
4.900
5.490
6.030
6.630
7.180
7.760
8.360
8.940
9.520
10.110
10.680
11.240
11.820
12.420
12.990
13.580
14.120
14.720
15.270
15.850
16.440
17.020
17.600
18.170
18.750
19.350
19.910
20.490
21.090
21.650
22.240
22.810
23.400
23.970
24.560
25.160
25.760
26.350
26.930
27.490
28.090
28.650
29.230
29.820
30.390
30.990
31.560
32.140
32.710
33.310
33.880
34.450
35.060
35.640
36.230
36.830
37.390
37.950
38.530
39.130
39.710
40.260
40.870
41.450
42.030
42.620
43.210
43.770
44.340
44.940
45.520
46.080
46.670
47.260
47.820
48.410
48.980
49.590
50.130
50.730
51.300
51.840
52.410
52.980
53.550
54.140
54.720
55.280
55.860
56.400
56.960
57.530
58.110
58.680
59.250
59.820
60.380
60.960
61.520
62.080
62.650
63.210
63.770
64.310
64.900
65.470
66.030
66.600
67.160
67.740
68.310
68.880
69.450
70.020
70.580
71.140
71.720
72.280
72.850
73.420
73.960
74.540
75.120
75.680
76.250
76.820
77.380
77.950
78.510
79.100
79.660
80.210
80.780
81.340
81.920
82.490
83.050
83.620
84.180
84.740
85.300
85.870
86.430
87.000
87.570
88.130
88.690
89.260
89.800
90.370
90.950
91.500
92.050
92.610
93.180
93.720
94.260
94.840
95.400
95.960
96.520
97.090
97.640
98.210
98.770
99.320
99.880
100.440
100.980
101.540
102.090
102.630
103.180
103.730
104.270
104.820
105.380
105.940
106.480
107.040
107.570
108.100
108.650
109.220
109.760
110.290
110.850
111.410
111.950
112.510
113.070
113.610
114.140
114.700
115.240
115.790
116.350
116.920
117.470
118.020
118.590
119.150
119.690
120.250
120.810
121.340
121.900
122.450
123.010
123.560
124.100
124.650
125.200
125.780
126.320
126.870
127.430
127.970
128.530
129.080
129.620
130.170
130.730
131.260
131.810
132.370
132.910
133.460
134.010
134.560
135.100
135.630
136.190
136.720
137.250
137.820
138.360
138.900
139.430
139.960
140.510
141.050
141.590
142.140
142.690
143.230
143.790
144.340
144.890
145.430
145.980
146.540
147.100
147.670
148.200
148.770
149.310
149.860
150.410
150.960
151.510
152.050
152.600
153.160
153.700
154.270
154.810
155.340
155.890
156.440
156.990
157.550
158.100
158.640
159.190
159.720
160.270
160.800
161.370
161.910
162.440
162.990
163.540
164.060
164.600
165.100
165.640
166.180
166.720
167.250
167.780
168.320
168.860
169.400
169.940
170.460
171.000
171.560
172.080
172.620
173.150
173.690
174.220
174.750
175.300
175.850
176.380
176.910
177.450
177.980
178.530
179.050
179.600
180.100
180.650
181.190
181.740
182.290
182.810
183.350
183.850
184.390
184.920
185.590
186.210
186.750
187.290
187.830
188.370
188.910
189.450
189.980
190.510
191.050
191.590
192.130
192.670
193.200
193.740
194.270
194.810
195.340
195.880
196.410
196.940
197.470
198.000
198.540
199.080
199.600
200.150
200.680
201.220
201.760
202.290
202.820
203.360
203.890
204.430
204.950
205.480
206.010
206.550
207.080
207.610
208.140
208.670
209.190
209.730
210.260
210.780
211.310
211.840
212.360
212.900
213.430
213.960
214.500
215.040
215.580
216.110
216.640
217.180
217.710
218.260
218.810
219.330
219.860
220.400
220.940
221.470
222.010
222.560
223.100
223.640
224.170
224.710
225.240
225.770
226.310
226.840
227.370
227.910
228.440
228.970
229.500
230.030
230.570
231.100
231.630
232.170
232.700
233.230
233.760
234.300
234.840
235.380
235.920
236.450
236.980
237.510
238.050
238.600
239.120
239.650
240.190
240.710
241.230
241.760
242.280
242.800
243.330
243.860
244.380
244.910
245.430
245.950
246.470
246.990
247.510
248.030
248.570
249.100
249.620
250.150
250.690
251.220
251.760
252.290
252.830
253.360
253.890
254.420
254.960
255.490
256.020
256.550
257.080
257.610
258.130
258.660
259.190
259.720
260.250
260.780
261.330
261.860
262.390
262.920
263.450
263.990
264.520
265.050
265.590
266.110
266.630
267.170
267.700
268.220
268.740
269.270
269.800
270.330
270.860
271.390
271.920
272.460
272.970
273.490
274.030
274.540
275.100
275.600
276.130
276.640
277.180
277.710
278.240
278.780
279.290
279.820
280.330
280.860
281.380
281.910
282.430
282.960
283.460
284.000
284.530
285.060
285.580
286.110
286.640
287.170
287.690
288.220
288.750
289.280
289.810
290.340
290.870
291.400
291.920
292.460
293.000
293.540
294.060
294.590
295.120
295.650
296.180
296.690
297.230
297.760
298.280
298.810
299.310
299.840
300.360
300.890
301.420
301.940
302.460
302.990
303.520
304.050
304.590
305.110
305.640
306.150
306.690
307.210
307.740
308.270
308.800
309.320
309.870
310.390
310.910
311.450
311.970
312.500
313.020
313.540
314.070
314.600
315.110
315.650
316.170
316.700
317.220
317.760
318.300
318.830
319.370
319.910
320.430
320.970
321.510
322.030
322.570
323.110
323.620
324.150
324.690
325.230
325.750
326.280
326.820
327.340
327.870
328.400
328.940
329.470
330.010
330.550
331.090
331.620
332.160
332.690
333.230
333.770
334.290
334.820
335.360
335.880
336.420
336.950
337.480
338.020
338.550
339.080
339.600
340.130
340.650
341.160
341.690
342.220
342.740
343.270
343.790
344.320
344.850
345.380
345.910
346.450
346.990
347.520
348.050
348.580
349.110
349.640
350.180
350.670
351.190
351.710
352.240
352.770
353.300
353.830
354.340
354.870
355.380
355.910
356.430
356.960
357.480
358.020
358.550
359.080
359.610
360.140
360.670
361.220
361.740
362.280
362.820
363.340
363.880
364.410
364.940
365.480
366.010
366.550
367.080
367.610
368.150
368.690
369.220
369.760
370.290
370.820
371.360
371.890
372.420
372.950
373.480
374.020
374.560
375.090
375.630
376.150
376.670
377.210
377.740
378.280
378.810
379.340
379.870
380.410
380.940
381.460
381.990
382.510
383.040
383.560
384.100
384.630
385.160
385.680
386.210
386.740
387.270
387.800
388.340
388.870
389.380
389.930
390.470
391.000
391.530
392.070
392.600
393.150
393.670
394.190
394.730
395.260
395.790
396.330
396.870
397.420
397.950
398.480
399.010
399.550
400.080
400.620
401.160
401.690
402.230
402.740
403.270
403.810
404.340
404.860
405.390
405.940
406.460
406.990
407.520
408.050
408.570
409.100
409.630
410.160
410.690
411.220
411.760
412.290
412.820
413.360
413.880
414.420
414.940
415.460
415.990
416.520
417.040
417.570
418.100
418.630
419.170
419.680
420.210
420.750
421.270
421.810
422.340
422.880
423.410
423.940
424.480
425.010
425.550
426.080
426.610
427.150
427.670
428.210
428.740
429.270
429.810
430.340
430.880
431.400
431.930
432.460
433.000
433.540
434.080
434.610
435.130
435.650
436.200
436.720
437.190
437.680
438.170
438.640
439.160
439.700
440.230
440.770
441.310
441.850
442.410
442.940
443.480
444.020
444.540
445.090
445.650
446.180
446.710
447.260
447.820
448.370
448.910
449.450
450.020
450.550
451.090
451.620
452.170
452.720
453.250
453.800
454.350
454.880
455.460
455.980
456.530
457.060
457.610
458.160
458.690
459.200
459.730
460.270
460.840
461.400
461.920
462.430
462.970
463.540
464.070
464.640
465.190
465.780
466.330
466.890
467.430
468.020
468.590
469.220
469.790
470.420
471.020
471.590
472.220
472.820
473.390
473.990
474.620
475.210
475.820
476.410
476.990
