0.150
0.510
0.890
1.290
1.670
2.040
2.430
2.790
3.170
3.570
3.940
4.320
4.700
5.080
5.450
5.850
6.230
6.580
6.950
7.310
7.650
8.010
8.370
8.740
9.100
9.460
9.800
10.150
10.500
10.870
11.220
11.570
11.920
12.260
12.620
12.970
13.320
13.670
14.000
14.370
14.710
15.050
15.410
15.750
16.100
16.470
16.810
17.160
17.520
17.870
18.220
18.570
18.910
19.270
19.610
19.960
20.300
20.640
20.980
21.330
21.670
22.020
22.370
22.730
23.080
23.440
23.780
24.120
24.480
24.840
25.190
25.540
25.880
26.230
26.580
26.920
27.280
27.630
27.980
28.330
28.680
29.040
29.390
29.740
30.090
30.450
30.810
31.170
31.510
31.870
32.220
32.560
32.910
33.270
33.620
33.990
34.340
34.690
35.050
35.410
35.760
36.110
36.460
36.810
37.170
37.500
37.850
38.190
38.540
38.880
39.230
39.570
39.930
40.290
40.640
41.000
41.350
41.710
42.080
42.420
42.780
43.130
43.470
43.820
44.170
44.520
44.880
45.240
45.580
45.940
46.280
46.640
46.980
47.350
47.700
48.050
48.400
48.750
49.090
49.460
49.810
50.170
50.530
50.890
51.250
51.610
51.970
52.320
52.680
53.050
53.400
53.770
54.120
54.480
54.840
55.200
55.560
55.920
56.300
56.650
57.020
57.360
57.730
58.130
58.490
58.870
59.250
59.650
60.010
60.400
60.790
61.150
61.550
61.920
62.310
62.680
63.030
63.400
63.750
64.100
64.470
64.830
65.200
65.570
65.950
66.320
66.690
67.050
67.410
67.790
68.150
68.550
68.930
69.290
69.660
70.030
70.400
70.760
71.120
71.480
71.860
72.230
72.600
72.970
73.340
73.720
74.090
74.460
74.860
75.230
75.610
75.970
76.340
76.700
77.080
77.440
77.810
78.200
78.570
78.930
79.300
79.670
80.050
80.430
80.800
81.160
81.540
81.910
82.280
82.660
83.020
83.390
83.770
84.140
84.520
84.910
85.290
85.670
86.050
86.420
86.790
87.170
87.540
87.920
88.300
88.670
89.050
89.420
89.810
90.170
90.540
90.920
91.290
91.670
92.040
92.410
92.780
93.130
93.520
93.880
94.240
94.610
94.980
95.350
95.730
96.100
96.480
96.850
97.220
97.590
97.960
98.330
98.700
99.070
99.450
99.820
100.190
100.540
100.910
101.280
101.650
102.020
102.400
102.770
103.140
103.500
103.870
104.230
104.600
104.970
105.350
105.710
106.080
106.460
106.830
107.200
107.570
107.950
108.340
108.720
109.100
109.480
109.860
110.240
110.620
110.990
111.360
111.740
112.110
112.480
112.850
113.210
113.580
113.950
114.330
114.710
115.080
115.450
115.820
116.210
116.580
116.940
117.290
117.660
118.030
118.380
118.760
119.130
119.510
119.870
120.240
120.610
120.970
121.340
121.700
122.070
122.440
122.800
123.160
123.530
123.900
124.260
124.630
125.000
125.370
125.740
126.100
126.460
126.830
127.190
127.550
127.910
128.280
128.650
129.030
129.400
129.780
130.140
130.500
130.880
131.250
131.640
132.020
132.390
132.770
133.140
133.510
133.890
134.260
134.630
135.010
135.380
135.750
136.130
136.500
136.880
137.250
137.630
138.010
138.370
138.740
139.110
139.480
139.850
140.230
140.590
140.960
141.310
141.680
142.050
142.420
142.780
143.160
143.530
143.910
144.260
144.630
145.000
145.370
145.740
146.120
146.470
146.840
147.210
147.570
147.920
148.280
148.650
149.020
149.380
149.750
150.110
150.480
150.850
151.210
151.580
151.950
152.340
152.700
153.080
153.450
153.810
154.180
154.560
154.940
155.330
155.710
156.080
156.450
156.820
157.180
157.550
157.920
158.290
158.660
159.030
159.390
159.770
160.130
160.510
160.880
161.250
161.620
161.990
162.360
162.720
163.090
163.450
163.830
164.200
164.560
164.920
165.280
165.650
166.000
166.380
166.740
167.090
167.450
167.810
168.190
168.570
168.940
169.300
169.670
170.040
170.410
170.760
171.120
171.500
171.860
172.220
172.580
172.940
173.290
173.640
174.010
174.380
174.730
175.080
175.470
175.840
176.200
176.560
176.930
177.310
177.680
178.050
178.450
178.840
179.220
179.610
180.000
180.380
180.790
181.180
181.550
181.900
182.290
182.640
183.020
183.390
183.750
184.130
184.510
184.910
185.280
185.670
186.040
186.410
186.780
187.150
187.530
187.900
188.260
188.620
189.000
189.370
189.740
190.110
190.490
190.870
191.260
191.640
192.020
192.400
192.780
193.150
193.520
193.890
194.260
194.650
195.020
195.380
195.750
196.130
196.500
196.860
197.260
197.620
198.020
198.380
198.770
199.140
199.520
199.900
200.270
200.630
201.010
201.390
201.800
202.210
202.590
203.010
203.390
203.790
204.210
204.590
205.010
205.390
205.790
206.200
206.600
207.000
207.430
207.830
208.250
208.640
209.060
209.470
209.870
210.280
