0.820
1.670
2.500
3.360
4.180
4.990
5.830
6.660
7.520
8.340
9.180
10.000
10.860
11.660
12.480
13.290
14.160
14.970
15.820
16.690
17.480
18.320
19.100
19.950
20.800
21.640
22.500
23.330
24.170
25.000
25.820
26.660
27.520
28.380
29.240
30.060
30.920
31.730
32.540
33.380
34.220
35.040
35.890
36.720
37.550
38.300
38.770
39.190
39.600
40.010
40.420
40.820
41.250
41.680
42.090
42.510
42.910
43.340
43.740
44.130
44.530
44.950
45.360
45.760
46.160
46.570
46.970
47.370
47.770
48.190
48.600
49.000
49.410
49.820
50.220
50.630
51.040
51.440
51.850
52.250
52.640
53.040
53.440
53.830
54.240
54.650
55.050
55.460
55.870
56.280
56.680
57.080
57.490
57.900
58.280
58.690
59.100
59.510
59.910
60.330
60.720
61.140
61.540
61.940
62.360
62.760
63.190
63.590
64.000
64.410
64.810
65.230
65.640
66.050
66.470
66.870
67.270
67.680
68.080
68.480
68.880
69.290
69.710
70.110
70.510
70.920
71.330
71.750
72.170
72.560
72.950
73.360
73.770
74.180
74.600
75.010
75.430
75.820
76.240
76.650
77.060
77.460
77.870
78.280
78.690
79.100
79.530
79.930
80.340
80.760
81.160
81.560
81.990
82.420
82.810
83.220
83.630
84.040
84.460
84.870
85.280
85.700
86.100
86.500
86.920
87.330
87.730
88.120
88.520
88.930
89.330
89.740
90.150
90.560
90.960
91.380
91.780
92.180
92.590
93.010
93.410
93.830
94.240
94.650
95.060
95.470
95.880
96.290
96.730
97.130
97.540
97.950
98.360
98.760
99.160
99.550
99.960
100.380
100.790
101.210
101.630
102.050
102.460
102.880
103.300
103.710
104.130
104.540
104.950
105.350
105.770
106.180
106.590
107.020
107.420
107.830
108.240
108.650
109.080
109.490
109.890
110.310
110.720
111.130
111.540
111.940
112.350
112.750
113.180
113.590
114.010
114.430
114.850
115.260
115.680
116.100
116.510
116.930
117.350
117.750
118.160
118.570
118.990
119.410
119.820
120.240
120.660
121.080
121.510
121.930
122.340
122.760
123.170
123.580
124.000
124.410
124.820
125.240
125.650
126.040
126.450
126.860
127.280
127.700
128.110
128.510
128.930
129.350
129.760
130.180
130.600
131.020
131.430
131.830
132.240
132.650
133.080
133.490
133.910
134.320
134.750
135.150
135.560
135.980
136.390
136.810
137.220
137.640
138.050
138.460
138.880
139.300
139.730
140.150
140.560
140.980
141.400
141.800
142.220
142.630
143.060
143.460
143.890
144.310
144.730
145.140
145.570
145.970
146.370
146.780
147.200
147.610
148.010
148.420
148.830
149.250
149.670
150.080
150.490
150.890
151.300
151.700
152.110
152.530
152.950
153.360
153.800
154.200
154.600
155.020
155.440
155.850
156.250
156.670
157.080
157.500
157.920
158.340
158.760
159.180
159.590
160.020
160.440
160.860
161.290
161.700
162.120
162.540
162.960
163.390
163.810
164.230
164.650
165.050
165.480
165.890
166.310
166.730
167.150
167.550
167.970
168.380
168.810
169.210
169.620
170.040
170.450
170.870
171.290
171.710
172.130
172.550
172.960
173.370
173.790
174.200
174.610
175.030
175.440
175.860
176.280
176.700
177.110
177.530
177.930
178.360
178.780
179.180
179.600
180.010
180.420
180.830
181.250
181.670
182.090
182.500
182.920
183.340
183.760
184.190
184.600
185.010
185.420
185.840
186.260
186.680
187.080
187.500
187.910
188.330
188.760
189.170
189.570
189.990
190.400
190.820
191.230
191.640
192.060
192.470
192.890
193.310
193.720
194.150
194.560
194.980
195.400
195.830
196.230
196.650
197.060
197.470
197.890
198.300
198.710
199.120
199.540
199.960
200.390
200.810
201.230
201.650
202.070
202.490
202.900
203.330
203.760
204.180
204.600
205.020
205.440
205.840
206.270
206.700
207.110
207.520
207.940
208.360
208.790
209.200
209.610
210.030
210.450
210.860
211.280
211.690
212.110
212.530
212.940
213.370
213.780
214.200
214.620
215.040
215.460
215.890
216.300
216.730
217.130
217.540
217.970
218.360
218.790
219.190
219.610
220.020
220.430
220.840
221.260
221.690
222.120
222.540
222.960
223.390
223.810
224.220
224.640
225.070
225.490
225.910
226.320
226.730
227.160
227.570
227.970
228.380
228.790
229.220
229.630
230.050
230.480
230.890
231.290
231.700
232.120
232.540
232.950
233.380
233.780
234.190
234.620
235.030
235.430
235.840
236.260
236.660
237.070
237.480
237.900
238.330
238.760
239.170
239.600
240.020
240.440
240.860
241.270
241.690
242.110
242.520
242.920
243.340
243.750
244.170
244.570
244.990
245.400
245.800
246.210
246.620
247.030
247.460
247.870
248.300
248.690
249.110
249.530
249.950
250.370
250.790
251.200
251.610
252.020
252.440
252.860
253.270
253.680
254.080
254.490
254.900
255.310
255.740
256.150
256.550
256.950
257.370
257.780
258.190
258.570
258.980
259.390
259.820
260.220
260.650
261.060
261.480
261.880
262.300
262.700
263.130
263.550
263.960
264.370
264.780
265.200
265.610
266.020
266.420
266.840
267.260
267.680
268.090
268.500
268.930
269.340
269.740
270.160
270.560
270.960
271.360
271.760
272.170
272.590
273.010
273.410
273.820
274.220
274.630
275.040
275.450
275.860
276.280
276.680
277.070
277.480
277.890
278.290
278.710
279.130
279.550
279.950
280.360
280.770
281.190
281.580
281.980
282.400
282.810
283.220
283.640
284.050
284.480
284.890
285.310
285.730
286.150
286.560
286.990
287.400
287.810
288.230
288.640
289.040
289.470
289.880
290.300
290.700
291.120
291.540
291.950
292.360
292.770
293.190
293.610
294.010
294.430
294.830
295.240
295.640
296.050
296.460
296.860
297.270
297.680
298.090
298.520
298.940
299.360
299.770
300.200
300.610
301.030
301.450
301.860
302.280
302.710
303.140
303.540
303.950
304.360
304.760
305.170
305.580
306.010
306.430
306.850
307.260
307.680
308.070
308.500
308.910
309.320
309.720
310.130
310.540
310.940
311.360
311.780
312.180
312.590
312.990
313.390
313.800
314.220
314.630
315.040
315.450
315.870
316.280
316.680
317.100
317.500
317.880
318.280
318.700
319.130
319.530
319.960
320.380
320.800
321.210
321.620
322.020
322.440
322.850
323.260
323.670
324.090
324.510
324.920
325.340
325.750
326.160
326.570
326.990
327.400
327.820
328.230
328.630
329.030
329.430
329.830
330.230
330.620
331.040
331.450
331.850
332.260
332.670
333.080
333.490
333.890
334.310
334.730
335.140
335.550
335.950
336.350
336.750
337.150
337.560
337.990
338.400
338.800
339.200
339.610
340.000
340.420
340.810
341.210
341.630
342.030
342.440
342.860
343.250
343.660
344.050
344.460
344.860
345.260
345.660
346.070
346.470
346.870
347.270
347.680
348.070
348.480
348.890
349.290
349.690
350.080
350.470
350.880
351.280
351.690
352.100
352.510
352.910
353.320
353.710
354.110
354.510
354.930
355.320
355.720
356.140
356.540
356.950
357.360
357.770
358.170
358.580
358.990
359.400
359.800
360.210
360.620
361.030
361.450
361.880
362.300
362.710
363.120
363.520
363.920
364.340
364.750
365.160
365.550
365.960
366.360
366.760
367.150
367.550
367.960
368.350
368.760
369.140
369.530
369.940
370.340
370.740
371.140
371.540
371.940
372.340
372.760
373.170
373.570
373.970
374.380
374.780
375.200
375.590
376.010
376.420
376.830
377.240
377.650
378.050
378.460
378.870
379.280
379.680
380.080
380.470
380.880
381.280
381.700
382.110
382.530
382.930
383.350
383.770
384.180
384.590
385.000
385.400
385.810
386.210
386.610
387.010
387.410
387.810
388.230
388.620
389.020
389.420
389.830
390.240
390.630
391.040
391.440
391.850
392.260
392.670
393.080
393.480
393.920
394.320
394.730
395.140
395.560
395.960
396.370
396.770
397.200
397.600
398.020
398.420
398.850
399.260
399.670
400.110
400.530
400.930
401.360
401.770
402.160
402.570
402.980
403.400
403.820
404.230
404.640
405.030
405.440
405.840
406.250
406.650
407.040
407.470
407.870
408.270
408.680
409.100
409.500
409.890
410.290
410.690
411.090
411.490
411.900
412.320
412.720
413.120
413.530
413.940
414.350
414.750
415.160
415.550
415.940
416.350
416.750
417.150
417.540
417.950
418.360
418.770
419.190
419.580
419.990
420.410
420.810
421.210
421.610
422.020
422.440
422.860
423.270
423.670
424.060
424.460
424.880
425.290
425.700
426.100
426.490
426.900
427.310
427.700
428.110
428.520
428.920
429.320
429.730
430.130
430.540
430.960
431.360
431.770
432.170
432.580
432.990
433.400
433.790
434.200
434.590
435.010
435.430
435.850
436.270
436.670
437.100
437.510
437.940
438.350
438.760
439.170
439.600
440.000
440.410
440.810
441.230
441.640
442.040
442.440
442.840
443.240
443.640
444.050
444.460
444.870
445.270
445.670
446.090
446.500
446.900
447.300
447.710
448.120
448.510
448.930
449.340
449.750
450.140
450.530
450.930
451.350
451.750
452.150
452.550
452.950
453.330
453.720
454.100
454.480
454.870
455.290
455.720
456.150
456.570
457.000
457.430
457.850
458.250
458.660
459.090
459.500
459.920
460.330
460.740
461.150
461.570
461.980
462.400
462.800
463.230
463.630
464.050
464.460
464.860
465.280
465.690
466.110
466.520
466.920
467.340
467.750
468.140
468.550
468.960
469.370
469.770
470.180
470.580
470.990
471.390
471.800
472.210
472.620
473.020
473.420
473.840
474.250
474.670
475.090
475.520
475.930
476.340
476.760
477.180
477.590
478.010
478.430
478.840
479.260
479.680
480.090
480.510
480.910
481.330
481.740
482.150
482.560
482.960
483.370
483.780
484.210
484.610
485.010
485.430
485.820
486.220
486.630
487.050
487.450
487.860
488.290
488.690
489.100
489.520
489.910
490.320
490.730
491.140
491.550
491.970
492.380
492.800
493.220
493.650
494.070
494.480
494.880
495.310
495.720
496.150
496.570
496.980
497.400
497.820
498.230
498.640
499.060
499.470
499.860
500.270
500.690
501.100
501.540
501.960
502.370
502.780
503.190
503.610
504.020
504.420
504.840
505.250
505.660
506.080
506.480
506.890
507.300
507.700
508.120
508.530
508.950
509.350
509.770
510.180
510.590
511.000
511.390
511.810
512.220
512.620
513.030
513.430
513.840
514.420
515.090
515.910
516.790
517.640
518.490
519.330
520.180
521.020
521.890
522.760
523.610
524.450
525.310
526.150
527.020
527.880
528.730
529.580
530.430
531.290
532.150
532.980
533.850
534.670
535.530
536.410
537.240
538.090
538.950
539.800
540.650
541.510
542.380
543.260
544.120
544.960
545.810
546.650
547.520
548.370
549.240
550.100
550.930
551.800
552.670
553.480
554.320
555.090
555.870
556.670
557.460
558.270
559.070
559.890
560.670
