0.360
1.120
1.920
2.760
3.520
4.360
5.140
5.920
6.740
7.570
8.410
9.290
10.220
11.090
12.000
12.960
13.900
14.790
15.690
16.570
17.540
18.470
19.430
20.340
21.430
22.500
23.450
24.450
25.480
26.410
27.390
28.360
29.330
30.260
31.240
32.220
33.190
34.110
35.100
36.060
37.060
38.030
38.960
39.920
40.870
41.790
42.730
43.670
44.630
45.630
46.610
47.650
48.630
49.590
50.520
51.460
52.440
53.450
54.410
55.380
56.390
57.350
58.300
59.310
60.300
61.310
62.320
63.250
64.260
65.250
66.210
67.170
68.130
69.090
70.080
71.070
72.010
72.950
73.960
74.900
75.830
76.850
77.840
78.810
79.750
80.760
81.690
82.660
83.610
84.580
85.560
86.520
87.520
88.500
89.430
90.420
91.420
92.360
93.340
94.270
95.220
96.180
97.160
98.120
99.060
100.040
101.030
102.020
103.000
103.940
104.980
105.960
106.880
107.860
108.840
109.830
110.830
111.870
112.890
113.830
114.780
115.820
116.760
117.750
118.710
119.760
120.720
121.720
122.710
123.750
124.650
125.570
126.520
127.420
128.420
129.430
130.420
131.390
132.360
133.310
134.330
135.300
136.280
137.290
138.290
139.320
140.350
141.290
142.260
143.250
144.210
145.210
146.210
147.180
148.150
149.060
149.990
150.950
151.950
152.940
153.910
154.890
155.900
156.840
157.820
158.730
159.610
160.590
161.560
162.500
163.470
164.470
165.400
166.430
167.370
168.350
169.330
170.270
171.240
172.250
173.220
174.190
175.150
176.110
177.080
178.100
179.070
180.070
181.070
182.060
183.060
184.030
185.000
186.020
187.030
187.960
188.920
189.830
190.820
191.780
192.730
193.720
194.670
195.630
196.640
197.580
198.500
199.520
200.450
201.440
202.380
203.350
204.320
205.300
206.240
207.190
208.190
209.230
210.220
211.230
212.200
213.190
214.170
215.140
216.130
217.110
218.080
219.080
220.110
221.060
222.070
223.090
224.050
225.090
226.080
227.080
228.100
229.110
230.110
231.130
232.100
233.070
234.010
235.010
235.980
236.930
237.910
238.950
239.970
240.940
241.910
242.910
243.870
244.880
245.870
246.860
247.880
248.880
249.880
250.870
251.860
252.890
253.880
254.870
255.870
256.860
257.840
258.860
259.930
260.970
262.030
263.040
264.040
265.060
266.060
267.060
268.080
269.160
270.250
271.260
272.290
273.330
274.310
275.370
276.320
277.350
278.320
279.330
280.310
281.280
282.240
283.260
284.190
285.220
286.170
287.200
288.230
289.210
290.170
291.160
292.200
293.180
294.170
295.150
296.080
297.050
298.020
299.030
299.990
300.980
301.990
302.980
303.970
304.990
306.010
307.060
308.040
309.010
310.020
311.020
312.030
313.020
313.990
315.020
316.000
317.000
318.000
318.980
319.970
321.030
322.060
323.040
324.070
324.990
326.000
327.020
327.990
329.040
330.020
330.970
331.970
332.900
333.950
334.920
335.890
336.900
337.930
338.910
339.930
340.960
341.940
342.930
343.930
344.930
345.950
346.970
347.890
348.860
349.920
350.930
351.940
352.930
353.920
354.900
355.900
356.930
357.930
358.900
359.890
360.920
361.940
362.880
363.890
364.930
365.880
367.000
368.110
369.140
370.160
371.170
372.120
373.060
374.080
375.050
376.040
377.080
378.060
379.050
380.050
381.040
382.050
383.070
384.090
385.100
386.070
387.120
388.130
389.220
390.240
391.270
392.400
393.510
394.570
395.690
396.660
397.560
398.510
399.390
400.310
401.290
402.220
403.060
403.990
404.880
405.760
406.660
407.540
408.500
409.450
410.400
411.290
412.280
413.170
414.140
415.100
416.040
416.930
417.920
