0.360
0.800
1.280
1.730
2.210
2.730
3.200
3.690
4.030
4.370
4.700
5.030
5.390
5.720
6.060
6.390
6.710
7.030
7.360
7.670
8.000
8.310
8.630
8.960
9.270
9.590
9.920
10.220
10.530
10.860
11.170
11.500
11.820
12.140
12.460
12.780
13.100
13.420
13.730
14.050
14.370
14.680
15.000
15.310
15.610
15.930
16.240
16.570
16.880
17.200
17.530
17.850
18.170
18.490
18.810
19.130
19.450
19.760
20.080
20.400
20.720
21.050
21.380
21.690
22.020
22.370
22.690
23.010
23.340
23.660
23.970
24.290
24.620
24.940
25.240
25.550
25.870
26.190
26.510
26.830
27.150
27.460
27.780
28.100
28.410
28.720
29.030
29.360
29.680
30.000
30.310
30.620
30.920
31.240
31.550
31.870
32.200
32.510
32.820
33.130
33.440
33.760
34.070
34.370
34.700
35.010
35.340
35.650
35.970
36.280
36.590
36.910
37.210
37.530
37.840
38.150
38.460
38.770
39.090
39.410
39.730
40.050
40.360
40.680
41.000
41.320
41.630
41.940
42.250
42.570
42.870
43.180
43.490
43.810
44.120
44.420
44.740
45.040
45.360
45.680
45.990
46.320
46.630
46.950
47.260
47.560
47.870
48.190
48.500
48.810
49.120
49.420
49.740
50.050
50.350
50.660
50.980
51.290
51.590
51.900
52.220
52.530
52.840
53.130
53.430
53.730
54.030
54.340
54.650
54.950
55.260
55.570
55.880
56.190
56.490
56.790
57.100
57.400
57.700
58.000
58.310
58.610
58.920
59.230
59.540
59.840
60.140
60.440
60.740
61.050
61.360
61.670
61.980
62.290
62.610
62.910
63.210
63.510
63.820
64.130
64.430
64.740
65.040
65.350
65.650
65.950
66.250
66.550
66.860
67.170
67.480
67.780
68.080
68.370
68.690
68.990
69.300
69.620
69.920
70.220
70.520
70.830
71.130
71.430
71.730
72.040
72.340
72.660
72.970
73.270
73.570
73.870
74.180
74.470
74.790
75.090
75.410
75.710
76.020
76.320
76.620
76.930
77.240
77.540
77.850
78.150
78.460
78.760
79.050
79.360
79.660
79.960
80.260
80.570
80.880
81.180
81.490
81.800
82.100
82.400
82.710
83.020
83.320
83.640
83.940
84.250
84.560
84.870
85.170
85.470
85.780
86.080
86.390
86.700
87.000
87.310
87.610
87.910
88.210
88.510
88.810
89.100
89.400
89.700
89.990
90.290
90.590
90.890
91.190
91.500
91.800
92.100
92.400
92.700
93.010
93.320
93.630
93.940
94.250
94.550
94.860
95.160
95.460
95.760
96.060
96.370
96.670
96.970
97.280
97.580
97.900
98.200
98.490
98.800
99.100
99.400
99.720
100.020
100.330
100.640
100.950
101.250
101.550
101.840
102.150
102.440
102.740
103.050
103.350
103.640
103.940
104.250
104.550
104.850
105.150
105.450
105.750
106.070
106.370
106.680
106.980
107.280
107.590
107.880
108.190
108.480
108.790
109.090
109.400
109.700
110.010
110.320
110.620
110.920
111.220
111.520
111.830
112.130
112.430
112.730
113.030
113.330
113.630
113.920
114.230
114.520
114.830
115.130
115.420
115.720
116.030
116.320
116.630
116.930
117.240
117.540
117.850
118.140
118.440
118.740
119.050
119.350
119.660
119.960
120.270
120.590
120.900
121.190
121.500
121.790
122.090
122.390
122.700
122.990
123.300
123.600
123.900
124.190
124.500
124.800
125.110
125.410
125.720
126.030
126.340
126.660
126.960
127.280
127.580
127.900
128.200
128.500
128.810
129.100
129.400
129.700
130.000
130.300
130.610
130.910
131.200
131.520
131.830
132.130
132.440
132.750
133.060
133.360
133.660
133.970
134.260
134.570
134.870
135.170
135.480
135.790
136.100
136.400
136.710
137.020
137.330
137.630
137.930
138.230
138.530
138.830
139.130
139.430
139.730
140.030
140.340
140.630
140.930
141.230
141.530
141.830
142.140
142.430
142.740
143.040
143.340
143.640
143.950
144.260
144.560
144.880
145.180
145.480
145.780
146.080
146.390
146.690
146.990
147.280
147.580
147.890
148.190
148.480
148.790
149.080
149.360
149.660
149.970
150.260
150.560
150.860
151.160
151.460
151.770
152.060
152.370
152.670
152.960
153.270
153.580
153.890
154.210
154.520
154.820
155.110
155.410
155.710
156.010
156.310
156.610
156.910
157.210
157.520
157.820
158.120
158.420
158.730
159.030
159.350
159.650
159.960
160.280
160.580
160.880
161.170
161.480
161.790
162.090
162.400
162.690
163.000
163.300
163.600
163.900
164.200
164.500
164.800
165.100
165.400
165.690
166.000
166.290
166.590
166.900
167.190
167.490
167.800
168.100
168.390
168.670
168.940
169.220
169.510
169.790
170.070
170.370
170.660
170.970
171.260
171.560
171.880
172.200
172.530
172.850
173.160
173.470
173.770
174.080
174.380
174.680
174.970
175.280
175.570
175.880
176.180
176.470
176.770
177.080
177.380
177.670
177.970
178.270
178.570
178.880
179.180
179.480
179.770
180.070
180.370
180.670
180.970
181.270
181.570
181.870
182.170
182.460
182.750
183.050
183.340
183.640
183.930
184.230
184.540
184.830
185.130
185.430
185.740
186.030
186.330
186.630
186.920
187.210
187.510
187.800
188.080
188.390
188.690
188.990
189.290
189.590
189.880
190.190
190.470
190.770
191.080
191.380
191.680
191.970
192.270
192.570
192.870
193.170
193.470
193.770
194.080
194.380
194.680
194.970
195.270
195.580
195.870
196.170
196.470
196.770
197.070
197.370
197.670
197.980
198.270
198.580
198.880
199.170
199.480
199.770
200.070
200.370
200.680
200.980
201.270
201.550
201.830
202.110
202.390
202.670
202.940
203.220
203.500
203.810
204.100
204.410
204.710
204.990
205.290
205.580
205.880
206.180
206.470
206.780
207.080
207.380
207.670
207.960
208.250
208.540
208.830
209.120
209.420
209.720
210.030
210.320
210.620
210.920
211.220
211.520
211.820
212.130
212.420
212.720
213.030
213.330
213.620
213.920
214.230
214.530
214.820
215.120
215.430
215.730
216.020
216.330
216.620
216.930
217.220
217.510
217.810
218.090
218.390
218.680
218.960
219.260
219.550
219.850
220.140
220.480
220.800
221.150
221.460
221.760
222.070
222.360
222.660
222.950
223.250
223.530
223.820
224.120
224.400
224.700
224.990
225.280
225.560
225.850
226.150
226.450
226.750
227.050
227.350
227.650
227.950
228.240
228.540
228.840
229.150
229.450
229.740
230.030
230.330
230.620
230.930
231.230
231.520
231.830
232.120
232.400
232.700
233.000
233.300
233.600
233.900
234.200
234.500
234.810
235.100
235.400
235.710
236.010
236.310
236.610
236.890
237.190
237.490
237.790
238.080
238.380
238.690
238.980
239.280
239.590
239.890
240.180
240.480
240.790
241.080
241.390
241.690
241.980
242.280
242.590
242.890
243.190
243.490
243.790
244.090
244.390
244.690
244.990
245.290
245.580
245.880
246.180
246.490
246.790
247.080
247.380
247.680
247.980
248.280
248.580
248.880
249.180
249.480
249.780
250.090
250.380
250.690
250.990
251.290
251.590
251.890
252.190
252.490
252.790
253.090
253.380
253.690
253.980
254.290
254.590
254.890
255.190
255.490
255.810
256.110
256.430
256.720
257.020
257.320
257.620
257.930
258.220
258.520
258.820
259.120
259.420
259.720
260.030
260.330
260.630
260.930
261.240
261.550
261.850
262.160
262.480
262.780
263.080
263.380
263.670
263.980
264.280
264.580
264.880
265.180
265.480
265.770
266.080
266.380
266.680
266.980
267.280
267.570
267.870
268.170
268.470
268.770
269.070
269.370
269.680
269.990
270.290
270.600
270.920
271.220
271.540
271.840
272.150
272.450
272.750
273.060
273.380
273.680
273.980
274.280
274.580
274.880
275.200
275.500
275.810
276.120
276.440
276.750
277.050
277.360
277.670
277.990
278.290
278.620
278.940
279.290
279.700
280.150
280.640
281.130
281.700
282.220
282.780
283.270
283.780
284.290
284.810
285.300
285.830
286.380
286.920
287.470
287.980
288.540
289.020
289.510
