0.230
0.645
0.960	1
1.270
1.580
1.880
2.180	1
2.465
2.750
3.025
3.320	1
3.645
3.970
4.260
4.550	1
4.845
5.140
5.425
5.710	1
6.010
6.310
6.600
6.890	1
7.200
7.510
7.805
8.100	1
8.395
8.690
8.970
9.250	1
9.555
9.860
10.165
10.470	1
10.770
11.070
11.370
11.670	1
11.965
12.260
12.550
12.840	1
13.150
13.460
13.760
14.060	1
14.350
14.640
14.945
15.250	1
15.560
15.870
16.175
16.480	1
16.780
17.080
17.380
17.680	1
17.990
18.300
18.605
18.910	1
19.210
19.510
19.800
20.090	1
20.405
20.720
21.020
21.320	1
21.615
21.910
22.215
22.520	1
22.815
23.110
23.405
23.700	1
24.000
24.300
24.595
24.890	1
25.205
25.520
25.820
26.120	1
26.421
26.723
27.013
27.304	1
27.609
27.915
28.202
28.490	1
28.780
29.070
29.360
29.655	1
29.950
30.245
30.540
30.850	1
31.160
31.455
31.750
32.060	1
32.370
32.660
32.950
33.250	1
33.550
33.830
34.110
34.405	1
34.700
35.010
35.320
35.640	1
35.960
36.260
36.560
36.880	1
37.200
37.490
37.780
38.100	1
38.420
38.715
39.010
39.310	1
39.610
39.915
40.220
40.495	1
40.770
41.065
41.360
41.645	1
41.930
42.230
42.530
42.820	1
43.110
43.405
43.700
43.980	1
44.260
44.560
44.860
45.160	1
45.460
45.750
46.040
46.330	1
46.620
46.900
47.180
47.475	1
47.770
48.070
48.370
48.640	1
48.910
49.200
49.490
49.780	1
50.070
50.355
50.640
50.925	1
51.210
51.495
51.780
52.065	1
52.350
52.640
52.930
53.215	1
53.500
53.790
54.080
54.365	1
54.650
54.930
55.210
55.490	1
55.770
56.060
56.350
56.645	1
56.940
57.245
57.550
57.840	1
58.130
58.425
58.720
58.985	1
59.250
59.525
59.800
60.080	1
60.360
60.635
60.910
61.195	1
61.480
61.750
62.020
62.300	1
62.580
62.870
63.160
63.440	1
63.720
64.000
64.280
64.565	1
64.850
65.130
65.410
65.690	1
65.970
66.245
66.520
66.805	1
67.090
67.370
67.650
67.935	1
68.220
68.495
68.770
69.060	1
69.350
69.620
69.890
70.175	1
70.460
70.740
71.020
71.300	1
71.580
71.860
72.140
72.425	1
72.710
72.990
73.270
73.545	1
73.820
74.100
74.380
74.670	1
74.960
75.240
75.520
75.795	1
76.070
76.360
76.650
76.935	1
77.220
77.490
77.760
78.040	1
78.320
78.595
78.870
79.150	1
79.430
79.695
79.960
80.245	1
80.530
80.800
81.070
81.340	1
81.610
81.885
82.160
82.445	1
82.730
83.015
83.300
83.580	1
83.860
84.140
84.420
84.705	1
84.990
85.270
85.550
85.835	1
86.120
86.400
86.680
86.960	1
87.240
87.515
87.790
88.070	1
88.350
88.620
88.890
89.160	1
89.430
89.700
89.970
90.240	1
90.510
90.790
91.070
91.350	1
91.630
91.905
92.180
92.445	1
92.710
92.995
93.280
93.565	1
93.850
94.120
94.390
94.665	1
94.940
95.235
95.530
95.795	1
96.060
96.335
96.610
96.885	1
97.160
97.440
97.720
98.005	1
98.290
98.570
98.850
99.125	1
99.400
99.680
99.960
100.240	1
100.520
100.790
101.060
101.340	1
101.620
101.890
102.160
102.445	1
102.730
103.015
103.300
103.575	1
103.850
104.130
104.410
104.690	1
104.970
105.250
105.530
105.815	1
106.100
106.370
106.640
106.915	1
107.190
107.470
107.750
108.030	1
108.310
108.580
108.850
109.135	1
109.420
109.690
109.960
110.250	1
110.540
110.825
111.110
111.385	1
111.660
111.930
112.200
112.485	1
112.770
113.050
113.330
113.605	1
113.880
114.170
114.460
114.735	1
115.010
115.290
115.570
115.855	1
116.140
116.410
116.680
116.950	1
117.220
117.495
117.770
118.045	1
118.320
118.595
118.870
119.150	1
119.430
119.710
119.990
120.280	1
120.570
120.835
121.100
121.385	1
121.670
121.945
122.220
122.500	1
122.780
123.060
123.340
123.615	1
123.890
124.165
124.440
124.720	1
125.000
125.275
125.550
125.825	1
126.100
126.365
126.630
126.905	1
127.180
127.455
127.730
128.015	1
128.300
128.585
128.870
129.145	1
129.420
129.695
129.970
130.250	1
130.530
130.805
131.080
131.355	1
131.630
131.900
132.170
132.450	1
132.730
133.000
133.270
133.555	1
133.840
134.120
134.400
134.685	1
134.970
135.250
135.530
135.805	1
136.080
136.365
136.650
136.935	1
137.220
137.485
137.750
138.035	1
138.320
138.595
138.870
139.140	1
139.410
139.690
139.970
140.250	1
140.530
140.810
141.090
141.365	1
141.640
141.910
142.180
142.455	1
142.730
143.005
143.280
143.560	1
143.840
144.110
144.380
144.660	1
144.940
145.215
145.490
145.755	1
146.020
146.295
146.570
146.850	1
147.130
147.410
147.690
147.980	1
148.270
148.560
148.850
149.125	1
149.400
149.680
149.960
150.245	1
150.530
150.810
151.090
151.365	1
151.640
151.920
152.200
152.485	1
152.770
153.045
153.320
153.595	1
153.870
154.165
154.460
154.750	1
155.040
155.320
155.600
155.890	1
156.180
156.450
156.720
157.020	1
157.320
157.590
157.860
158.145	1
158.430
158.715
159.000
159.275	1
159.550
159.820
160.090
160.370	1
160.650
160.930
161.210
161.485	1
161.760
162.035
162.310
162.585	1
162.860
163.145
163.430
163.715	1
164.000
164.275
164.550
164.830	1
165.110
165.385
165.660
165.945	1
166.230
166.515
166.800
167.070	1
167.340
167.615
167.890
168.165	1
168.440
168.715
168.990
169.265	1
169.540
169.815
170.090
170.380	1
170.670
170.945
171.220
171.495	1
171.770
172.050
172.330
172.610	1
172.890
173.165
173.440
173.720	1
174.000
174.275
174.550
174.825	1
175.100
175.380
175.660
175.935	1
176.210
176.480
176.750
177.035	1
177.320
177.600
177.880
178.150	1
178.420
178.695
178.970
179.250	1
179.530
179.810
180.090
180.360	1
180.630
180.915
181.200
181.475	1
181.750
182.025
182.300
182.590	1
182.880
183.160
183.440
183.715	1
183.990
184.265
184.540
184.815	1
185.090
185.370
185.650
185.920	1
186.190
186.470
186.750
187.020	1
187.290
187.565
187.840
188.115	1
188.390
188.660
188.930
189.210	1
189.490
189.760
190.030
190.310	1
190.590
190.865
191.140
191.415	1
191.690
191.965
192.240
192.520	1
192.800
193.085
193.370
193.640	1
193.910
194.185
194.460
194.730	1
195.000
195.285
195.570
195.855	1
196.140
196.410
196.680
196.955	1
197.230
197.510
197.790
198.055	1
198.320
198.605
198.890
199.170	1
199.450
199.725
200.000
200.275	1
200.550
200.825
201.100
201.385	1
201.670
201.960
202.250
202.530	1
202.810
203.075
203.340
203.610	1
203.880
204.170
204.460
204.730	1
205.000
205.270
205.540
205.815	1
206.090
206.365
206.640
206.920	1
207.200
207.475
207.750
208.025	1
208.300
208.575
208.850
209.125	1
209.400
209.670
209.940
210.215	1
210.490
210.755
211.020
211.300	1
211.580
211.860
212.140
212.410	1
212.680
212.955
213.230
213.500	1
213.770
214.050
214.330
214.590	1
214.850
215.105
215.360
215.630	1
215.900
216.190
216.480
216.750	1
217.020
217.295
217.570
217.850	1
218.130
218.390
218.650
218.930	1
219.210
219.485
219.760
220.025	1
220.290
220.555
220.820
221.090	1
221.360
221.640
221.920
222.195	1
222.470
222.735
223.000
223.265	1
223.530
223.810
224.090
224.350	1
224.610
224.880
225.150
225.410	1
225.670
225.935
226.200
226.460	1
226.720
226.990
227.260
227.530	1
227.800
228.075
228.350
228.620	1
228.890
229.155
229.420
229.690	1
229.960
230.230
230.500
230.780	1
231.060
231.330
231.600
231.865	1
232.130
232.400
232.670
232.940	1
233.210
233.485
233.760
234.035	1
234.310
234.585
234.860
235.145	1
235.430
235.705
235.980
236.245	1
236.510
236.775
237.040
237.315	1
237.590
237.855
238.120
238.390	1
238.660
238.930
239.200
239.470	1
239.740
240.015
240.290
240.565	1
240.840
241.105
241.370
241.640	1
241.910
242.180
242.450
242.715	1
242.980
243.265
243.550
243.820	1
244.090
244.365
244.640
244.915	1
245.190
245.465
245.740
246.010	1
246.280
246.560
246.840
247.105	1
247.370
247.655
247.940
248.210	1
248.480
248.765
249.050
249.330	1
249.610
249.875
250.140
250.415	1
250.690
250.955
251.220
251.450	1
251.680
251.900
252.120
252.360	1
252.600
252.875
253.150
253.425	1
253.700
253.975
254.250
254.510	1
254.770
255.040
255.310
255.590	1
255.870
256.145
256.420
256.685	1
256.950
257.230
257.510
257.785	1
258.060
258.335
258.610
258.890	1
259.170
259.445
259.720
259.985	1
260.250
260.530
260.810
261.085	1
261.360
261.630
261.900
262.175	1
262.450
262.735
263.020
263.280	1
263.540
263.810
264.080
264.350	1
264.620
264.900
265.180
265.445	1
265.710
265.980
266.250
266.520	1
266.790
267.060
267.330
267.610	1
267.890
268.165
268.440
268.705	1
268.970
269.245
269.520
269.800	1
270.080
270.345
270.610
270.880	1
271.150
271.420
271.690
271.955	1
272.220
272.485
272.750
273.025	1
273.300
273.575
273.850
274.120	1
274.390
274.655
274.920
275.195	1
275.470
275.735
276.000
276.265	1
276.530
276.805
277.080
277.345	1
277.610
277.890
278.170
278.445	1
278.720
278.990
279.260
279.530	1
279.800
280.075
280.350
280.610	1
280.870
281.145
281.420
281.685	1
281.950
282.215
282.480
282.760	1
283.040
283.300
283.560
283.835	1
284.110
284.390
284.670
284.940	1
285.210
285.470
285.730
286.010	1
286.290
286.560
286.830
287.105	1
287.380
287.650
287.920
288.200	1
288.480
288.755
289.030
289.305	1
289.580
289.855
290.130
290.405	1
290.680
290.955
291.230
291.510	1
291.790
292.055
292.320
292.605	1
292.890
293.155
293.420
293.680	1
293.940
294.225
294.510
294.780	1
295.050
295.335
295.620
295.885	1
296.150
296.420
296.690
296.955	1
297.220
297.505
297.790
298.050	1
298.310
298.585
298.860
299.135	1
299.410
299.670
299.930
300.205	1
300.480
300.730
300.980
301.255	1
301.530
301.800
302.070
302.320	1
302.570
302.855
303.140
303.415	1
303.690
303.965
304.240
304.510	1
304.780
305.055
305.330
305.605	1
305.880
306.165
306.450
306.715	1
306.980
307.260
307.540
307.800	1
308.060
308.335
308.610
308.890	1
309.170
309.440
309.710
309.990	1
310.270
310.535
310.800
311.060	1
311.320
311.605
311.890
312.150	1
312.410
312.685
312.960
313.230	1
313.500
313.770
314.040
314.305	1
314.570
314.835
315.100
315.370	1
315.640
315.910
316.180
316.445	1
316.710
316.985
317.260
317.535	1
317.810
318.065
318.320
318.590	1
318.860
319.135
319.410
319.675	1
319.940
320.220
320.500
320.760	1
321.020
321.305
321.590
321.850	1
322.110
322.390
322.670
322.940	1
323.210
323.485
323.760
324.040	1
324.320
324.590
324.860
325.135	1
325.410
325.685
325.960
326.235	1
326.510
326.775
327.040
327.315	1
327.590
327.850
328.110
328.390	1
328.670
328.935
329.200
329.475	1
329.750
330.005
330.260
330.535	1
330.810
331.080
331.350
331.620	1
331.890
332.175
332.460
332.730	1
333.000
333.265
333.530
333.805	1
334.080
334.345
334.610
334.885	1
335.160
335.425
335.690
335.960	1
336.230
336.500
336.770
337.040	1
337.310
337.575
337.840
338.110	1
338.380
338.655
338.930
339.205	1
339.480
339.745
340.010
340.285	1
340.560
340.825
341.090
341.355	1
341.620
341.890
342.160
342.425	1
342.690
342.960
343.230
343.490	1
343.750
344.030
344.310
344.570	1
344.830
345.085
345.340
345.620	1
345.900
346.170
346.440
346.705	1
346.970
347.240
347.510
347.785	1
348.060
348.320
348.580
348.855	1
349.130
349.390
349.650
349.915	1
350.180
350.455
350.730
351.005	1
351.280
351.540
351.800
352.080	1
352.360
352.625
352.890
353.155	1
353.420
353.685
353.950
354.210	1
354.470
354.745
355.020
355.290	1
355.560
355.830
356.100
356.375	1
427.020	1
427.305
427.590
427.865
428.140	1
428.415
428.690
428.965
429.240	1
429.520
429.800
430.070
430.340	1
430.620
430.900
431.175
431.450	1
431.720
431.990
432.245
432.500	1
432.790
433.080
433.360
433.640	1
433.920
434.200
434.480
434.760	1
435.035
435.310
435.585
435.860	1
436.155
436.450
436.725
437.000	1
437.265
437.530
437.815
438.100	1
438.380
438.660
438.925
439.190	1
439.460
439.730
440.010
440.290	1
440.580
440.870
441.145
441.420	1
441.700
441.980
442.255
442.530	1
442.810
443.090
443.370
443.650	1
443.930
444.210
444.490
444.770	1
445.045
445.320
445.605
445.890	1
446.165
446.440
446.715
446.990	1
447.265
447.540
447.825
448.110	1
448.380
448.650
448.920
449.190	1
449.460
449.730
450.020
450.310	1
450.593
450.876
451.161
451.446	1
451.716
451.986
452.251
452.515	1
452.780
453.045
453.310
453.600	1
453.890
454.170
454.450
454.725	1
455.000
455.275
455.550
455.820	1
456.090
456.365
456.640
456.920	1
457.200
457.475
457.750
458.020	1
458.290
458.580
458.850
459.125	1
459.400
459.700
459.980
460.255	1
460.550
460.835
461.120
461.405	1
461.690
461.985
462.280
462.555	1
