0.180
0.520
0.870
1.220
1.560
1.890
2.220
2.560
2.910
3.240
3.580
3.940
4.270
4.590
4.940
5.260
5.590
5.930
6.270
6.620
6.940
7.280
7.610
7.930
8.280
8.610
8.970
9.300
9.640
9.970
10.300
10.630
10.970
11.300
11.630
11.970
12.300
12.640
12.970
13.300
13.640
13.970
14.320
14.660
15.000
15.320
15.670
16.000
16.350
16.670
17.030
17.350
17.680
18.010
18.350
18.670
19.010
19.340
19.680
20.030
20.380
20.710
21.050
21.390
21.740
22.070
22.430
22.760
23.120
23.440
23.790
24.130
24.480
24.810
25.150
25.500
25.830
26.150
26.480
26.810
27.140
27.470
27.820
28.170
28.520
28.850
29.190
29.550
29.900
30.230
30.570
30.930
31.270
31.600
31.950
32.310
32.640
32.980
33.320
33.680
34.030
34.350
34.700
35.040
35.390
35.710
36.070
36.420
36.760
37.110
37.460
37.790
38.130
38.470
38.830
39.180
39.530
39.880
40.210
40.560
40.920
41.280
41.620
41.980
42.330
42.690
43.030
43.370
43.710
44.070
44.420
44.770
45.110
45.470
45.810
46.160
46.510
46.860
47.210
47.560
47.910
48.250
48.600
48.950
49.300
49.670
50.030
50.390
50.750
51.100
51.450
51.810
52.160
52.500
52.860
53.210
53.570
53.920
54.270
54.630
54.980
55.340
55.690
56.060
56.400
56.770
57.110
57.480
57.830
58.180
58.530
58.880
59.230
59.570
59.900
60.240
60.620
60.980
61.330
61.670
62.010
62.340
62.690
63.050
63.410
63.760
64.110
64.460
64.810
65.140
65.480
65.830
66.190
66.530
66.890
67.240
67.600
67.950
68.290
68.640
68.980
69.330
69.680
70.030
70.380
70.720
71.060
71.400
71.750
72.110
72.480
72.830
73.180
73.520
73.890
74.240
74.590
74.940
75.290
75.660
76.010
76.360
76.710
77.060
77.400
77.760
78.120
78.450
78.830
79.190
79.550
79.890
80.260
80.610
80.990
81.330
81.700
82.050
82.430
82.790
83.130
83.510
83.860
84.220
84.590
84.940
85.290
85.660
86.010
86.370
86.720
87.090
87.440
87.800
88.150
88.520
88.870
89.230
89.580
89.940
90.300
90.650
91.000
91.360
91.700
92.050
92.380
92.730
93.070
93.420
93.760
94.110
94.470
94.820
95.180
95.510
95.870
96.220
96.570
96.920
97.260
97.600
97.950
98.310
98.650
99.000
99.350
99.700
100.050
100.400
100.760
101.120
101.470
101.830
102.180
102.540
102.890
103.250
103.610
103.960
104.310
104.670
105.020
105.360
105.720
106.050
106.410
106.770
107.120
107.480
107.830
108.190
108.530
108.890
109.230
109.580
109.920
110.270
110.630
110.980
111.340
111.680
112.030
112.390
112.740
113.090
113.450
113.810
114.140
114.500
114.850
115.200
115.560
115.910
116.270
116.620
116.990
117.350
117.700
118.060
118.410
118.770
119.120
119.460
119.810
120.160
120.520
120.890
121.230
121.590
121.940
122.290
122.640
122.990
123.350
123.720
124.080
124.440
124.790
125.140
125.490
125.860
126.210
126.590
126.940
127.300
127.640
127.990
128.330
128.690
129.050
129.400
129.760
130.130
130.480
130.840
131.190
131.560
131.910
132.270
132.630
132.980
133.330
133.680
134.030
134.390
134.750
135.100
135.470
135.840
136.190
136.540
136.890
137.250
137.610
137.960
138.340
138.690
139.060
139.400
139.780
140.130
140.500
140.870
141.230
141.590
141.940
142.310
142.680
143.050
143.400
143.780
144.150
144.510
144.890
145.250
145.620
145.970
146.350
146.690
147.050
147.410
147.770
148.140
148.500
148.860
149.230
149.590
149.960
150.320
150.690
151.050
151.410
151.790
152.160
152.530
152.890
153.250
153.610
153.960
154.320
154.680
155.050
155.420
155.770
156.130
156.480
156.840
157.180
157.560
157.920
158.300
158.660
159.030
159.390
159.750
160.110
160.490
160.860
161.230
161.610
161.980
162.350
162.710
163.080
163.450
163.820
164.190
164.560
164.930
165.290
165.650
165.990
166.350
166.740
167.100
167.470
167.850
168.210
168.570
168.950
169.310
169.680
170.060
170.420
170.790
171.150
171.540
171.890
172.260
172.630
172.990
173.340
173.720
174.070
174.440
174.780
175.140
175.520
175.880
176.230
176.600
176.960
177.330
177.690
178.060
178.420
178.780
179.140
179.510
179.880
180.250
180.610
180.980
181.350
181.710
182.070
182.450
182.820
183.190
183.550
183.920
184.300
184.670
185.030
185.400
185.780
186.140
186.500
186.870
187.230
187.610
187.960
188.320
188.690
189.060
189.430
189.790
190.150
190.520
190.880
191.240
191.610
191.980
192.350
192.710
193.070
193.440
193.790
194.150
194.500
194.860
195.220
195.580
195.920
196.290
196.650
197.010
197.360
197.720
198.080
198.430
198.790
199.180
199.540
199.900
200.270
200.650
201.010
201.370
201.730
202.090
202.440
202.820
203.180
203.550
203.900
204.260
204.620
204.980
205.350
205.710
206.070
206.440
206.790
207.160
207.510
207.880
208.230
208.600
208.950
209.310
209.660
210.020
210.400
210.760
211.140
211.500
211.860
212.220
212.570
212.940
213.300
213.680
214.040
214.410
214.770
215.150
215.510
215.880
216.240
216.600
216.970
217.330
217.700
218.060
218.440
218.810
219.160
219.530
219.900
220.280
220.640
221.000
221.370
221.710
222.090
222.470
222.850
223.220
223.600
223.970
224.350
224.720
225.090
225.470
225.830
226.210
226.570
226.940
227.310
227.680
228.050
228.430
228.800
229.190
229.550
229.930
230.300
230.680
231.050
231.410
231.790
232.180
232.550
232.910
233.290
233.670
234.040
234.410
234.770
235.150
235.530
235.930
236.330
236.790
237.270
237.710
238.220
238.710
239.200
239.700
240.180
240.620
241.060
241.490
241.920
242.370
242.850
243.310
243.770
244.220
244.650
245.100
245.590
246.060
246.510
246.980
247.470
247.930
248.410
248.860
249.330
249.810
250.270
250.760
251.230
251.680
252.180
252.650
253.140
253.600
254.080
254.560
255.040
255.520
256.020
