0.490
1.490
2.540
3.580
4.550
5.480
6.440
7.340
8.300
9.220
10.180
11.150
12.060
12.940
13.740
14.360
14.970
15.610
16.220
16.800
17.420
18.050
18.640
19.230
19.820
20.440
21.040
21.650
22.220
22.810
23.410
24.010
24.580
25.170
25.780
26.350
26.950
27.520
28.100
28.680
29.260
29.840
30.410
31.000
31.590
32.150
32.750
33.330
33.930
34.480
35.080
35.650
36.250
36.800
37.420
37.980
38.600
39.160
39.760
40.320
40.910
41.470
42.070
42.640
43.210
43.800
44.390
44.950
45.520
46.080
46.680
47.240
47.820
48.370
48.960
49.510
50.090
50.700
51.270
51.840
52.440
52.990
53.570
54.130
54.690
55.250
55.850
56.400
56.990
57.540
58.120
58.680
59.280
59.860
60.440
61.000
61.600
62.150
62.730
63.310
63.870
64.430
65.040
65.600
66.190
66.730
67.300
67.870
68.440
69.010
69.570
70.140
70.730
71.270
71.870
72.420
73.010
73.550
74.150
74.700
75.280
75.820
76.380
76.940
77.530
78.090
78.660
79.210
79.810
80.360
80.940
81.510
82.090
82.570
83.040
83.440
83.800
84.200
84.570
84.930
85.310
85.670
86.040
86.440
86.820
87.220
87.610
88.010
88.380
88.790
89.170
89.540
89.910
90.290
90.670
91.060
91.450
91.850
92.220
92.600
92.980
93.330
93.720
94.080
94.440
94.820
95.200
95.560
95.940
96.330
96.710
97.080
97.460
97.830
98.220
98.600
98.970
99.370
99.750
100.120
100.520
101.000
101.540
102.110
102.700
103.290
103.920
104.560
105.170
105.900
106.630
107.340
108.100
108.840
109.530
110.250
110.950
111.620
112.280
112.780
113.280
113.810
114.330
114.850
115.390
115.970
116.520
117.070
117.620
118.160
118.740
119.270
119.840
120.390
120.950
121.500
122.030
122.610
123.150
123.710
124.290
124.820
125.390
126.020
126.610
127.190
127.800
128.420
129.000
129.620
130.250
130.830
131.450
132.090
132.680
133.330
134.010
134.750
135.440
136.140
136.850
137.530
138.270
138.970
139.740
140.430
141.190
141.930
142.760
143.520
144.330
145.090
145.880
146.710
147.490
148.240
149.010
149.790
150.610
