0.250
0.490
0.730
0.970
1.210
1.440
1.670
1.910
2.150
2.395
2.640	1
2.885
3.130
3.365
3.600	1
3.845
4.090
4.340
4.590	1
4.830
5.070
5.315
5.560	1
5.805
6.050
6.300
6.550	1
6.800
7.050
7.290
7.530	1
7.775
8.020
8.265
8.510	1
8.750
8.990
9.230
9.470	1
9.705
9.940
10.185
10.430	1
10.675
10.920
11.155
11.390	1
11.645
11.900
12.135
12.370	1
12.620
12.870
13.110
13.350	1
13.585
13.820
14.055
14.290	1
14.535
14.780
15.015
15.250	1
15.490
15.730
15.970
16.210	1
16.450
16.690
16.935
17.180	1
17.420
17.660
17.910
18.160	1
18.400
18.640
18.875
19.110	1
19.350
19.590
19.830
20.070	1
20.315
20.560
20.800
21.040	1
21.275
21.510
21.745
21.980	1
22.215
22.450
22.690
22.930	1
23.170
23.410
23.645
23.880	1
24.115
24.350
24.580
24.810	1
25.045
25.280
25.520
25.760	1
25.995
26.230
26.465
26.700	1
26.935
27.170
27.405
27.640	1
27.870
28.100
28.345
28.590	1
28.815
29.040
29.270
29.500	1
29.740
29.980
30.225
30.470	1
30.705
30.940
31.175
31.410	1
31.650
31.890
32.125
32.360	1
32.590
32.820
33.055
33.290	1
33.530
33.770
34.000
34.230	1
34.465
34.700
34.935
35.170	1
35.405
35.640
35.870
36.100	1
36.345
36.590
36.820
37.050	1
37.285
37.520
37.760
38.000	1
38.230
38.460
38.685
38.910	1
39.150
39.390
39.620
39.850	1
40.090
40.330
40.560
40.790	1
41.030
41.270
41.495
41.720	1
41.965
42.210
42.440
42.670	1
42.905
43.140
43.375
43.610	1
43.845
44.080
44.310
44.540	1
44.775
45.010
45.235
45.460	1
45.695
45.930
46.165
46.400	1
46.630
46.860
47.095
47.330	1
47.555
47.780
48.010
48.240	1
48.465
48.690
48.920
49.150	1
49.375
49.600
49.835
50.070	1
50.305
50.540
50.780
51.020	1
51.250
51.480
51.710
51.940	1
52.170
52.400
52.640
52.880	1
53.110
53.340
53.570
53.800	1
54.035
54.270
54.505
54.740	1
54.970
55.200
55.430
55.660	1
55.890
56.120
56.350
56.580	1
56.805
57.030
57.275
57.520	1
57.745
57.970
58.205
58.440	1
58.670
58.900
59.135
59.370	1
59.595
59.820
60.055
60.290	1
60.530
60.770
60.995
61.220	1
61.455
61.690
61.920
62.150	1
62.385
62.620
62.850
63.080	1
63.310
63.540
63.770
64.000	1
64.230
64.460
64.695
64.930	1
65.155
65.380
65.615
65.850	1
66.085
66.320
66.555
66.790	1
67.015
67.240
67.480
67.720	1
67.940
68.160
68.390
68.620	1
68.850
69.080
69.305
69.530	1
69.755
69.980
70.205
70.430	1
70.665
70.900
71.125
71.350	1
71.575
71.800
72.035
72.270	1
72.495
72.720
72.955
73.190	1
73.415
73.640
73.870
74.100	1
74.335
74.570
74.800
75.030	1
75.260
75.490
75.720
75.950	1
76.180
76.410
76.640
76.870	1
77.100
77.330
77.555
77.780	1
78.015
78.250
78.475
78.700	1
78.930
79.160
79.390
79.620	1
79.845
80.070
80.305
80.540	1
80.770
81.000
81.230
81.460	1
81.695
81.930
82.155
82.380	1
82.615
82.850
83.080
83.310	1
83.545
83.780
84.015
84.250	1
84.475
84.700
84.930
85.160	1
85.390
85.620
85.850
86.080	1
86.310
86.540
86.770
87.000	1
87.220
87.440
87.675
87.910	1
88.130
88.350
88.590
88.830	1
89.055
89.280
89.515
89.750	1
89.965
90.180
90.410
90.640	1
90.865
91.090
91.320
91.550	1
91.775
92.000
92.235
92.470	1
92.700
92.930
93.155
93.380	1
93.610
93.840
94.075
94.310	1
94.535
94.760
94.990
95.220	1
95.440
95.660
95.890
96.120	1
96.355
96.590
96.815
97.040	1
97.265
97.490
97.720
97.950	1
98.170
98.390
98.625
98.860	1
99.090
99.320
99.550
99.780	1
100.010
100.240
100.460
100.680	1
100.910
101.140
101.355
101.570	1
101.805
102.040
102.275
102.510	1
102.750
102.990
103.220
103.450	1
103.700
103.950
104.185
104.420	1
104.660
104.900
105.130
105.360	1
105.595
105.830
106.070
106.310	1
106.540
106.770
107.005
107.240	1
107.475
107.710
107.945
108.180	1
108.415
108.650
108.880
109.110	1
109.355
109.600
109.830
110.060	1
110.295
110.530
110.755
110.980	1
111.220
111.460
111.690
111.920	1
112.155
112.390
112.620
112.850	1
113.085
113.320
113.555
113.790	1
114.030
114.270
114.495
114.720	1
114.960
115.200
115.430
115.660	1
115.885
116.110
116.350
116.590	1
116.815
117.040
117.270
117.500	1
117.735
117.970
118.200
118.430	1
118.655
118.880
119.115
119.350	1
119.575
119.800
120.035
120.270	1
120.505
120.740
120.970
121.200	1
121.430
121.660
121.885
122.110	1
122.345
122.580
122.810
123.040	1
123.265
123.490
123.710
123.930	1
124.170
124.410
124.645
124.880	1
125.110
125.340
125.575
125.810	1
126.045
126.280
126.515
126.750	1
126.980
127.210
127.440
127.670	1
127.910
128.150
128.385
128.620	1
128.855
129.090
129.320
129.550	1
129.790
130.030
130.260
130.490	1
130.720
130.950
131.170
131.390	1
131.620
131.850
132.075
132.300	1
132.530
132.760
132.990
133.220	1
133.450
133.680
133.915
134.150	1
134.385
134.620
134.850
135.080	1
135.310
135.540
135.775
136.010	1
136.240
136.470
136.705
136.940	1
137.175
137.410
137.640
137.870	1
138.105
138.340
138.575
138.810	1
139.045
139.280
139.510
139.740	1
139.975
140.210
140.440
140.670	1
140.910
141.150
141.375
141.600	1
141.830
142.060
142.295
142.530	1
142.755
142.980
143.210
143.440	1
143.670
143.900
144.135
144.370	1
144.605
144.840
145.075
145.310	1
145.540
145.770
146.000
146.230	1
146.455
146.680
146.910
147.140	1
147.375
147.610
147.845
148.080	1
148.310
148.540
148.770
149.000	1
149.230
149.460
149.690
149.920	1
150.150
150.380
150.610
150.840	1
151.075
151.310
151.545
151.780	1
152.015
152.250
152.480
152.710	1
152.935
153.160
153.400
153.640	1
153.870
154.100
154.335
154.570	1
154.790
155.010
155.245
155.480	1
155.715
155.950
156.175
156.400	1
156.640
156.880
157.110
157.340	1
157.575
157.810
158.050
158.290	1
158.515
158.740
158.970
159.200	1
159.430
159.660
159.890
160.120	1
160.355
160.590
160.820
161.050	1
161.280
161.510
161.745
161.980	1
162.205
162.430
162.680
162.930	1
163.205
163.480
163.740
164.000	1
164.240
164.480
164.735
164.990	1
