0.560
1.440
2.330
3.210
4.130
5.010
5.880
6.690
7.590
8.500
9.390
10.310
11.280
12.260
13.160
14.110
15.110
16.130
17.120
18.130
19.030
19.930
20.850
21.780
22.640
23.610
24.590
25.590
26.540
27.470
28.440
29.440
30.350
31.320
32.290
33.230
34.180
35.130
36.070
37.010
37.980
38.950
39.900
40.800
41.780
42.760
43.680
44.640
45.630
46.660
47.610
48.560
49.500
50.500
51.460
52.480
53.440
54.410
55.300
56.170
57.080
58.010
59.020
59.990
60.950
61.890
62.880
63.850
64.790
65.810
66.760
67.730
68.690
69.640
70.580
71.510
72.510
73.420
74.420
75.350
76.330
77.280
78.270
79.180
80.140
81.150
82.060
83.030
83.970
84.880
85.840
86.800
87.770
88.710
89.700
90.660
91.590
92.500
93.500
94.420
95.380
96.350
97.280
98.280
99.290
100.250
101.250
102.180
103.130
104.260
105.310
106.210
107.090
108.020
109.000
109.910
110.890
111.890
112.840
113.800
114.770
115.700
116.660
117.600
118.570
119.560
120.580
121.520
122.460
123.430
124.370
125.330
126.240
127.220
128.160
129.110
130.090
131.040
132.080
133.060
134.030
134.980
135.960
136.920
137.930
138.940
139.920
140.870
141.920
142.900
143.880
144.930
145.920
146.890
147.850
148.840
149.810
150.780
151.760
152.760
153.690
154.690
155.670
156.670
157.670
158.620
159.660
160.640
161.610
162.590
163.580
164.520
165.510
166.510
167.430
168.440
169.430
170.460
171.400
172.390
173.380
174.370
175.340
176.300
177.310
178.330
179.290
180.190
181.160
182.100
183.110
184.030
185.070
186.060
187.000
187.970
188.960
189.960
190.940
191.900
192.880
193.860
194.860
195.810
196.760
197.740
198.700
199.640
200.590
201.600
202.580
203.560
204.570
205.510
206.500
207.450
208.430
209.430
210.460
211.410
212.410
213.380
214.190
214.690
215.200
215.680
216.190
216.690
217.200
217.690
218.190
218.660
219.170
219.690
220.230
220.750
221.260
221.740
222.250
222.730
223.260
223.730
224.230
224.750
225.230
225.710
226.190
226.650
227.130
227.610
228.120
228.590
229.100
229.570
230.080
230.540
230.980
231.440
231.920
232.370
232.900
233.370
233.890
234.430
234.960
235.430
235.930
236.430
236.910
237.400
237.900
238.360
238.860
239.340
239.850
240.330
240.840
241.320
241.820
242.300
242.790
243.280
243.780
244.260
244.740
245.220
245.690
246.180
246.690
247.170
247.660
248.130
248.630
249.110
249.570
250.060
250.540
251.020
251.520
251.990
252.510
252.970
253.470
253.930
254.410
254.890
255.390
255.870
256.330
256.810
257.310
257.780
258.270
258.730
259.210
259.700
260.190
260.660
261.150
261.620
262.110
262.580
263.070
263.550
264.030
264.500
264.990
265.450
265.920
266.390
266.870
267.330
267.790
268.230
268.710
269.180
269.640
270.120
270.580
271.070
271.540
272.010
272.450
272.920
273.390
273.860
274.330
274.780
275.270
275.720
276.210
276.670
277.150
277.660
278.120
278.610
279.080
279.580
280.040
280.530
281.020
281.500
281.980
282.430
282.900
283.340
283.820
284.260
284.730
285.200
285.680
286.160
286.640
287.120
287.600
288.070
288.540
289.020
289.490
289.940
290.400
290.850
291.280
291.730
292.190
292.650
293.110
293.590
294.070
294.530
295.010
295.470
295.950
296.400
296.870
297.340
297.820
298.270
298.760
299.210
299.700
300.170
300.630
301.090
301.550
302.000
302.470
302.930
303.400
303.850
304.310
304.780
305.240
305.680
306.160
306.610
307.070
307.520
307.990
308.460
308.920
309.380
309.850
310.300
310.770
311.230
311.690
312.140
312.600
313.050
313.520
313.970
314.430
314.870
315.330
315.770
316.220
316.670
317.140
317.580
318.060
318.530
319.020
319.480
319.960
320.420
320.910
321.360
321.810
322.270
322.730
323.200
323.670
324.120
324.590
325.050
325.510
325.970
326.450
326.910
327.370
327.860
328.330
328.770
329.250
329.700
330.160
330.610
331.080
331.530
332.010
332.460
332.930
333.370
333.850
334.290
334.750
335.190
335.650
336.070
336.530
336.960
337.400
337.880
338.340
338.780
339.240
339.720
340.170
340.620
341.080
341.540
342.000
342.460
342.920
343.380
343.850
344.300
344.780
345.230
345.670
346.120
346.580
347.030
347.480
347.920
348.380
348.810
349.290
349.730
350.190
350.670
351.130
351.590
352.030
352.510
352.970
353.400
353.870
354.310
354.770
355.220
355.680
356.150
356.600
357.050
357.490
357.940
358.390
358.830
359.270
359.710
360.150
360.570
361.030
361.460
361.910
362.350
362.770
363.210
363.650
364.090
364.540
364.970
365.410
365.860
366.310
366.750
367.180
367.630
368.060
368.490
368.940
369.380
369.830
370.260
370.710
371.130
371.580
372.030
372.470
372.900
373.350
373.780
374.220
374.660
375.090
375.540
376.000
376.450
376.900
377.350
377.830
378.280
378.710
379.180
379.610
380.060
380.530
380.970
381.420
381.840
382.300
382.740
383.180
383.610
384.040
384.510
384.950
385.410
385.860
386.290
386.760
387.200
387.650
388.100
388.560
388.990
389.450
389.880
390.330
390.780
391.230
391.670
392.120
392.560
393.020
393.470
393.910
394.370
394.830
395.280
395.730
396.180
396.620
397.080
397.540
397.970
398.420
398.850
399.300
399.720
400.180
400.640
401.070
401.550
401.990
402.460
402.900
403.360
403.810
404.260
404.720
405.150
405.620
406.050
406.500
406.960
407.420
407.870
408.320
408.750
409.220
409.660
410.110
410.580
411.030
411.490
411.950
412.380
412.850
413.290
413.740
414.170
414.610
415.070
415.530
415.980
416.420
416.880
417.310
417.770
418.220
418.680
419.130
419.590
420.040
420.510
420.960
421.420
421.870
422.330
422.810
423.270
423.710
424.190
424.640
425.080
425.530
425.970
426.450
426.900
427.370
427.800
428.270
428.710
429.180
429.630
430.110
430.570
431.020
431.490
431.950
432.410
432.870
433.320
433.780
434.260
434.730
435.200
435.660
436.130
436.610
437.050
437.530
437.970
438.440
438.930
439.400
439.860
440.320
440.770
441.220
441.680
442.140
442.600
443.060
443.510
443.950
444.390
444.860
445.310
445.780
446.250
446.720
447.180
447.650
448.110
448.590
449.050
449.520
450.000
450.450
450.910
451.360
451.790
452.260
452.700
453.170
453.630
454.120
454.580
455.060
455.510
455.980
456.440
456.910
457.360
457.830
458.300
458.760
459.210
459.680
460.130
460.590
461.030
461.480
461.930
462.400
462.850
463.340
463.790
464.260
464.730
465.190
465.640
466.110
466.570
467.010
467.470
467.930
468.410
468.890
469.340
469.830
470.260
470.730
471.180
471.630
472.070
472.520
472.960
473.410
473.860
474.310
474.760
475.220
475.670
476.120
476.570
477.020
477.490
477.960
478.400
478.860
479.310
479.760
480.200
480.660
481.110
481.560
481.990
482.440
483.010
483.800
484.710
485.600
486.490
487.350
488.260
489.160
490.080
490.970
491.860
492.730
493.610
494.490
495.380
496.240
497.130
498.010
498.900
499.810
500.760
501.690
502.640
503.550
504.490
505.370
506.330
507.310
508.240
509.160
510.140
511.090
512.040
513.030
513.960
514.900
515.830
516.780
517.710
518.640
519.580
520.510
521.460
522.390
523.340
524.280
525.200
526.150
527.040
528.030
528.940
529.910
530.820
531.730
532.720
533.650
534.620
535.570
536.530
537.450
538.380
539.340
540.330
541.290
542.220
543.190
544.160
545.070
546.020
547.000
547.930
548.870
549.810
550.750
551.700
552.640
553.580
554.480
555.420
556.350
557.300
558.180
559.120
560.010
560.940
561.870
562.840
563.800
564.740
565.660
566.700
567.700
568.780
569.850
570.900
572.040
573.060
574.180
575.240
576.360
577.380
578.490
579.600
580.600
581.640
582.580
583.570
584.500
585.370
586.250
587.080
587.930
588.830
589.650
590.530
591.410
592.130
592.930
593.690
594.400
595.150
595.920
596.680
597.470
