0.360
1.430
2.530
3.650
4.710
5.850
6.930
8.030
9.080
10.150
11.270
12.300
13.420
14.470
15.510
16.630
17.750
18.750
19.510
20.300
21.040
21.790
22.580
23.310
24.040
24.790
25.520
26.290
27.070
27.830
28.630
29.400
30.140
30.850
31.610
32.400
33.190
33.960
34.700
35.440
36.200
36.980
37.720
38.520
39.300
40.030
40.790
41.550
42.270
43.010
43.830
44.650
45.400
46.180
46.990
47.750
48.550
49.290
50.050
50.750
51.500
52.290
53.090
53.870
54.630
55.350
56.150
56.890
57.650
58.420
59.220
59.990
60.790
61.590
62.340
63.050
63.820
64.590
65.410
66.210
66.960
67.770
68.580
69.330
70.140
70.950
71.740
72.510
73.300
74.110
74.870
75.670
76.450
77.190
77.960
78.720
79.480
80.240
80.970
81.770
82.520
83.330
84.100
84.890
85.640
86.410
87.260
88.060
88.860
89.680
90.460
91.270
92.050
92.860
93.650
94.530
95.350
96.130
96.920
97.760
98.600
99.420
100.230
101.110
101.930
102.700
103.510
104.250
105.060
105.820
106.590
107.380
108.140
108.910
109.700
110.470
111.280
112.080
112.850
113.660
114.500
115.280
116.100
116.890
117.700
118.570
119.370
120.190
121.010
121.620
122.240
122.840
123.470
124.110
124.740
125.370
125.960
126.600
127.230
127.830
128.470
129.060
129.710
130.290
130.920
131.540
132.150
132.770
133.390
134.000
134.620
135.250
135.900
136.530
137.170
137.810
138.420
139.040
139.640
140.300
140.910
141.530
142.190
142.820
143.430
144.030
144.650
145.280
145.950
146.570
147.250
147.870
148.520
149.170
149.810
150.440
151.050
151.700
152.320
152.980
153.600
154.230
154.860
155.490
156.090
156.740
157.330
157.960
158.650
159.310
159.930
160.590
161.200
161.820
162.480
163.070
163.700
164.340
164.990
165.620
166.270
166.870
167.500
168.120
168.700
169.320
169.950
170.580
171.190
171.820
172.440
173.050
173.670
174.270
174.900
175.510
176.110
176.730
177.320
177.930
178.560
179.150
179.790
180.380
181.010
181.650
182.240
182.820
183.430
184.020
184.610
185.180
185.790
186.360
186.960
187.580
188.180
188.770
189.400
190.010
190.610
191.220
191.790
192.400
192.990
193.620
194.220
194.800
195.420
196.040
196.630
197.250
197.870
198.470
199.090
199.690
200.280
200.890
201.510
202.130
202.740
203.350
203.970
204.580
205.220
205.800
206.410
207.040
207.650
208.260
208.880
209.480
210.080
210.700
211.300
211.910
212.570
213.190
213.810
214.390
215.030
215.630
216.230
216.840
217.460
218.050
218.650
219.280
219.910
220.520
221.130
221.750
222.350
222.990
223.590
224.190
224.810
225.420
226.010
226.630
227.280
227.890
228.490
229.140
229.740
230.340
230.910
231.530
232.110
232.550
232.970
233.380
233.800
234.210
234.610
235.000
235.410
235.830
236.230
236.640
237.070
237.480
237.890
238.280
238.710
239.120
239.510
239.920
240.330
240.750
241.170
241.570
241.960
242.370
242.770
243.170
243.590
244.030
244.450
244.850
245.290
245.710
246.120
246.540
246.990
247.410
247.850
248.260
248.670
249.110
249.530
249.950
250.380
250.790
251.240
251.710
252.160
252.600
253.060
253.500
253.950
254.370
254.830
255.240
255.670
256.100
256.530
256.970
257.410
257.840
258.260
258.700
259.120
259.550
259.990
260.430
260.890
261.320
261.770
262.180
262.600
263.020
263.440
263.870
264.290
264.710
265.130
265.530
265.960
266.370
266.790
267.230
267.650
268.060
268.490
268.900
269.330
269.770
270.200
270.630
271.060
271.550
272.030
272.630
273.280
273.940
274.580
275.210
275.840
276.530
277.150
277.820
278.460
279.070
279.740
280.380
281.020
281.630
282.270
282.900
283.540
284.170
284.780
285.380
286.000
286.650
287.250
287.880
288.480
289.110
289.740
290.410
291.050
291.660
292.300
292.970
293.590
294.210
294.800
295.420
296.010
296.630
297.230
297.830
298.420
299.040
299.620
300.230
300.840
301.440
302.030
302.650
303.290
303.920
304.510
305.140
305.720
306.360
306.950
307.580
308.170
308.790
309.410
310.030
310.670
311.300
312.010
312.670
313.350
314.020
314.660
315.360
316.140
316.880
317.620
318.310
319.060
319.770
320.520
321.250
322.110
322.910
323.780
324.720
325.590
326.460
327.340
328.280
329.120
330.060
330.910
331.840
332.690
333.610
334.470
335.400
336.260
337.150
338.070
338.920
339.710
340.480
341.230
341.990
342.790
343.580
344.340
345.130
345.940
346.710
347.500
348.270
349.040
349.830
350.660
351.490
352.310
353.120
353.940
354.810
355.650
356.540
357.350
358.190
