0.370
0.920
1.430
1.980
2.490
3.040
3.550
4.100
4.610
5.150
5.680
6.200
6.760
7.300
7.810
8.370
8.870
9.430
9.940
10.500
11.010
11.580
12.100
12.650
13.160
13.680
14.240
14.750
15.280
15.730
16.200
16.670
17.180
17.660
18.180
18.660
19.170
19.700
20.200
20.720
21.240
21.760
22.300
22.800
23.320
23.830
24.320
24.840
25.350
25.840
26.350
26.870
27.390
27.880
28.430
28.920
29.470
29.970
30.480
30.980
31.490
32.010
32.510
32.990
33.490
34.040
34.540
35.050
35.560
36.070
36.590
37.090
37.610
38.120
38.640
39.150
39.640
40.140
40.650
41.160
41.670
42.200
42.710
43.210
43.730
44.240
44.750
45.250
45.760
46.280
46.810
47.320
47.840
48.350
48.900
49.390
49.930
50.460
50.950
51.460
51.960
52.480
53.000
53.520
53.990
54.520
55.020
55.490
56.000
56.530
57.040
57.520
58.030
58.570
59.080
59.570
60.070
60.590
61.090
61.580
62.070
62.590
63.060
63.560
64.070
64.580
65.090
65.590
66.080
66.600
67.150
67.660
68.190
68.680
69.240
69.760
70.280
70.800
71.360
71.870
72.380
72.880
73.410
73.910
74.450
74.970
75.470
75.970
76.490
77.030
77.550
78.060
78.580
79.100
79.630
80.120
80.650
81.170
81.710
82.220
82.730
83.240
83.790
84.310
84.820
85.320
85.870
86.390
86.910
87.420
87.950
88.440
88.980
89.490
89.980
90.510
91.040
91.550
92.070
92.590
93.130
93.650
94.160
94.680
95.210
95.720
96.230
96.780
97.300
97.790
98.280
98.810
99.300
99.810
100.340
100.860
101.370
101.880
102.410
102.940
103.460
103.960
104.490
105.000
105.510
106.020
106.540
107.070
107.590
108.140
108.630
109.150
109.700
110.210
110.730
111.240
111.760
112.290
112.820
113.360
113.890
114.400
114.930
115.440
115.950
116.480
116.990
117.530
118.080
118.670
119.230
119.730
120.250
120.730
121.250
121.750
122.220
122.730
123.250
123.750
124.280
124.810
125.340
125.860
126.390
126.920
127.450
127.990
128.520
129.030
129.570
130.100
130.620
131.150
131.690
132.200
132.710
133.230
133.750
134.260
134.790
135.310
135.830
136.340
136.860
137.360
137.880
138.400
138.930
139.440
139.960
140.490
141.030
141.530
142.090
142.590
143.130
143.640
144.150
144.680
145.210
145.740
146.280
146.790
147.340
147.860
148.370
148.920
149.460
149.990
150.530
151.060
151.600
152.130
152.660
153.190
153.730
154.260
154.800
155.320
155.870
156.390
156.920
157.470
158.010
158.550
159.060
159.610
160.140
160.670
161.230
161.770
162.300
162.820
163.370
163.890
164.430
164.960
165.490
166.020
166.560
167.060
167.590
168.080
168.610
169.170
169.760
170.320
170.870
171.440
171.990
172.530
173.090
173.650
174.250
174.820
175.370
175.910
176.450
177.000
177.550
178.120
178.710
179.270
179.850
180.390
180.990
181.540
182.100
182.670
183.270
183.830
184.390
184.950
185.520
186.120
186.690
187.260
187.810
188.400
