0.160
0.430
0.710
1.000
1.280
1.560
1.830
2.130
2.440
2.730
3.040
3.330
3.630
3.930
4.240
4.540
4.830
5.130
5.440
5.730
6.030
6.330
6.640
6.940
7.230
7.550
7.850
8.170
8.490
8.820
9.140
9.460
9.770
10.090
10.420
10.740
11.050
11.370
11.680
12.000
12.310
12.610
12.920
13.240
13.550
13.860
14.170
14.480
14.790
15.090
15.400
15.720
16.030
16.330
16.630
16.940
17.240
17.540
17.850
18.160
18.480
18.790
19.100
19.410
19.710
20.030
20.330
20.650
20.960
21.270
21.570
21.880
22.190
22.500
22.820
23.150
23.460
23.780
24.090
24.400
24.720
25.030
25.330
25.650
25.980
26.290
26.620
26.940
27.260
27.570
27.890
28.210
28.530
28.830
29.140
29.460
29.780
30.120
30.430
30.780
31.090
31.430
31.760
32.090
32.430
32.750
33.070
33.400
33.720
34.020
34.340
34.660
34.980
35.310
35.650
35.980
36.320
36.640
36.980
37.300
37.620
37.940
38.250
38.570
38.900
39.220
39.540
39.860
40.180
40.490
40.820
41.160
41.480
41.790
42.120
42.430
42.750
43.070
43.400
43.730
44.060
44.380
44.720
45.030
45.350
45.670
45.990
46.320
46.650
46.970
47.310
47.640
47.970
48.290
48.620
48.940
49.280
49.610
49.930
50.260
50.580
50.900
51.220
51.550
51.890
52.210
52.550
52.880
53.220
53.530
53.870
54.190
54.540
54.860
55.190
55.530
55.860
56.170
56.500
56.820
57.150
57.480
57.810
58.130
58.460
58.790
59.130
59.440
59.780
60.110
60.440
60.750
61.080
61.390
61.720
62.040
62.370
62.720
63.040
63.370
63.690
64.000
64.330
64.640
64.960
65.280
65.590
65.900
66.220
66.530
66.860
67.190
67.520
67.840
68.180
68.500
68.840
69.160
69.490
69.810
70.140
70.450
70.770
71.100
71.410
71.720
72.040
72.360
72.680
73.010
73.330
73.640
73.960
74.290
74.610
74.920
75.250
75.570
75.880
76.200
76.530
76.840
77.160
77.480
77.800
78.120
78.440
78.750
79.060
79.370
79.680
80.000
80.320
80.640
80.960
81.280
81.600
81.920
82.250
82.570
82.890
83.200
83.520
83.840
84.170
84.480
84.820
85.150
85.470
85.780
86.110
86.430
86.750
87.070
87.370
87.680
87.990
88.320
88.630
88.950
89.270
89.590
89.890
90.210
90.520
90.820
91.140
91.450
91.760
92.060
92.380
92.710
93.030
93.350
93.680
93.990
94.310
94.630
94.960
95.280
95.600
95.920
96.230
96.540
96.840
97.150
97.460
97.770
98.100
98.420
98.750
99.080
99.400
99.720
100.040
100.350
100.670
100.990
101.300
101.600
101.910
102.220
102.530
102.840
103.160
103.470
103.790
104.110
104.430
104.750
105.070
105.380
105.710
106.020
106.340
106.660
106.980
107.290
107.610
107.920
108.250
108.570
108.900
109.230
109.550
109.870
110.190
110.520
110.840
111.170
111.500
111.810
112.140
112.450
112.780
113.090
113.420
113.750
114.080
114.400
114.730
115.050
115.370
115.680
116.000
116.310
116.610
116.900
117.220
117.520
117.850
118.160
118.490
118.800
119.110
119.420
119.740
120.040
120.360
120.660
120.990
121.310
121.640
121.960
122.280
122.580
122.890
123.210
123.510
123.830
124.140
124.450
124.750
125.070
125.390
125.710
126.020
126.350
126.670
126.990
127.310
127.620
127.940
128.270
128.590
128.900
129.220
129.530
129.840
130.160
130.470
130.780
131.110
131.430
131.750
132.070
132.390
132.700
133.020
133.340
133.670
133.980
134.310
134.620
134.940
135.260
135.570
135.890
136.200
136.500
136.810
137.120
137.430
137.740
138.050
138.380
138.690
139.020
139.320
139.640
139.950
140.260
140.580
140.900
141.230
141.550
141.870
142.180
142.510
142.830
143.150
143.470
143.790
144.100
144.410
144.710
145.030
145.350
145.680
146.000
146.320
146.630
146.950
147.270
147.600
147.910
148.240
148.560
148.880
149.190
149.510
149.820
150.120
150.440
150.750
151.060
151.360
151.670
151.990
152.300
152.620
152.930
153.250
153.570
153.890
154.210
154.520
154.830
155.150
155.460
155.780
156.100
156.420
156.730
157.050
157.370
157.700
158.010
158.330
158.650
158.980
159.290
159.610
159.930
160.260
160.570
160.880
161.190
161.520
161.830
162.160
162.470
162.800
163.110
163.440
163.750
164.080
164.400
164.720
165.030
165.350
165.670
165.990
166.310
166.630
166.950
167.280
167.590
167.920
168.230
168.540
168.860
169.160
169.470
169.780
170.090
170.410
170.720
171.040
171.360
171.690
172.010
172.330
172.650
172.980
173.300
173.620
173.940
174.260
174.570
174.890
175.210
175.530
175.850
176.180
176.500
176.820
177.130
177.430
177.760
178.080
178.420
178.740
179.050
179.370
179.700
180.020
180.340
180.660
181.000
181.330
181.650
181.980
182.300
182.620
182.930
183.240
183.560
183.880
184.200
184.530
184.840
185.170
185.480
185.810
186.110
186.420
186.730
187.040
187.350
187.660
187.980
188.310
188.620
188.940
189.260
189.590
189.900
190.230
190.540
190.860
191.170
191.490
191.800
192.130
192.440
192.760
193.080
193.410
193.740
194.090
194.410
194.740
195.060
195.380
195.680
195.990
196.300
196.620
196.920
197.240
197.550
197.870
198.190
198.510
198.820
199.150
199.460
199.770
200.080
200.400
200.710
201.040
201.350
201.660
201.960
202.290
202.600
202.930
203.240
203.560
203.890
204.210
204.540
204.870
205.190
205.510
205.830
206.150
206.480
206.800
207.110
207.420
207.720
208.030
208.350
208.680
208.990
209.320
209.660
209.990
210.290
210.610
210.920
211.220
211.520
211.830
212.130
212.450
212.760
213.060
213.380
213.710
214.030
214.350
214.660
214.980
215.310
215.620
215.940
216.260
216.590
216.890
217.200
217.510
217.820
218.130
218.440
218.750
219.060
219.380
219.700
220.010
220.310
220.630
220.930
221.250
221.570
221.880
222.200
222.520
222.830
223.140
223.440
223.760
224.060
224.370
224.680
224.990
225.300
225.630
225.950
226.270
226.580
226.900
227.220
227.540
227.870
228.180
228.500
228.810
229.130
229.440
229.750
230.060
230.370
230.670
230.980
231.300
231.610
231.920
232.240
232.560
232.870
233.190
233.510
233.830
234.150
234.460
234.770
235.080
235.390
235.700
236.010
236.320
236.630
236.940
237.250
237.550
237.870
238.180
238.480
238.790
239.080
239.380
239.700
240.000
240.320
240.630
240.940
241.250
241.560
241.870
242.180
242.490
242.790
243.090
243.410
243.710
244.020
244.330
244.650
244.950
245.260
245.570
245.880
246.200
246.510
246.820
247.130
247.440
247.730
248.040
248.350
248.660
248.970
249.280
249.580
249.900
250.210
250.510
250.830
251.140
251.440
251.760
252.060
252.370
252.680
252.990
253.290
253.600
253.900
254.200
254.520
254.830
255.130
255.450
255.750
256.060
256.370
256.680
256.990
257.300
257.610
257.920
258.230
258.540
258.850
259.180
259.480
259.800
260.110
260.420
260.720
261.030
261.340
261.650
261.960
262.280
262.580
262.890
263.200
263.510
263.820
264.130
264.450
264.750
265.060
265.360
265.660
265.970
266.270
266.590
266.890
267.200
267.510
267.810
268.110
268.410
268.700
269.010
269.310
269.620
269.940
270.250
270.560
270.870
271.170
271.480
271.790
272.100
272.410
272.720
273.030
273.350
273.660
273.970
274.280
274.600
274.920
275.240
275.550
275.870
276.200
276.520
276.840
277.160
277.470
277.790
278.120
278.440
278.760
279.080
279.390
279.700
280.010
280.330
280.640
280.970
281.280
281.600
281.910
282.220
282.520
282.840
283.150
283.460
283.770
284.100
284.410
284.740
285.060
285.370
285.680
285.990
286.300
286.600
286.910
287.230
287.530
287.850
288.180
288.500
288.820
289.130
289.450
289.760
290.070
290.370
290.660
290.970
291.280
291.590
291.900
292.220
292.530
292.850
293.160
293.470
293.780
294.090
294.390
294.710
295.040
295.350
295.670
295.980
296.290
296.590
296.920
297.240
297.550
297.870
298.200
298.510
298.850
299.170
299.520
299.850
300.180
300.500
300.830
301.170
301.490
301.810
302.120
302.430
302.750
303.070
303.400
303.720
304.030
304.360
304.680
305.000
305.310
305.640
305.960
306.270
306.580
306.910
307.220
307.550
307.860
308.180
308.500
308.820
309.140
309.460
309.780
310.110
310.420
310.750
311.060
311.390
311.700
312.020
312.330
312.650
312.960
313.280
313.600
313.920
314.230
314.550
314.870
315.190
315.500
315.820
316.130
316.450
316.770
317.090
317.420
317.730
318.060
318.380
318.700
319.020
319.330
319.640
319.950
320.260
320.570
320.900
321.220
321.540
321.860
322.170
322.490
322.820
323.140
323.460
323.770
324.090
324.400
324.720
325.040
325.370
325.690
326.000
326.320
326.630
326.950
327.280
327.590
327.910
328.230
328.560
328.870
329.190
329.500
329.810
330.130
330.450
330.770
331.080
331.390
331.710
332.030
332.350
332.670
333.000
333.310
333.630
333.940
334.260
334.570
334.890
335.210
335.530
335.870
336.200
336.520
336.840
337.160
337.480
337.800
338.130
338.450
338.770
339.090
339.410
339.730
340.050
340.370
340.690
341.010
341.330
341.650
341.970
342.270
342.590
342.900
343.230
343.540
343.870
344.180
344.500
344.810
345.130
345.440
345.770
346.080
346.400
346.720
347.040
347.340
347.660
347.970
348.280
348.600
348.930
349.240
349.560
349.880
350.190
350.510
350.810
351.120
351.430
351.740
352.060
352.370
352.680
353.000
353.310
353.640
353.960
354.280
354.590
354.920
355.230
355.560
355.890
356.200
356.530
356.850
357.160
357.480
357.810
358.110
358.420
358.740
359.060
359.380
359.700
360.030
360.350
360.670
360.990
361.310
361.630
361.950
362.280
362.600
362.930
363.250
363.580
363.890
364.220
364.540
364.860
365.170
365.500
365.820
366.140
366.460
366.780
367.090
367.410
367.730
368.050
368.370
368.690
369.010
369.330
369.650
369.970
370.290
370.610
370.930
371.250
371.560
371.880
372.200
372.510
372.830
373.140
373.470
373.780
374.100
374.420
374.740
375.060
375.380
375.710
376.030
376.360
376.680
377.000
377.320
377.640
377.950
378.270
378.590
378.910
379.220
379.540
379.860
380.180
380.500
380.820
381.140
381.470
381.790
382.110
382.430
382.750
383.070
383.410
383.730
384.060
384.370
384.700
385.020
385.340
385.670
385.990
386.320
386.660
386.970
387.300
387.620
387.940
388.260
388.590
388.910
389.240
389.550
389.870
390.190
390.520
390.830
391.160
391.480
391.800
392.110
392.440
392.760
393.080
393.390
393.720
394.040
394.360
394.690
395.010
395.340
395.670
395.990
396.320
396.630
396.970
397.290
397.620
397.940
398.260
398.580
398.900
399.230
399.570
399.880
400.210
400.540
400.860
401.180
401.520
401.840
402.180
402.490
402.830
403.140
403.470
403.790
404.120
404.440
404.770
405.090
405.420
405.750
406.070
406.380
406.720
407.030
407.370
407.690
408.010
408.330
408.650
408.970
409.290
409.620
409.940
410.250
410.570
410.900
411.230
411.560
411.880
412.210
412.540
412.860
413.190
413.510
413.840
414.160
414.490
414.820
415.150
415.490
415.810
416.140
416.460
416.790
417.130
417.470
417.800
418.130
418.460
418.770
419.120
419.450
419.780
420.100
420.440
420.760
421.090
421.420
421.750
422.070
422.400
422.750
423.070
423.390
423.690
424.000
424.330
424.660
424.990
425.310
425.640
425.960
426.290
426.610
426.920
427.240
427.560
427.890
428.210
428.530
428.850
429.170
429.490
429.810
430.130
430.440
430.770
431.090
431.410
431.730
432.060
432.380
432.710
433.040
433.370
433.690
434.030
434.360
434.680
435.010
435.320
435.640
435.940
436.250
436.570
436.890
437.220
437.520
437.830
438.130
438.430
438.720
439.040
439.370
439.690
440.010
440.350
440.700
441.050
441.390
441.720
442.060
442.380
442.710
443.030
443.350
443.670
443.990
444.310
444.620
444.940
445.260
445.580
445.910
446.220
446.550
446.880
447.200
447.530
447.850
448.180
448.490
448.820
449.150
449.460
449.810
450.140
450.460
450.800
451.110
451.460
451.770
452.100
452.440
452.770
453.100
453.430
453.740
454.090
454.410
454.730
455.060
455.400
455.720
456.060
456.380
456.700
457.020
457.350
457.670
457.990
458.310
458.640
458.970
459.310
459.630
459.950
460.260
460.610
460.930
461.260
461.580
461.900
462.230
462.540
462.890
463.220
463.540
463.870
464.190
464.530
464.850
465.170
465.500
465.820
466.140
466.470
466.800
467.140
467.470
467.800
468.130
468.440
468.770
469.100
469.430
469.760
470.090
470.420
470.770
471.100
471.430
471.760
472.080
472.410
472.730
473.080
473.410
473.740
474.060
474.380
474.710
475.050
475.370
475.700
476.030
476.340
476.670
477.000
477.350
477.660
478.010
478.330
478.660
478.980
479.320
479.640
479.960
480.280
480.610
480.940
481.270
481.600
481.940
482.270
482.580
482.900
483.230
483.550
483.860
484.190
484.510
484.830
485.140
485.470
485.800
486.120
486.450
486.790
487.130
487.450
487.770
488.090
488.400
488.720
489.060
489.370
489.710
490.030
490.370
490.710
491.030
491.360
491.690
492.010
492.340
492.670
493.000
493.310
493.630
493.950
494.290
494.620
494.940
495.260
495.600
495.920
496.230
496.550
496.880
497.210
497.540
497.870
498.180
498.530
498.840
499.170
499.510
499.850
500.160
500.490
500.810
501.130
501.450
501.790
502.110
502.430
502.770
503.100
503.420
503.750
504.060
504.380
504.710
505.030
505.380
505.710
506.040
506.360
506.680
507.010
507.340
507.670
507.990
508.300
508.600
508.920
509.240
509.590
509.910
510.240
510.570
510.900
511.220
511.550
511.870
512.190
512.520
512.840
513.160
513.480
513.800
514.130
514.470
514.790
515.100
515.420
515.740
516.080
516.400
516.740
517.060
517.390
517.700
518.010
518.350
518.670
519.000
519.320
519.660
519.970
520.300
520.620
520.930
521.250
521.570
521.890
522.220
522.560
522.890
523.210
523.560
523.870
524.200
524.510
524.830
525.150
525.500
525.830
526.140
526.460
526.780
527.110
527.440
527.780
528.090
528.420
528.750
529.090
529.400
529.730
530.060
530.380
530.710
531.070
531.410
531.750
532.090
532.420
532.740
533.080
533.410
533.740
534.060
534.380
534.710
535.050
535.380
535.720
536.040
536.370
536.700
537.020
537.330
537.650
537.980
538.300
538.620
538.950
539.290
539.610
539.960
540.290
540.620
540.950
541.280
541.590
541.910
542.210
542.530
542.830
543.150
543.460
543.760
544.070
544.400
544.740
545.070
545.400
545.760
546.100
546.430
546.770
547.100
547.430
547.750
548.070
548.390
548.710
549.030
549.350
549.660
549.980
550.290
550.610
550.910
551.230
551.540
551.850
552.160
552.460
552.760
553.050
553.350
553.660
553.960
554.260
554.550
554.850
