0.290
0.980
1.670
2.370
3.030
3.700
4.360
5.030
5.690
6.350
6.990
7.630
8.270
8.900
9.530
10.180
10.810
11.450
12.050
12.660
13.280
13.940
14.560
15.190
15.800
16.450
17.070
17.690
18.320
18.900
19.500
20.090
20.700
21.300
21.900
22.510
23.090
23.690
24.290
24.910
25.500
26.110
26.710
27.290
27.900
28.480
29.080
29.690
30.290
30.890
31.480
32.100
32.720
33.320
33.910
34.510
35.100
35.730
36.360
36.990
37.620
38.210
38.820
39.440
40.050
40.650
41.270
41.860
42.470
43.070
43.700
44.320
44.930
45.520
46.140
46.720
47.300
47.900
48.520
49.110
49.690
50.280
50.890
51.460
52.050
52.640
53.200
53.780
54.350
54.940
55.510
56.100
56.660
57.240
57.810
58.370
58.930
59.510
60.070
60.650
61.210
61.770
62.340
62.920
63.510
64.060
64.610
65.170
65.730
66.310
66.880
67.430
68.010
68.590
69.180
69.750
70.330
70.910
71.510
72.060
72.630
73.160
73.730
74.300
74.870
75.450
76.010
76.580
77.140
77.700
78.280
78.850
79.410
79.970
80.530
81.090
81.670
82.270
82.830
83.400
83.950
84.540
85.120
85.690
86.250
86.780
87.350
87.900
88.420
88.970
89.520
90.080
90.640
91.210
91.770
92.330
92.890
93.440
94.000
94.560
95.100
95.650
96.200
96.770
97.340
97.900
98.450
98.990
99.570
100.130
100.690
101.250
101.770
102.310
102.870
103.410
103.930
104.470
105.020
105.550
106.130
106.680
107.230
107.780
108.350
108.900
109.440
109.970
110.520
111.090
111.640
112.180
112.700
113.260
113.800
114.340
114.880
115.420
115.960
116.520
117.030
117.600
118.140
118.670
119.210
119.750
120.280
120.820
121.350
121.880
122.430
122.960
123.520
124.040
124.560
125.110
125.640
126.150
126.710
127.260
127.780
128.340
128.860
129.380
129.930
130.470
131.000
131.560
132.110
132.670
133.220
133.760
134.280
134.820
135.390
135.940
136.470
137.000
137.520
138.070
138.590
139.130
139.680
140.220
140.730
141.280
141.810
142.360
142.910
143.470
144.000
144.500
145.060
145.580
146.090
146.640
147.150
147.690
148.220
148.770
149.290
149.800
150.330
150.790
151.280
151.750
152.250
152.730
153.190
153.670
154.170
154.640
155.110
155.610
156.070
156.570
157.040
157.620
158.160
158.700
159.240
159.760
160.330
160.900
161.470
162.030
162.560
163.120
163.700
164.250
164.810
165.330
165.890
166.430
166.960
167.570
168.220
168.840
169.400
170.020
170.580
171.190
171.740
172.270
172.840
173.350
173.910
174.460
174.990
175.510
176.070
176.580
177.130
177.670
178.180
178.730
179.240
179.780
180.320
180.840
181.360
181.900
182.440
183.010
183.560
184.080
184.660
185.230
185.780
186.330
186.870
187.390
187.950
188.490
189.110
189.740
190.320
190.890
191.480
192.060
192.620
193.170
193.750
194.310
194.850
195.420
195.980
196.520
197.070
197.630
198.190
198.760
199.330
199.890
200.410
200.980
201.530
202.040
202.610
203.110
203.650
204.170
204.740
205.280
205.800
206.340
206.890
207.440
207.980
208.490
209.030
209.570
210.120
210.650
211.160
211.680
212.240
212.770
213.330
213.860
214.400
214.940
215.480
216.020
216.560
217.070
217.600
218.130
218.680
219.190
219.730
220.260
220.770
221.290
221.830
222.380
222.930
223.460
224.010
224.560
225.080
225.600
226.130
226.660
227.210
227.720
228.170
228.570
228.960
229.360
229.760
230.150
230.560
230.930
231.330
231.720
232.120
232.520
232.960
233.380
233.800
234.200
234.660
235.090
235.540
235.970
236.390
236.810
237.240
237.690
238.200
238.680
239.200
239.780
240.370
240.990
241.630
242.330
242.980
243.640
244.280
244.980
245.690
246.360
247.090
247.760
