0.060
0.710
1.370
2.040
2.700
3.360
4.010
4.660
5.290
5.960
6.610
7.260
7.920
8.580
9.240
9.910
10.550
11.190
11.840
12.520
13.160
13.770
14.390
15.020
15.660
16.270
16.910
17.510
18.180
18.820
19.440
20.110
20.770
21.410
22.060
22.700
23.350
24.010
24.610
25.270
25.890
26.540
27.170
27.790
28.450
29.070
29.720
30.380
31.020
31.640
32.280
32.880
33.490
34.170
34.790
35.450
36.080
36.770
37.410
38.040
38.650
39.270
39.910
40.570
41.190
41.850
42.480
43.080
43.710
44.340
44.980
45.600
46.230
46.840
47.490
48.120
48.750
49.370
50.000
50.650
51.310
51.930
52.590
53.210
53.820
54.450
55.100
55.740
56.370
56.990
57.650
58.270
58.890
59.510
60.160
60.770
61.380
62.010
62.650
63.280
63.910
64.530
65.180
65.820
66.430
67.070
67.720
68.360
68.990
69.590
70.210
70.840
71.480
72.080
72.690
73.320
73.970
74.610
75.210
75.870
76.470
77.100
77.750
78.380
78.990
79.670
80.300
80.950
81.570
82.180
82.820
83.420
84.070
84.680
85.310
85.950
86.590
87.200
87.800
88.430
89.060
89.660
90.280
90.900
91.540
92.170
92.790
93.380
94.010
94.640
95.290
95.920
96.560
97.190
97.810
98.430
99.070
99.710
100.310
100.950
101.540
102.150
102.750
103.390
104.000
104.600
105.210
105.800
106.430
107.040
107.660
108.250
108.870
109.500
110.130
110.750
111.370
112.000
112.620
113.250
113.870
114.520
115.190
115.820
116.510
117.150
117.780
118.390
119.010
119.650
120.310
120.930
121.590
122.220
122.820
123.450
124.080
124.720
125.340
125.970
126.580
127.230
127.860
128.490
129.120
129.730
130.390
131.050
131.670
132.340
132.950
133.570
134.240
134.900
135.580
136.230
136.890
137.540
138.190
138.830
139.490
140.150
140.800
141.460
142.110
142.780
143.440
144.070
144.720
145.370
146.030
146.720
147.390
148.060
148.720
149.360
149.990
150.650
151.310
151.990
152.640
153.300
153.980
154.620
155.280
155.900
156.580
157.240
157.880
158.500
159.130
