0.750
1.660
2.560
3.440
4.310
5.180
6.100
6.950
7.810
8.710
9.610
10.460
11.360
12.230
13.110
13.970
14.870
15.760
16.630
17.520
18.380
19.270
20.160
21.020
21.870
22.750
23.640
24.510
25.400
26.240
27.130
28.000
28.880
29.760
30.660
31.530
32.410
33.260
34.120
34.990
35.870
36.740
37.590
38.460
39.330
40.210
41.090
41.930
42.810
43.700
44.560
45.420
46.280
47.140
48.000
48.870
49.740
50.600
51.480
52.350
53.230
54.070
54.900
55.410
55.840
56.290
56.720
57.170
57.620
58.060
58.490
58.920
59.360
59.790
60.230
60.660
61.080
61.520
61.940
62.350
62.790
63.210
63.620
64.030
64.470
64.880
65.310
65.730
66.160
66.580
67.010
67.410
67.850
68.260
68.690
69.100
69.520
69.960
70.390
70.820
71.250
71.680
72.120
72.550
72.980
73.410
73.830
74.250
74.680
75.110
75.540
75.970
76.390
76.810
77.230
77.650
78.080
78.510
78.930
79.360
79.770
80.210
80.640
81.070
81.510
81.940
82.380
82.820
83.260
83.700
84.140
84.570
85.000
85.430
85.870
86.300
86.730
87.170
87.600
88.030
88.470
88.900
89.330
89.760
90.200
90.620
91.060
91.470
91.910
92.340
92.770
93.200
93.630
94.040
94.460
94.890
95.320
95.750
96.190
96.610
97.040
97.460
97.890
98.320
98.760
99.180
99.610
100.060
100.490
100.900
101.330
101.770
102.190
102.620
103.050
103.490
103.900
104.330
104.760
105.180
105.590
106.020
106.440
106.890
107.300
107.740
108.160
108.600
109.040
109.460
109.890
110.320
110.740
111.190
111.600
112.040
112.480
112.890
113.330
113.750
114.170
114.580
115.010
115.440
115.860
116.290
116.730
117.160
117.600
118.020
118.450
118.890
119.340
119.770
120.200
120.630
121.060
121.490
121.920
122.350
122.790
123.220
123.650
124.080
124.520
124.950
125.380
125.820
126.250
126.680
127.100
127.530
127.970
128.390
128.820
129.250
129.690
130.120
130.550
130.980
131.410
131.830
132.250
132.670
133.090
133.510
133.930
134.360
134.780
135.190
135.620
136.030
136.460
136.890
137.300
137.730
138.140
138.550
138.970
139.410
139.840
140.280
140.710
141.120
141.560
141.990
142.430
142.870
143.290
143.720
144.170
144.580
145.010
145.430
145.860
146.280
146.710
147.130
147.560
147.990
148.420
148.840
149.270
149.680
150.110
150.530
150.960
151.380
151.820
152.230
152.670
153.090
153.530
153.960
154.390
154.810
155.240
155.660
156.080
156.500
156.930
157.350
157.790
158.200
158.620
159.060
159.480
159.900
160.330
160.750
161.180
161.620
162.060
162.480
162.920
163.330
163.760
164.200
164.610
165.040
165.460
165.880
166.300
166.740
167.170
167.590
168.020
168.450
168.860
169.280
169.710
170.110
170.540
170.950
171.370
171.790
172.210
172.630
173.060
173.480
173.900
174.330
174.750
175.180
175.590
176.020
176.430
176.870
177.290
177.720
178.140
178.560
179.010
179.430
179.860
180.300
180.720
181.150
181.580
182.010
182.440
182.880
183.310
183.720
184.160
184.570
185.000
185.440
185.870
186.300
186.730
187.150
187.580
188.000
188.430
188.860
189.280
189.710
190.140
190.560
190.990
191.420
191.860
192.300
192.730
193.160
193.590
194.000
194.430
194.860
195.290
195.710
196.130
196.540
196.960
197.390
197.820
198.240
198.670
199.090
199.510
199.920
200.340
200.750
201.170
201.590
202.030
202.470
202.890
203.290
203.710
204.130
204.570
204.970
205.400
205.830
206.260
206.670
207.110
207.540
207.970
208.400
208.830
209.250
209.700
210.100
210.530
210.940
211.370
211.780
212.210
212.630
213.050
213.480
213.910
214.330
214.760
215.170
215.600
216.020
216.440
216.860
217.280
217.700
218.130
218.530
218.970
219.380
219.800
220.220
220.640
221.060
221.490
221.910
222.330
222.740
223.150
223.570
223.990
224.410
224.850
225.260
225.680
226.090
226.510
226.920
227.340
227.760
228.180
228.590
229.020
229.430
229.860
230.280
230.700
231.110
231.540
231.960
232.380
232.790
233.210
233.630
234.050
234.450
234.880
235.290
235.720
236.130
236.550
236.960
237.390
237.800
238.220
238.640
239.070
239.490
239.920
240.350
240.770
241.190
241.620
242.030
242.460
242.890
243.320
243.740
244.150
244.570
244.990
245.410
245.830
246.260
246.690
247.110
247.540
247.950
248.380
248.790
249.220
249.630
250.070
250.480
250.910
251.330
251.750
252.170
252.600
253.010
253.450
253.870
254.290
254.730
255.140
255.560
255.990
256.400
256.830
257.240
257.670
258.090
258.520
258.940
259.370
259.790
260.230
260.650
261.080
261.530
261.960
262.390
262.810
263.230
263.650
264.060
264.480
264.900
265.330
265.720
266.140
266.550
266.950
267.360
267.780
268.210
268.630
269.040
269.460
269.880
270.290
270.710
271.260
271.970
272.810
273.660
274.530
275.440
276.340
277.240
278.130
279.020
279.930
280.790
281.640
282.490
283.380
284.250
285.150
286.020
286.910
287.770
288.670
289.560
290.450
291.340
292.220
293.110
293.980
294.870
295.730
296.620
297.520
298.380
299.260
300.160
301.030
301.910
302.810
303.700
304.600
305.480
306.330
307.200
308.070
308.940
309.820
310.710
311.580
312.440
313.320
314.220
315.110
315.980
316.890
317.770
318.640
319.520
320.400
321.250
322.140
323.000
323.850
324.750
325.620
326.470
327.340
328.210
329.050
329.570
330.010
330.480
330.930
331.370
331.820
332.260
332.680
333.110
333.540
333.970
334.410
334.840
335.280
335.710
336.120
336.550
336.990
337.420
337.830
338.260
338.690
339.100
339.520
339.940
340.350
340.770
341.190
341.600
342.010
342.420
342.850
343.260
343.680
344.110
344.540
344.960
345.360
345.780
346.200
346.620
347.040
347.460
347.890
348.320
348.750
349.160
349.600
350.030
350.450
350.850
351.270
351.710
352.130
352.560
352.990
353.440
353.870
354.330
354.810
355.280
355.750
356.220
356.670
357.140
357.610
358.100
358.550
359.020
359.500
359.940
360.420
360.880
361.320
361.780
362.240
362.700
363.160
363.620
364.110
364.580
365.030
