0.350
1.070
1.800
2.540
3.310
4.060
4.760
5.520
6.300
7.080
7.850
8.660
9.410
10.220
10.970
11.750
12.540
13.320
14.160
14.960
15.730
16.530
17.280
17.990
18.750
19.530
20.330
21.150
21.920
22.730
23.570
24.460
25.370
26.230
27.120
27.980
28.900
29.750
30.690
31.580
32.500
33.400
34.290
35.150
36.080
36.910
37.810
38.670
39.550
40.450
41.310
42.240
43.120
44.090
45.000
45.940
46.860
47.830
48.740
49.710
50.630
51.560
52.520
53.460
54.410
55.350
56.300
57.230
58.170
59.120
60.020
60.960
61.910
62.830
63.760
64.720
65.670
66.570
67.500
68.430
69.340
70.310
71.200
72.100
73.040
73.990
74.860
75.740
76.650
77.590
78.510
79.380
80.320
81.250
82.150
83.110
84.060
85.000
85.920
86.880
87.820
88.800
89.730
90.680
91.600
92.560
93.530
94.470
95.410
96.380
97.280
98.250
99.130
100.030
100.930
101.840
102.770
103.710
104.650
105.590
106.530
107.480
108.430
109.400
110.370
111.300
112.270
113.240
114.150
115.140
116.110
117.070
118.020
118.960
119.940
120.890
121.830
122.780
123.730
124.620
125.590
126.560
127.500
128.440
129.370
130.380
131.340
132.300
133.290
134.220
135.190
136.100
137.020
137.950
138.890
139.830
140.780
141.710
142.610
143.430
144.030
144.500
144.940
145.420
145.870
146.320
146.760
147.230
147.710
148.170
148.640
149.120
149.580
150.060
150.540
151.010
151.470
151.930
152.420
152.890
153.340
153.830
154.290
154.750
155.220
155.690
156.160
156.640
157.120
157.580
158.040
158.530
159.000
159.450
159.940
160.420
160.890
161.360
161.860
162.320
162.800
163.280
163.760
164.250
164.730
165.190
165.650
166.140
166.600
167.100
167.580
168.050
168.530
169.010
169.490
169.970
170.460
170.930
171.400
171.890
172.340
172.820
173.290
173.770
174.280
174.750
175.230
175.720
176.230
176.690
177.180
177.650
178.140
178.610
179.110
179.580
180.070
180.530
181.020
181.490
181.950
182.430
182.940
183.410
183.920
184.390
184.870
185.340
185.830
186.300
186.800
187.280
187.760
188.220
188.710
189.180
189.680
190.140
190.630
191.110
191.610
192.080
192.580
193.050
193.540
194.020
194.520
194.980
195.470
195.950
196.420
196.900
197.380
197.870
198.330
198.800
199.290
199.750
200.230
200.730
201.210
201.680
202.160
202.640
203.120
203.600
204.070
204.570
205.040
205.540
206.030
206.520
206.990
207.470
207.960
208.440
208.950
209.430
209.900
210.410
210.900
211.380
211.880
212.370
212.840
213.340
213.820
214.310
214.800
215.290
215.780
216.260
216.750
217.230
217.730
218.230
218.720
219.230
219.720
220.210
220.720
221.190
221.700
222.190
222.690
223.180
223.670
224.160
224.640
225.110
225.630
226.100
226.580
227.080
227.550
228.050
228.510
229.000
229.480
229.960
230.440
230.930
231.400
231.870
232.380
232.850
233.340
233.840
234.340
234.830
235.310
235.800
236.270
236.760
237.240
237.730
238.200
238.690
239.170
239.650
240.140
240.630
241.120
241.650
242.130
242.610
243.110
243.610
244.100
244.580
245.090
245.590
246.080
246.570
247.070
247.570
248.050
248.530
249.030
249.530
250.020
250.510
251.020
251.510
252.000
252.490
252.990
253.470
253.970
254.430
254.920
255.410
255.900
256.410
256.920
257.410
257.930
258.410
258.910
259.380
259.890
260.350
260.870
261.360
261.880
262.340
262.860
263.330
263.810
264.310
264.810
265.300
265.800
266.310
266.800
267.320
267.820
268.290
268.830
269.320
269.850
270.340
270.870
271.370
271.920
272.410
272.960
273.550
274.150
274.630
275.080
275.510
275.930
276.340
276.750
277.180
277.590
278.020
278.430
278.850
279.310
279.740
280.170
280.650
281.090
281.560
282.030
282.480
282.930
283.400
283.870
284.360
284.850
285.330
285.820
286.380
286.910
287.460
288.000
288.550
289.070
289.590
290.120
290.640
291.040
291.450
291.880
292.270
292.680
293.110
293.520
293.910
294.320
294.740
295.150
295.530
295.910
296.300
296.700
297.100
297.510
297.910
298.300
298.710
299.130
299.520
299.940
300.380
300.800
301.270
301.710
302.200
302.670
303.140
303.610
304.060
304.540
305.020
305.470
305.960
306.430
306.880
307.350
307.830
308.310
308.780
309.250
309.710
310.190
