0.930
1.870
2.840
3.790
4.670
5.520
6.510
7.420
8.390
9.280
10.200
11.120
11.890
12.650
13.410
14.210
15.000
15.780
16.520
17.320
18.080
18.830
19.610
20.360
21.090
21.880
22.670
23.420
24.200
24.980
25.700
26.460
27.260
28.010
28.760
29.490
30.230
30.980
31.720
32.570
33.330
34.170
35.010
35.770
36.550
37.310
38.050
38.890
39.730
40.580
41.410
42.190
43.020
43.880
44.730
45.540
46.320
47.160
47.980
48.840
49.670
50.460
51.300
52.090
52.960
53.780
54.590
55.460
56.260
57.040
57.870
58.690
59.530
60.330
61.140
61.970
62.790
63.620
64.420
65.280
66.090
66.940
67.720
68.560
69.370
70.210
71.050
71.860
72.690
73.520
74.370
75.180
76.000
76.870
77.670
78.480
79.280
80.130
80.970
81.750
82.560
83.390
84.250
85.040
85.850
86.710
87.530
88.310
89.130
89.940
90.770
91.570
92.360
93.200
94.020
94.850
95.670
96.500
97.320
98.130
98.970
99.830
100.650
101.440
102.240
103.080
103.870
104.710
105.490
106.320
107.120
107.960
108.750
109.560
110.370
111.240
112.040
112.870
113.710
114.520
115.330
116.150
116.970
117.780
118.590
119.420
120.190
121.040
121.880
122.700
123.510
124.370
125.170
126.010
126.860
127.690
128.530
129.330
130.170
130.980
131.860
132.660
133.490
134.320
135.140
135.950
136.750
137.580
138.430
139.250
140.090
140.910
141.760
142.560
143.410
144.230
145.060
145.880
146.700
147.510
148.360
149.180
150.010
150.830
151.660
152.520
153.340
154.130
154.950
155.730
156.540
157.400
158.210
159.030
159.830
160.700
161.510
162.360
163.190
163.970
164.730
165.470
166.240
166.970
167.750
168.530
169.270
170.060
170.810
171.590
172.480
173.310
174.170
175.010
175.850
176.660
177.520
178.460
179.410
180.490
181.640
182.670
183.820
184.820
185.840
186.890
187.940
188.940
189.980
190.980
191.990
192.960
193.930
194.880
195.770
196.720
197.690
198.660
199.570
200.560
201.490
202.460
203.410
204.410
205.330
206.300
