0.310
1.370
2.360
3.370
4.420
5.430
6.470
7.500
8.520
9.520
10.570
11.640
12.680
13.740
14.760
15.850
16.940
18.040
19.080
20.180
21.260
22.370
23.460
24.530
25.560
26.640
27.670
28.750
29.820
30.870
31.950
33.030
34.100
35.220
36.280
37.390
38.420
39.490
40.560
41.660
42.700
43.780
44.870
45.900
46.910
47.950
49.050
50.140
51.200
52.290
53.350
54.420
55.470
56.520
57.590
58.640
59.710
60.780
61.870
62.910
63.990
65.040
66.090
67.210
68.270
69.380
70.420
71.490
72.550
73.630
74.710
75.750
76.880
77.910
79.030
80.110
81.210
82.290
83.360
84.460
85.570
86.650
87.730
88.850
89.950
91.030
92.110
93.210
94.290
95.410
96.470
97.560
98.660
99.710
100.830
101.890
102.970
104.050
105.200
106.260
107.310
108.370
109.450
110.480
111.570
112.590
113.690
114.740
115.790
116.860
117.910
119.000
120.100
121.190
122.240
123.350
124.440
125.480
126.570
127.660
128.740
129.830
130.900
132.010
133.120
134.190
135.290
136.360
137.450
138.570
139.390
140.140
140.710
141.290
141.830
142.420
142.950
143.540
144.090
144.620
145.170
145.740
146.290
146.840
147.360
147.890
148.450
148.990
149.560
150.120
150.670
151.180
151.740
152.270
152.820
153.400
153.930
154.520
155.070
155.640
156.180
156.720
157.240
157.760
158.280
158.820
159.370
159.910
160.460
161.030
161.580
162.150
162.710
163.270
163.870
164.390
164.970
165.490
166.020
166.590
167.100
167.640
168.200
168.790
169.350
169.880
170.420
171.010
171.570
172.170
172.730
173.330
173.890
174.480
175.070
175.670
176.280
176.830
177.410
178.020
178.590
179.170
179.800
180.400
180.970
181.570
182.200
182.810
183.410
184.070
184.690
185.300
185.960
186.560
187.220
187.820
188.450
189.080
189.740
190.370
