0.250
0.830
1.380
1.990
2.540
3.120
3.730
4.300
4.860
5.450
5.990
6.580
7.120
7.700
8.250
8.810
9.360
9.920
10.480
11.060
11.600
12.170
12.700
13.080
13.500
13.890
14.300
14.680
15.070
15.460
15.860
16.250
16.670
17.060
17.460
17.850
18.260
18.670
19.070
19.460
19.870
20.270
20.670
21.040
21.440
21.830
22.220
22.610
22.990
23.400
23.790
24.170
24.560
24.980
25.370
25.760
26.160
26.560
26.970
27.380
27.750
28.150
28.530
28.920
29.330
29.720
30.110
30.480
30.890
31.270
31.670
32.050
32.450
32.820
33.220
33.600
34.000
34.400
34.780
35.190
35.570
35.970
36.390
36.780
37.150
37.520
37.890
38.270
38.640
38.990
39.370
39.770
40.150
40.560
40.950
41.350
41.740
42.140
42.550
42.940
43.350
43.730
44.140
44.540
44.930
45.340
45.740
46.140
46.530
46.930
47.350
47.720
48.110
48.520
48.940
49.360
49.770
50.180
50.590
50.980
51.380
51.790
52.200
52.620
53.030
53.410
53.830
54.220
54.600
55.000
55.370
55.780
56.150
56.540
56.940
57.330
57.700
58.080
58.450
58.800
59.170
59.560
59.960
60.350
60.760
61.190
61.580
62.010
62.400
62.790
63.190
63.560
63.950
64.350
64.730
65.120
65.520
65.920
66.310
66.690
67.080
67.470
67.860
68.250
68.670
69.050
69.450
69.830
70.230
70.630
71.020
71.420
71.830
72.230
72.620
73.030
73.420
73.840
74.230
74.630
75.030
75.430
75.830
76.230
76.660
77.060
77.450
77.850
78.270
78.670
79.060
79.460
79.850
80.270
80.670
81.070
81.490
81.890
82.310
82.700
83.110
83.530
83.950
84.360
84.770
85.170
85.580
85.980
86.390
86.790
87.190
87.600
88.000
88.410
88.800
89.220
89.610
90.040
90.430
90.860
91.270
91.680
92.090
92.490
92.910
93.310
93.720
94.120
94.480
94.860
95.260
95.640
96.000
96.420
96.840
97.240
97.640
98.050
98.480
98.870
99.300
99.720
100.130
100.560
100.970
101.410
101.810
102.240
102.660
103.080
103.490
103.910
104.340
104.760
105.180
105.590
106.020
106.450
106.870
107.280
107.690
108.130
108.530
108.960
109.380
109.810
110.230
110.640
111.040
111.450
111.850
112.280
112.690
113.080
113.510
113.910
114.310
114.720
115.100
115.520
115.950
116.380
116.800
117.220
117.620
118.060
118.460
118.870
119.270
119.700
120.090
120.510
120.930
121.320
121.730
122.150
122.560
122.960
123.350
123.760
124.140
124.560
124.990
125.410
125.810
126.240
126.670
127.050
127.410
127.790
128.170
128.550
128.940
129.340
129.770
130.160
130.590
130.990
131.380
131.790
132.200
132.600
132.990
133.360
133.760
134.160
134.540
134.940
135.340
135.740
136.130
136.520
136.910
137.290
137.670
138.050
138.440
138.820
139.200
139.590
139.970
140.350
140.730
141.120
141.500
141.880
142.260
142.640
143.030
143.420
143.810
144.190
144.570
144.970
145.340
145.730
146.120
146.480
146.840
147.220
147.590
147.950
148.340
148.730
149.110
149.490
149.860
150.240
150.620
151.000
151.380
151.760
152.140
152.510
152.890
153.280
153.660
154.060
154.450
154.850
155.240
155.620
156.010
156.400
156.760
157.140
157.550
157.940
158.330
158.720
159.100
159.490
159.870
160.260
160.660
161.050
161.430
161.820
162.210
162.600
162.970
163.370
163.740
164.120
164.500
164.890
165.290
165.690
166.070
166.460
166.860
167.240
167.630
168.020
168.400
168.780
169.160
169.550
169.930
170.320
170.680
171.070
171.440
171.830
172.200
172.610
173.100
173.590
174.060
174.530
175.120
175.660
176.230
176.800
177.390
177.930
178.510
179.090
179.650
180.220
180.770
181.350
181.900
182.470
183.020
183.600
184.140
184.720
185.270
185.840
186.410
186.970
187.520
188.080
188.640
189.210
189.770
190.360
190.750
191.130
191.520
191.910
192.280
192.660
193.060
193.430
193.800
194.170
194.540
194.910
195.290
195.660
196.040
196.410
196.760
197.150
197.540
197.900
198.300
198.680
199.040
199.430
199.790
200.170
200.540
200.910
201.310
201.700
202.150
202.560
203.060
203.540
204.000
204.510
205.030
205.500
206.020
206.520
207.060
207.540
208.080
208.570
209.050
209.570
210.070
210.560
211.080
211.570
212.070
212.590
213.100
213.580
214.120
214.680
215.260
215.820
216.380
216.910
217.490
218.040
218.620
219.140
219.660
220.190
220.710
221.270
221.770
222.310
222.790
223.290
223.810
224.290
224.780
225.290
225.680
226.060
226.460
226.840
227.250
227.650
228.050
228.450
228.840
229.240
229.640
230.040
230.420
230.820
231.210
231.610
231.990
232.380
232.750
233.140
233.510
233.890
234.260
234.630
234.990
235.350
235.730
236.110
236.490
236.870
237.250
237.620
237.990
238.350
238.710
239.090
239.470
239.860
240.240
240.600
240.970
241.340
241.700
242.080
242.450
242.830
243.180
243.570
243.920
244.290
244.670
245.060
245.440
245.830
246.200
246.590
246.970
247.330
247.720
248.100
248.470
248.850
249.230
249.600
249.950
250.340
250.710
251.110
251.480
251.860
252.240
252.610
253.000
253.380
253.780
254.160
254.550
254.930
255.330
255.700
256.090
256.480
256.880
257.270
257.630
258.020
258.400
258.790
259.180
259.550
259.940
260.320
260.700
261.080
261.480
261.860
262.250
262.640
263.020
263.400
263.780
264.160
264.550
264.930
265.320
265.690
266.070
266.450
266.830
267.210
267.600
267.990
268.370
268.750
269.130
269.520
269.910
270.300
270.670
271.050
271.440
271.830
272.210
272.590
272.970
273.340
273.720
274.090
274.480
274.850
275.240
275.640
276.020
276.400
276.780
277.170
277.560
277.930
278.310
278.700
279.080
279.470
279.860
280.240
280.630
281.010
281.390
281.790
282.160
282.550
282.930
283.310
283.710
284.100
284.490
284.870
285.250
285.640
286.020
286.410
286.790
287.170
287.560
287.950
288.330
288.720
289.110
289.490
289.870
290.260
290.640
291.030
291.410
291.800
292.180
292.560
292.940
293.330
293.720
294.100
294.480
294.870
295.270
295.650
296.020
296.400
296.790
297.160
297.520
297.900
298.290
298.660
299.030
299.420
299.800
300.200
300.590
300.980
301.380
301.750
302.150
302.540
302.930
303.320
303.710
304.090
304.490
304.890
305.290
305.690
306.100
306.510
306.930
307.320
307.730
308.160
308.600
309.030
309.460
309.870
310.300
310.740
311.150
311.560
311.960
312.370
312.800
313.190
313.610
314.050
314.470
314.940
315.370
315.840
316.310
316.750
317.230
317.690
318.150
318.590
319.070
319.520
319.970
320.420
320.850
321.270
321.700
322.130
322.580
323.010
323.420
323.870
324.280
324.730
325.160
325.570
326.010
326.410
326.830
327.270
327.640
328.050
328.430
328.820
329.200
329.590
329.980
330.390
330.770
331.150
331.530
331.910
332.310
332.700
333.100
333.490
333.850
334.250
334.620
334.980
335.350
335.720
336.100
336.480
336.840
337.220
337.580
337.940
338.310
338.700
339.070
339.440
339.800
340.180
340.560
340.950
341.310
341.710
342.090
342.500
342.890
343.270
343.650
344.040
344.410
344.790
345.140
345.530
345.920
346.290
346.660
347.040
347.410
347.790
348.140
348.510
348.900
349.290
349.660
350.040
350.410
350.800
351.170
351.550
351.930
352.310
352.670
353.050
353.400
353.780
354.140
354.540
354.900
355.300
355.670
356.040
356.400
356.780
357.150
357.510
357.880
358.260
358.650
359.060
359.450
359.860
360.240
360.650
361.060
361.460
361.840
362.260
362.640
363.050
363.440
363.860
364.250
364.640
365.050
365.450
365.850
366.250
366.640
367.050
367.440
367.840
368.230
368.650
369.040
369.440
369.840
370.230
370.600
371.010
371.380
371.790
372.170
372.540
372.910
373.310
373.700
374.080
374.480
374.860
375.250
375.620
376.000
376.370
376.770
377.130
377.530
377.920
378.310
378.680
379.070
379.470
379.860
380.240
380.640
381.040
381.410
381.790
382.160
382.500
382.880
383.230
383.560
383.910
384.290
384.640
385.010
385.360
385.750
386.100
386.470
386.840
387.210
387.600
387.970
388.340
388.690
389.060
389.430
389.810
390.190
390.560
390.930
391.280
391.650
392.010
392.370
392.760
393.130
393.530
393.900
394.270
394.640
395.020
395.400
395.760
396.140
396.540
396.920
397.290
397.670
398.040
398.440
398.830
399.230
399.600
400.010
400.360
400.740
401.100
401.450
401.790
402.130
402.490
402.830
403.190
403.550
403.930
404.280
404.610
404.950
405.280
405.610
405.950
406.300
406.650
406.970
407.320
407.650
407.970
408.300
408.630
408.970
409.310
409.630
409.960
410.270
410.580
410.880
411.190
411.520
411.830
412.160
412.480
412.790
413.120
413.420
413.730
414.050
414.360
414.670
414.970
415.290
415.600
415.900
416.210
416.540
416.900
417.230
417.620
418.010
418.380
418.750
419.140
419.510
419.890
420.260
420.640
421.000
421.370
421.760
422.140
422.500
422.880
423.240
423.630
424.000
424.310
424.640
424.970
425.300
425.680
426.040
426.430
426.780
427.140
427.490
427.850
428.240
428.610
428.970
429.330
429.710
430.080
430.430
430.790
431.160
431.540
431.890
432.260
432.610
432.980
433.320
433.680
434.050
434.410
434.780
435.130
435.510
435.860
436.240
436.600
436.970
437.330
437.680
438.060
438.420
438.790
439.140
439.510
439.870
440.240
440.590
440.970
441.320
441.690
442.080
442.450
442.820
443.190
443.530
443.900
444.270
444.610
444.990
445.370
445.770
446.140
446.530
446.910
447.290
447.660
448.040
448.430
448.810
449.190
449.570
449.950
450.320
450.710
451.070
451.450
451.840
452.210
452.590
452.990
453.340
453.720
454.070
454.420
454.800
455.170
455.530
455.900
456.260
456.650
457.010
457.380
457.760
458.140
458.520
458.880
459.250
459.640
459.990
460.380
460.740
461.110
461.490
461.890
462.270
462.660
463.040
463.420
463.790
464.180
464.550
464.950
465.320
465.700
466.070
466.470
466.850
467.230
467.590
467.950
468.330
468.700
469.080
469.480
469.850
470.240
470.620
471.030
471.420
471.810
472.190
472.590
472.970
473.370
473.750
474.140
474.530
474.920
475.300
475.690
476.090
476.480
476.870
477.270
477.650
478.040
478.430
478.810
479.210
479.610
479.980
480.390
480.780
481.160
481.550
481.950
482.330
482.720
483.100
483.460
483.820
484.210
484.580
484.930
485.330
485.720
486.110
486.480
486.880
487.280
487.660
488.050
488.440
488.840
489.240
489.630
490.040
490.440
490.820
491.220
491.680
492.160
492.720
493.310
493.900
494.460
495.040
495.600
496.160
496.700
497.260
497.820
498.390
498.950
499.560
500.140
500.740
501.320
501.920
502.480
503.170
503.830
504.480
505.160
505.930
506.630
507.390
508.080
508.840
509.540
510.380
511.150
512.000
512.790
513.610
514.410
515.280
516.080
516.890
517.820
518.680
519.560
520.460
521.280
522.110
523.010
523.830
524.720
525.590
526.410
527.240
528.090
529.090
530.030
530.960
531.970
532.930
533.860
534.820
535.780
536.660
537.590
538.570
539.540
540.520
541.440
542.420
543.360
544.310
545.180
546.070
546.960
547.880
548.810
549.640
550.550
551.400
552.210
553.020
553.790
554.590
555.310
556.030
556.710
557.440
558.100
558.830
559.500
560.140
560.750
561.360
561.990
562.610
563.210
563.830
564.430
565.020
565.610
566.250
566.880
567.550
568.160
568.810
569.450
570.090
570.690
571.320
571.950
572.610
573.230
573.840
574.500
575.100
575.730
576.370
577.040
577.700
578.390
579.040
579.710
580.450
581.130
581.860
582.550
583.310
584.150
584.930
585.760
586.620
587.410
588.280
589.090
589.920
590.780
591.600
592.460
593.370
594.210
595.080
595.900
596.770
597.720
598.620
599.580
600.450
601.360
602.220
603.080
603.960
604.870
605.870
606.830
607.850
608.790
609.770
610.730
611.600
612.510
613.400
614.270
615.090
615.910
616.740
617.600
618.490
619.410
620.300
621.250
622.150
623.120
624.050
625.100
626.140
627.260
628.290
629.360
630.420
631.490
632.600
633.670
634.600
635.460
636.410
637.310
638.180
639.110
639.960
640.870
641.780
642.620
643.500
644.320
645.180
646.050
646.930
647.810
648.850
649.810
650.810
651.880
652.790
653.750
654.720
655.690
656.630
657.640
658.580
659.470
660.420
661.330
662.150
663.010
663.870
664.690
665.550
666.250
666.950
667.700
668.400
669.070
669.700
670.300
670.870
671.500
672.070
672.670
673.300
673.900
674.470
675.070
675.670
676.270
676.880
677.480
678.100
678.670
679.280
679.880
680.470
681.060
681.650
682.220
682.810
683.400
683.980
684.570
685.160
685.760
686.340
686.930
687.500
688.100
688.690
689.280
689.870
690.470
691.080
691.690
692.280
692.870
693.470
694.050
694.660
695.250
695.820
696.410
697.000
697.580
698.180
698.750
699.330
699.910
700.520
701.120
701.690
702.250
702.840
703.410
704.000
704.590
705.170
705.740
706.340
706.930
707.520
708.110
708.710
709.280
709.870
710.450
711.030
711.620
712.200
712.760
713.340
713.920
714.520
715.130
715.700
716.270
716.830
717.390
717.950
718.540
719.090
719.670
720.260
720.860
721.420
722.010
722.590
723.160
723.720
724.290
724.890
725.450
726.020
726.610
727.200
727.790
728.350
728.910
729.490
730.060
730.630
731.190
731.770
732.350
732.910
733.460
734.050
734.610
735.190
735.770
736.340
736.880
737.470
738.020
738.590
739.160
739.710
740.280
740.840
741.400
741.980
742.540
743.090
743.660
744.230
744.790
745.350
745.910
746.460
747.000
747.590
748.150
748.700
749.290
749.850
750.420
750.970
751.540
752.090
752.650
753.220
753.800
754.370
754.950
755.520
756.050
756.630
757.200
757.750
758.320
758.860
759.430
760.000
760.580
761.140
761.710
762.280
762.820
763.390
763.950
764.520
765.070
765.630
766.200
766.750
767.320
767.890
768.430
769.000
769.590
770.140
770.690
771.280
771.820
772.390
772.950
773.510
774.090
774.670
775.220
775.760
776.340
776.880
777.450
778.000
778.570
779.140
779.720
780.270
780.840
781.400
781.970
782.540
783.110
783.680
784.250
784.830
785.400
785.960
786.500
787.050
787.620
788.180
788.750
789.320
789.880
790.440
791.000
791.530
792.090
792.670
793.240
793.810
794.390
794.930
795.500
796.050
796.600
797.160
797.720
798.280
798.820
799.400
799.950
800.500
801.050
801.630
802.190
802.750
803.310
803.860
804.430
804.980
805.520
806.090
806.640
807.200
807.760
808.300
808.880
809.430
809.980
810.560
811.090
811.650
812.200
812.750
813.300
813.880
814.430
815.000
815.550
816.110
816.680
817.250
817.810
818.400
818.940
819.510
820.050
820.620
821.190
821.760
822.330
822.860
823.450
823.990
824.540
825.100
825.680
826.220
826.800
827.360
827.910
828.470
829.040
829.600
830.160
830.730
831.280
831.840
832.410
832.990
833.570
834.110
834.660
835.250
835.800
836.380
836.940
837.500
838.080
838.640
839.220
839.770
840.330
840.880
841.430
842.000
842.560
843.140
843.670
844.260
844.830
845.400
845.980
846.540
847.100
847.650
848.190
848.750
849.320
849.890
850.470
851.030
851.590
852.140
852.700
853.270
853.820
854.390
854.960
855.510
856.080
856.630
857.200
857.730
858.320
858.880
859.420
859.990
860.540
861.110
861.660
862.230
862.800
863.360
863.900
864.460
865.020
865.600
866.130
866.690
867.270
867.820
868.400
868.970
869.530
870.110
870.660
871.230
871.780
872.350
872.930
873.510
874.070
874.620
875.160
875.730
876.300
876.880
877.440
878.010
878.570
879.140
879.690
880.250
880.830
881.380
881.940
882.510
883.050
883.600
884.150
884.720
885.280
885.840
886.410
886.980
887.560
888.130
888.700
889.270
889.860
890.430
890.990
891.550
892.130
892.690
893.260
893.840
894.400
894.970
895.540
896.100
896.680
897.250
897.810
898.360
898.920
899.470
900.040
900.590
901.150
901.730
902.270
902.850
903.410
904.000
904.560
905.120
905.680
906.260
906.820
907.400
907.960
908.520
909.090
909.640
910.210
910.760
911.320
911.870
912.460
913.020
913.590
914.150
914.710
915.270
915.840
916.400
916.950
917.530
918.080
918.660
919.220
919.780
920.320
920.890
921.440
921.990
922.520
923.080
923.630
924.190
924.740
925.280
925.810
926.380
926.970
927.520
928.090
928.630
929.190
929.770
930.330
930.880
931.430
931.970
932.500
933.060
933.610
934.170
934.730
935.280
935.830
936.380
936.920
937.470
938.020
938.560
939.090
939.660
940.240
940.800
941.370
941.920
942.480
943.030
943.580
944.130
944.700
945.240
945.810
946.350
946.900
947.420
947.980
948.520
949.080
949.640
950.190
950.710
951.240
951.770
952.290
952.830
953.340
953.870
954.400
954.930
955.450
955.950
956.470
956.990
957.520
958.030
958.510
958.980
959.470
959.990
960.490
960.990
961.520
962.040
962.550
963.070
963.580
964.120
964.640
965.170
965.740
966.280
966.790
967.320
967.860
968.370
968.890
969.420
969.950
970.460
970.970
971.490
972.030
972.530
973.040
973.540
974.060
974.610
975.140
975.680
976.210
976.720
977.230
977.750
978.260
978.800
979.320
979.830
980.370
980.860
981.320
981.800
982.290
982.800
983.290
983.800
984.320
984.820
985.310
985.800
986.310
986.810
987.310
987.840
988.390
988.910
989.440
989.950
990.460
990.970
991.470
992.010
992.500
992.990
993.450
993.960
994.430
994.940
995.410
995.930
996.440
996.920
997.460
997.950
998.510
999.030
999.530
1000.030
1000.520
1001.040
1001.550
1002.050
1002.550
1003.080
1003.570
1004.070
1004.580
1005.080
1005.570
1006.060
1006.570
1007.060
1007.560
1008.080
1008.660
1009.200
1009.760
1010.270
1010.750
1011.230
1011.730
1012.230
1012.710
1013.210
1013.670
1014.190
1014.670
1015.160
1015.660
1016.150
1016.660
1017.160
1017.650
1018.150
1018.650
1019.210
1019.760
1020.290
1020.810
1021.370
1021.880
1022.380
1022.870
1023.370
1023.840
1024.340
1024.900
1025.420
1025.950
1026.430
1026.920
1027.380
1027.870
1028.410
1028.970
1029.500
1030.040
1030.580
1031.110
1031.660
1032.190
1032.730
1033.280
1033.800
1034.330
1034.870
1035.400
1035.940
1036.470
1037.000
1037.560
1038.090
1038.680
1039.230
1039.780
1040.330
1040.870
1041.410
1041.960
1042.500
1043.030
1043.580
1044.130
1044.670
1045.210
1045.760
1046.280
1046.810
1047.370
1047.920
1048.470
1049.020
1049.570
1050.100
1050.640
1051.190
1051.720
1052.270
1052.810
1053.360
1053.890
1054.430
1054.970
1055.520
1056.070
1056.620
1057.160
1057.680
1058.210
1058.750
1059.290
1059.820
1060.360
1060.890
1061.430
1061.960
1062.480
1063.020
1063.550
1064.080
1064.620
1065.140
1065.670
1066.200
1066.730
1067.260
1067.790
1068.320
1068.860
1069.400
1069.920
1070.440
1070.980
1071.500
1072.030
1072.550
1073.080
1073.600
1074.130
1074.660
1075.190
1075.720
1076.250
1076.750
1077.290
1077.830
1078.360
1078.880
1079.410
1079.930
1080.460
1080.990
1081.530
1082.040
1082.550
1083.070
1083.590
1084.100
1084.640
1085.200
1085.790
1086.350
1086.930
1087.490
1088.060
1088.620
1089.210
1089.780
1090.330
1090.900
1091.480
1092.030
1092.600
1093.160
1093.710
1094.290
1094.840
1095.400
1095.930
1096.470
1097.030
1097.580
1098.160
1098.720
1099.300
1099.870
1100.450
1101.010
1101.570
1102.120
1102.690
1103.260
1103.820
1104.380
1104.930
1105.490
1106.040
1106.590
1107.160
1107.720
1108.300
1108.870
1109.450
1110.010
1110.570
1111.140
1111.700
1112.250
1112.800
1113.370
1113.940
1114.490
1115.060
1115.630
1116.190
1116.750
1117.310
1117.850
1118.410
1118.970
1119.530
1120.070
1120.610
1121.160
1121.750
1122.310
1122.850
1123.420
1123.980
1124.520
1125.060
1125.630
1126.180
1126.740
1127.300
1127.840
1128.390
1128.960
1129.520
1130.090
1130.650
1131.210
1131.760
1132.310
1132.870
1133.410
1133.940
1134.510
1135.050
1135.590
1136.140
1136.660
1137.210
1137.760
1138.310
1138.840
1139.390
1139.950
1140.520
1141.060
1141.600
1142.170
1142.700
1143.270
1143.810
1144.350
1144.900
1145.440
1145.970
1146.530
1147.060
1147.590
1148.160
1148.690
1149.240
1149.790
1150.360
1150.910
1151.460
1152.010
1152.540
1153.080
1153.650
1154.190
1154.740
1155.290
1155.830
1156.360
1156.900
1157.460
1158.000
1158.550
1159.100
1159.650
1160.190
1160.740
1161.300
1161.840
1162.380
1162.930
1163.480
1164.010
1164.580
1165.120
1165.640
1166.190
1166.720
1167.280
1167.850
1168.370
1168.910
1169.470
1170.010
1170.540
1171.090
1171.630
1172.180
1172.720
1173.280
1173.840
1174.400
1174.950
1175.480
1176.030
1176.570
1177.140
1177.700
1178.250
1178.790
1179.350
1179.890
1180.430
1180.960
1181.520
1182.050
1182.590
1183.150
1183.700
1184.250
1184.790
1185.350
1185.870
1186.420
1186.970
1187.530
1188.090
1188.650
1189.200
1189.750
1190.290
1190.840
1191.400
1191.940
1192.500
1193.060
1193.600
1194.140
1194.700
1195.230
1195.800
1196.330
1196.880
1197.410
1197.960
1198.530
1199.050
1199.580
1200.130
1200.670
1201.210
1201.760
1202.300
1202.840
1203.380
1203.940
1204.470
1205.030
1205.590
1206.110
1206.660
1207.210
1207.760
1208.320
1208.870
1209.410
1209.970
1210.510
1211.060
1211.620
1212.170
1212.740
1213.290
1213.840
1214.360
1214.910
1215.470
1216.040
1216.570
1217.120
1217.680
1218.230
1218.750
1219.310
1219.850
1220.400
1220.970
1221.550
1222.090
1222.670
1223.200
1223.750
1224.310
1224.860
1225.410
1225.980
1226.540
1227.100
1227.660
1228.230
1228.770
1229.330
1229.890
1230.470
1230.990
1231.550
1232.110
1232.680
1233.220
1233.770
1234.330
1234.860
1235.420
1235.980
1236.530
1237.110
1237.670
1238.190
1238.740
1239.310
1239.890
1240.430
1240.980
1241.520
1242.060
1242.580
1243.160
1243.710
1244.230
1244.800
1245.330
1245.910
1246.450
1247.000
1247.540
1248.080
1248.630
1249.180
1249.720
1250.270
1250.820
1251.360
1251.870
1252.430
1252.970
1253.530
1254.060
1254.640
1255.180
1255.730
1256.270
1256.810
1257.370
1257.910
1258.480
1259.020
1259.550
1260.080
1260.610
1261.150
1261.670
1262.210
1262.750
1263.290
1263.850
1264.400
1264.960
1265.490
1266.030
1266.590
1267.130
1267.670
1268.220
1268.780
1269.310
1269.870
1270.410
1270.970
1271.520
1272.080
1272.620
1273.180
1273.710
1274.280
1274.820
1275.350
1275.880
1276.420
1276.950
1277.510
1278.060
1278.580
1279.130
1279.660
1280.200
1280.750
1281.300
1281.840
1282.380
1282.910
1283.450
1283.990
1284.530
1285.070
1285.630
1286.160
1286.710
1287.240
1287.790
1288.350
1288.900
1289.450
1290.010
1290.570
1291.110
1291.680
1292.260
1292.800
1293.350
1293.910
1294.460
1295.010
1295.610
1296.160
1296.710
1297.260
1297.800
1298.340
1298.900
1299.440
1299.990
1300.540
1301.080
1301.640
1302.170
1302.730
1303.290
1303.830
1304.380
1304.930
1305.490
1306.030
1306.590
1307.130
1307.680
1308.250
1308.780
1309.330
1309.890
1310.410
1310.960
1311.510
1312.080
1312.610
1313.150
1313.680
1314.230
1314.780
1315.320
1315.880
1316.430
1316.980
1317.430
1317.860
1318.320
1318.880
1319.410
1319.970
1320.490
1321.040
1321.570
1322.120
1322.650
1323.190
1323.730
1324.280
1324.840
1325.380
1325.900
1326.460
1326.970
1327.510
1328.060
1328.620
1329.130
1329.690
1330.220
1330.770
1331.310
1331.850
1332.410
1332.950
1333.490
1334.030
1334.560
1335.110
1335.650
1336.190
1336.730
1337.280
1337.820
1338.360
1338.900
1339.450
1339.990
1340.530
1341.060
1341.590
1342.130
1342.690
1343.220
1343.750
1344.290
1344.840
1345.380
1345.920
1346.470
1347.020
1347.560
1348.110
1348.640
1349.180
1349.720
1350.250
1350.790
1351.330
1351.870
1352.410
1352.940
1353.490
1354.030
1354.570
1355.120
1355.650
1356.190
1356.720
1357.250
1357.790
1358.310
1358.820
1359.310
1359.820
1360.290
1360.800
1361.330
1361.850
1362.340
1362.830
1363.300
1363.760
1364.250
1364.730
1365.230
1365.770
1366.280
1366.790
1367.290
1367.790
1368.290
1368.780
1369.260
1369.750
1370.260
1370.750
1371.240
1371.720
1372.200
1372.700
1373.200
1373.700
1374.210
1374.700
1375.180
1375.670
1376.150
1376.630
1377.090
1377.580
1378.080
1378.560
1379.040
1379.520
1380.000
1380.480
1380.950
1381.440
1381.910
1382.390
1382.870
1383.380
1383.880
1384.370
1384.840
1385.330
1385.800
1386.300
1386.760
1387.270
1387.740
1388.240
1388.730
1389.220
1389.790
1390.340
1390.840
1391.330
1391.810
1392.320
1392.790
1393.280
1393.770
1394.250
1394.740
1395.220
1395.710
1396.220
1396.760
1397.260
1397.740
1398.230
1398.720
1399.250
1399.720
1400.220
1400.710
1401.140
1401.600
1402.090
1402.580
1403.070
1403.560
1404.050
1404.550
1405.050
1405.590
1406.120
1406.610
1407.100
1407.580
1408.070
1408.560
1409.040
1409.530
1410.050
1410.540
1411.050
1411.550
1412.030
1412.530
1413.030
1413.520
1414.020
1414.490
1414.980
1415.470
1415.980
1416.450
1416.930
1417.420
1417.880
1418.380
1418.850
1419.330
1419.810
1420.300
1420.780
1421.270
1421.790
1422.290
1422.760
1423.260
1423.750
1424.180
1424.630
1425.100
1425.520
1425.960
1426.450
1426.940
1427.420
1427.900
1428.370
1428.870
1429.360
1429.840
1430.340
1430.830
1431.330
1431.810
1432.280
1432.770
1433.250
1433.730
1434.240
1434.710
1435.230
1435.710
1436.210
1436.680
1437.170
1437.670
1438.170
1438.660
1439.220
1439.740
1440.270
1440.810
1441.360
1441.900
1442.430
1442.980
1443.480
1444.000
1444.540
1445.070
1445.600
1446.120
1446.640
1447.180
1447.700
1448.230
1448.750
1449.290
1449.800
1450.330
1450.860
1451.390
1451.930
1452.470
1453.000
1453.530
1454.060
1454.600
1455.130
1455.670
1456.220
1456.740
1457.270
1457.810
1458.320
1458.860
1459.390
1459.940
1460.480
1461.020
1461.550
1462.080
1462.640
1463.160
1463.690
1464.220
1464.760
1465.280
1465.820
1466.340
1466.880
1467.400
1467.930
1468.460
1468.980
1469.510
1470.050
1470.570
1471.100
1471.630
1472.150
1472.670
1473.190
1473.700
1474.230
1474.740
1475.260
1475.790
1476.290
1476.810
1477.340
1477.850
1478.370
1478.890
1479.410
1479.930
1480.460
1480.970
1481.480
1482.000
1482.510
1483.030
1483.540
1484.070
1484.580
1485.110
1485.630
1486.140
1486.660
1487.150
1487.680
1488.190
1488.710
1489.190
1489.730
1490.240
1490.780
1491.270
1491.810
1492.330
1492.830
1493.360
1493.940
1494.540
1495.130
1495.680
1496.260
1496.880
1497.510
1498.150
1498.770
1499.470
1500.210
1500.890
1501.580
1502.300
1502.980
1503.650
1504.330
1505.040
1505.710
1506.400
1507.080
1507.770
1508.440
1509.110
1509.780
1510.490
1511.170
1511.860
1512.550
1513.240
1513.930
1514.620
1515.310
1516.000
1516.690
1517.390
1518.080
1518.770
1519.460
1520.130
1520.810
1521.530
1522.230
1522.910
1523.610
1524.300
1525.000
1525.670
1526.380
1527.090
1527.800
1528.480
1529.180
1529.870
1530.580
1531.250
1531.940
1532.640
1533.360
1534.080
1534.800
1535.530
1536.240
1536.930
1537.640
1538.350
1539.050
1539.760
1540.470
1541.180
1541.880
1542.610
1543.310
1544.050
1544.760
1545.470
1546.150
1546.850
1547.570
1548.240
1548.950
1549.650
1550.360
1551.060
1551.770
1552.480
1553.190
1553.890
1554.600
1555.310
1556.020
1556.740
1557.450
1558.140
1558.850
1559.550
1560.250
1560.900
1561.620
1562.320
1563.030
1563.740
1564.450
1565.140
1565.850
1566.560
1567.270
1567.970
1568.670
1569.390
1570.080
1570.800
1571.480
1572.200
1572.900
1573.590
1574.290
1575.000
1575.690
1576.370
1577.060
1577.750
1578.460
1579.180
1579.940
1580.660
1581.420
1582.130
1582.840
1583.560
1584.290
1584.980
1585.700
1586.390
1587.090
1587.820
1588.520
1589.230
1589.940
1590.650
1591.350
1592.100
1592.810
1593.510
1594.230
1594.940
1595.630
1596.360
1597.070
1597.770
1598.470
1599.170
1599.870
1600.580
1601.300
1602.040
1602.740
1603.450
1604.160
1604.890
1605.610
1606.330
1607.030
1607.750
1608.430
1609.160
1609.830
1610.550
1611.240
1611.950
1612.640
1613.280
1613.680
1614.040
1614.390
1614.730
1615.080
1615.440
1615.790
1616.130
1616.480
1616.850
1617.190
1617.550
1617.900
1618.240
1618.590
1618.950
1619.290
1619.650
1620.000
1620.360
1620.700
1621.070
1621.420
1621.760
1622.110
1622.480
1622.820
1623.160
1623.520
1623.880
1624.240
1624.620
1624.970
1625.360
1625.710
1626.080
1626.430
1626.800
1627.150
1627.500
1627.840
1628.200
1628.570
1628.920
1629.270
1629.640
1629.980
1630.340
1630.670
1631.030
1631.370
1631.740
1632.070
1632.430
1632.780
1633.120
1633.470
1633.840
1634.190
1634.540
1634.890
1635.240
1635.580
1635.940
1636.290
1636.670
1637.010
1637.360
1637.720
1638.070
1638.420
1638.780
1639.130
1639.470
1639.840
1640.200
1640.540
1640.900
1641.250
1641.580
1641.930
1642.300
1642.630
1643.000
1643.330
1643.670
1644.010
1644.350
1644.700
1645.050
1645.400
1645.760
1646.100
1646.470
1646.810
1647.160
1647.510
1647.870
1648.240
1648.610
1648.960
1649.310
1649.670
1650.030
1650.380
1650.730
1651.080
1651.450
1651.800
1652.150
1652.510
1652.870
1653.220
1653.570
1653.930
1654.290
1654.640
1654.980
1655.330
1655.680
1656.020
1656.380
1656.740
1657.080
1657.440
1657.770
1658.150
1658.510
1658.850
1659.210
1659.550
1659.910
1660.240
1660.590
1660.960
1661.310
1661.650
1661.990
1662.360
1662.710
1663.050
1663.400
1663.740
1664.100
1664.440
1664.800
1665.130
1665.490
1665.820
1666.160
1666.510
1666.860
1667.200
1667.540
1667.910
1668.250
1668.600
1668.970
1669.330
1669.700
1670.050
1670.420
1670.790
1671.170
1671.510
1671.880
1672.250
1672.590
1672.940
1673.300
1673.660
1674.010
1674.360
1674.710
1675.070
1675.420
1675.790
1676.150
1676.500
1676.860
1677.220
1677.570
1677.910
1678.270
1678.620
1678.980
1679.330
1679.700
1680.050
1680.410
1680.770
1681.140
1681.480
1681.840
1682.190
1682.540
1682.870
1683.230
1683.580
1683.930
1684.280
1684.640
1684.990
1685.330
1685.670
1686.020
1686.380
1686.720
1687.070
1687.430
1687.770
1688.110
1688.460
1688.810
1689.160
1689.520
1689.850
1690.200
1690.570
1690.910
1691.270
1691.630
1691.990
1692.340
1692.700
1693.050
1693.430
1693.780
1694.140
1694.490
1694.850
1695.200
1695.560
1695.910
1696.280
1696.630
1696.970
1697.330
1697.670
1698.020
1698.390
1698.720
1699.080
1699.430
1699.770
1700.130
1700.470
1700.830
1701.180
1701.540
1701.880
1702.240
1702.570
1702.940
1703.290
1703.620
1703.980
1704.320
1704.660
1705.010
1705.360
1705.700
1706.050
1706.410
1706.760
1707.100
1707.450
1707.810
1708.140
1708.510
1708.830
1709.180
1709.530
1709.870
1710.210
1710.550
1710.880
1711.210
1711.560
1711.920
1712.270
1712.610
1712.970
1713.310
1713.650
1714.020
1714.400
1714.770
1715.140
1715.490
1715.870
1716.240
1716.600
1716.930
1717.280
1717.650
1718.000
1718.330
1718.670
1719.000
1719.360
1719.700
1720.030
1720.380
1720.730
1721.080
1721.440
1721.790
1722.140
1722.480
1722.810
1723.150
1723.490
1723.840
1724.190
1724.530
1724.870
1725.240
1725.590
1725.930
1726.270
1726.620
1726.980
1727.330
1727.680
1728.040
1728.390
1728.740
1729.090
1729.450
1729.810
1730.180
1730.520
1730.900
1731.230
1731.590
1731.930
1732.280
1732.650
1733.000
1733.360
1733.720
1734.080
1734.430
1734.780
1735.140
1735.510
1735.860
1736.220
1736.580
1736.950
1737.310
1737.660
1738.040
1738.390
1738.740
1739.110
1739.460
1739.820
1740.200
1740.530
1740.890
1741.250
1741.590
1741.960
1742.310
1742.660
1743.020
1743.360
1743.720
1744.070
1744.420
1744.770
1745.130
1745.480
1745.840
1746.180
1746.550
1746.900
1747.260
1747.600
1747.950
1748.320
1748.670
1749.020
1749.380
1749.730
1750.090
1750.450
1750.820
1751.160
1751.500
1751.860
1752.210
1752.570
1752.920
1753.250
1753.610
1753.960
1754.310
1754.650
1755.010
1755.350
1755.700
1756.050
1756.400
1756.760
1757.120
1757.470
1757.820
1758.170
1758.510
1758.860
1759.230
1759.580
1759.940
1760.280
1760.640
1760.990
1761.350
1761.700
1762.060
1762.410
1762.770
1763.130
1763.490
1763.840
1764.220
1764.570
1765.020
1765.650
1766.320
1767.010
1767.720
1768.400
1769.080
1769.800
1770.480
1771.190
1771.910
1772.600
1773.280
1774.000
1774.690
1775.400
1776.090
1776.800
1777.490
1778.210
1778.880
1779.580
1780.270
1780.980
1781.700
1782.420
1783.100
1783.810
1784.500
1785.210
1785.910
1786.620
1787.290
1788.010
1788.710
1789.410
1790.120
1790.790
1791.490
1792.170
1792.880
1793.560
1794.270
1794.950
1795.660
1796.340
1797.010
1797.720
1798.400
1799.100
1799.790
1800.500
1801.200
1801.880
1802.570
1803.270
1803.980
1804.680
1805.420
1806.130
1806.850
1807.550
1808.260
1808.980
1809.650
1810.360
1811.060
1811.740
1812.430
1813.130
1813.830
1814.520
1815.220
1815.920
1816.600
1817.310
1818.010
1818.740
1819.430
1820.140
1820.810
1821.540
1822.230
1822.920
1823.590
1824.300
1825.000
1825.700
1826.390
1827.130
1827.830
1828.530
1829.240
1829.930
1830.630
1831.310
1832.030
1832.710
1833.430
1834.120
1834.840
1835.520
1836.220
1836.920
1837.640
1838.330
1839.060
1839.770
1840.480
1841.170
1841.870
1842.570
1843.260
1843.970
1844.670
1845.370
1846.070
1846.760
1847.460
1848.160
1848.860
1849.610
1850.320
1851.040
1851.720
1852.440
1853.150
1853.850
1854.570
1855.280
1856.020
1856.750
1857.460
1858.170
1858.870
1859.620
1860.360
1861.090
1861.790
1862.490
1863.210
1863.910
1864.610
1865.310
1866.030
1866.700
1867.420
1868.120
1868.850
1869.530
1870.220
1870.930
1871.650
1872.350
1873.050
1873.760
1874.470
1875.170
1875.870
1876.570
1877.250
1877.950
1878.640
1879.330
1880.030
1880.730
1881.410
1882.100
1882.800
1883.470
1884.160
1884.870
1885.520
1886.210
1886.900
1887.580
1888.230
1888.840
1889.490
1890.150
1890.810
1891.510
1892.220
1892.890
1893.560
1894.260
1894.960
1895.620
1896.330
1896.950
1897.580
1898.260
1898.890
1899.540
1900.230
1900.880
1901.550
1902.230
1902.910
1903.560
1904.170
1904.830
1905.470
1906.140
1906.780
1907.440
1908.090
1908.790
1909.430
1910.130
1910.760
1911.430
1912.090
1912.760
1913.430
1914.080
1914.720
1915.360
1916.030
1916.700
1917.350
1917.970
1918.640
1919.320
1919.960
1920.620
1921.270
1921.920
1922.580
1923.230
1923.860
1924.500
1925.170
1925.840
1926.500
1927.170
1927.820
1928.440
1929.100
1929.750
1930.410
1931.060
1931.720
1932.340
1932.980
1933.610
1934.220
1934.880
1935.510
1936.150
1936.820
1937.440
1938.080
1938.690
1939.320
1939.960
1940.620
1941.260
1941.880
1942.560
1943.180
1943.860
1944.480
1945.160
1945.800
1946.480
1947.140
1947.820
1948.450
1949.110
1949.770
1950.460
1951.110
1951.750
1952.400
1953.090
1953.730
1954.410
1955.060
1955.730
1956.380
1957.050
1957.690
1958.360
1959.030
1959.700
1960.360
1961.060
1961.720
1962.350
1963.000
1963.680
1964.310
1964.960
1965.600
1966.260
1966.900
1967.520
1968.170
1968.850
1969.470
1970.110
1970.790
1971.420
1972.050
1972.660
1973.300
1973.950
1974.630
1975.320
1976.000
1976.670
1977.340
1978.040
1978.720
1979.400
1980.090
1980.810
1981.500
1982.180
1982.830
1983.540
1984.220
1984.920
1985.590
1986.280
1986.970
1987.670
1988.360
1989.050
1989.740
1990.440
1991.130
1991.840
1992.510
1993.200
1993.880
1994.560
1995.240
1995.940
1996.630
1997.330
1998.000
1998.680
1999.350
2000.050
2000.710
2001.410
2002.080
2002.760
2003.420
2004.090
2004.780
2005.480
2006.150
2006.860
2007.530
2008.220
2008.900
2009.580
2010.240
2010.910
2011.600
2012.240
2012.930
2013.620
2014.280
2014.970
2015.630
2016.320
2016.970
2017.670
2018.340
2019.020
2019.700
2020.380
2021.070
2021.760
2022.430
2023.090
2023.780
2024.480
2025.120
2025.830
2026.510
2027.180
2027.860
2028.530
2029.210
2029.890
2030.590
2031.300
2031.990
2032.720
2033.370
2034.050
2034.740
2035.430
2036.090
2036.780
2037.470
2038.150
2038.840
2039.490
2040.180
2040.840
2041.500
2042.180
2042.860
2043.560
2044.240
2044.930
2045.600
2046.270
2046.930
2047.600
2048.270
2048.970
2049.620
2050.270
2050.950
2051.580
2052.260
2052.940
2053.620
2054.340
2055.020
2055.680
2056.350
2057.000
2057.690
2058.390
2059.040
2059.740
2060.420
2061.130
2061.810
2062.490
2063.170
2063.880
2064.550
2065.260
2065.950
2066.630
2067.330
2067.990
2068.700
2069.410
2070.100
2070.750
2071.470
2072.170
2072.860
2073.580
2074.260
2074.900
2075.580
2076.210
2076.840
2077.520
2078.190
2078.820
2079.550
2080.220
2080.900
2081.570
2082.280
2082.940
2083.610
2084.330
2085.010
2085.670
2086.360
2087.060
2087.740
2088.430
2089.110
2089.780
2090.470
2091.180
2091.870
2092.540
2093.250
2093.950
2094.630
2095.340
2096.010
2096.710
2097.390
2098.100
2098.770
2099.430
2100.110
2100.810
2101.520
2102.160
2102.820
2103.460
2104.140
2104.870
2105.530
2106.250
2106.900
2107.570
2108.290
2108.960
2109.610
2110.270
2110.950
2111.650
2112.280
2112.960
2113.620
2114.310
2115.000
2115.660
2116.300
2116.990
2117.620
2118.310
2118.950
2119.640
2120.290
2121.000
2121.660
2122.340
2123.030
2123.720
2124.390
2125.040
2125.760
2126.460
2127.130
2127.810
2128.500
2129.220
2129.870
2130.580
2131.240
2131.960
2132.620
2133.300
2133.960
2134.670
2135.340
2136.070
2136.750
2137.410
2138.070
2138.750
2139.400
2140.090
2140.760
2141.440
2142.140
2142.830
2143.500
2144.210
2144.900
2145.590
2146.280
2146.980
2147.650
2148.340
2149.010
2149.690
2150.380
2151.100
2151.790
2152.490
2153.170
2153.870
2154.550
2155.260
2155.960
2156.640
2157.310
2157.980
2158.660
2159.350
2160.030
2160.730
2161.410
2162.080
2162.770
2163.470
2164.150
2164.850
2165.500
2166.220
2166.880
2167.590
2168.270
2168.970
2169.650
2170.360
2171.030
2171.750
2172.440
2173.140
2173.820
2174.520
2175.200
2175.900
2176.570
2177.230
2177.900
2178.590
2179.270
2179.960
2180.680
2181.350
2182.000
2182.640
2183.300
2183.990
2184.660
2185.340
2186.030
2186.710
2187.360
2188.020
2188.670
2189.400
2190.070
2190.780
2191.480
2192.160
2192.840
2193.550
2194.240
2194.900
2195.530
2196.200
2196.890
2197.600
2198.270
2198.940
2199.640
2200.360
2201.010
2201.720
2202.400
2203.120
2203.780
2204.480
2205.130
2205.820
2206.510
2207.230
2207.870
2208.550
2209.210
2209.900
2210.560
2211.240
2211.880
2212.530
2213.200
2213.900
2214.550
2215.200
2215.860
2216.540
2217.170
2217.810
2218.470
2219.150
2219.780
2220.450
2221.140
2221.810
2222.440
2223.100
2223.750
2224.450
2225.070
2225.760
2226.400
2227.090
2227.720
2228.400
2229.050
2229.740
2230.400
2231.080
2231.760
2232.440
2233.100
2233.780
2234.420
2235.100
2235.760
2236.460
2237.110
2237.810
2238.460
2239.150
2239.800
2240.490
2241.200
2241.880
2242.540
2243.180
2243.890
2244.530
2245.180
2246.060
2246.940
2247.850
2248.760
2249.620
2250.460
2251.340
2252.210
2253.110
2253.950
2254.820
2255.670
2256.560
2257.430
2258.310
2259.210
2260.060
2260.910
2261.810
2262.670
2263.530
2264.420
2265.300
2266.120
2266.940
2267.820
2268.680
2269.580
2270.440
2271.260
2272.140
2272.940
2273.710
2274.510
2275.340
2276.140
2276.930
2277.710
2278.530
2279.240
2280.020
2280.760
2281.460
2282.180
2282.890
2283.590
2284.330
2285.030
2285.730
2286.400
2287.050
2287.740
2288.420
2289.130
2289.870
2290.600
2291.280
2292.010
2292.670
2293.380
2294.110
2294.810
2295.540
2296.290
2296.980
2297.670
2298.410
2299.100
2299.850
2300.610
2301.410
2302.190
2302.990
2303.850
2304.730
2305.610
2306.460
2307.310
2308.170
2309.010
2309.830
2310.680
2311.530
2312.360
2313.190
2314.040
2314.870
2315.700
2316.540
2317.400
2318.240
2319.070
2319.910
2320.740
2321.590
2322.420
2323.260
2324.090
2324.940
2325.770
2326.630
2327.460
2328.290
2329.130
2329.970
2330.820
2331.670
2332.480
2333.330
2334.160
2334.990
2335.830
2336.670
2337.510
2338.340
2339.170
2340.010
2340.850
2341.680
2342.510
2343.360
2344.180
2345.010
2345.860
2346.710
2347.560
2348.430
2349.260
2350.130
2350.980
2351.820
2352.650
2353.480
2354.310
2355.150
2356.000
2356.830
2357.670
2358.510
2359.350
2360.160
2361.000
2361.830
2362.660
2363.210
2363.780
2364.320
2364.870
2365.430
2366.000
2366.560
2367.140
2367.710
2368.270
2368.830
2369.400
2369.960
2370.530
2371.100
2371.670
2372.240
2372.820
2373.380
2373.960
2374.510
2375.080
2375.640
2376.180
2376.730
2377.310
2377.860
2378.410
2378.970
2379.530
2380.100
2380.650
2381.190
2381.740
2382.310
2382.840
2383.410
2383.960
2384.500
2385.050
2385.600
2386.130
2386.670
2387.240
2387.760
2388.310
2388.880
2389.410
2389.970
2390.520
2391.070
2391.630
2392.180
2392.720
2393.280
2393.830
2394.380
2394.940
2395.490
2396.030
2396.580
2397.140
2397.680
2398.230
2398.790
2399.320
2399.870
2400.430
2400.970
2401.510
2402.090
2402.600
2403.150
2403.700
2404.240
2404.790
2405.330
2405.890
2406.430
2406.970
2407.510
2408.050
2408.610
2409.140
2409.690
2410.220
2410.770
2411.320
2411.870
2412.420
2412.980
2413.530
2414.080
2414.620
2415.170
2415.700
2416.250
2416.800
2417.340
2417.880
2418.410
2418.950
2419.490
2420.040
2420.570
2421.120
2421.680
2422.220
2422.740
2423.290
2423.840
2424.380
2424.950
2425.530
2426.100
2426.670
2427.240
2427.780
2428.360
2428.900
2429.470
2430.020
2430.590
2431.160
2431.700
2432.270
2432.780
2433.340
2433.880
2434.430
2434.970
2435.480
2436.030
2436.600
2437.130
2437.680
2438.230
2438.780
2439.330
2439.880
2440.450
2441.000
2441.560
2442.100
2442.660
2443.200
2443.760
2444.320
2444.880
2445.450
2446.000
2446.580
2447.120
2447.670
2448.250
2448.810
2449.350
2449.910
2450.460
2451.030
2451.600
2452.140
2452.690
2453.260
2453.800
2454.360
2454.920
2455.460
2456.040
2456.580
2457.120
2457.690
2458.250
2458.790
2459.340
2459.910
2460.460
2461.020
2461.600
2462.140
2462.690
2463.250
2463.810
2464.370
2464.940
2465.490
2466.040
2466.590
2467.150
2467.690
2468.260
2468.800
2469.360
2469.920
2470.460
2471.010
2471.570
2472.100
2472.650
2473.210
2473.770
2474.300
2474.860
2475.400
2475.950
2476.500
2477.050
2477.590
2478.150
2478.690
2479.250
2479.790
2480.350
2480.910
2481.470
2482.000
2482.550
2483.110
2483.640
2484.200
2484.770
2485.330
2485.890
2486.480
2487.040
2487.580
2488.130
2488.690
2489.240
2489.800
2490.340
2490.890
2491.450
2491.980
2492.540
2493.100
2493.640
2494.180
2494.730
2495.280
2495.820
2496.370
2496.920
2497.470
2498.050
2498.590
2499.130
2499.670
2500.240
2500.790
2501.350
2501.900
2502.460
2503.020
2503.560
2504.100
2504.640
2505.190
2505.730
2506.290
2506.820
2507.360
2507.910
2508.430
2508.970
2509.530
2510.060
2510.590
2511.130
2511.670
2512.220
2512.780
2513.300
2513.840
2514.390
2514.910
2515.450
2515.990
2516.540
2517.090
2517.640
2518.160
2518.710
2519.240
2519.790
2520.330
2520.870
2521.420
2521.980
2522.540
2523.080
2523.640
2524.200
2524.730
2525.280
2525.830
2526.360
2526.890
2527.450
2527.960
2528.520
2529.050
2529.580
2530.120
2530.690
2531.200
2531.740
2532.310
2532.820
2533.360
2533.920
2534.430
2534.960
2535.510
2536.040
2536.580
2537.140
2537.670
2538.210
2538.750
2539.290
2539.820
2540.380
2540.910
2541.440
2541.970
2542.530
2543.060
2543.600
2544.160
2544.700
2545.230
2545.750
2546.270
2546.810
2547.330
2547.850
2548.400
2548.920
2549.450
2550.000
2550.520
2551.040
2551.580
2552.110
2552.640
2553.170
2553.700
2554.220
2554.760
2555.290
2555.810
2556.350
2556.870
2557.400
2557.940
2558.470
2558.990
2559.520
2560.050
2560.570
2561.110
2561.650
2562.170
2562.700
2563.240
2563.790
2564.330
2564.880
2565.420
2565.950
2566.490
2567.030
2567.560
2568.140
2568.670
2569.170
2569.710
2570.270
2570.790
2571.320
2571.890
2572.400
2572.950
2573.500
2574.040
2574.580
2575.090
2575.630
2576.130
2576.650
2577.200
2577.710
2578.240
2578.730
2579.250
2579.800
2580.320
2580.840
2581.340
2581.870
2582.410
2582.930
2583.450
2584.000
2584.520
2585.030
2585.600
2586.140
2586.680
2587.260
2587.790
2588.310
2588.870
2589.400
2589.910
2590.450
2591.000
2591.530
2592.060
2592.560
2593.140
2593.690
2594.270
2594.820
2595.370
2595.920
2596.450
2596.980
2597.520
2598.070
2598.600
2599.130
2599.660
2600.210
2600.750
2601.320
2601.890
2602.430
2602.970
2603.470
2603.990
2604.540
2605.090
2605.630
2606.180
2606.670
2607.190
2607.700
2608.220
2608.720
2609.230
2609.710
2610.200
2610.700
2611.210
2611.720
2612.220
2612.720
2613.230
2613.740
2614.250
2614.770
2615.270
2615.780
2616.320
2616.850
2617.340
2617.860
2618.410
2618.920
2619.430
2619.980
2620.550
2621.100
2621.680
2622.230
2622.750
2623.320
2623.850
2624.370
2624.930
2625.450
2625.970
2626.540
2627.070
2627.610
2628.140
2628.710
2629.270
2629.800
2630.370
2630.920
2631.480
2632.030
2632.570
2633.140
2633.690
2634.220
2634.790
2635.330
2635.880
2636.430
2636.990
2637.540
2638.100
2638.630
2639.180
2639.750
2640.290
2640.830
2641.400
2641.940
2642.470
2643.050
2643.610
2644.150
2644.720
2645.270
2645.810
2646.390
2646.940
2647.480
2648.060
2648.620
2649.170
2649.730
2650.290
2650.840
2651.410
2651.970
2652.520
2653.090
2653.660
2654.210
2654.760
2655.290
2655.840
2656.420
2656.990
2657.560
2658.140
2658.730
2659.300
2659.880
2660.450
2661.020
2661.590
2662.170
2662.720
2663.290
2663.860
2664.420
2665.000
2665.540
2666.090
2666.670
2667.210
2667.780
2668.360
2668.910
2669.470
2670.020
2670.590
2671.140
2671.710
2672.270
2672.810
2673.400
2673.960
2674.530
2675.100
2675.670
2676.160
2676.610
2677.030
2677.490
2677.920
2678.360
2678.790
2679.230
2679.680
2680.130
2680.570
2681.000
2681.450
2681.890
2682.260
2682.670
2683.060
2683.450
2683.820
2684.220
2684.600
2685.010
2685.360
2685.730
2686.120
2686.480
2686.800
2687.120
2687.440
2687.750
2688.080
2688.400
2688.720
2689.040
2689.360
2689.680
2690.000
2690.320
2690.640
2690.960
2691.280
2691.600
2691.920
2692.230
2692.550
2692.870
2693.200
2693.520
2693.830
2694.160
2694.480
2694.810
2695.130
2695.460
2695.790
2696.120
2696.440
2696.770
2697.100
2697.430
2697.750
2698.080
2698.390
2698.740
2699.050
2699.400
2699.720
2700.060
2700.370
2700.700
2701.010
2701.360
2701.670
2702.020
2702.330
2702.680
2703.000
2703.340
2703.650
2704.000
2704.310
2704.650
2704.970
2705.310
2705.630
2705.960
2706.290
2706.630
2706.960
2707.300
2707.660
2708.040
2708.390
2708.740
2709.110
2709.470
2709.820
2710.170
2710.520
2710.880
2711.230
2711.590
2711.940
2712.290
2712.640
2713.010
2713.350
2713.710
2714.050
2714.410
2714.750
2715.120
2715.460
2715.820
2716.160
2716.510
2716.860
2717.210
2717.550
2717.900
2718.240
2718.590
2718.940
2719.300
2719.660
2720.030
2720.380
2720.740
2721.080
2721.430
2721.780
2722.130
2722.480
2722.840
2723.180
2723.540
2723.870
2724.230
2724.560
2724.920
2725.250
2725.600
2725.950
2726.290
2726.630
2726.990
2727.350
2727.720
2728.090
2728.440
2728.800
2729.140
2729.490
2729.860
2730.210
2730.560
2730.890
2731.260
2731.610
2731.960
2732.300
2732.650
2732.990
2733.360
2733.700
2734.050
2734.390
2734.740
2735.100
2735.460
2735.810
2736.160
2736.500
2736.850
2737.210
2737.560
2737.890
2738.240
2738.580
2738.940
2739.270
2739.620
2739.960
2740.280
2740.630
2740.980
2741.340
2741.700
2742.030
2742.380
2742.750
2743.100
2743.440
2743.790
2744.130
2744.490
2744.840
2745.190
2745.530
2745.880
2746.230
2746.590
2746.940
2747.300
2747.640
2747.980
2748.330
2748.680
2749.000
2749.350
2749.710
2750.050
2750.420
2750.780
2751.140
2751.500
2751.870
2752.250
2752.620
2752.980
2753.330
2753.680
2754.060
2754.420
2754.780
2755.120
2755.470
2755.810
2756.160
2756.510
2756.860
2757.230
2757.580
2757.910
2758.260
2758.620
2758.960
2759.320
2759.650
2760.010
2760.340
2760.690
2761.010
2761.370
2761.700
2762.040
2762.380
2762.720
2763.070
2763.400
2763.720
2764.050
2764.390
2764.750
2765.090
2765.430
2765.760
2766.120
2766.450
2766.820
2767.150
2767.510
2767.830
2768.180
2768.510
2768.850
2769.160
2769.500
2769.830
2770.170
2770.520
2770.870
2771.230
2771.580
2771.930
2772.270
2772.600
2772.940
2773.270
2773.620
2773.950
2774.310
2774.640
2775.000
2775.330
2775.680
2776.030
2776.380
2776.720
2777.050
2777.400
2777.730
2778.070
2778.400
2778.750
2779.090
2779.420
2779.760
2780.110
2780.460
2780.800
2781.140
2781.480
2781.820
2782.140
2782.480
2782.830
2783.160
2783.500
2783.840
2784.170
2784.520
2784.840
2785.160
2785.490
2785.840
2786.160
2786.500
2786.830
2787.170
2787.490
2787.850
2788.190
2788.520
2788.850
2789.210
2789.520
2789.860
2790.200
2790.530
2790.840
2791.170
2791.500
2791.850
2792.190
2792.530
2792.870
2793.200
2793.560
2793.880
2794.240
2794.580
2794.920
2795.250
2795.590
2795.960
2796.300
2796.640
2796.970
2797.310
2797.640
2797.980
2798.320
2798.660
2799.020
2799.360
2799.700
2800.040
2800.380
2800.710
2801.050
2801.400
2801.740
2802.080
2802.410
2802.730
2803.050
2803.390
2803.730
2804.070
2804.400
2804.750
2805.080
2805.430
2805.760
2806.090
2806.410
2806.740
2807.070
2807.420
2807.750
2808.100
2808.430
2808.780
2809.110
2809.470
2809.800
2810.150
2810.480
2810.830
2811.170
2811.510
2811.840
2812.190
2812.510
2812.860
2813.180
2813.510
2813.830
2814.180
2814.520
2814.860
2815.210
2815.540
2815.880
2816.210
2816.540
2816.870
2817.220
2817.540
2817.890
2818.230
2818.600
2818.950
2819.300
2819.640
2819.980
2820.330
2820.660
2821.020
2821.340
2821.680
2822.020
2822.370
2822.710
2823.060
2823.400
2823.740
2824.070
2824.430
2824.790
2825.140
2825.460
2825.800
2826.140
2826.490
2826.820
2827.170
2827.520
2827.860
2828.210
2828.550
2828.890
2829.240
2829.570
2829.920
2830.250
2830.610
2830.940
2831.280
2831.630
2831.980
2832.320
2832.670
2833.010
2833.370
2833.720
2834.070
2834.390
2834.740
2835.080
2835.420
2835.750
2836.110
2836.460
2836.810
2837.160
2837.500
2837.820
2838.180
2838.520
2838.870
2839.220
2839.570
2839.920
2840.280
2840.620
2840.990
2841.330
2841.670
2842.030
2842.390
2842.730
2843.070
2843.390
2843.750
2844.080
2844.440
2844.790
2845.150
2845.490
2845.850
2846.200
2846.550
2846.880
2847.250
2847.590
2847.940
2848.290
2848.650
2848.990
2849.350
2849.680
2850.050
2850.380
2850.740
2851.080
2851.430
2851.780
2852.140
2852.480
2852.820
2853.150
2853.490
2853.830
2854.170
2854.530
2854.880
2855.210
2855.570
2855.910
2856.240
2856.570
2856.920
2857.270
2857.600
2857.940
2858.300
2858.640
2858.980
2859.330
2859.700
2860.030
2860.370
2860.700
2861.050
2861.380
2861.730
2862.060
2862.420
2862.760
2863.120
2863.460
2863.810
2864.150
2864.510
2864.850
2865.220
2865.570
2865.900
2866.250
2866.610
2866.950
2867.300
2867.630
2867.990
2868.330
2868.690
2869.030
2869.390
2869.730
2870.080
2870.420
2870.770
2871.100
2871.450
2871.780
2872.140
2872.460
2872.810
2873.150
2873.500
2873.840
2874.190
2874.520
2874.880
2875.240
2875.570
2875.920
2876.280
2876.630
2876.980
2877.320
2877.690
2878.020
2878.390
2878.720
2879.070
2879.410
2879.760
2880.100
2880.450
2880.770
2881.130
2881.460
2881.820
2882.160
2882.510
2882.840
2883.200
2883.520
2883.880
2884.230
2884.570
2884.920
2885.290
2885.640
2885.970
2886.300
2886.650
2886.980
2887.340
2887.670
2888.020
2888.350
2888.720
2889.070
2889.390
2889.730
2890.080
2890.430
2890.770
2891.110
2891.440
2891.770
2892.110
2892.450
2892.810
2893.130
2893.490
2893.820
2894.170
2894.510
2894.860
2895.200
2895.560
2895.900
2896.250
2896.600
2896.960
2897.290
2897.650
2897.980
2898.330
2898.660
2898.990
2899.340
2899.700
2900.050
2900.400
2900.730
2901.090
2901.430
2901.790
2902.120
2902.480
2902.820
2903.170
2903.520
2903.860
2904.210
2904.560
2904.890
2905.230
2905.580
2905.930
2906.260
2906.610
2906.950
2907.300
2907.630
2908.000
2908.340
2908.690
2909.030
2909.390
2909.720
2910.070
2910.410
2910.760
2911.110
2911.450
2911.790
2912.150
2912.490
2912.860
2913.180
2913.540
2913.860
2914.210
2914.540
2914.890
2915.220
2915.580
2915.930
2916.270
2916.590
2916.950
2917.270
2917.630
2917.960
2918.310
2918.640
2918.990
2919.340
2919.690
2920.030
2920.380
2920.720
2921.080
2921.420
2921.780
2922.140
2922.490
2922.810
2923.170
2923.500
2923.850
2924.190
2924.550
2924.880
2925.230
2925.580
2925.930
2926.260
2926.620
2926.960
2927.320
2927.660
2928.000
2928.350
2928.710
2929.060
2929.420
2929.760
2930.110
2930.440
2930.780
2931.120
2931.470
2931.830
2932.190
2932.530
2932.870
2933.220
2933.570
2933.900
2934.260
2934.590
2934.950
2935.290
2935.650
2935.980
2936.350
2936.690
2937.050
2937.380
2937.730
2938.080
2938.450
2938.770
2939.130
2939.460
2939.800
2940.150
2940.520
2940.850
2941.200
2941.530
2941.890
2942.220
2942.560
2942.900
2943.240
2943.570
2943.920
2944.260
2944.600
2944.940
2945.290
2945.620
2945.970
2946.310
2946.660
2946.990
2947.340
2947.670
2948.030
2948.350
2948.710
2949.030
2949.390
2949.710
2950.070
2950.410
2950.740
2951.070
2951.430
2951.750
2952.100
2952.440
2952.790
2953.130
2953.480
2953.820
2954.190
2954.510
2954.860
2955.200
2955.550
2955.890
2956.230
2956.580
2956.940
2957.280
2957.650
2957.970
2958.330
2958.650
2959.010
2959.330
2959.680
2960.010
2960.370
2960.700
2961.060
2961.400
2961.760
2962.080
2962.430
2962.770
2963.120
2963.460
2963.820
2964.150
2964.490
2964.820
2965.170
2965.500
2965.850
2966.180
2966.530
2966.870
2967.220
2967.550
2967.900
2968.230
2968.580
2968.900
2969.260
2969.590
2969.930
2970.260
2970.600
2970.940
2971.290
2971.620
2971.980
2972.300
2972.660
2972.980
2973.330
2973.670
2974.020
2974.350
2974.700
2975.030
2975.380
2975.700
2976.060
2976.390
2976.750
2977.080
2977.420
2977.760
2978.110
2978.440
2978.790
2979.120
2979.470
2979.800
2980.140
2980.480
2980.830
2981.150
2981.510
2981.840
2982.200
2982.520
2982.880
2983.210
2983.550
2983.890
2984.230
2984.560
2984.910
2985.250
2985.600
2985.930
2986.280
2986.610
2986.960
2987.290
2987.640
2987.970
2988.320
2988.660
2989.000
2989.330
2989.680
2990.010
2990.360
2990.690
2991.040
2991.370
2991.720
2992.060
2992.410
2992.750
2993.120
2993.450
2993.800
2994.130
2994.490
2994.810
2995.170
2995.490
2995.840
2996.180
2996.520
2996.870
2997.210
2997.560
2997.920
2998.250
2998.610
2998.940
2999.300
2999.620
2999.980
3000.310
3000.660
3000.990
3001.360
3001.680
3002.030
3002.360
3002.720
3003.040
3003.410
3003.740
3004.100
3004.420
3004.780
3005.110
3005.460
3005.790
3006.160
3006.490
3006.850
3007.180
3007.530
3007.860
3008.210
3008.550
3008.910
3009.240
3009.600
3009.930
3010.290
3010.610
3010.970
3011.310
3011.670
3012.000
3012.360
3012.680
3013.040
3013.370
3013.720
3014.060
3014.420
3014.760
3015.100
3015.450
3015.800
3016.150
3016.500
3016.870
3017.210
3017.570
3017.920
3018.260
3018.610
3018.960
3019.320
3019.650
3020.020
3020.360
3020.720
3021.060
3021.420
3021.760
3022.110
3022.450
3022.810
3023.160
3023.510
3023.850
3024.210
3024.550
3024.920
3025.240
3025.590
3025.940
3026.280
3026.640
3026.970
3027.320
3027.690
3028.020
3028.380
3028.720
3029.080
3029.430
3029.790
3030.120
3030.480
3030.830
3031.190
3031.520
3031.880
3032.210
3032.570
3032.900
3033.270
3033.600
3033.960
3034.310
3034.650
3035.020
3035.380
3035.740
3036.100
3036.480
3036.830
3037.220
3037.570
3037.920
3038.280
3038.660
3039.020
3039.350
3039.720
3040.040
3040.400
3040.720
3041.070
3041.400
3041.770
3042.100
3042.470
3042.800
3043.140
3043.480
3043.820
3044.160
3044.510
3044.860
3045.230
3045.570
3045.920
3046.260
3046.610
3046.940
3047.280
3047.620
3047.960
3048.330
3048.680
3049.020
3049.360
3049.720
3050.080
3050.440
3050.800
3051.160
3051.510
3051.860
3052.200
3052.550
3052.910
3053.260
3053.610
3053.940
3054.310
3054.650
3054.990
3055.350
3055.710
3056.040
3056.410
3056.760
3057.110
3057.440
3057.800
3058.120
3058.470
3058.790
3059.140
3059.470
3059.820
3060.150
3060.490
3060.840
3061.180
3061.510
3061.850
3062.190
3062.520
3062.860
3063.200
3063.530
3063.860
3064.200
3064.540
3064.880
3065.210
3065.560
3065.890
3066.230
3066.570
3066.910
3067.250
3067.590
3067.920
3068.270
3068.610
3068.950
3069.290
3069.620
3069.960
3070.290
3070.620
3070.970
3071.320
3071.640
3071.990
3072.330
3072.670
3073.000
3073.320
3073.670
3074.010
3074.340
3074.680
3075.010
3075.350
3075.670
3076.000
3076.320
3076.660
3076.980
3077.320
3077.660
3077.980
3078.300
3078.630
3078.960
3079.300
3079.620
3079.960
3080.290
3080.630
3080.960
3081.300
3081.630
3081.980
3082.320
3082.640
3082.960
3083.280
3083.590
3083.910
3084.230
3084.560
3084.910
3085.240
3085.570
3085.900
3086.240
3086.570
3086.910
3087.250
3087.600
3087.930
3088.270
3088.610
3088.940
3089.270
3089.600
3089.950
3090.290
3090.620
3090.970
3091.320
3091.650
3091.980
3092.330
3092.660
3092.980
3093.310
3093.630
3093.940
3094.270
3094.590
3094.900
