0.210
0.840
1.360
1.940
2.490
3.030
3.560
4.110
4.710
5.260
5.910
6.530
7.160
7.810
8.430
9.090
9.710
10.380
11.040
11.730
12.390
13.030
13.680
14.350
15.010
15.670
16.330
16.970
17.630
18.270
18.940
19.580
20.240
20.900
21.550
22.210
22.880
23.530
24.180
24.830
25.470
26.150
26.790
27.450
28.110
28.790
29.470
30.150
30.820
31.520
32.220
32.900
33.580
34.260
34.940
35.630
36.290
36.970
37.650
38.330
39.000
39.690
40.360
41.040
41.710
42.410
43.050
43.730
44.410
45.070
45.730
46.420
47.090
47.790
48.470
49.150
49.820
50.510
51.180
51.840
52.550
53.240
53.920
54.610
55.300
55.970
56.660
57.350
58.030
58.710
59.400
60.090
60.760
61.440
62.100
62.810
63.490
64.180
64.860
65.530
66.200
66.880
67.580
68.270
68.940
69.620
70.310
71.000
71.660
72.360
73.050
73.730
74.420
75.150
75.850
76.540
77.220
77.940
78.630
79.330
80.010
80.720
81.410
82.110
82.810
83.500
84.160
84.860
85.530
86.240
86.940
87.630
88.310
89.010
89.710
90.420
91.100
91.820
92.520
93.180
93.880
94.560
95.250
95.980
96.660
97.380
98.080
98.800
99.500
100.190
100.910
101.640
102.330
103.010
103.690
104.410
105.100
105.820
106.530
107.210
107.910
108.630
109.300
110.000
110.730
111.450
112.150
112.870
113.570
114.280
114.940
115.630
116.330
117.050
117.760
118.470
119.160
119.890
120.600
121.340
122.050
122.760
123.460
124.140
124.860
125.580
126.250
126.950
127.630
128.320
129.040
129.740
130.440
131.170
131.860
132.580
133.290
134.020
134.690
135.400
136.100
136.850
137.570
138.260
138.960
139.700
140.380
141.100
141.830
142.570
143.310
144.020
144.750
145.470
146.160
146.900
147.620
148.330
149.080
149.780
150.460
151.190
151.870
152.600
153.300
154.020
154.730
155.410
156.140
156.830
157.560
158.270
158.970
159.690
160.410
161.130
161.830
162.530
163.240
163.950
164.640
165.370
166.120
166.830
167.540
168.260
168.980
169.680
170.370
171.070
171.810
172.520
173.240
173.940
174.620
175.320
176.040
176.750
177.460
178.170
178.870
179.590
180.290
180.980
181.700
182.410
183.140
183.870
184.540
185.240
185.930
186.560
187.230
