0.390
1.340
2.330
3.250
4.230
5.180
6.160
7.120
8.090
9.050
9.980
10.910
11.850
12.750
13.710
14.620
15.540
16.490
17.410
18.310
19.230
20.150
21.070
22.010
22.930
23.870
24.780
25.710
26.610
27.530
28.440
29.350
30.290
31.280
32.200
33.140
34.060
35.020
35.910
36.830
37.770
38.740
39.700
40.600
41.520
42.430
43.320
44.220
45.140
46.120
47.050
48.010
48.940
49.890
50.820
51.810
52.740
53.740
54.680
55.630
56.580
57.490
58.410
59.330
60.270
61.230
62.160
63.120
64.050
65.050
66.020
66.990
67.940
68.920
69.920
70.900
71.860
72.820
73.840
74.850
75.810
76.830
77.780
78.810
79.770
80.760
81.760
82.720
83.650
84.660
85.640
86.610
87.620
88.610
89.570
90.550
91.550
92.550
93.560
94.530
95.520
96.510
97.540
98.550
99.520
100.550
101.510
102.530
103.540
104.550
105.550
106.600
107.570
108.590
109.570
110.580
111.560
112.560
113.570
114.570
115.580
116.650
117.690
118.680
119.690
120.710
121.720
122.730
123.810
124.780
125.800
126.770
127.780
128.780
129.810
130.840
131.920
132.930
133.970
135.000
136.040
137.090
138.140
139.220
140.310
141.380
142.410
143.480
144.570
145.610
146.700
147.690
148.740
149.770
150.750
151.820
152.820
153.870
154.910
155.940
156.980
158.030
159.100
160.150
161.160
162.220
163.300
164.350
165.470
166.510
167.560
168.610
169.650
170.690
171.740
172.820
173.950
174.980
176.120
177.180
178.280
179.380
180.430
181.490
182.510
183.610
184.710
185.770
186.820
187.880
188.920
189.530
190.080
190.610
191.120
191.680
192.210
192.710
193.240
193.780
194.330
194.890
195.420
195.980
196.510
197.050
197.600
198.170
198.710
199.260
199.800
200.350
200.920
201.470
202.010
202.520
203.060
203.610
204.150
204.690
205.250
205.770
206.310
206.870
207.450
208.020
208.590
209.130
209.660
210.240
210.790
211.330
211.860
212.430
212.980
213.490
214.030
214.580
215.120
215.690
216.240
216.800
217.350
217.910
218.470
219.070
219.630
220.180
220.720
221.270
221.820
222.410
222.970
223.510
224.060
224.660
225.200
225.800
226.370
226.910
227.500
228.050
228.610
229.150
229.720
230.270
230.850
231.400
231.980
232.520
233.110
233.650
234.220
234.790
235.370
235.920
236.490
237.040
237.610
238.170
238.740
239.310
239.860
240.430
240.980
241.530
242.050
242.590
243.140
243.690
244.280
244.820
245.390
245.950
246.520
247.090
247.680
248.210
248.750
249.300
249.890
250.460
251.020
251.580
252.160
252.770
253.330
253.920
254.490
255.060
255.620
256.170
256.710
257.260
257.820
258.380
258.920
259.490
260.060
260.620
261.170
261.760
262.290
262.860
263.430
264.000
264.530
265.110
265.680
266.220
266.760
267.300
267.850
268.430
268.980
269.500
270.060
270.630
271.180
271.760
272.310
272.880
273.430
274.010
274.570
275.120
275.670
276.220
276.790
277.350
277.910
278.430
278.970
279.520
280.050
280.590
281.160
281.700
282.270
282.820
283.410
283.970
284.510
285.070
285.620
286.150
286.700
287.250
287.800
288.340
288.880
289.450
289.980
290.550
291.120
291.670
292.220
292.790
293.320
293.890
294.410
294.980
295.530
296.130
296.700
297.270
297.800
298.390
298.920
299.500
300.120
300.730
301.410
302.040
302.680
303.390
304.050
304.730
305.460
306.240
306.870
307.480
308.070
308.700
309.290
309.870
310.450
311.050
311.720
312.370
313.010
313.640
314.310
315.020
315.650
316.300
316.950
317.570
318.240
318.880
319.520
320.130
320.800
