0.170
0.730
1.240
1.790
2.290
2.850
3.360
3.880
4.400
4.950
5.470
5.970
6.500
7.020
7.540
8.060
8.550
9.080
9.600
10.120
10.650
11.160
11.680
12.180
12.700
13.200
13.730
14.220
14.740
15.260
15.780
16.290
16.810
17.290
17.800
18.310
18.850
19.380
19.880
20.390
20.920
21.440
21.950
22.470
22.980
23.500
24.000
24.520
25.010
25.510
26.020
26.540
27.060
27.560
28.090
28.600
29.110
29.620
30.130
30.640
31.160
31.690
32.220
32.720
33.230
33.750
34.260
34.760
35.280
35.790
36.310
36.820
37.350
37.850
38.360
38.850
39.370
39.880
40.390
40.890
41.400
41.900
42.410
42.900
43.410
43.920
44.430
44.940
45.450
45.970
46.490
47.010
47.520
48.020
48.520
49.010
49.520
50.020
50.550
51.040
51.560
52.060
52.560
53.070
53.570
54.080
54.590
55.080
55.610
56.120
56.610
57.110
57.610
58.130
58.640
59.130
59.620
60.120
60.640
61.130
61.630
62.140
62.640
63.140
63.650
64.150
64.650
65.180
65.660
66.150
66.660
67.150
67.650
68.140
68.650
69.140
69.640
70.140
70.650
71.150
71.640
72.130
72.620
73.110
73.610
74.110
74.620
75.130
75.640
76.150
76.660
77.150
77.660
78.160
78.670
79.160
79.680
80.160
80.690
81.160
81.650
82.150
82.650
83.150
83.650
84.130
84.620
85.120
85.620
86.110
86.630
87.110
87.610
88.100
88.590
89.100
89.600
90.080
90.560
91.050
91.540
92.030
92.540
93.030
93.520
94.020
94.510
95.010
95.500
96.010
96.510
97.010
97.500
98.000
98.500
99.010
99.510
99.990
100.500
101.010
101.490
101.970
102.480
102.990
103.480
103.980
104.480
104.990
105.480
105.960
106.460
106.960
107.440
107.940
108.440
108.940
109.430
109.940
110.440
110.940
111.450
111.940
112.430
112.940
113.440
113.930
114.420
114.920
115.410
115.900
116.410
116.900
117.390
117.880
118.390
118.900
119.380
119.890
120.390
120.900
121.400
121.890
122.380
122.890
123.400
123.910
124.400
124.900
125.410
125.900
126.390
126.890
127.400
127.870
128.390
128.860
129.360
129.840
130.340
130.850
131.340
131.820
132.310
132.810
133.300
133.800
134.300
134.790
135.300
135.800
136.300
136.800
137.290
137.780
138.280
138.770
139.260
139.750
140.260
140.760
141.250
141.740
142.260
142.750
143.250
143.740
144.240
144.740
145.240
145.720
146.220
146.720
147.240
147.730
148.230
148.730
149.220
149.720
150.210
150.700
151.200
151.690
152.190
152.680
153.170
153.640
154.170
154.640
155.170
155.660
156.180
156.710
157.190
157.670
158.170
158.660
159.140
159.660
160.160
160.640
161.140
161.650
162.150
162.640
163.140
163.640
164.150
164.650
165.140
165.640
166.180
166.670
167.150
167.640
168.130
168.630
169.120
169.600
170.090
170.590
171.090
171.590
172.090
172.590
173.090
173.590
174.080
174.580
175.080
175.570
176.070
176.580
177.070
177.550
178.060
178.560
179.060
179.580
180.060
180.550
181.050
181.530
182.030
182.520
183.050
183.530
184.050
184.540
185.050
185.540
186.030
186.520
187.030
187.530
188.040
188.540
189.040
189.530
190.040
190.540
191.040
191.530
192.040
192.550
193.040
193.520
194.010
194.510
195.010
195.500
196.000
196.490
196.980
197.470
197.990
198.470
198.960
199.460
199.950
200.460
200.950
201.450
201.950
202.440
202.940
203.430
203.930
204.450
204.940
205.430
205.930
206.420
206.910
207.400
207.890
208.400
208.890
209.370
209.880
210.370
210.860
211.350
211.850
212.350
212.850
213.360
213.860
214.350
214.830
215.340
215.830
216.330
216.830
217.320
217.820
218.330
218.840
219.340
219.830
220.330
220.830
221.330
221.820
222.310
222.800
223.290
223.800
224.270
224.750
225.240
225.740
226.240
226.750
227.210
227.740
228.230
228.730
229.220
229.720
230.220
230.710
231.220
231.720
232.210
232.710
233.200
233.700
234.190
234.710
235.180
235.680
236.170
236.660
237.160
237.640
238.130
238.630
239.110
239.610
240.100
240.610
241.090
241.580
242.080
242.570
243.060
243.560
244.050
244.530
245.060
245.550
246.040
246.560
247.020
247.520
248.020
248.510
248.980
249.490
249.980
250.480
250.990
251.490
251.980
252.470
252.970
253.470
253.970
254.460
254.960
255.450
255.950
256.460
256.950
257.440
257.930
258.440
258.920
259.430
259.910
260.400
260.890
261.400
261.900
262.400
262.910
263.430
263.930
264.430
264.930
265.430
265.920
266.430
266.920
267.420
267.920
268.430
268.930
269.440
269.950
270.470
270.980
271.480
272.010
272.510
273.010
273.510
273.990
274.500
275.020
275.510
276.000
276.490
277.000
277.500
278.010
278.510
279.020
279.520
280.030
280.520
281.030
281.540
282.020
282.540
283.060
283.550
284.050
284.550
285.040
285.570
286.050
286.570
287.060
287.560
288.050
288.560
289.070
289.590
290.080
290.610
291.110
291.620
292.100
292.600
293.120
293.630
294.120
294.600
295.080
295.570
296.030
296.490
296.980
297.450
297.920
298.390
