0.260
0.860
1.390
1.970
2.530
3.090
3.630
4.230
4.790
5.370
5.910
6.490
7.100
7.660
8.200
8.740
9.290
9.860
10.360
10.840
11.350
11.920
12.440
12.980
13.530
14.070
14.600
15.140
15.680
16.210
16.770
17.310
17.830
18.400
18.990
19.620
20.190
20.820
21.390
21.950
22.560
23.130
23.680
24.240
24.830
25.390
25.960
26.520
27.080
27.670
28.210
28.780
29.340
29.890
30.430
30.980
31.550
32.090
32.600
33.170
33.700
34.230
34.770
35.290
35.840
36.340
36.900
37.440
38.000
38.570
39.120
39.670
40.190
40.740
41.320
41.870
42.410
42.920
43.480
44.010
44.590
45.160
45.710
46.260
46.820
47.350
47.890
48.430
49.000
49.520
50.070
50.560
51.100
51.580
52.100
52.630
53.130
53.640
54.160
54.700
55.240
55.800
56.330
56.850
57.350
57.860
58.380
58.910
59.440
60.000
60.500
61.060
61.570
62.100
62.640
63.150
63.710
64.240
64.780
65.310
65.860
66.390
66.930
67.460
68.020
68.560
69.090
69.610
70.120
70.660
71.190
71.730
72.250
72.780
73.330
73.840
74.380
74.910
75.450
75.960
76.510
77.020
77.570
78.130
78.660
79.190
79.710
80.250
80.790
81.290
81.850
82.320
82.830
83.290
83.820
84.340
84.850
85.340
85.850
86.380
86.890
87.380
87.920
88.450
88.980
89.520
90.050
90.620
91.130
91.650
92.150
92.700
93.210
93.710
94.200
94.730
95.240
95.750
96.280
96.780
97.310
97.810
98.330
98.830
99.330
99.830
100.350
100.860
101.390
101.890
102.360
102.870
103.390
103.910
104.420
104.940
105.430
105.950
106.460
106.980
107.480
107.980
108.490
109.000
109.500
110.020
110.520
111.050
111.550
112.020
112.550
113.030
113.540
114.030
114.540
115.030
115.520
116.030
116.540
117.030
117.550
118.060
118.560
119.050
119.560
120.070
120.580
121.100
121.610
122.110
122.620
123.150
123.650
124.160
124.660
125.170
125.680
126.180
126.680
127.190
127.730
128.210
128.720
129.230
129.730
130.210
130.720
131.220
131.710
132.210
132.710
133.210
133.720
134.220
134.730
135.200
135.730
136.230
136.750
137.260
137.790
138.300
138.820
139.340
139.840
140.370
140.850
141.350
141.830
142.310
142.820
143.300
143.820
144.320
144.820
145.310
145.810
146.320
146.830
147.340
147.840
148.330
148.850
149.360
149.850
150.340
150.820
151.290
151.800
152.290
152.770
153.280
153.780
154.280
154.790
155.290
155.770
156.270
156.770
157.250
157.750
158.220
158.700
159.200
159.690
160.200
160.680
161.150
161.650
162.150
162.630
163.140
163.620
164.110
164.610
165.090
165.560
166.040
166.540
167.000
167.520
168.030
168.550
169.040
169.520
170.050
170.520
170.980
171.460
171.940
172.430
172.930
173.410
173.890
174.370
174.860
175.350
175.860
176.380
176.870
177.340
177.850
178.310
178.800
179.290
179.770
180.250
180.730
181.210
181.700
182.170
182.650
183.140
183.610
184.100
184.590
185.100
185.600
186.080
186.580
187.060
187.560
188.040
188.530
188.990
189.480
189.970
190.470
190.960
191.450
191.930
192.430
192.950
193.440
193.920
194.400
194.900
195.380
195.870
196.330
196.820
197.290
197.750
198.220
198.700
199.170
199.660
200.140
200.620
201.080
201.570
202.050
202.550
203.020
203.520
203.990
204.470
204.950
205.440
205.930
206.430
206.910
207.400
207.890
208.360
208.860
209.330
209.810
210.290
210.780
211.260
211.740
212.230
212.710
213.190
213.700
214.210
214.690
215.200
215.760
216.260
216.920
217.530
218.170
218.810
219.410
220.100
220.760
221.420
222.040
222.700
223.460
224.150
224.880
225.590
226.240
226.920
227.640
228.360
229.110
229.870
230.690
231.440
232.270
233.060
234.020
234.930
235.840
236.890
237.840
238.860
239.930
240.980
241.990
242.930
243.930
244.920
245.850
246.880
247.850
248.850
249.860
250.850
251.850
252.900
253.940
254.930
255.940
256.940
257.910
258.910
259.930
260.890
261.880
262.910
263.930
264.940
265.930
266.980
267.970
268.940
269.940
270.930
271.920
272.910
273.940
274.990
276.040
277.100
278.110
279.050
280.050
280.960
281.820
282.790
283.710
284.590
285.450
286.380
287.230
288.050
288.890
289.710
290.540
291.300
292.100
292.940
