0.260
0.890
1.530
2.180
2.800
3.410
4.060
4.680
5.300
5.930
6.570
7.190
7.790
8.380
9.000
9.600
10.230
10.860
11.470
12.110
12.710
13.320
13.940
14.530
15.160
15.770
16.370
17.000
17.610
18.220
18.850
19.480
20.100
20.720
21.320
21.940
22.540
23.160
23.780
24.390
25.010
25.600
26.220
26.840
27.450
28.060
28.690
29.300
29.920
30.540
31.170
31.790
32.400
33.020
33.640
34.240
34.860
35.480
36.100
36.730
37.360
37.970
38.600
39.230
39.850
40.460
41.070
41.700
42.310
42.930
43.530
44.160
44.790
45.410
46.030
46.660
47.250
47.870
48.490
49.140
49.740
50.370
50.980
51.610
52.220
52.860
53.510
54.140
54.750
55.370
55.990
56.630
57.270
57.880
58.520
59.150
59.780
60.400
61.020
61.650
62.280
62.900
63.520
64.150
64.780
65.410
66.030
66.660
67.280
67.900
68.530
69.150
69.770
70.410
71.040
71.660
72.290
72.930
73.550
74.200
74.810
75.440
76.070
76.700
77.330
77.960
78.580
79.230
79.850
80.480
81.090
81.710
82.350
82.970
83.590
84.230
84.880
85.510
86.130
86.760
87.390
88.030
88.640
89.280
89.900
90.510
91.150
91.810
92.480
93.120
93.790
94.440
95.110
95.740
96.370
97.000
97.630
98.270
98.920
99.550
100.190
100.850
101.480
102.090
102.730
103.370
104.000
104.640
105.260
105.890
106.530
107.160
107.800
108.430
109.060
109.690
110.330
110.960
111.590
112.230
112.860
113.490
114.130
114.750
115.380
116.020
116.660
117.280
117.900
118.520
119.160
119.780
120.430
121.040
121.680
122.310
122.930
123.550
124.180
124.790
125.420
126.040
126.650
127.280
127.900
128.520
129.150
129.760
130.380
131.010
131.630
132.250
132.860
133.470
134.090
134.740
135.370
136.030
136.660
137.270
137.930
138.610
139.320
140.030
140.700
141.400
142.140
142.860
143.530
144.290
145.010
145.700
146.440
147.130
147.870
148.650
149.350
150.140
150.950
151.760
152.530
153.340
154.050
154.770
155.510
156.220
156.950
157.720
158.450
159.160
