0.290
0.620
0.980
1.300
1.640
2.000
2.320
2.650
2.960
3.280
3.560
3.850
4.140
4.430
4.720
5.010
5.310
5.600
5.890
6.180
6.470
6.770
7.070
7.360
7.660
7.960
8.260
8.560
8.860
9.150
9.430
9.730
10.030
10.340
10.630
10.930
11.220
11.520
11.800
12.100
12.380
12.680
12.960
13.260
13.540
13.830
14.120
14.410
14.700
15.000
15.280
15.580
15.870
16.170
16.470
16.770
17.060
17.360
17.650
17.940
18.240
18.540
18.830
19.130
19.410
19.710
20.000
20.290
20.590
20.880
21.180
21.490
21.780
22.080
22.370
22.670
22.960
23.250
23.540
23.820
24.120
24.410
24.700
25.010
25.300
25.610
25.900
26.200
26.500
26.800
27.100
27.410
27.700
28.000
28.300
28.600
28.900
29.200
29.500
29.800
30.100
30.400
30.700
31.000
31.300
31.610
31.910
32.210
32.510
32.810
33.110
33.410
33.700
34.000
34.300
34.600
34.900
35.210
35.510
35.820
36.120
36.420
36.720
37.020
37.310
37.610
37.910
38.220
38.520
38.820
39.110
39.410
39.710
40.010
40.310
40.610
40.920
41.210
41.520
41.820
42.120
42.420
42.710
43.010
43.310
43.610
43.910
44.210
44.520
44.820
45.120
45.430
45.730
46.050
46.350
46.670
46.960
47.270
47.560
47.870
48.160
48.470
48.780
49.100
49.390
49.700
49.990
50.290
50.590
50.900
51.190
51.500
51.780
52.080
52.360
52.660
52.950
53.260
53.550
53.860
54.160
54.460
54.760
55.080
55.380
55.690
55.990
56.300
56.590
56.900
57.190
57.490
57.800
58.100
58.400
58.700
59.000
59.310
59.620
59.920
60.220
60.520
60.820
61.120
61.420
61.720
62.010
62.320
62.610
62.910
63.220
63.510
63.810
64.120
64.430
64.750
65.060
65.370
65.670
65.980
66.270
66.580
66.880
67.180
67.480
67.780
68.070
68.380
68.670
68.970
69.270
69.570
69.850
70.150
70.450
70.750
71.050
71.350
71.650
71.950
72.250
72.550
72.840
73.140
73.440
73.750
74.040
74.340
74.630
74.930
75.220
75.510
75.800
76.100
76.400
76.690
76.990
77.300
77.600
77.900
78.200
78.500
78.790
79.090
79.390
79.680
79.980
80.280
80.570
80.870
81.170
81.470
81.780
82.080
82.370
82.670
82.950
83.250
83.530
83.830
84.120
84.410
84.700
84.990
85.270
85.560
85.850
86.150
86.430
86.720
87.010
87.300
87.590
87.880
88.180
88.480
88.770
89.060
89.350
89.650
89.930
90.230
90.520
90.800
91.090
91.380
91.680
91.970
92.260
92.570
92.850
93.140
93.440
93.720
94.020
94.310
94.600
94.910
95.200
95.500
95.780
96.070
96.360
96.660
96.940
97.240
97.530
97.810
98.110
98.390
98.690
98.980
99.270
99.560
99.870
100.160
100.460
100.760
101.070
101.370
101.660
101.970
102.260
102.560
102.860
103.150
103.440
103.740
104.020
104.310
104.610
104.910
105.200
105.510
105.790
106.080
106.380
106.670
106.970
107.260
107.560
107.870
108.160
108.470
108.750
109.050
109.330
109.620
109.910
110.210
110.490
110.780
111.080
111.360
111.650
111.960
112.240
112.540
112.830
113.110
113.410
113.700
113.980
114.270
114.570
114.860
115.150
115.440
115.730
116.020
116.300
116.590
116.880
117.180
117.470
117.770
118.070
118.370
118.670
118.960
119.260
119.570
119.860
120.170
120.460
120.770
121.060
121.360
121.660
121.970
122.260
122.570
122.860
123.170
123.470
123.760
124.060
124.360
124.650
124.950
125.250
125.540
125.840
126.140
126.440
126.750
127.040
127.340
127.630
127.920
128.220
128.520
128.820
129.110
129.410
129.720
130.010
130.320
130.610
130.910
131.210
131.520
131.810
132.110
132.410
132.700
132.990
133.290
133.570
133.860
134.160
134.470
134.760
135.060
135.360
135.660
135.940
136.240
136.530
136.830
137.120
137.420
137.720
138.030
138.320
138.630
138.920
139.230
139.530
139.830
140.130
140.430
140.720
141.020
141.320
141.610
141.890
142.180
142.470
142.770
143.070
143.360
143.670
143.970
144.270
144.570
144.860
145.170
145.460
145.760
146.060
146.360
146.660
146.960
147.260
147.570
147.870
148.190
148.490
148.810
149.100
149.400
149.700
150.010
150.300
150.610
150.900
151.210
151.500
151.780
152.080
152.380
152.680
152.970
153.270
153.570
153.870
154.190
154.500
154.800
155.110
155.440
155.750
156.200
156.630
157.200
157.790
158.370
158.970
159.570
160.140
160.710
161.290
161.890
162.480
163.080
163.670
164.240
164.840
165.420
166.000
166.590
167.170
167.760
168.350
168.920
169.520
170.120
170.700
171.270
171.850
172.420
172.980
173.550
174.110
174.670
175.230
175.810
176.400
176.990
177.560
178.150
178.760
179.360
179.940
180.510
181.090
181.660
182.260
182.800
183.380
183.960
184.520
185.100
185.670
186.270
186.850
187.450
188.050
188.640
189.210
189.780
190.380
190.970
191.540
192.170
192.830
193.440
194.080
194.700
195.310
195.900
196.500
197.130
197.760
198.370
199.030
199.610
200.190
200.790
201.370
201.980
202.560
203.130
203.680
204.250
204.870
205.440
206.020
206.590
207.190
207.770
208.340
208.940
209.510
210.090
210.620
211.210
211.780
212.360
212.930
213.510
214.080
214.660
215.240
215.800
216.370
216.930
217.510
218.050
218.620
219.190
219.780
220.350
220.940
221.500
222.090
222.690
223.250
223.860
224.440
225.030
225.600
226.170
226.730
227.310
227.860
228.440
229.020
229.610
230.220
230.810
231.380
231.980
232.560
233.110
233.710
234.270
234.850
235.420
236.010
236.580
237.150
237.720
238.270
238.850
239.410
239.970
240.500
241.070
241.670
242.220
242.810
243.390
243.940
244.530
245.110
245.670
246.220
246.800
247.390
247.970
248.550
249.120
249.690
250.290
250.840
251.420
252.000
252.580
253.150
253.730
254.330
254.880
255.430
256.000
256.590
257.170
257.750
258.320
258.870
259.440
260.010
260.580
261.160
261.740
262.320
262.890
263.440
264.010
264.580
265.150
265.700
266.270
266.830
267.420
267.970
268.580
269.150
269.720
270.300
270.890
271.450
272.010
272.580
273.150
273.710
274.280
274.860
275.410
275.990
276.550
277.120
277.680
278.250
278.810
279.390
279.930
280.520
281.080
281.640
282.200
282.760
283.330
283.890
284.440
285.020
285.550
286.150
286.700
287.250
287.810
288.390
288.950
289.520
290.090
290.640
291.190
291.780
292.340
292.910
293.480
294.060
294.630
295.210
295.780
296.340
296.880
297.460
298.040
298.600
299.180
299.750
300.320
300.910
301.490
302.050
302.600
303.170
303.730
304.310
304.890
305.470
306.030
306.600
307.180
307.760
308.340
308.910
309.490
310.070
310.640
311.220
311.790
312.360
312.940
313.490
314.050
314.610
315.170
315.740
316.320
316.880
317.450
318.040
318.590
319.170
319.750
320.320
320.900
321.480
322.050
322.630
323.230
323.810
324.370
324.940
325.520
326.090
326.660
327.220
327.790
328.350
328.930
329.500
330.090
330.660
331.210
331.780
332.370
332.940
333.530
334.110
334.680
335.250
335.820
336.410
336.990
337.560
338.130
338.710
339.280
339.860
340.430
340.970
341.570
342.120
342.710
343.260
343.820
344.410
345.010
345.570
346.140
346.670
347.180
347.720
348.270
348.840
349.390
349.970
350.530
351.080
351.660
352.190
352.750
353.290
353.860
354.400
354.990
355.530
356.110
356.580
357.060
357.620
358.130
358.700
359.270
359.810
360.400
361.010
361.570
362.190
362.750
363.330
363.900
364.500
365.090
365.680
366.250
366.870
367.460
368.020
368.640
369.230
369.850
370.430
371.040
371.660
372.230
372.790
373.330
373.890
374.470
375.010
375.570
376.180
376.740
377.340
377.900
378.450
378.990
379.550
380.140
380.670
381.240
381.750
382.310
382.840
383.420
383.980
384.580
385.150
385.710
386.250
386.780
387.330
387.890
388.480
389.030
389.570
390.130
390.660
391.220
391.770
392.290
392.850
393.390
393.910
394.450
395.030
395.570
396.150
396.730
397.300
397.880
398.430
398.980
399.490
400.050
400.590
401.150
401.710
402.270
402.810
403.370
403.960
404.510
405.060
405.640
406.180
406.720
407.260
407.830
408.390
408.910
409.470
410.000
410.540
411.130
411.680
412.280
412.850
413.410
413.930
414.470
415.030
415.570
416.070
416.600
417.080
417.610
418.120
418.580
419.070
419.570
420.110
420.670
421.200
421.810
422.390
422.920
423.480
424.020
424.540
425.070
425.600
426.160
426.700
427.230
427.760
428.310
428.830
429.380
429.970
430.570
431.130
431.730
432.280
432.880
433.450
434.000
434.560
435.100
435.690
436.240
436.810
437.330
437.900
438.440
438.980
439.610
440.200
440.780
441.390
442.030
442.680
443.310
443.910
444.570
445.120
445.660
446.230
446.800
447.350
447.870
448.430
448.970
449.530
450.060
450.620
451.170
451.700
452.220
452.750
453.290
453.840
454.340
454.880
455.430
455.960
456.470
456.990
457.560
458.080
458.620
459.160
459.680
460.220
460.730
461.250
461.780
462.320
462.860
463.390
463.940
464.450
464.980
465.510
466.040
466.570
467.120
467.660
468.200
468.730
469.240
469.780
470.320
470.850
471.380
471.910
472.460
473.010
473.540
474.070
474.630
475.140
475.690
476.250
476.780
477.300
477.790
478.320
478.840
479.380
479.890
480.390
480.950
481.470
482.010
482.540
483.040
483.590
484.100
484.650
485.200
485.720
486.260
486.780
487.300
487.800
488.320
488.840
489.390
489.930
490.460
490.990
491.510
492.060
492.580
493.120
493.640
494.190
494.700
495.240
495.790
496.300
496.840
497.360
497.890
498.440
498.950
499.470
500.010
500.510
501.020
501.560
502.080
502.610
503.130
503.660
504.190
504.710
505.240
505.770
506.300
506.830
507.350
507.880
508.430
508.960
509.480
510.010
510.540
511.080
511.610
512.130
512.680
513.220
513.750
514.290
514.820
515.330
515.860
516.390
516.910
517.420
517.950
518.490
519.040
519.580
520.130
520.670
521.220
521.750
522.260
522.800
523.350
523.880
524.400
524.940
525.460
526.010
526.520
527.050
527.580
528.120
528.660
529.180
529.700
530.230
530.780
531.290
531.840
532.380
532.910
533.450
534.000
534.510
535.060
535.560
536.110
536.640
537.190
537.730
538.270
538.800
539.330
539.880
540.410
540.940
541.470
542.010
542.540
543.080
543.610
544.130
544.670
545.220
545.760
546.290
546.840
547.380
547.920
548.450
548.990
549.540
550.070
550.620
551.150
551.660
552.190
552.750
553.270
553.840
554.360
554.900
555.420
555.970
556.480
557.020
557.580
558.120
558.640
559.180
559.700
560.220
560.700
561.240
561.780
562.320
562.850
563.380
563.920
564.470
565.010
565.550
566.130
566.640
567.200
567.700
568.220
568.740
569.250
569.790
570.310
570.860
571.380
571.920
572.440
572.990
573.500
574.050
574.560
575.100
575.640
576.170
576.690
577.230
577.760
578.300
578.810
579.360
579.880
580.410
580.930
581.470
582.010
582.550
583.090
583.620
584.150
584.700
585.210
585.750
586.250
586.790
587.310
587.830
588.370
588.900
589.450
590.000
590.510
591.040
591.580
592.090
592.620
593.160
593.690
594.220
594.770
595.300
595.810
596.340
596.870
597.400
597.930
598.450
598.980
599.530
600.050
600.580
601.080
601.610
602.120
602.660
603.170
603.710
604.240
604.780
605.290
605.820
606.370
606.870
607.400
607.950
608.490
609.020
609.540
610.080
610.620
611.140
611.650
612.180
612.710
613.260
613.780
614.320
614.850
615.380
615.890
616.430
616.960
617.530
618.190
618.830
619.390
619.920
620.450
620.990
621.550
622.100
622.640
623.180
623.740
624.280
624.820
625.340
625.920
626.460
627.010
627.560
628.100
628.650
629.200
629.750
630.300
630.850
631.390
631.940
632.490
633.030
633.580
634.130
634.680
635.240
635.790
636.340
636.880
637.420
637.980
638.550
639.090
639.640
640.200
640.740
641.290
641.840
642.390
642.940
643.480
644.040
644.580
645.140
645.690
646.250
646.790
647.340
647.900
648.450
649.000
649.560
650.120
650.660
651.230
651.790
652.340
652.890
653.430
654.020
654.660
655.250
655.900
656.470
657.030
657.560
658.100
658.640
659.190
659.740
660.310
660.860
661.440
662.000
662.590
663.160
663.750
664.360
664.920
665.520
666.090
666.680
667.240
667.790
668.370
668.950
669.510
670.050
670.610
671.190
671.740
672.300
672.840
673.360
673.910
674.440
674.950
675.490
675.980
676.520
677.070
677.580
678.140
678.650
679.230
679.800
680.350
680.910
681.450
681.950
682.480
683.050
683.600
684.190
684.730
685.300
685.880
686.430
687.000
687.570
688.130
688.680
689.230
689.790
690.300
690.820
691.370
691.890
692.380
692.890
693.430
693.930
694.400
694.910
695.410
695.920
696.450
696.960
697.480
697.990
698.560
699.080
699.630
700.150
700.700
701.210
701.740
702.290
702.810
703.300
703.830
704.350
704.860
705.390
705.900
706.410
706.920
707.440
707.970
708.470
709.010
709.520
710.040
710.560
711.110
711.630
712.140
712.680
713.170
713.720
714.220
714.730
715.230
715.750
716.280
716.810
717.320
717.840
718.360
718.860
719.350
719.840
720.360
720.890
721.390
721.920
722.430
722.930
723.430
723.980
724.500
725.030
725.560
726.080
726.620
727.130
727.660
728.170
728.700
729.220
729.750
730.250
730.800
731.290
731.820
732.340
732.860
733.380
733.910
734.420
734.940
735.470
735.980
736.510
737.020
737.550
738.070
738.580
739.110
739.620
740.150
740.660
741.180
741.700
742.230
742.750
743.260
743.780
744.280
744.790
745.330
745.830
746.340
746.860
747.380
747.890
748.400
748.900
749.430
749.950
750.460
750.970
751.480
751.990
752.500
753.020
753.540
754.060
754.570
755.090
755.590
756.090
756.610
757.110
757.630
758.190
758.730
759.310
759.840
760.410
760.930
761.500
762.050
762.590
763.140
763.730
764.280
764.880
