0.280
0.870
1.430
2.030
2.590
3.130
3.710
4.240
4.820
5.360
5.880
6.430
6.970
7.510
8.070
8.600
9.090
9.560
10.040
10.500
10.970
11.440
11.930
12.380
12.860
13.340
13.800
14.260
14.700
15.160
15.630
16.100
16.570
17.090
17.560
18.040
18.510
18.950
19.410
19.870
20.330
20.820
21.290
21.740
22.210
22.700
23.160
23.610
24.070
24.540
25.010
25.480
25.930
26.400
26.870
27.340
27.790
28.270
28.740
29.210
29.680
30.170
30.640
31.110
31.590
32.060
32.550
33.030
33.510
33.980
34.450
34.930
35.400
35.890
36.360
36.830
37.300
37.790
38.260
38.740
39.220
39.690
40.180
40.670
41.140
41.620
42.140
42.620
43.090
43.560
44.050
44.520
44.990
45.470
45.960
46.440
46.920
47.400
47.880
48.350
48.850
49.330
49.810
50.290
50.760
51.240
51.720
52.200
52.670
53.150
53.630
54.100
54.570
55.060
55.550
56.030
56.500
56.980
57.480
57.970
58.450
58.940
59.420
59.910
60.380
60.850
61.330
61.810
62.300
62.800
63.280
63.760
64.240
64.730
65.200
65.690
66.180
66.650
67.130
67.610
68.090
68.580
69.070
69.550
70.030
70.540
71.010
71.490
71.990
72.460
72.960
73.450
73.920
74.410
74.910
75.390
75.890
76.380
76.870
77.340
77.830
78.300
78.790
79.270
79.740
80.210
80.700
81.170
81.660
82.140
82.630
83.110
83.600
84.090
84.570
85.050
85.540
86.030
86.520
87.000
87.490
87.970
88.460
88.960
89.440
89.930
90.430
90.930
91.410
91.910
92.400
92.880
93.360
93.860
94.340
94.830
95.320
95.810
96.300
96.780
97.260
97.750
98.250
98.720
99.210
99.710
100.200
100.690
101.190
101.680
102.160
102.650
103.140
103.630
104.110
104.600
105.090
105.560
106.050
106.530
107.020
107.500
108.000
108.460
108.940
109.440
109.950
110.550
111.120
111.620
112.100
112.570
113.040
113.520
114.040
114.530
115.020
115.510
116.000
116.480
116.970
117.440
117.940
118.440
118.930
119.420
119.910
120.410
120.890
121.360
121.860
122.350
122.840
123.330
123.840
124.330
124.810
125.320
125.800
126.280
126.760
127.240
127.730
128.210
128.700
129.170
129.670
130.150
130.630
131.120
131.600
132.070
132.550
133.040
133.520
134.010
134.500
134.990
135.490
135.980
136.470
136.960
137.440
137.930
138.420
138.920
139.400
139.880
140.380
140.870
141.350
141.820
142.310
142.810
143.300
143.790
144.290
144.770
145.250
145.720
146.200
146.700
147.190
147.680
148.170
148.650
149.140
149.630
150.130
150.620
151.110
151.610
152.090
152.600
153.080
153.550
154.050
154.540
155.020
155.490
155.950
156.460
156.950
157.430
157.910
158.390
158.870
159.340
159.810
160.280
160.760
161.250
161.730
162.230
162.710
163.180
163.650
164.150
164.620
165.100
165.570
166.050
166.530
167.010
167.490
167.980
168.460
168.930
169.400
169.890
170.380
170.860
171.330
171.810
172.310
172.790
173.270
173.750
174.230
174.710
175.190
175.670
176.150
176.630
177.120
177.600
178.060
178.550
179.020
179.510
179.990
180.480
180.950
181.430
181.900
182.390
182.870
183.360
183.830
184.320
184.810
185.280
185.770
186.250
186.730
187.210
187.680
188.160
188.640
189.130
189.610
190.080
190.560
191.050
191.530
192.010
192.480
192.950
193.430
193.880
194.380
194.860
195.330
195.810
196.290
196.770
197.240
197.730
198.190
198.680
199.160
199.640
200.100
200.580
201.060
201.540
202.010
202.490
202.970
203.450
203.920
204.410
204.890
205.370
205.860
206.340
206.820
207.310
207.780
208.260
208.740
209.220
209.710
210.190
210.660
211.130
211.610
212.110
212.580
213.070
213.540
214.030
214.500
214.990
215.470
215.930
216.420
216.890
217.370
217.840
218.320
218.800
219.280
219.750
220.240
220.700
221.170
221.670
222.150
222.630
223.110
223.590
224.060
224.540
225.030
225.500
225.980
226.460
226.940
227.430
227.910
228.390
228.860
229.350
229.840
230.320
230.800
231.290
231.760
232.250
232.730
233.200
233.690
234.160
234.650
235.140
235.640
236.110
236.600
237.080
237.560
238.030
238.520
239.010
239.520
239.990
240.470
240.960
241.450
241.920
242.410
242.920
243.390
243.870
244.350
244.850
245.340
245.810
246.290
246.780
247.270
247.740
248.230
248.720
249.200
249.680
250.160
250.640
251.120
251.610
252.090
252.580
253.070
253.560
254.040
254.520
255.020
255.500
255.990
256.480
256.960
257.450
257.940
258.420
258.890
259.370
259.860
260.320
260.820
261.300
261.770
262.250
262.730
263.220
263.700
264.200
264.690
265.180
265.660
266.130
266.620
267.100
267.580
268.040
268.530
269.020
269.500
269.980
270.480
270.980
271.460
271.960
272.460
272.950
273.460
273.950
274.440
274.930
275.420
276.010
276.600
277.090
277.600
278.090
278.580
279.090
279.570
280.080
280.580
281.070
281.560
282.050
282.550
283.050
283.530
284.020
284.510
285.010
285.480
285.990
286.470
286.950
287.440
287.950
288.430
288.920
289.410
289.910
290.390
290.890
291.390
291.870
292.360
292.840
293.320
293.820
294.300
294.800
295.290
295.790
296.250
296.760
297.250
297.740
298.240
298.700
299.190
299.680
300.170
300.650
301.110
301.590
302.100
302.560
303.070
303.550
304.030
304.500
304.990
305.480
305.940
306.450
306.950
307.430
307.900
308.390
308.880
309.380
309.850
310.320
310.810
311.300
311.780
312.250
312.760
313.240
313.750
314.230
314.740
315.260
315.830
316.370
316.860
317.410
317.900
318.380
318.850
319.350
319.860
320.350
320.830
321.310
321.800
322.280
322.770
323.280
323.800
324.300
324.780
325.250
325.720
326.210
326.690
327.160
327.660
328.100
328.560
329.000
329.460
329.910
