0.580	1
1.140
1.650
2.200
2.700	1
3.260
3.770
4.320
4.820	1
5.360
5.890
6.440
6.970	1
7.520
8.030
8.590
9.090	1
9.650
10.150
10.700
11.230	1
11.790
12.320
12.860
13.370	1
13.890
14.450
14.960
15.490	1
16.050
16.570
17.130
17.632	1
18.160
18.730
19.240
19.740	1
20.270
20.790
21.310
21.830	1
22.370
22.870
23.390
23.900	1
24.400
24.910
25.430
25.920	1
26.420
26.950
27.460
27.960	1
28.500
29.000
29.540
30.040	1
30.550
31.050
31.560
32.080	1
32.590
33.110
33.580
34.110	1
34.610
35.120
35.630
36.140	1
36.660
37.160
37.680
38.180	1
38.700
39.220
39.710
40.210	1
40.720
41.230
41.740
42.270	1
42.780
43.280
43.810
44.300	1
44.820
45.320
45.840
46.350	1
46.880
47.390
47.910
48.430	1
48.960
49.450
50.000
50.520	1
51.020
51.530
52.030
52.540	1
53.070
53.540
54.040
54.570	1
55.080
55.570
56.070
56.600	1
57.120
57.600
58.140
58.650	1
59.150
59.640
60.140
60.660	1
61.150
61.650
62.140
62.660	1
63.130
63.630
64.140
64.650	1
65.160
65.660
66.160
66.670	1
67.220
67.730
68.260
68.750	1
69.310
69.830
70.350
70.870	1
71.410
71.930
72.450
72.950	1
73.480
73.980
74.520
75.040	1
75.540
76.040
76.570
77.100	1
77.640
78.150
78.650
79.170	1
79.700
80.190
80.720
81.240	1
81.780
82.290
82.800
83.310	1
83.850
84.370
84.880
85.390	1
85.940
86.460
86.980
87.490	1
88.020
88.510
89.040
89.560	1
90.060
90.580
91.110
91.620	1
92.140
92.650
93.200
93.720	1
94.230
94.750
95.280
95.790	1
96.300
96.840
97.350
97.850	1
98.350
98.880
99.370
99.880	1
100.410
100.930
101.440
101.950	1
102.480
103.010
103.520
104.030	1
104.560
105.070
105.580
106.100	1
106.620
107.140
107.660
108.210	1
108.700
109.230
109.770
110.280	1
110.800
111.300
111.830
112.350	1
112.880
113.420
113.950
114.460	1
115.000
115.510
116.020
116.550	1
117.070
117.600
118.150
118.680	1
119.196
119.659
120.148
120.661	1
121.215
121.705
122.320
122.790	1
123.320
123.820
124.350
124.880	1
125.410
125.930
126.450
126.990	1
127.520
128.040
128.590
129.100	1
129.640
130.160
130.690
131.220	1
131.760
132.270
132.780
133.290	1
133.820
134.330
134.860
135.380	1
135.900
136.400
136.930
137.430	1
137.950
138.470
139.000
139.500	1
140.010
140.540
141.060
141.590	1
142.140
142.660
143.200
143.710	1
144.220
144.750
145.280
145.800	1
146.350
146.860
147.400
147.930	1
148.440
148.990
149.520
150.060	1
150.600
151.130
151.660
152.190	1
152.730
153.260
153.800
154.330	1
154.860
155.390
155.940
156.460	1
156.990
157.540
158.080
158.620	1
159.120
159.670
160.200
160.740	1
161.290
161.830
162.360
162.890	1
163.440
163.960
164.500
165.030	1
165.560
166.090
166.630
167.150	1
167.745
168.286
168.854
169.414	1
170.006
170.574
171.126
171.705	1
172.246
172.806
173.345
173.886	1
174.475
175.046
175.606
176.166	1
176.734
177.254
177.814
178.385	1
178.905
179.505
180.046
180.646	1
181.225
181.806
182.374
182.926	1
183.465
184.054
184.654
185.250	1
