0.310
1.420
2.410
3.430
4.430
5.380
6.320
7.290
8.310
9.330
10.380
11.290
12.130
12.900
13.750
14.580
15.370
16.190
17.040
17.760
18.410
19.090
19.720
20.390
21.010
21.670
22.280
22.940
23.560
24.210
24.850
25.480
26.150
26.760
27.430
27.980
28.590
29.110
29.590
30.080
30.550
31.010
31.490
31.960
32.430
32.900
33.380
33.870
34.340
34.800
35.260
35.730
36.190
36.640
37.110
37.590
38.060
38.510
38.970
39.430
39.910
40.370
40.850
41.320
41.790
42.250
42.720
43.180
43.640
44.090
44.570
45.030
45.510
45.970
46.440
46.930
47.410
47.870
48.350
48.820
49.290
49.790
50.250
50.720
51.190
51.660
52.130
52.600
53.080
53.550
54.020
54.490
54.960
55.420
55.890
56.350
56.830
57.310
57.770
58.240
58.710
59.180
59.660
60.130
60.600
61.070
61.540
62.000
62.460
62.930
63.390
63.870
64.350
64.810
65.280
65.740
66.210
66.690
67.150
67.600
68.070
68.540
69.000
69.480
69.930
70.410
70.880
71.350
71.830
72.300
72.770
73.230
73.700
74.190
74.650
75.110
75.580
76.040
76.520
76.990
77.450
77.930
78.390
78.850
79.340
79.820
80.280
80.760
81.230
81.700
82.160
82.630
83.110
83.580
84.060
84.520
84.980
85.440
85.910
86.370
86.860
87.320
87.790
88.260
88.720
89.200
89.680
90.140
90.600
91.090
91.560
92.020
92.480
92.960
93.440
93.900
94.370
94.840
95.320
95.770
96.250
96.730
97.190
97.670
98.120
98.590
99.070
99.530
99.980
100.460
100.940
101.400
101.870
102.350
102.800
103.280
103.750
104.210
104.690
105.150
105.630
106.110
106.580
107.050
107.510
107.980
108.460
108.920
109.390
109.860
110.320
110.800
111.270
111.730
112.210
112.680
113.160
113.630
114.100
114.590
115.060
115.520
116.000
116.480
116.950
117.400
117.870
118.340
118.800
119.260
119.740
120.210
120.680
121.140
121.620
122.100
122.570
123.020
123.510
123.980
124.440
124.890
125.360
125.840
126.310
126.770
127.250
127.730
128.180
128.660
129.130
129.610
130.080
130.540
131.000
131.490
131.950
132.410
132.890
133.350
133.820
134.280
134.740
135.210
135.680
136.150
136.630
137.090
137.560
138.020
138.490
138.960
139.430
139.890
140.370
140.840
141.320
141.770
142.270
142.730
143.200
143.660
144.140
144.620
145.100
145.560
146.040
146.510
146.980
147.440
147.920
148.380
148.850
149.330
149.800
150.270
150.740
151.200
151.680
152.150
152.620
153.080
153.570
154.030
154.510
154.970
155.440
155.920
156.390
156.840
157.310
157.790
158.280
158.770
159.240
159.710
160.170
160.630
161.120
161.580
162.040
162.500
162.980
163.450
163.920
164.390
164.850
165.330
165.800
166.260
166.730
167.200
167.680
168.140
168.630
169.110
169.580
170.040
170.500
170.970
171.460
171.910
172.380
172.870
173.330
173.790
174.260
174.750
175.220
175.630
176.020
176.430
176.870
177.350
177.810
178.300
178.760
179.230
179.700
180.180
180.640
181.090
181.560
182.020
182.490
182.960
183.420
183.890
184.340
184.810
185.290
185.760
186.220
186.690
187.160
187.620
188.070
188.540
189.020
189.480
189.940
190.410
190.870
191.350
191.810
192.290
192.760
193.220
193.690
194.150
194.610
195.080
195.550
196.010
196.490
196.950
197.420
197.880
198.350
198.820
199.290
199.770
200.230
200.710
201.170
201.640
202.110
202.570
203.050
203.500
203.970
204.440
204.900
205.380
205.850
206.310
206.780
207.260
207.720
208.190
208.670
209.130
209.620
210.110
210.580
211.030
211.500
211.980
212.450
212.910
213.380
213.840
214.310
214.800
215.270
215.730
216.210
216.680
217.140
217.610
218.070
218.560
219.020
219.480
219.940
220.410
220.860
221.330
221.800
222.280
222.720
223.200
223.650
224.120
224.600
225.050
225.510
225.980
226.430
226.910
227.370
227.850
228.310
228.780
229.260
229.720
230.180
230.660
231.120
231.580
232.030
232.500
232.970
233.440
233.920
234.390
234.850
235.320
235.780
236.270
236.740
237.190
237.650
238.120
238.580
239.070
239.540
240.000
240.480
240.950
241.410
241.900
242.370
242.830
243.300
243.770
244.250
244.710
245.150
245.630
246.110
246.570
247.040
247.520
247.970
248.450
248.960
249.460
250.000
250.500
251.040
251.530
252.010
252.490
252.950
253.450
253.930
254.390
