0.780
1.720
2.750
3.710
4.670
5.550
6.490
7.390
8.320
9.220
10.170
11.030
11.940
12.810
13.690
14.590
15.440
16.360
17.150
17.970
18.900
19.840
20.740
21.650
22.630
23.590
24.590
25.520
26.520
27.460
28.400
29.200
30.070
30.870
31.730
32.570
33.390
34.140
34.780
35.460
36.140
36.830
37.620
38.350
39.150
39.890
40.660
41.370
42.170
43.030
43.850
44.770
45.620
46.580
47.470
48.270
49.090
49.840
50.560
51.220
51.850
52.510
53.200
53.900
54.610
55.490
56.310
57.160
57.980
58.910
59.820
60.630
61.510
62.410
63.330
64.160
65.080
65.940
66.930
67.860
68.750
69.620
70.500
71.240
72.100
73.030
73.970
74.880
75.860
76.770
77.800
78.680
79.630
80.510
81.280
82.020
82.820
83.670
84.500
85.290
86.130
87.040
87.960
88.830
89.760
90.730
91.640
92.570
93.430
94.280
95.220
96.110
97.090
98.060
99.040
100.050
101.090
102.080
103.120
104.180
105.200
106.150
107.080
108.020
109.010
109.950
110.920
111.880
112.910
113.900
114.870
115.900
116.910
117.800
118.730
119.570
120.420
121.290
122.090
122.920
123.720
124.550
125.370
126.200
127.010
127.810
128.550
129.310
130.040
130.740
131.470
132.160
132.870
133.610
134.340
135.090
135.810
136.550
137.260
137.980
138.720
139.430
140.070
140.760
141.430
142.080
142.770
143.480
144.160
144.750
145.390
146.000
146.580
147.220
147.850
148.440
149.090
149.690
150.300
150.890
151.550
152.150
152.790
153.460
154.110
154.740
155.440
156.090
156.740
157.460
158.100
158.790
159.500
160.140
160.760
161.380
161.980
162.650
163.280
163.930
164.590
165.330
166.030
166.640
167.220
167.790
168.380
169.010
169.690
170.390
171.000
171.650
172.290
172.920
173.590
174.240
174.860
175.560
176.220
176.870
177.490
178.080
178.710
179.340
179.970
180.570
181.180
181.760
182.370
182.960
183.630
184.300
184.990
185.620
186.380
187.140
187.830
188.580
189.200
189.820
190.400
191.030
191.640
192.270
192.870
193.520
194.110
194.740
195.420
196.100
196.810
197.520
198.180
198.810
199.480
200.160
200.840
201.580
202.300
203.000
203.750
204.480
205.160
205.900
206.610
207.410
208.240
209.080
210.080
211.000
212.060
213.100
214.080
215.120
216.160
