0.860
1.870
2.820
3.750
4.770
5.840
6.850
7.910
8.900
9.910
10.900
11.920
12.910
13.880
14.870
15.930
16.970
17.980
18.930
19.980
20.990
21.970
23.030
24.030
25.060
26.090
27.070
28.210
29.290
30.360
31.470
32.470
33.440
34.350
35.260
36.200
37.150
38.070
39.080
40.020
40.970
41.950
42.930
43.830
44.800
45.740
46.780
47.770
48.760
49.740
50.770
51.710
52.690
53.620
54.490
55.360
56.270
57.200
58.180
59.130
60.090
61.100
62.150
63.070
64.070
65.030
65.940
66.910
67.860
68.850
69.800
70.760
71.770
72.740
73.710
74.720
75.660
76.660
77.600
78.650
79.600
80.650
81.670
82.720
83.740
84.850
85.800
86.850
87.800
88.800
89.730
90.710
91.640
92.530
93.460
94.530
95.530
96.520
97.470
98.470
99.370
100.350
101.160
102.000
102.800
103.740
104.730
105.640
106.590
107.490
108.460
109.380
110.220
111.080
111.900
112.830
113.690
114.660
115.560
116.530
117.390
118.310
119.210
120.020
120.910
121.680
122.520
123.310
124.210
125.260
126.240
127.200
128.230
