0.400
0.840
1.270
1.700
2.150
2.590
3.040
3.480
3.920
4.370
4.820
5.250
5.700
6.120
6.570
7.030
7.480
7.910
8.370
8.790
9.250
9.670
10.110
10.550
10.990
11.440
11.870
12.320
12.770
13.190
13.630
14.080
14.510
14.970
15.400
15.850
16.300
16.740
17.200
17.650
18.090
18.520
18.980
19.420
19.860
20.300
20.710
21.150
21.570
22.020
22.450
22.880
23.320
23.750
24.180
24.620
25.060
25.500
25.930
26.360
26.790
27.230
27.660
28.110
28.540
28.990
29.440
29.870
30.320
30.750
31.200
31.650
32.090
32.520
32.970
33.400
33.850
34.270
34.720
35.150
35.600
36.020
36.460
36.890
37.330
37.750
38.190
38.640
39.080
39.510
39.930
40.360
40.800
41.230
41.680
42.120
42.560
42.980
43.430
43.850
44.250
44.680
45.120
45.550
45.970
46.400
46.830
47.260
47.700
48.130
48.570
49.010
49.460
49.880
50.320
50.750
51.180
51.600
52.040
52.460
52.900
53.320
53.750
54.180
54.610
55.050
55.470
55.910
56.330
56.740
57.150
57.590
58.010
58.450
58.880
59.310
59.740
60.160
60.600
61.050
61.480
61.910
62.350
62.770
63.200
63.630
64.070
64.500
64.930
65.340
65.780
66.200
66.640
67.060
67.500
67.920
68.370
68.800
69.220
69.630
70.060
70.470
70.900
71.330
71.730
72.160
72.590
73.020
73.470
73.880
74.310
74.760
75.190
75.620
76.040
76.460
76.880
77.310
77.720
78.130
78.550
78.980
79.420
79.850
80.290
80.710
81.150
81.610
82.050
82.470
82.900
83.340
83.770
84.210
84.660
85.080
85.510
85.930
86.370
86.820
87.260
87.680
88.120
88.550
88.970
89.390
89.840
90.250
90.670
91.080
91.520
91.950
92.380
92.790
93.230
93.650
94.070
94.490
94.910
95.320
95.730
96.150
96.570
96.990
97.410
97.840
98.260
98.670
99.090
99.540
99.970
100.390
100.820
101.230
101.650
102.080
102.500
102.920
103.370
103.800
104.220
104.640
105.060
105.490
105.900
106.310
106.730
107.160
107.590
108.000
108.430
108.850
109.270
109.680
110.110
110.520
110.940
111.360
111.780
112.220
112.630
113.070
113.500
113.930
114.360
114.790
115.210
115.650
116.080
116.500
116.910
117.340
117.760
118.170
118.590
119.000
119.420
119.840
120.270
120.690
121.130
121.560
121.980
122.420
122.860
123.270
123.720
124.150
124.580
125.010
125.420
125.840
126.270
126.700
127.120
127.550
127.990
128.400
128.850
129.270
129.710
130.130
130.560
130.980
131.420
131.850
132.280
132.710
133.150
133.570
134.010
134.430
134.870
135.280
135.700
136.120
136.560
136.980
137.410
137.820
138.240
138.670
139.080
139.500
139.910
140.340
140.750
141.200
141.630
142.060
142.470
142.900
143.340
143.740
144.160
144.580
145.020
145.440
145.850
146.280
146.680
147.110
147.540
147.970
148.380
148.810
149.240
149.660
150.080
150.480
150.910
151.330
151.770
152.190
152.610
153.050
153.470
153.890
154.330
154.740
155.180
155.600
156.040
156.470
156.880
157.300
157.710
158.150
158.560
158.980
159.390
159.820
160.240
160.680
161.110
161.530
161.950
162.390
162.820
163.360
163.950
164.510
165.080
165.660
166.220
166.780
167.370
167.950
168.520
169.060
169.630
170.170
170.730
171.290
171.840
172.400
172.940
173.450
174.000
174.570
175.140
175.730
176.300
176.880
177.440
178.000
178.550
179.110
179.670
180.250
180.810
181.390
181.940
182.510
183.070
183.610
184.120
184.650
185.200
185.740
186.270
186.790
187.340
187.870
188.420
188.990
189.520
190.080
190.700
191.300
191.920
192.580
193.220
193.860
