0.610
1.290
2.000
2.650
3.310
3.930
4.590
5.130
5.710
6.250
6.810
7.390
7.950
8.520
9.070
9.640
10.190
10.730
11.270
11.850
12.400
12.960
13.540
14.100
14.630
15.180
15.750
16.310
16.850
17.420
17.990
18.540
19.100
19.680
20.240
20.810
21.320
21.820
22.320
22.860
23.380
23.950
24.520
25.070
25.620
26.190
26.750
27.320
27.880
28.470
29.010
29.600
30.160
30.730
31.280
31.860
32.420
32.970
33.540
34.110
34.650
35.210
35.770
36.340
36.890
37.450
38.010
38.570
39.150
39.690
40.260
40.820
41.370
41.960
42.500
43.090
43.630
44.180
44.740
45.310
45.870
46.430
46.940
47.490
48.050
48.610
49.200
49.780
50.310
50.890
51.440
52.020
52.590
53.180
53.730
54.320
54.880
55.470
56.040
56.590
57.140
57.690
58.200
58.750
59.290
59.850
60.400
60.960
61.490
62.040
62.590
63.160
63.710
64.240
64.790
65.360
65.870
66.420
66.950
67.520
68.100
68.680
69.240
69.760
70.310
70.870
71.450
71.990
72.540
73.140
73.740
74.320
74.890
75.480
76.050
76.630
77.180
77.740
78.300
78.890
79.430
80.040
80.610
81.190
81.750
82.330
82.900
83.460
84.000
84.590
85.130
85.710
86.250
86.820
87.370
87.920
88.470
89.020
89.600
90.150
90.680
91.210
91.750
92.300
92.830
93.390
93.970
94.530
95.080
95.660
96.240
96.810
97.370
97.910
98.490
99.040
99.570
100.130
100.690
101.260
101.830
102.390
102.970
103.540
104.110
104.660
105.200
105.780
106.340
106.900
107.440
108.000
108.570
109.150
109.690
110.230
110.800
111.350
111.900
112.490
113.040
113.600
114.180
114.760
115.320
115.850
116.420
117.000
117.570
118.150
118.740
119.310
119.870
120.480
121.030
121.600
122.170
122.720
123.280
123.870
124.420
124.990
125.580
126.150
126.730
127.310
127.880
128.420
128.990
129.550
130.110
130.680
131.230
131.840
132.410
132.980
133.550
134.110
134.670
135.270
135.810
136.380
136.940
137.490
138.070
138.620
139.170
139.760
140.340
140.920
141.500
142.080
142.680
143.250
143.840
144.400
144.990
145.590
146.150
146.720
147.320
147.880
148.490
