0.380
1.030
1.650
2.300
2.940
3.600
4.250
4.930
5.570
6.220
6.870
7.530
8.190
8.840
9.500
10.160
10.780
11.450
12.100
12.740
13.380
13.970
14.630
15.290
15.990
16.690
17.340
18.030
18.710
19.390
20.070
20.750
21.440
22.130
22.830
23.520
24.180
24.890
25.590
26.260
26.960
27.630
28.330
28.990
29.660
30.320
30.950
31.610
32.280
32.960
33.570
34.080
34.610
35.060
35.550
36.000
36.450
36.930
37.290
37.640
37.990
38.360
38.730
39.090
39.440
39.800
40.160
40.530
40.870
41.250
41.600
41.950
42.310
42.670
43.020
43.390
43.740
44.100
44.460
44.810
45.170
45.520
45.880
46.230
46.580
46.930
47.290
47.650
48.020
48.370
48.730
49.090
49.440
49.800
50.160
50.510
50.880
51.220
51.590
51.940
52.290
52.650
53.000
53.350
53.710
54.060
54.420
54.770
55.130
55.480
55.830
56.180
56.530
56.880
57.230
57.570
57.930
58.280
58.630
58.990
59.340
59.700
60.060
60.410
60.770
61.130
61.480
61.830
62.180
62.530
62.890
63.250
63.600
63.940
64.290
64.650
65.010
65.380
65.710
66.060
66.420
66.770
67.120
67.470
67.820
68.180
68.530
68.870
69.220
69.580
69.930
70.280
70.630
70.970
71.330
71.680
72.020
72.360
72.710
73.060
73.400
73.760
74.110
74.450
74.810
75.160
75.520
75.870
76.210
76.560
76.920
77.260
77.610
77.960
78.310
78.660
78.990
79.330
79.690
80.030
80.390
80.730
81.080
81.440
81.800
82.150
82.480
82.830
83.210
83.570
83.900
84.270
84.610
84.970
85.310
85.670
86.000
86.350
86.690
87.050
87.380
87.730
88.060
88.420
88.760
89.100
89.450
89.820
90.140
90.500
90.830
91.190
91.530
91.870
92.220
92.590
92.910
93.270
93.600
93.940
94.290
94.640
94.980
95.340
95.670
96.020
96.360
96.710
97.060
97.410
97.760
98.110
98.440
98.790
99.110
99.450
99.790
100.130
100.480
100.830
101.160
101.490
101.840
102.170
102.520
102.870
103.200
103.550
103.890
104.230
104.570
104.910
105.250
105.610
105.930
106.270
106.610
106.970
107.290
107.640
107.980
108.320
108.660
109.010
109.330
109.690
110.020
110.350
110.690
111.040
111.370
111.730
112.040
112.380
112.710
113.030
113.380
113.720
114.070
114.400
114.720
115.060
115.400
115.730
116.050
116.410
116.740
117.080
117.420
117.760
118.100
118.440
118.780
119.130
119.460
119.810
120.160
120.500
120.830
121.180
121.520
121.850
122.160
122.500
122.840
123.210
123.540
123.880
124.220
124.560
124.920
125.270
125.610
125.960
126.300
126.650
126.990
127.340
127.690
128.030
128.370
128.710
129.060
129.410
129.750
130.090
130.440
130.780
131.130
131.470
131.830
132.160
132.510
132.850
133.190
133.540
133.890
134.240
134.590
134.920
135.270
135.620
135.960
136.310
136.660
137.000
137.350
137.700
138.020
138.390
138.730
139.080
139.420
139.770
140.110
140.470
140.800
141.150
141.490
141.840
142.190
142.540
142.880
143.230
143.560
143.920
144.260
144.610
144.950
145.300
145.640
146.000
146.330
146.680
147.020
147.370
147.720
148.070
148.410
148.760
149.100
149.440
149.780
150.140
150.470
150.820
151.150
151.490
151.830
152.180
152.520
152.860
153.200
153.540
153.870
154.220
154.560
154.910
155.250
155.590
155.930
156.280
156.610
156.970
157.300
157.650
157.980
158.320
158.660
159.000
159.350
159.690
160.020
160.380
160.730
161.080
161.430
161.780
162.120
162.470
162.800
163.160
163.490
163.840
164.190
164.540
164.880
165.230
165.580
165.930
166.260
166.620
166.960
167.310
167.660
168.020
168.380
168.730
169.060
169.410
169.760
170.110
170.460
170.810
171.180
171.520
171.880
172.230
172.580
172.930
