0.200
0.680
1.150
1.620
2.100
2.570
3.020
3.470
3.920
4.350
4.800
5.260
5.720
6.190
6.660
7.110
7.570
8.030
8.490
8.960
9.410
9.860
10.310
10.760
11.230
11.680
12.120
12.580
13.030
13.490
13.960
14.420
14.890
15.350
15.800
16.240
16.700
17.170
17.620
18.090
18.540
18.990
19.450
19.910
20.370
20.830
21.290
21.750
22.210
22.650
23.110
23.550
24.020
24.480
24.940
25.400
25.850
26.300
26.780
27.240
27.680
28.140
28.600
29.070
29.540
30.010
30.490
30.950
31.420
31.880
32.340
32.800
33.260
33.720
34.190
34.650
35.120
35.580
36.030
36.490
36.950
37.410
37.880
38.320
38.800
39.260
39.730
40.190
40.650
41.110
41.580
42.050
42.490
42.950
43.430
43.890
44.350
44.810
45.280
45.750
46.200
46.670
47.120
47.580
48.020
48.460
48.930
49.390
49.850
50.320
50.770
51.240
51.700
52.180
52.640
53.130
53.590
54.070
54.530
54.990
55.460
55.940
56.400
56.880
57.330
57.810
58.250
58.730
59.180
59.640
60.100
60.570
61.030
61.490
61.960
62.430
62.900
63.350
63.810
64.270
64.750
65.200
65.660
66.130
66.580
67.040
67.490
67.960
68.430
68.890
69.340
69.800
70.260
70.720
71.170
71.630
72.110
72.580
73.040
73.520
73.980
74.440
74.890
75.370
75.840
76.300
76.770
77.230
77.700
78.160
78.620
79.080
79.550
80.010
80.470
80.940
81.410
81.870
82.340
82.810
83.280
83.750
84.200
84.680
85.130
85.590
86.050
86.520
87.000
87.470
87.930
88.390
88.860
89.320
89.770
90.220
90.690
91.160
91.620
92.080
92.550
93.000
93.470
93.950
94.410
94.860
95.320
95.780
96.260
96.740
97.230
97.710
98.170
98.610
99.090
99.530
100.020
100.480
100.940
101.410
101.890
102.360
102.820
103.280
103.740
104.210
104.670
105.150
105.630
106.100
106.550
107.030
107.500
107.970
108.440
108.930
109.410
109.860
110.310
110.770
111.240
111.690
112.150
112.610
113.080
113.540
114.000
114.460
114.930
115.390
115.850
116.300
116.760
117.220
117.700
118.160
118.630
119.090
119.580
120.060
120.540
121.020
121.500
121.960
122.440
122.920
123.410
123.870
124.360
124.830
125.330
125.810
126.290
126.770
127.220
127.700
128.180
128.630
129.100
129.590
130.060
130.530
131.030
131.490
131.980
132.450
132.930
133.380
133.840
134.300
134.760
135.230
135.710
136.180
136.650
137.120
137.570
138.060
138.520
138.990
139.450
139.920
140.410
140.860
141.340
141.830
142.310
142.790
143.290
143.760
144.240
144.730
145.190
145.680
146.150
146.640
147.130
147.580
148.050
148.520
149.010
149.460
149.930
150.410
150.890
151.360
151.830
152.300
152.780
153.270
153.740
154.200
154.690
155.160
155.610
156.090
156.540
156.990
157.460
157.920
158.390
158.850
159.330
159.790
160.260
160.750
161.210
161.680
162.160
162.610
163.080
163.550
164.040
164.510
164.980
165.470
165.940
166.420
166.890
167.370
167.840
168.320
168.800
169.270
169.730
170.200
170.670
171.150
171.610
172.070
172.540
173.010
173.500
173.970
174.440
174.940
175.410
175.900
176.360
176.820
177.310
177.770
178.230
178.690
179.150
179.640
180.090
180.580
181.050
181.500
181.980
182.460
182.920
183.380
183.830
184.280
184.740
185.200
185.670
186.130
186.620
187.080
187.550
188.030
188.510
188.990
189.450
189.920
190.410
190.880
191.370
191.830
192.300
192.760
193.240
193.700
194.180
194.640
195.130
195.600
196.060
196.530
197.010
197.490
197.960
198.430
198.890
199.380
199.850
200.350
200.820
201.310
201.770
202.260
202.710
203.180
203.650
204.090
204.560
205.030
205.510
205.970
206.440
206.910
207.380
207.850
208.310
208.790
209.240
209.700
210.190
210.650
211.110
211.580
212.070
212.540
213.000
213.480
213.920
214.390
214.850
215.340
215.790
216.250
216.730
217.180
217.630
218.090
218.550
219.020
219.480
219.950
220.410
220.860
221.320
221.780
222.240
222.700
223.170
223.630
224.090
224.530
225.000
225.450
225.920
226.380
226.850
227.300
227.770
228.260
228.730
229.190
229.650
230.120
230.570
231.040
231.510
231.970
232.450
232.910
233.380
233.840
234.310
234.790
235.250
235.740
236.210
236.680
237.140
237.610
238.070
238.550
239.000
239.480
239.960
240.430
240.890
241.350
241.820
242.310
242.780
243.230
243.700
244.170
244.650
245.120
245.600
246.050
246.540
247.000
247.470
247.920
248.390
248.850
249.310
249.800
250.260
250.730
251.190
251.670
252.150
252.610
253.070
253.530
253.990
254.460
254.940
255.410
255.880
256.340
256.820
257.310
257.790
258.260
258.750
259.210
259.700
260.160
260.630
261.110
261.590
262.060
262.530
263.000
263.480
263.950
264.440
264.930
265.400
265.880
266.350
266.830
267.290
267.790
268.300
268.790
269.270
269.750
270.230
270.690
271.150
271.650
272.110
272.590
273.090
273.570
274.040
274.550
275.040
275.510
275.990
276.490
276.980
277.450
277.900
278.370
278.840
279.330
279.780
280.250
280.730
281.210
281.670
282.150
282.590
283.070
283.530
283.990
284.440
284.890
285.360
285.840
286.310
286.770
287.260
287.750
288.200
288.670
289.130
289.570
290.040
290.500
290.950
291.420
291.860
292.290
292.700
293.130
293.580
294.040
294.490
294.940
295.400
295.840
296.310
296.780
297.280
297.750
298.250
298.780
299.270
299.770
300.240
300.710
301.180
301.650
302.110
302.590
303.080
303.540
304.010
304.480
304.950
305.430
305.910
306.380
306.850
307.320
307.780
308.240
308.700
309.170
309.650
310.100
310.560
311.020
311.480
311.940
312.410
312.890
313.350
313.840
314.300
314.770
315.230
315.710
316.170
316.640
317.100
317.580
318.020
318.490
318.960
319.440
319.910
320.390
320.860
321.330
321.780
322.250
322.690
323.160
323.630
324.100
324.560
325.030
325.510
325.970
326.440
326.910
327.370
327.840
328.310
328.790
329.260
329.740
330.210
330.680
331.150
331.590
332.070
332.520
332.990
333.450
333.930
334.400
334.860
335.340
335.800
336.260
336.720
337.190
337.650
338.110
338.560
339.030
339.500
339.970
340.440
340.900
341.390
341.860
342.330
342.800
343.280
343.740
344.230
344.680
345.160
345.610
346.070
346.550
347.030
347.490
347.970
348.450
348.900
349.380
349.860
350.330
350.800
351.250
351.730
352.210
352.690
353.160
353.640
354.120
354.590
355.060
355.550
356.020
356.470
356.950
357.410
357.870
358.330
358.790
359.260
359.740
360.210
360.680
361.160
361.640
362.120
362.590
363.090
363.550
364.030
364.520
364.990
365.470
365.930
366.410
366.890
367.370
367.870
368.350
368.840
369.310
369.790
370.260
370.740
371.210
371.680
372.150
372.630
373.100
373.570
374.050
374.520
375.000
375.470
375.950
376.420
376.900
377.370
377.830
378.290
378.760
379.230
379.710
380.180
380.660
381.130
381.610
382.070
382.550
383.020
383.500
383.950
384.440
384.890
385.380
385.820
386.290
386.770
387.230
387.700
388.180
388.640
389.110
389.570
390.060
390.540
391.020
391.490
391.960
392.440
392.940
393.440
393.910
394.380
394.850
395.320
395.800
396.260
396.740
397.220
397.700
398.170
398.650
399.120
399.590
400.060
400.530
401.020
401.490
401.960
402.440
402.920
403.400
403.860
404.320
404.800
405.260
405.740
406.240
406.720
407.180
407.640
408.100
408.570
409.010
409.500
409.960
410.430
410.920
411.400
411.870
412.370
412.840
413.320
413.790
414.270
414.750
415.250
415.730
416.200
416.670
