0.320
0.930
1.540
2.140
2.730
3.320
3.900
4.500
5.090
5.690
6.270
6.870
7.450
8.050
8.620
9.190
9.760
10.350
10.930
11.520
12.100
12.690
13.270
13.860
14.460
15.040
15.590
16.200
16.780
17.360
17.930
18.510
19.070
19.660
20.240
20.840
21.420
22.010
22.580
23.160
23.740
24.330
24.910
25.490
26.070
26.650
27.200
27.790
28.370
28.970
29.540
30.150
30.720
31.310
31.910
32.500
33.080
33.670
34.250
34.850
35.420
36.010
36.590
37.190
37.770
38.350
38.950
39.550
40.120
40.690
41.290
41.880
42.460
43.030
43.630
44.240
44.790
45.360
45.910
46.490
47.050
47.650
48.240
48.830
49.410
49.990
50.570
51.170
51.740
52.310
52.900
53.480
54.050
54.650
55.240
55.830
56.410
57.000
57.590
58.160
58.750
59.330
59.900
60.500
61.070
61.650
62.220
62.800
63.360
63.960
64.530
65.120
65.690
66.300
66.880
67.470
68.040
68.630
69.200
69.800
70.370
70.950
71.520
72.100
72.640
73.210
73.790
74.390
74.970
75.570
76.150
76.730
77.310
77.910
78.490
79.080
79.650
80.230
80.820
81.410
81.980
82.560
83.140
83.730
84.320
84.910
85.480
86.080
86.640
87.230
87.790
88.370
88.930
89.510
90.070
90.640
91.200
91.770
92.340
92.890
93.480
94.040
94.600
95.180
95.760
96.340
96.880
97.440
97.990
98.570
99.120
99.680
100.240
100.800
101.350
101.910
102.460
103.020
103.560
104.120
104.690
105.240
105.810
106.390
106.950
107.530
108.110
108.670
109.210
109.790
110.350
110.920
111.510
112.080
112.650
113.240
113.800
114.380
114.930
115.500
116.060
116.660
117.220
117.790
118.350
118.920
119.490
120.070
120.630
121.200
121.780
122.320
122.880
123.440
124.000
124.560
125.120
125.700
126.260
126.850
127.410
127.980
128.560
129.160
129.730
130.310
130.870
131.480
132.020
132.610
133.160
133.760
134.310
134.890
135.460
136.020
136.590
137.180
137.750
138.330
138.890
139.470
140.040
140.600
141.180
141.720
142.290
142.860
143.440
144.010
144.570
145.110
145.660
146.230
146.790
147.350
147.910
148.500
149.070
149.640
150.190
150.750
151.320
151.880
152.440
153.000
153.540
154.110
154.670
155.230
155.790
156.340
156.930
157.500
158.070
158.670
159.210
159.790
160.340
160.910
161.490
162.070
162.650
163.250
163.830
164.440
165.010
165.580
166.130
166.720
167.300
167.870
168.460
169.060
169.630
170.220
170.800
171.390
171.970
172.550
173.120
173.700
174.270
174.870
175.440
176.010
176.590
177.180
177.750
178.330
178.910
179.510
180.080
180.670
181.240
181.830
182.400
182.980
183.570
184.150
184.750
185.350
185.920
186.500
187.070
187.650
188.210
188.790
189.350
189.950
190.530
191.120
191.710
192.300
192.900
193.510
194.110
194.710
195.310
195.920
196.520
197.110
197.720
198.300
198.900
199.500
200.090
200.680
201.280
201.880
202.480
203.080
203.700
204.280
204.870
205.480
206.040
206.650
207.240
207.860
208.450
209.040
209.630
210.240
210.810
211.410
211.990
212.600
213.190
213.780
214.360
214.970
215.570
216.160
216.730
217.330
217.900
218.500
219.090
219.690
220.280
220.880
221.500
222.080
222.680
223.300
223.880
224.480
225.050
225.670
226.260
226.870
227.470
228.080
228.660
229.250
229.850
230.450
231.060
231.660
232.240
232.840
233.420
234.010
234.590
235.180
235.770
236.380
236.960
237.580
238.160
238.770
239.350
239.960
240.540
241.150
241.740
242.340
242.930
243.540
244.130
244.750
245.340
245.950
246.560
247.150
247.750
248.330
248.920
249.510
250.120
250.720
251.330
251.940
252.550
253.150
253.730
254.350
254.930
255.520
256.130
256.730
257.360
257.960
258.530
259.130
259.750
260.340
260.970
261.580
262.200
262.780
263.380
263.980
264.570
265.160
265.760
266.370
266.980
267.590
268.190
268.780
269.360
269.970
270.540
271.140
271.740
272.340
272.940
273.530
274.120
274.720
275.310
275.910
276.500
277.090
277.670
278.270
278.870
279.500
280.090
280.690
281.290
281.900
282.510
283.110
283.710
284.300
284.890
285.490
286.070
286.680
287.270
287.870
288.470
289.050
289.610
290.170
290.750
291.370
291.960
292.540
293.130
293.720
294.270
294.840
295.430
296.020
296.610
297.200
297.800
298.380
299.000
299.580
300.200
300.780
301.360
301.960
302.560
303.170
303.760
304.340
304.950
305.550
306.140
306.730
307.320
307.930
308.520
309.110
309.710
310.330
310.920
311.510
312.090
312.670
313.260
313.860
314.470
315.060
315.640
316.210
316.820
317.380
317.960
318.540
319.140
319.720
320.310
320.870
321.440
322.020
322.580
323.170
323.730
324.310
324.900
325.460
326.050
326.640
327.200
327.780
328.360
328.950
329.510
330.090
330.660
331.240
331.820
332.400
332.980
333.550
334.120
334.700
335.300
335.890
336.470
337.050
337.630
338.180
338.790
339.340
339.920
