0.770
1.640
2.400
3.200
4.020
4.840
5.600
6.440
7.200
8.000
8.840
9.600
10.420
11.220
12.000
12.790
13.550
14.340
15.180
16.000
16.810
17.640
18.490
19.280
20.050
20.820
21.630
22.460
23.230
24.030
24.840
25.590
26.380
27.170
27.950
28.740
29.550
30.370
31.130
31.890
32.660
33.430
34.210
35.020
35.800
36.590
37.380
38.180
38.960
39.790
40.590
41.380
42.170
42.950
43.740
44.520
45.280
46.110
46.910
47.670
48.460
49.230
50.040
50.820
51.590
52.390
53.160
53.980
54.760
55.540
56.330
57.140
57.920
58.690
59.510
60.280
61.100
61.910
62.680
63.460
64.240
65.040
65.810
66.590
67.340
68.100
68.850
69.570
70.340
71.070
71.810
72.560
73.310
74.030
74.750
75.470
76.200
76.930
77.650
78.410
79.150
79.890
80.630
81.410
82.140
82.880
83.620
84.380
85.120
85.860
86.580
87.330
88.070
88.810
89.580
90.310
91.090
91.850
92.600
93.340
94.110
94.830
95.560
96.290
97.050
97.770
98.490
99.240
99.950
100.720
101.470
102.210
102.980
103.740
104.500
105.260
106.030
106.800
107.550
108.290
109.050
109.780
110.550
111.300
112.060
112.820
113.560
114.340
115.110
115.860
116.640
117.380
118.150
118.890
119.640
120.390
121.170
121.940
122.710
123.500
124.230
124.960
125.730
126.470
127.230
128.000
128.760
129.520
130.260
131.030
131.750
132.520
133.260
134.020
134.750
135.500
136.240
136.990
137.730
138.500
139.270
140.030
140.800
141.580
142.350
143.130
143.860
144.620
145.400
146.180
146.930
147.710
148.460
149.220
149.990
150.780
151.580
152.370
153.110
153.890
154.640
155.390
156.120
156.880
157.690
158.470
159.240
160.000
160.750
161.480
162.230
162.990
163.760
164.510
165.320
166.070
166.820
167.520
168.260
169.030
169.800
170.530
171.330
172.080
172.820
173.580
174.360
175.110
175.860
176.610
177.350
178.140
178.890
179.650
180.410
181.140
181.890
182.650
183.430
184.200
184.940
185.660
186.390
187.180
187.940
188.680
189.460
190.270
191.030
191.790
192.580
193.340
194.140
194.940
195.760
196.550
197.320
198.150
198.940
199.710
200.530
201.280
202.090
202.860
203.650
204.440
205.230
206.020
206.810
207.600
208.390
209.190
210.030
210.790
211.590
212.420
