0.430
0.890
1.380
1.850
2.310
2.810
3.280
3.750
4.240
4.730
5.180
5.670
6.120
6.610
7.070
7.540
8.020
8.500
8.980
9.440
9.940
10.410
10.890
11.370
11.850
12.340
12.810
13.280
13.750
14.210
14.670
15.130
15.560
16.020
16.460
16.930
17.380
17.860
18.310
18.800
19.270
19.740
20.200
20.660
21.110
21.570
22.040
22.510
22.990
23.440
23.930
24.370
24.840
25.280
25.740
26.190
26.610
27.070
27.510
27.930
28.390
28.820
29.260
29.690
30.130
30.610
31.070
31.570
32.050
32.510
32.990
33.490
33.940
34.380
34.820
35.290
35.720
36.180
36.620
37.090
37.540
37.990
38.440
38.890
39.340
39.790
40.230
40.650
41.110
41.530
41.990
42.410
42.850
43.310
43.730
44.200
44.650
45.110
45.560
46.030
46.490
46.930
47.400
47.860
48.310
48.790
49.250
49.690
50.140
50.610
51.050
51.510
51.960
52.430
52.900
53.350
53.820
54.260
54.740
55.210
55.660
56.150
56.610
57.060
57.530
57.980
58.420
58.850
59.280
59.720
60.160
60.620
61.040
61.490
61.920
62.390
62.820
63.260
63.700
64.150
64.590
65.040
65.470
65.930
66.370
66.820
67.250
67.710
68.140
68.590
69.020
69.470
69.910
70.370
70.800
71.260
71.680
72.140
72.570
73.010
73.440
73.880
74.330
74.780
75.210
75.650
76.080
76.530
76.950
77.400
77.820
78.270
78.690
79.140
79.570
80.020
80.450
80.920
81.370
81.810
82.240
82.700
83.120
83.580
84.010
84.460
84.880
85.330
85.760
86.220
86.650
87.100
87.520
87.980
88.400
88.840
89.260
89.720
90.140
90.580
91.020
91.470
91.900
92.350
92.780
93.220
93.660
94.100
94.550
95.000
95.420
95.870
96.300
96.750
97.190
97.610
98.030
98.470
98.890
99.340
99.770
100.200
100.650
101.080
101.510
101.960
102.390
102.840
103.280
103.720
104.150
104.600
105.020
105.470
105.900
106.350
106.770
107.210
107.640
108.090
108.510
108.970
109.410
109.830
110.270
110.720
111.150
111.580
112.000
112.430
112.860
113.320
113.740
114.200
114.630
115.070
115.490
115.940
116.360
116.790
117.230
117.690
118.120
118.560
118.980
119.420
119.860
120.300
120.720
121.160
121.620
122.060
122.480
122.910
123.330
123.770
124.200
124.640
125.070
125.520
125.940
126.380
126.820
127.280
127.700
128.150
128.600
129.030
129.460
129.920
130.330
130.780
131.210
131.660
132.080
132.540
132.970
133.410
133.850
134.300
134.720
135.130
135.540
135.990
136.410
136.840
137.260
137.710
138.120
138.570
138.980
139.420
139.850
140.290
140.720
141.170
141.590
142.050
142.480
142.920
143.350
143.810
144.240
144.690
145.130
145.550
145.980
146.390
146.830
147.250
147.660
148.110
148.520
148.960
149.380
149.810
150.230
150.660
151.070
151.500
151.920
152.350
152.760
153.180
153.600
154.060
154.480
154.940
155.360
155.780
156.230
156.660
157.070
157.520
157.940
158.360
158.790
159.240
159.660
160.100
160.540
160.970
161.380
161.830
162.250
162.690
163.100
163.540
163.970
164.410
164.830
165.280
165.720
166.160
166.600
167.020
167.460
167.920
168.360
168.780
169.220
169.640
170.060
170.500
170.950
171.380
171.820
172.240
172.670
173.110
173.520
173.970
174.380
174.840
175.270
175.700
176.160
176.600
177.020
177.440
177.870
178.300
178.730
179.170
179.600
180.030
180.450
180.890
181.320
181.750
182.180
182.620
183.030
183.480
183.890
184.330
184.760
185.190
185.610
186.060
186.470
186.920
187.330
187.790
188.230
188.660
189.100
189.530
189.940
190.370
190.800
191.250
191.680
192.130
192.560
193.020
193.460
193.900
194.340
194.740
195.170
195.600
196.000
196.450
196.860
197.310
197.720
198.170
198.590
199.030
199.450
199.910
200.330
200.760
201.190
201.620
202.060
202.500
202.910
203.360
203.770
204.220
204.640
205.070
205.500
205.950
206.380
206.810
207.250
207.710
208.120
208.550
208.960
209.390
209.800
210.200
210.600
211.020
211.430
211.870
212.290
212.710
213.110
213.550
213.980
214.390
214.830
215.280
215.730
216.170
216.610
217.050
217.470
217.920
218.370
218.800
219.230
219.640
220.100
220.530
220.980
221.420
221.840
222.300
222.760
223.190
223.640
224.090
224.540
224.990
225.410
225.840
226.280
226.690
227.130
227.560
228.010
228.440
228.890
229.370
229.820
230.270
230.750
231.190
231.650
232.120
232.590
233.040
233.490
233.970
234.410
234.880
235.330
235.790
236.260
236.740
237.240
237.700
238.200
238.680
239.140
