0.440
0.940
1.400
1.900
2.380
2.840
3.320
3.830
4.320
4.810
5.280
5.780
6.290
6.770
7.240
7.760
8.260
8.750
9.240
9.740
10.230
10.700
11.180
11.670
12.140
12.620
13.110
13.590
14.060
14.540
15.020
15.510
15.990
16.470
16.950
17.430
17.900
18.380
18.870
19.350
19.820
20.300
20.780
21.260
21.730
22.210
22.690
23.180
23.640
24.110
24.590
25.070
25.570
26.050
26.560
27.040
27.550
28.040
28.530
29.030
29.540
30.040
30.540
31.030
31.530
32.030
32.510
32.990
33.490
33.980
34.470
34.970
35.440
35.920
36.400
36.880
37.350
37.820
38.240
38.700
39.120
39.560
40.020
40.510
41.010
41.490
41.980
42.470
42.960
43.450
43.940
44.420
44.920
45.400
45.880
46.360
46.820
47.310
47.790
48.270
48.770
49.250
49.730
50.220
50.700
51.200
51.670
52.150
52.630
53.130
53.610
54.110
54.580
55.060
55.540
56.030
56.520
57.010
57.510
58.000
58.470
58.950
59.430
59.910
60.380
60.860
61.340
61.830
62.320
62.800
63.270
63.760
64.240
64.730
65.230
65.720
66.210
66.690
67.170
67.650
68.130
68.600
69.090
69.560
70.060
70.510
70.990
71.480
71.970
72.470
72.970
73.460
73.950
74.440
74.920
75.430
75.900
76.400
76.870
77.390
77.850
78.350
78.830
79.330
79.830
80.320
80.810
81.300
81.790
82.280
82.780
83.260
83.740
84.240
84.730
85.220
85.690
86.180
86.670
87.170
87.660
88.150
88.650
89.130
89.610
90.100
90.580
91.050
91.540
92.030
92.510
92.990
93.460
93.940
94.410
94.910
95.390
95.890
96.400
96.880
97.390
97.860
98.350
98.830
99.310
99.800
100.260
100.740
101.230
101.730
102.220
102.720
103.210
103.740
104.250
104.750
105.250
105.750
106.250
106.740
107.240
107.740
108.220
108.690
109.200
109.670
110.150
110.640
111.140
111.670
112.190
112.690
113.190
113.700
114.220
114.730
115.230
115.710
116.190
116.690
117.180
117.660
118.140
118.620
119.160
119.690
120.220
120.740
121.260
121.780
122.320
122.850
123.350
123.830
124.290
124.790
125.250
125.740
126.270
126.800
127.330
127.880
128.390
128.920
129.470
129.970
130.490
131.010
131.540
132.030
132.560
133.070
133.470
133.860
134.270
134.670
135.070
135.450
135.870
136.260
136.700
137.160
137.590
138.030
138.460
138.920
139.360
139.800
140.240
140.680
141.120
141.540
141.990
