0.220
0.610
1.000
1.400
1.820
2.240
2.650
3.010
3.410
3.770
4.190
4.580
4.990
5.410
5.830
6.230
6.640
7.050
7.470
7.890
8.290
8.710
9.120
9.540
9.930
10.370
10.790
11.180
11.590
12.000
12.420
12.830
13.260
13.700
14.130
14.560
14.980
15.400
15.830
16.270
16.690
17.130
17.550
17.980
18.410
18.850
19.280
19.720
20.130
20.560
21.010
21.460
21.900
22.320
22.770
23.200
23.630
24.060
24.500
24.940
25.360
25.790
26.240
26.670
27.110
27.540
27.980
28.420
28.850
29.280
29.720
30.150
30.600
31.020
31.460
31.900
32.330
32.770
33.220
33.650
34.080
34.520
34.960
35.400
35.830
36.260
36.680
37.130
37.560
38.000
38.440
38.880
39.320
39.750
40.190
40.630
41.070
41.510
41.940
42.390
42.830
43.260
43.710
44.140
44.590
45.040
45.470
45.920
46.350
46.800
47.260
47.700
48.150
48.610
49.030
49.470
49.910
50.350
50.800
51.240
51.680
52.130
52.570
53.000
53.460
53.910
54.360
54.800
55.250
55.710
56.160
56.600
57.060
57.510
57.960
58.410
58.850
59.300
59.760
60.200
60.660
61.100
61.550
62.000
62.460
62.890
63.340
63.800
64.240
64.670
65.130
65.580
66.020
66.470
66.920
67.370
67.820
68.270
68.730
69.180
69.650
70.110
70.550
71.020
71.470
71.930
72.390
72.830
73.290
73.760
74.200
74.650
75.090
75.540
75.960
76.420
76.880
77.320
77.780
78.230
78.680
79.120
79.570
80.020
80.460
80.910
81.370
81.830
82.270
82.730
83.170
83.610
84.070
84.530
84.970
85.430
85.870
86.320
86.770
87.220
87.660
88.120
88.570
89.020
89.460
89.910
90.360
90.810
91.260
91.710
92.170
92.620
93.070
93.520
93.970
94.410
94.860
95.310
95.760
96.210
96.650
97.120
97.570
98.020
98.470
98.920
99.360
99.800
100.270
100.700
101.150
101.610
102.060
102.520
102.950
103.390
103.830
104.280
104.730
105.180
105.620
106.080
106.520
106.980
107.430
107.870
108.330
108.790
109.230
109.680
110.130
110.580
111.030
111.490
111.950
112.400
112.860
113.320
113.770
114.230
114.690
115.140
115.600
116.070
116.530
116.980
117.430
117.900
118.350
118.800
119.260
119.720
120.160
120.620
121.080
121.550
122.010
122.460
122.920
123.380
123.850
124.300
124.770
125.220
125.680
126.140
126.600
127.060
127.530
128.000
128.470
128.930
129.400
129.860
130.330
130.800
131.260
131.720
132.170
132.620
133.090
133.550
134.010
134.470
134.920
135.380
135.830
136.300
136.740
137.200
137.660
138.110
138.570
139.030
139.490
139.940
140.410
140.880
141.340
141.800
142.250
142.710
143.170
143.630
144.090
144.560
145.020
145.470
145.940
146.400
146.860
147.320
147.780
148.230
148.670
149.130
149.580
150.010
150.470
150.940
151.400
151.860
152.320
152.780
153.230
153.700
154.150
154.600
155.070
155.540
155.990
156.460
156.920
157.370
157.840
158.330
158.800
159.260
159.730
160.190
160.650
161.110
161.570
162.030
162.500
162.950
163.410
163.880
164.330
164.800
165.260
165.720
166.170
166.630
167.090
167.550
168.010
168.470
168.920
169.370
169.830
170.300
170.760
171.210
171.680
172.150
172.640
173.090
173.570
174.040
174.510
174.970
175.430
175.900
176.360
176.840
177.300
177.760
178.230
178.720
179.190
179.650
180.110
180.580
181.050
181.510
181.970
182.450
182.910
183.380
183.860
184.340
184.820
185.310
185.790
186.250
186.730
187.210
187.690
188.160
188.620
189.080
189.560
190.020
190.500
190.970
191.430
191.890
192.360
192.820
193.290
193.750
194.220
194.680
195.150
195.610
196.070
196.550
197.020
197.490
197.970
198.440
198.930
199.390
199.870
200.340
200.810
201.270
201.750
202.240
202.710
203.180
203.670
204.130
204.610
205.080
205.550
206.020
206.500
206.960
207.430
207.900
208.360
208.850
209.300
209.750
210.230
210.690
211.150
211.600
212.060
212.530
213.000
213.470
213.930
214.390
214.860
215.330
215.800
216.280
216.740
217.240
217.710
218.210
218.680
219.140
219.620
220.080
220.540
221.020
221.500
221.950
222.430
222.900
223.370
223.830
224.290
224.760
225.240
225.710
226.180
226.660
227.120
227.580
228.050
228.500
228.980
229.430
229.890
230.370
230.850
231.330
231.790
232.280
232.750
233.220
233.690
234.170
234.650
235.120
235.580
236.060
236.520
236.980
237.440
237.900
238.370
238.840
239.300
239.780
240.240
240.700
241.160
241.630
242.110
242.570
243.050
243.500
243.990
244.450
244.950
245.430
245.910
246.370
246.860
247.340
247.830
248.300
248.780
249.260
249.740
250.220
250.700
251.180
251.660
252.150
252.620
253.090
253.580
254.050
254.520
254.990
255.470
255.940
256.410
256.890
257.370
257.840
258.320
258.800
259.270
259.740
260.210
260.680
261.160
261.630
262.100
262.580
263.060
263.530
264.000
264.480
264.950
265.420
265.890
266.360
266.850
267.320
267.800
268.270
268.750
269.220
269.680
270.150
270.610
271.080
271.560
272.010
272.480
272.950
273.410
273.890
274.350
274.820
275.290
275.750
276.220
276.690
277.170
277.640
278.120
278.600
279.080
279.560
280.040
280.510
280.980
281.460
281.940
282.390
282.870
283.340
283.810
284.270
284.750
285.230
285.710
286.200
286.680
287.150
287.620
288.100
288.560
289.020
289.500
289.960
290.440
290.900
291.390
291.850
292.310
292.810
293.280
293.760
294.240
294.720
295.200
295.680
296.170
296.650
297.130
297.610
298.090
298.580
299.060
299.550
300.010
300.480
300.950
301.420
301.890
302.370
302.840
303.310
303.780
304.260
304.720
305.190
305.670
306.140
306.590
307.070
307.550
308.030
308.540
309.020
309.510
310.000
310.500
311.000
311.500
311.990
312.470
312.940
313.400
313.900
314.390
314.870
315.360
315.850
316.350
316.840
317.330
317.810
318.300
318.790
319.290
319.790
320.290
320.780
321.270
321.770
322.260
322.750
323.240
323.730
324.220
324.730
325.210
325.700
326.190
326.700
327.180
327.670
328.170
328.660
329.150
329.650
330.140
330.630
331.120
331.620
332.110
332.620
333.140
333.620
334.120
334.590
335.070
335.570
336.070
336.550
337.030
337.540
338.020
338.510
339.000
339.490
339.980
340.460
340.950
341.430
341.930
342.400
342.880
343.370
343.880
344.360
344.850
345.330
345.820
346.310
346.800
347.280
347.780
348.260
348.750
349.220
349.700
350.200
350.690
351.170
351.670
352.140
352.620
353.100
353.590
354.070
354.570
355.080
355.560
356.070
356.560
357.060
357.560
358.070
358.580
359.080
359.580
360.070
360.560
361.060
361.560
362.070
362.570
363.080
363.580
364.080
364.560
365.060
365.550
366.050
366.560
367.060
367.570
368.060
368.550
369.050
369.550
370.030
370.540
371.030
371.540
372.020
372.510
373.010
373.500
373.990
374.480
374.950
375.450
375.940
376.430
376.920
377.410
377.900
378.380
378.870
379.370
379.850
380.330
380.820
381.300
381.800
382.270
382.750
383.240
383.750
384.240
384.730
385.230
385.710
386.190
386.690
387.190
387.690
388.190
388.680
389.180
389.660
390.150
390.640
391.130
391.610
392.100
392.590
393.080
393.580
394.050
394.530
395.020
395.500
395.980
396.470
396.950
397.460
397.920
398.420
398.890
399.390
399.850
400.350
400.840
401.330
401.820
402.320
402.800
403.300
403.780
404.270
404.770
405.260
405.780
406.320
406.840
407.350
407.880
408.410
408.930
409.470
409.980
410.520
411.040
411.560
412.060
412.610
413.130
413.680
414.180
414.720
415.270
415.800
416.270
416.740
417.240
417.720
418.180
418.660
419.140
419.620
420.100
