0.210	1
1.050
1.900
2.700
3.530	1
4.390
5.230
6.050
6.870	1
7.700
8.550
9.390
10.280	1
11.170
12.020
12.880
13.770	1
14.560
15.400
16.220
17.070	1
17.910
18.730
19.500
20.410	1
20.840
21.290
21.700
22.120	1
22.540
22.960
23.370
23.790	1
24.230
24.650
25.080
25.500	1
25.910
26.340
26.760
27.190	1
27.600
28.020
28.440
28.870	1
29.300
29.720
30.140
30.580	1
30.990
31.400
31.820
32.230	1
32.660
33.070
33.490
33.920	1
34.320
34.750
35.160
35.590	1
36.030
36.450
36.870
37.300	1
37.720
38.140
38.570
39.000	1
39.420
39.860
40.280
40.700	1
41.140
41.550
41.990
42.410	1
42.850
43.260
43.700
44.120	1
44.550
44.970
45.400
45.830	1
46.260
46.680
47.100
47.520	1
47.950
48.380
48.800
49.230	1
49.650
50.080
50.530
50.950	1
51.380
51.810
52.250
52.660	1
53.100
53.520
53.950
54.390	1
54.790
55.230
55.660
56.080	1
56.530
56.950
57.390
57.810	1
58.230
58.650
59.080
59.510	1
59.930
60.370
60.790
61.210	1
61.630
62.060
62.500
62.910	1
63.340
63.770
64.190
64.620	1
65.050
65.480
65.900
66.330	1
66.750
67.180
67.590
68.010	1
68.440
68.870
69.290
69.710	1
70.140
70.570
71.010
71.430	1
71.870
72.290
72.730
73.150	1
73.590
74.010
74.450
74.870	1
75.300
75.710
76.130
76.560	1
77.000
77.420
77.860
78.280	1
78.710
79.130
79.560
79.990	1
80.430
80.850
81.270
81.710	1
82.150
82.590
83.020
83.450	1
83.880
84.310
84.750
85.200	1
85.630
86.060
86.490
86.910	1
87.350
87.780
88.210
88.640	1
89.060
89.490
89.910
90.350	1
90.800
91.230
91.670
92.090	1
92.520
92.940
93.370
93.800	1
94.230
94.660
95.090
95.520	1
95.950
96.390
96.820
97.250	1
97.680
98.110
98.540
98.960	1
99.380
99.810
100.240
100.670	1
101.080
101.500
101.920
102.350	1
102.780
103.210
103.650
104.080	1
104.510
104.930
105.350
105.780	1
106.210
106.640
107.070
107.500	1
107.920
108.370
108.780
109.220	1
109.650
110.070
110.510
110.950	1
111.380
111.800
112.240
112.670	1
113.090
113.520
113.960
114.380	1
114.810
115.230
115.670
116.090	1
116.520
116.930
117.360
117.790	1
118.230
118.640
119.070
119.490	1
119.930
120.350
120.780
121.190	1
121.620
122.050
122.460
122.890	1
123.320
123.760
124.170
124.600	1
125.020
125.460
125.890
126.320	1
126.740
127.150
127.580
128.010	1
128.450
128.880
129.300
129.730	1
130.150
130.580
131.010
131.430	1
131.860
132.280
132.690
133.120	1
133.540
133.960
134.390
134.820	1
135.250
135.680
136.110
136.540	1
136.960
137.370
137.810
138.240	1
138.680
139.090
139.520
139.930	1
140.360
140.800
141.240
141.660	1
142.080
142.510
142.930
143.350	1
143.780
144.210
144.650
145.070	1
145.490
145.930
146.360
146.790	1
147.220
147.660
148.100
148.530	1
148.950
149.380
149.820
150.250	1
150.680
151.110
151.530
151.960	1
152.390
152.810
153.260
153.680	1
154.120
154.550
154.990
155.420	1
155.850
156.280
156.700
157.150	1
157.590
158.010
158.450
158.870	1
159.310
159.750
160.170
160.600	1
161.030
161.460
161.900
162.340	1
162.780
163.220
163.650
164.100	1
164.540
164.960
165.390
165.840	1
166.280
166.720
167.150
167.580	1
168.010
168.440
168.880
169.310	1
169.750
170.180
170.600
171.050	1
171.460
171.890
172.320
172.730	1
173.180
173.590
174.020
174.450	1
174.880
175.320
175.750
176.180	1
176.610
177.040
177.450
177.870	1
178.310
178.740
179.180
179.600	1
180.030
180.460
180.890
181.320	1
181.750
182.180
182.610
183.030	1
183.450
183.870
184.290
184.710	1
185.130
185.550
185.970
186.400	1
186.820
187.240
187.670
188.090	1
188.490
188.920
189.350
189.780	1
190.200
190.650
191.060
191.490	1
191.930
192.350
192.790
193.230	1
193.660
194.080
194.520
194.950	1
195.380
195.800
196.230
196.650	1
197.080
197.490
197.930
198.350	1
198.780
199.210
199.650
200.070	1
200.500
200.910
201.350
201.780	1
202.210
202.630
203.050
203.470	1
203.890
204.320
204.760
205.180	1
205.600
206.030
206.440
206.870	1
207.290
207.720
208.140
208.560	1
208.980
209.400
209.830
210.260	1
210.680
211.110
211.520
211.940	1
212.380
212.790
213.220
213.640	1
214.070
214.490
214.910
215.330	1
215.760
216.190
216.610
217.040	1
217.480
217.900
218.320
218.740	1
219.180
219.600
220.030
220.470	1
220.900
221.330
221.770
222.220	1
222.630
223.050
223.480
223.890	1
224.330
224.750
225.180
225.610	1
226.030
226.460
226.880
227.300	1
227.730
228.160
228.580
229.020	1
229.460
229.870
230.310
230.730	1
231.170
231.610
232.050
232.470	1
232.910
233.340
233.780
234.190	1
234.620
235.060
235.490
235.920	1
236.320
236.750
237.190
237.630	1
238.060
238.490
238.930
239.350	1
239.780
240.220
240.650
241.080	1
241.510
241.960
242.400
242.830	1
243.250
243.670
244.100
244.540	1
244.960
245.390
245.800
246.230	1
246.640
247.060
247.490
247.910	1
248.340
248.770
249.190
249.630	1
250.050
250.470
250.900
251.320	1
251.740
252.170
252.590
253.010	1
253.430
253.870
254.290
254.710	1
255.130
255.550
255.980
256.400	1
256.820
257.230
257.650
258.060	1
258.470
258.890
259.310
259.730	1
260.140
260.560
260.990
261.380	1
261.800
262.210
262.650
263.060	1
263.490
263.890
264.320
264.720	1
265.130
265.550
265.970
266.360	1
266.780
267.220
267.640
268.050	1
268.470
268.890
269.320
269.740	1
270.150
270.570
270.980
271.400	1
271.830
272.250
272.640
273.060	1
273.480
273.870
274.310
274.730	1
