0.870
1.750
2.690
3.610
4.560
5.490
6.440
7.340
8.240
9.200
10.080
11.030
11.940
12.870
13.770
14.710
15.530
16.220
16.920
17.630
18.340
18.950
19.580
20.130
20.640
21.100
21.560
22.050
22.510
22.990
23.450
23.890
24.350
24.810
25.270
25.730
26.210
26.660
27.130
27.570
28.050
28.520
28.990
29.470
29.930
30.380
30.830
31.290
31.750
32.230
32.690
33.150
33.590
34.070
34.560
35.040
35.510
35.990
36.410
36.870
37.290
37.730
38.170
38.620
39.090
39.540
39.970
40.430
40.860
41.290
41.700
42.140
42.560
42.990
43.440
43.860
44.270
44.690
45.100
45.520
45.950
46.400
46.830
47.240
47.680
48.100
48.530
48.960
49.410
49.830
50.230
50.660
51.070
51.470
51.870
52.280
52.700
53.110
53.560
54.000
54.470
54.910
55.310
55.740
56.150
56.570
57.010
57.450
57.860
58.310
58.730
59.130
59.560
59.980
60.380
60.780
61.210
61.690
62.140
62.590
63.050
63.510
63.980
64.440
64.900
65.330
65.780
66.230
66.680
67.150
67.600
68.050
68.500
68.960
69.410
69.880
70.340
70.780
71.230
71.680
72.140
72.580
73.030
73.480
73.930
74.400
74.870
75.330
75.770
76.230
76.670
77.130
77.560
78.020
78.470
78.940
79.400
79.850
80.330
80.790
81.230
81.680
82.150
82.600
83.050
83.490
83.940
84.390
84.830
85.280
85.740
86.180
86.610
87.070
87.490
87.930
88.380
88.830
89.260
89.700
90.110
90.540
90.990
91.410
91.890
92.350
92.790
93.270
93.700
94.170
94.610
95.050
95.510
95.950
96.390
96.820
97.270
97.720
98.140
98.560
99.010
99.460
99.890
100.350
100.790
101.250
101.690
102.150
102.610
103.060
103.490
103.930
104.370
104.810
105.250
105.680
106.150
106.590
107.040
107.490
107.910
108.370
108.800
109.230
109.670
110.110
110.540
110.970
111.410
111.830
112.250
112.710
113.150
113.590
114.030
114.470
114.900
115.330
115.790
116.210
116.660
117.100
117.540
117.950
118.360
118.760
119.170
119.580
120.000
120.450
120.910
121.360
121.800
122.260
122.720
123.160
123.600
124.060
124.500
124.930
125.390
125.850
126.290
126.730
127.200
127.660
128.120
128.570
129.010
129.470
129.930
130.390
130.840
131.300
131.740
132.200
132.660
133.100
133.570
134.030
134.480
134.950
135.410
135.880
136.340
136.790
137.260
137.710
138.180
138.630
139.070
139.530
139.980
140.440
140.880
141.340
141.810
142.270
142.720
143.170
143.690
144.250
144.770
145.250
145.720
146.180
146.630
147.090
147.560
148.020
148.470
148.930
149.370
149.820
150.290
150.730
151.180
151.640
152.090
152.530
152.970
153.420
