0.290
0.950
1.580
2.180
2.820
3.450
4.080
4.730
5.330
5.980
6.590
7.250
7.870
8.500
9.100
9.740
10.350
10.930
11.560
12.170
12.830
13.440
14.090
14.690
15.330
15.950
16.590
17.210
17.830
18.440
19.080
19.690
20.300
20.940
21.560
22.150
22.800
23.390
24.020
24.630
25.250
25.900
26.510
27.120
27.730
28.360
28.950
29.590
30.180
30.800
31.420
32.070
32.660
33.310
33.900
34.550
35.160
35.740
36.370
36.960
37.600
38.210
38.800
39.450
40.060
40.670
41.280
41.930
42.540
43.160
43.760
44.390
45.000
45.620
46.250
46.890
47.480
48.110
48.760
49.390
50.020
50.690
51.300
51.920
52.540
53.110
53.740
54.340
54.910
55.510
56.130
56.710
57.330
57.980
58.580
59.190
59.810
60.420
61.000
61.570
62.200
62.820
63.430
64.010
64.640
65.260
65.850
66.470
67.080
67.650
68.280
68.900
69.540
70.160
70.740
71.380
71.960
72.580
73.210
73.790
74.430
75.080
75.700
76.310
76.980
77.590
78.260
78.880
79.540
80.240
80.890
81.510
82.100
82.740
83.360
83.990
84.580
85.210
85.870
86.500
87.130
87.760
88.360
89.010
89.640
90.250
90.850
91.500
92.120
92.720
93.350
93.950
94.570
95.220
95.850
96.460
97.080
97.710
98.360
99.000
99.620
100.220
100.830
101.480
102.090
102.700
103.350
103.990
104.590
105.240
105.900
106.510
107.150
107.800
108.460
109.090
109.710
110.350
111.020
111.660
112.300
112.920
113.550
114.200
114.850
115.470
116.100
116.730
117.320
117.960
118.570
119.210
119.820
120.450
121.090
121.740
122.350
122.980
123.610
124.230
124.900
125.530
126.150
126.800
127.430
128.090
128.720
129.340
129.980
130.590
131.250
131.850
132.480
133.160
133.790
134.460
135.080
135.780
136.440
137.080
137.700
138.350
138.950
139.610
140.260
140.890
141.500
142.150
142.760
143.380
143.980
144.600
145.240
145.830
146.400
147.010
147.630
148.260
148.970
149.680
150.390
151.040
151.730
152.440
153.050
153.700
154.320
154.940
155.590
156.220
156.800
157.390
158.000
158.650
159.250
159.880
160.510
161.130
161.740
162.340
163.000
163.630
164.260
164.930
165.560
166.200
166.860
167.560
168.300
168.990
169.750
170.460
171.220
171.940
172.650
173.350
174.090
174.820
175.530
176.300
177.100
177.890
178.670
179.500
180.260
181.080
181.870
182.620
