0.880
1.890
2.920
3.920
4.930
5.940
6.940
7.950
8.870
9.780
10.680
11.570
12.520
13.520
14.420
15.380
16.360
17.310
18.330
19.270
20.280
21.240
22.110
22.890
23.690
24.450
25.210
25.920
26.600
27.150
27.740
28.310
28.890
29.490
30.090
30.670
31.270
31.850
32.440
33.050
33.620
34.190
34.790
35.370
35.950
36.530
37.110
37.720
38.290
38.880
39.500
40.090
40.670
41.240
41.860
42.460
43.060
43.650
44.250
44.890
45.500
46.090
46.690
47.320
47.900
48.490
49.060
49.650
50.270
50.830
51.450
52.010
52.630
53.190
53.790
54.380
55.050
55.690
56.390
57.030
57.690
58.280
58.910
59.540
60.140
60.740
61.340
61.960
62.550
63.140
63.750
64.340
64.920
65.540
66.120
66.670
67.250
67.860
68.460
69.100
69.710
70.340
70.970
71.560
72.180
72.790
73.400
74.020
74.620
75.230
75.860
76.460
77.070
77.680
78.300
78.880
79.500
80.100
80.710
81.330
81.930
82.530
83.150
83.760
84.360
84.970
85.600
86.210
86.800
87.410
88.020
88.640
89.250
89.850
90.470
91.100
91.710
92.310
92.930
93.530
94.150
94.760
95.370
96.000
96.620
97.230
97.840
98.460
99.080
99.700
100.310
101.050
101.730
102.440
103.070
103.680
104.290
104.910
105.530
106.160
106.770
107.370
107.960
108.590
109.200
109.800
110.420
111.030
111.660
112.280
112.890
113.520
114.100
114.700
115.330
115.940
116.530
117.130
117.750
118.380
118.970
119.590
120.200
120.800
121.410
122.030
122.640
123.240
123.880
124.500
125.110
125.720
126.350
126.940
127.550
128.180
128.780
129.400
130.040
130.630
131.250
131.850
132.480
133.100
133.710
134.310
134.930
135.550
136.170
136.760
137.390
138.000
138.620
139.260
139.880
140.470
141.080
141.670
142.280
142.890
143.490
144.130
144.740
145.350
145.960
146.550
147.160
147.780
148.390
149.020
149.640
150.250
150.870
151.470
152.080
152.700
153.320
153.920
154.540
155.150
155.790
156.410
157.020
157.620
158.220
158.850
159.450
160.070
160.680
161.320
161.940
162.560
163.170
163.780
164.410
165.030
165.650
166.280
166.910
167.520
168.130
168.730
169.350
169.970
170.600
171.230
171.860
172.490
173.130
173.750
174.370
174.990
175.620
176.220
176.840
177.470
178.080
178.690
179.310
179.930
180.560
181.180
181.810
182.440
183.060
183.680
184.280
184.910
185.530
186.140
186.770
187.380
188.000
188.610
189.230
189.850
190.470
191.080
191.700
192.310
192.930
193.530
194.150
194.760
195.370
195.970
196.580
197.200
197.800
198.390
199.000
199.610
200.220
200.810
201.430
202.030
202.630
203.230
203.850
204.460
205.080
205.700
206.310
206.910
207.520
208.110
208.710
209.320
209.930
210.530
211.150
211.750
212.370
212.960
213.570
214.170
214.800
215.420
216.030
216.610
217.230
217.840
218.460
219.070
219.660
220.290
220.920
221.530
222.140
222.740
223.350
223.930
224.560
225.180
225.800
226.400
227.030
227.650
228.280
228.890
229.510
230.120
230.750
231.390
232.010
232.600
233.220
233.870
234.510
235.100
235.740
236.340
236.960
237.600
238.210
238.830
239.500
240.150
240.770
241.380
241.970
242.590
243.220
243.870
244.500
245.120
245.760
246.350
246.980
247.620
248.240
248.840
249.460
250.080
250.720
251.360
251.970
252.600
253.230
253.860
254.490
255.120
255.740
256.400
257.030
257.620
258.240
258.850
259.470
260.130
260.750
261.370
262.000
262.620
263.260
263.890
264.520
265.140
265.750
266.370
267.000
267.610
268.230
268.850
269.490
270.100
270.720
271.340
271.970
272.590
273.200
273.830
274.460
275.090
275.700
276.340
276.980
277.620
278.240
278.890
279.520
280.140
280.760
281.380
281.990
282.610
283.230
283.870
284.500
285.130
285.740
286.360
286.980
287.590
288.210
288.820
289.450
290.060
290.680
291.310
291.920
292.550
293.160
293.790
294.410
295.020
295.640
296.260
296.890
297.470
298.100
298.720
299.350
299.960
300.600
301.210
301.840
302.430
303.050
303.660
304.290
304.890
305.490
306.100
306.710
307.320
307.950
308.570
309.200
309.820
310.430
311.050
311.670
312.270
312.860
313.480
314.100
314.730
315.370
315.980
316.600
317.220
317.840
318.440
319.030
319.600
320.190
320.760
321.340
321.930
322.510
323.080
323.670
324.260
324.850
325.460
326.090
326.720
327.370
328.010
328.640
329.300
329.950
330.580
331.200
331.830
332.480
333.100
333.720
334.340
334.970
335.590
336.240
336.850
337.470
338.080
338.680
339.270
339.880
340.470
341.070
341.660
342.310
342.960
343.600
344.240
344.870
345.510
346.110
346.750
347.390
348.020
348.630
349.260
349.890
350.500
351.120
351.770
352.380
352.970
353.530
354.140
354.710
355.330
355.920
356.470
357.060
357.660
358.220
358.810
359.400
359.950
360.550
361.180
361.770
362.380
362.970
363.560
364.180
364.790
365.440
366.060
366.650
367.300
367.930
368.550
369.200
369.800
370.430
371.170
371.840
372.580
373.270
374.000
374.720
375.470
376.190
376.880
377.620
378.390
379.100
379.880
380.620
381.360
382.100
382.820
383.540
384.300
