0.790
1.570
2.360
3.180
3.980
4.780
5.640
6.440
7.250
8.090
8.780
9.500
10.220
10.940
11.560
12.050
12.570
13.070
13.560
14.040
14.540
15.010
15.530
16.020
16.510
16.990
17.480
17.980
18.470
18.930
19.440
19.920
20.400
20.870
21.370
21.850
22.310
22.810
23.310
23.790
24.250
24.740
25.230
25.700
26.160
26.650
27.120
27.570
28.070
28.550
29.030
29.490
29.950
30.400
30.860
31.330
31.830
32.300
32.800
33.290
33.770
34.230
34.730
35.190
35.690
36.150
36.630
37.130
37.600
38.080
38.560
39.070
39.560
40.030
40.530
41.010
41.470
41.970
42.440
42.940
43.430
43.890
44.400
44.930
45.420
45.940
46.470
46.930
47.450
47.930
48.420
48.900
49.390
49.880
50.370
50.830
51.320
51.810
52.280
52.770
53.250
53.720
54.200
54.670
55.170
55.640
56.120
56.590
57.080
57.530
58.010
58.490
58.950
59.420
59.890
60.350
60.840
61.330
61.840
62.310
62.800
63.290
63.770
64.250
64.700
65.180
65.670
66.150
66.630
67.120
67.590
68.060
68.560
69.040
69.500
70.000
70.460
70.930
71.410
71.860
72.350
72.820
73.290
73.740
74.240
74.700
75.190
75.680
76.150
76.630
77.100
77.590
78.060
78.550
79.040
79.480
79.940
80.430
80.900
81.360
81.820
82.300
82.770
83.230
83.680
84.140
84.620
85.100
85.550
86.030
86.520
86.990
87.480
87.930
88.410
88.870
89.370
89.840
90.330
90.810
91.270
91.760
92.240
92.730
93.200
93.680
94.160
94.610
95.080
95.570
96.060
96.530
97.030
97.520
97.990
98.470
98.950
99.430
99.900
100.360
100.850
101.310
101.790
102.260
102.740
103.210
103.690
104.160
104.620
105.110
105.570
106.000
106.460
106.900
107.320
107.770
108.230
108.680
109.160
109.650
110.120
110.590
111.110
111.640
112.130
112.640
113.090
113.550
114.010
114.480
114.940
115.400
115.890
116.340
116.830
117.280
117.780
118.230
118.720
119.170
119.650
120.130
120.580
121.010
121.470
121.950
122.430
122.900
123.350
123.840
124.290
124.790
125.270
125.740
126.210
126.710
127.180
127.670
128.100
128.560
129.020
129.470
129.900
130.360
130.860
131.340
131.800
132.260
132.690
133.150
133.610
134.050
134.520
135.010
135.480
135.950
136.410
136.880
137.350
137.810
138.300
138.760
139.260
139.730
140.220
140.670
141.140
141.610
142.090
142.560
143.040
143.510
143.970
144.410
144.830
145.270
145.750
146.230
146.680
147.160
147.630
148.120
148.620
149.110
149.590
150.060
150.530
151.020
151.500
151.970
152.450
152.920
153.390
153.880
154.340
154.810
155.280
155.760
156.240
156.730
157.210
157.680
158.160
158.640
159.100
159.580
160.070
160.540
161.020
161.480
161.950
162.430
162.900
163.360
163.830
164.320
164.790
165.250
165.730
166.200
166.670
167.140
167.600
168.070
168.570
169.040
169.510
169.990
170.450
170.910
171.360
171.840
172.310
172.780
173.260
173.740
174.220
174.680
175.160
175.640
176.160
176.650
177.120
177.610
178.060
178.500
178.950
179.400
179.890
180.350
180.810
181.300
181.790
182.270
182.740
183.220
183.710
184.170
184.660
185.130
185.590
186.070
186.520
187.000
187.470
187.940
188.430
188.900
189.370
189.850
190.350
190.810
191.270
191.740
192.230
192.710
193.200
193.680
194.150
194.630
195.100
195.580
196.060
196.550
197.010
197.490
197.940
198.410
198.890
199.370
199.840
200.310
200.790
201.260
201.750
202.240
202.720
203.200
203.660
204.130
204.600
205.090
205.560
206.030
206.480
206.960
207.430
207.890
208.390
208.840
209.320
209.790
210.260
210.730
211.210
211.680
212.150
212.630
213.110
213.580
214.050
214.510
214.990
215.460
215.920
216.390
216.870
217.320
217.760
218.190
218.630
219.060
219.500
219.920
220.340
220.790
221.200
221.650
222.100
222.540
222.960
223.420
223.850
224.280
224.730
225.120
225.480
225.840
226.230
226.590
226.940
227.270
227.590
227.920
228.250
228.590
228.940
229.290
229.630
229.970
230.290
230.630
230.980
231.300
231.620
231.960
232.280
232.610
232.970
233.330
233.670
234.020
234.360
234.710
235.070
235.410
235.770
236.130
236.480
236.860
237.190
237.530
237.860
238.200
238.560
238.900
239.240
239.630
240.000
240.360
240.800
241.220
241.660
242.080
242.500
242.950
243.360
243.790
244.220
244.680
245.120
245.540
245.970
246.380
246.790
247.180
247.600
248.030
248.450
248.860
249.280
249.700
250.120
250.530
250.950
251.370
251.800
252.190
252.610
253.020
253.470
253.940
254.380
254.820
255.280
255.730
256.190
256.630
257.080
257.520
257.980
258.440
258.870
259.360
259.820
260.300
260.770
261.230
261.680
262.130
262.590
263.080
263.550
264.020
264.490
264.960
265.420
265.890
266.360
266.820
267.310
267.790
268.260
268.720
269.150
269.600
270.070
270.500
270.950
271.370
271.810
272.280
272.740
273.240
273.720
274.220
274.710
275.190
275.680
276.160
276.630
277.140
277.630
278.110
278.600
279.090
279.570
280.040
280.530
281.010
281.480
281.960
282.430
282.920
283.410
283.880
284.330
284.800
285.270
285.760
286.220
286.700
287.170
287.640
288.090
288.560
289.040
289.540
290.020
290.490
290.960
291.450
291.930
292.400
292.890
293.400
293.860
294.370
294.870
295.360
295.830
296.330
296.830
297.330
297.820
298.310
298.800
299.270
299.790
300.260
300.740
301.230
301.700
302.170
302.620
303.090
303.570
304.060
304.550
305.010
305.510
305.990
306.450
306.930
307.410
307.900
308.390
308.870
309.330
309.810
