0.000
0.620
1.300
1.920
2.540
3.150
3.780
4.420
5.030
5.640
6.260
6.870
7.480
8.100
8.690
9.270
9.860
10.480
11.080
11.710
12.300
12.910
13.530
14.140
14.740
15.350
15.960
16.540
17.160
17.790
18.420
19.090
19.710
20.310
20.930
21.550
22.150
22.760
23.360
23.970
24.580
25.220
25.850
26.460
27.050
27.670
28.260
28.910
29.520
30.130
30.740
31.340
31.960
32.580
33.170
33.800
34.400
35.030
35.620
36.250
36.850
37.450
38.080
38.690
39.290
39.910
40.530
41.150
41.740
42.360
42.960
43.560
44.200
44.810
45.430
46.060
46.650
47.240
47.860
48.450
49.070
49.670
50.280
50.900
51.530
52.160
52.770
53.380
53.980
54.590
55.230
55.850
56.440
57.060
57.660
58.260
58.880
59.490
60.110
60.710
61.360
62.000
62.580
63.210
63.810
64.420
65.020
65.640
66.240
66.850
67.460
68.070
68.660
69.290
69.910
70.550
71.150
71.750
72.360
72.950
73.570
74.170
74.760
75.360
75.960
76.560
77.190
77.780
78.410
79.000
79.610
80.230
80.810
81.420
82.050
82.660
83.270
83.880
84.480
85.060
85.670
86.290
86.890
87.490
88.090
88.700
89.230
89.570
89.880
90.180
90.490
90.790
91.100
91.390
91.700
92.000
92.300
92.600
92.900
93.200
93.500
93.800
94.100
94.400
94.700
95.000
95.290
95.590
95.900
96.190
96.490
96.780
97.080
97.370
97.670
97.970
98.280
98.570
98.880
99.170
99.480
99.770
100.070
100.370
100.680
100.980
101.280
101.580
101.880
102.180
102.480
102.770
103.080
103.400
103.710
104.000
104.310
104.600
104.890
105.180
105.480
105.790
106.090
106.380
106.690
106.980
107.270
107.570
107.860
108.150
108.460
108.750
109.060
109.350
109.650
109.950
110.250
110.560
110.860
111.160
111.450
111.760
112.060
112.350
112.660
112.960
113.260
113.550
113.860
114.150
114.450
114.740
115.040
115.320
115.620
115.910
116.200
116.500
116.800
117.090
117.400
117.690
117.990
118.300
118.590
118.890
119.190
119.470
119.760
120.060
120.350
120.650
120.950
121.250
121.550
121.840
122.150
122.450
122.750
123.040
123.350
123.640
123.940
124.240
124.550
124.830
125.120
125.410
125.700
126.000
126.290
126.590
126.890
127.190
127.490
127.780
128.090
128.370
128.680
128.970
129.270
129.580
129.870
130.170
130.480
130.770
131.060
131.360
131.650
131.960
132.250
132.540
132.830
133.120
133.400
133.690
133.980
134.270
134.560
134.860
135.140
135.440
135.720
136.010
136.310
136.610
136.900
137.190
137.490
137.770
138.070
138.350
138.640
138.940
139.220
139.510
139.800
140.090
140.380
140.670
140.970
141.260
141.550
141.840
142.110
142.390
142.690
142.980
143.290
143.590
143.870
144.170
144.460
144.750
145.030
145.330
145.630
145.930
146.220
146.500
146.800
147.080
147.370
147.660
147.960
148.250
148.540
148.830
149.120
149.400
149.700
149.980
150.280
150.570
150.850
151.140
151.440
151.730
152.020
152.310
152.610
152.910
153.200
153.500
153.790
154.090
154.370
154.670
154.960
155.270
155.560
155.850
156.140
156.440
156.730
157.030
157.320
157.630
157.920
158.230
158.510
158.800
159.100
159.390
159.690
160.000
160.300
160.590
160.900
161.190
161.480
161.770
162.070
162.350
162.650
162.930
163.230
163.530
163.820
164.120
164.420
164.720
165.030
165.320
165.620
165.920
166.200
166.510
166.810
167.100
167.400
167.700
168.010
168.300
168.600
168.890
169.170
169.470
169.780
170.080
170.370
170.670
170.970
171.270
171.580
171.870
172.170
172.460
172.750
173.050
173.340
173.640
173.930
174.240
174.540
174.840
175.140
175.440
175.740
176.040
176.330
176.630
176.940
177.230
177.530
177.840
178.130
178.430
178.740
179.030
179.330
179.630
179.930
180.230
180.530
180.820
181.110
181.420
181.710
182.020
182.320
182.610
182.910
183.210
183.520
183.810
184.100
184.390
184.680
184.970
185.260
185.550
185.840
186.130
186.420
186.700
186.990
187.280
187.580
187.890
188.180
188.490
188.780
189.070
189.360
189.640
189.930
190.220
190.530
190.830
191.110
191.410
191.680
191.970
192.240
192.520
192.800
193.100
193.390
193.700
194.000
194.300
194.600
194.890
195.190
195.500
195.790
196.090
196.380
196.660
196.960
197.260
197.560
197.870
198.160
198.460
198.770
199.050
199.340
199.630
199.930
200.230
200.520
200.830
201.130
201.420
201.720
202.020
202.320
202.620
202.920
203.210
203.510
203.790
204.080
204.370
204.670
204.960
205.250
205.540
205.840
206.140
206.430
206.730
207.040
207.330
207.630
207.940
208.230
208.530
208.830
209.130
209.420
209.710
210.000
210.290
210.590
210.870
211.160
211.450
211.740
212.040
212.330
212.620
212.910
213.190
213.470
213.750
214.040
214.330
214.620
214.900
215.190
215.480
215.780
216.060
216.360
216.650
216.930
217.230
217.530
217.820
218.120
218.420
218.730
219.030
219.320
219.630
219.920
220.210
220.500
220.790
221.090
221.380
221.670
221.960
222.250
222.540
222.820
223.110
223.400
223.700
223.980
224.280
224.560
224.840
225.130
225.400
225.700
225.990
226.280
226.570
226.860
227.150
227.430
227.720
228.010
228.300
228.600
228.890
229.170
229.440
229.730
230.030
230.340
230.640
230.940
231.230
231.540
231.820
232.120
232.400
232.700
232.990
233.270
233.560
233.860
234.150
234.430
234.720
235.010
235.300
235.590
235.880
236.190
236.490
236.780
237.090
237.380
237.680
237.970
238.270
238.560
238.850
239.130
239.440
239.730
240.040
240.330
240.630
240.930
241.220
241.510
241.810
242.100
242.390
242.670
242.960
243.260
243.550
243.830
244.120
244.410
244.700
244.990
245.290
245.590
245.890
246.190
246.480
246.790
247.080
247.380
247.680
247.970
248.260
248.550
248.840
249.140
249.420
249.710
250.000
250.300
250.590
250.880
251.170
251.470
251.760
252.060
252.370
252.670
252.960
253.260
253.560
253.870
254.160
254.460
254.770
255.070
255.370
255.670
255.960
256.260
256.560
256.860
257.180
257.490
257.790
258.100
258.410
258.720
259.030
259.350
259.650
259.970
260.270
260.580
260.900
261.210
261.520
261.820
262.130
262.450
262.760
263.070
263.380
