0.320
1.140
2.030
2.860
3.710
4.600
5.420
6.290
7.150
8.010
8.840
9.700
10.580
11.430
12.290
13.160
14.060
14.910
15.730
16.570
17.410
18.270
19.100
19.930
20.760
21.610
22.440
23.320
24.170
25.000
25.850
26.690
27.520
28.410
29.230
30.080
30.980
31.800
32.630
33.450
34.290
35.120
35.990
36.870
37.700
38.550
39.380
40.260
41.110
41.950
42.790
43.660
44.490
45.370
46.200
47.060
47.910
48.780
49.600
50.460
51.300
52.120
52.970
53.830
54.660
55.510
56.350
57.220
58.040
58.910
59.760
60.660
61.500
62.360
63.180
64.070
64.930
65.780
66.620
67.490
68.360
69.210
70.070
70.930
71.780
72.600
73.450
74.320
75.160
76.010
76.880
77.720
78.560
79.420
80.260
81.140
81.960
82.780
83.620
84.460
85.330
86.180
87.010
87.840
88.680
89.520
90.370
91.240
92.080
92.930
93.760
94.640
95.450
96.340
97.170
98.000
98.880
99.740
100.620
101.460
102.330
103.210
104.070
104.960
105.860
106.710
107.560
108.460
109.280
110.150
111.010
111.920
112.800
113.620
114.440
115.290
116.140
117.000
117.800
118.670
119.510
120.350
121.190
122.060
122.880
123.740
124.570
125.440
126.270
127.140
128.000
128.860
129.720
130.580
131.430
132.270
133.080
133.950
134.770
135.620
136.440
137.300
138.130
138.990
139.800
140.640
141.490
142.340
143.180
144.040
144.880
145.750
146.600
147.440
148.310
149.170
150.000
150.910
151.750
152.610
153.450
154.270
155.110
155.930
156.770
157.610
158.460
159.360
160.230
161.020
161.890
162.720
163.560
164.390
165.220
166.120
166.930
167.800
168.580
169.430
170.280
171.130
171.990
172.870
173.700
174.530
175.380
176.250
177.110
177.940
178.760
179.600
180.460
181.260
182.080
182.930
183.750
184.610
185.420
186.260
187.130
188.000
188.830
189.730
190.720
191.640
192.640
193.730
194.740
195.840
196.760
197.730
198.680
199.670
200.710
201.730
202.680
203.710
204.780
205.780
206.860
207.870
208.900
209.980
211.010
212.050
213.060
214.100
215.170
216.160
217.120
218.150
219.080
220.120
221.110
222.130
223.180
