0.370
1.410
2.420
3.500
4.490
5.440
6.390
7.340
8.350
9.390
10.430
11.330
12.170
12.960
13.810
14.610
15.390
16.220
17.040
17.800
18.620
19.320
20.060
20.740
21.370
22.010
22.660
23.280
23.940
24.540
25.200
25.820
26.490
27.080
27.650
28.150
28.610
29.100
29.580
30.070
30.540
31.010
31.480
31.950
32.430
32.900
33.390
33.860
34.330
34.790
35.250
35.720
36.180
36.630
37.110
37.580
38.040
38.490
38.960
39.420
39.900
40.350
40.830
41.300
41.760
42.230
42.690
43.150
43.610
44.060
44.540
45.000
45.480
45.940
46.410
46.890
47.370
47.840
48.310
48.780
49.260
49.750
50.210
50.690
51.150
51.610
52.090
52.560
53.040
53.510
53.980
54.440
54.910
55.370
55.840
56.300
56.770
57.250
57.700
58.170
58.650
59.120
59.600
60.060
60.530
61.000
61.460
61.920
62.390
62.850
63.320
63.790
64.270
64.730
65.190
65.640
66.120
66.600
67.050
67.500
67.970
68.450
68.900
69.390
69.840
70.310
70.780
71.250
71.730
72.200
72.670
73.140
73.620
74.090
74.560
75.000
75.470
75.930
76.400
76.880
77.340
77.820
78.270
78.740
79.220
79.700
80.160
80.640
81.100
81.570
82.040
82.510
82.980
83.450
83.930
84.390
84.850
85.300
85.780
86.230
86.710
87.180
87.650
88.120
88.580
89.050
89.530
89.990
90.450
90.940
91.410
91.870
92.330
92.810
93.280
93.750
94.210
94.680
95.160
95.620
96.090
96.540
97.010
97.490
97.960
98.420
98.890
99.360
99.820
100.290
100.770
101.230
101.700
102.170
102.620
103.110
103.570
104.030
104.510
104.970
105.450
105.920
106.390
106.860
107.330
107.790
108.270
108.730
109.190
109.660
110.120
110.600
111.070
111.530
112.000
112.470
112.950
113.420
113.890
114.380
114.840
115.310
115.780
116.250
116.730
117.180
117.670
118.120
118.580
119.040
119.520
119.990
120.460
120.920
121.400
121.860
122.350
122.800
123.280
123.740
124.190
124.650
125.130
125.590
126.070
126.530
127.010
127.480
127.950
128.420
128.890
129.350
129.820
130.290
130.780
131.230
131.690
132.150
132.620
133.090
133.560
134.010
134.480
134.950
135.410
135.880
136.360
136.820
137.280
137.740
138.220
138.670
139.160
139.610
140.090
140.550
141.030
141.490
141.980
142.430
142.900
143.370
143.840
144.320
144.790
145.260
145.730
146.200
146.670
147.140
147.610
148.070
148.540
149.020
149.490
149.960
150.430
150.890
151.360
151.830
152.300
152.760
153.250
153.720
154.190
154.650
155.120
155.590
156.060
156.530
156.990
157.470
157.950
158.440
158.900
159.370
159.840
160.300
160.770
161.230
161.690
162.150
162.630
163.100
163.570
164.030
164.500
164.970
165.440
165.900
166.380
166.840
167.320
167.790
168.270
168.730
169.210
169.660
170.130
170.600
171.080
171.540
172.020
172.490
172.960
173.420
173.940
174.490
175.010
175.520
176.000
176.460
176.960
177.410
177.900
178.350
178.820
179.300
179.770
180.240
180.680
181.150
181.600
182.070
182.540
183.000
183.460
183.920
184.390
184.860
185.340
185.800
186.260
186.730
187.180
187.640
188.100
188.580
189.030
189.490
189.960
190.420
190.900
191.360
191.830
192.300
192.760
193.230
193.680
194.160
194.620
195.080
195.540
196.020
196.480
196.950
197.410
197.880
198.340
198.810
199.290
199.750
200.230
200.690
201.160
201.620
202.090
202.560
203.020
203.480
203.950
204.420
204.880
205.360
205.810
206.290
206.760
207.220
207.690
208.170
208.650
209.120
209.600
210.070
210.520
211.000
211.470
211.940
212.400
212.880
213.320
213.790
214.280
214.750
215.220
215.690
216.160
216.620
217.090
217.550
218.030
218.490
218.950
219.410
219.880
220.330
220.790
221.260
221.740
222.190
222.660
223.110
223.580
224.060
224.510
224.970
225.440
225.890
226.360
226.820
227.310
227.770
228.230
228.710
229.170
229.630
230.110
230.570
231.020
231.470
231.950
232.410
232.880
233.360
233.830
234.290
234.750
235.220
235.700
236.180
236.620
237.090
237.540
238.010
238.500
238.960
239.420
239.900
240.370
240.840
241.320
241.790
242.250
242.720
243.180
243.660
244.130
244.600
245.060
245.520
245.980
246.450
246.920
247.370
247.860
248.370
248.870
249.410
249.910
250.460
250.950
251.500
252.020
252.490
252.970
253.450
253.930
254.430
254.910
255.390
255.870
256.330
