0.430
0.990
1.580
2.190
2.770
3.360
3.950
4.540
5.120
5.700
6.270
6.860
7.440
8.020
8.590
9.180
9.760
10.390
10.970
11.590
12.160
12.760
13.350
13.950
14.540
15.140
15.710
16.320
16.910
17.500
18.110
18.690
19.310
19.910
20.500
21.120
21.740
22.340
22.970
23.550
24.130
24.740
25.330
25.930
26.510
27.110
27.720
28.320
28.930
29.550
30.140
30.750
31.340
31.950
32.550
33.150
33.720
34.340
34.920
35.520
36.120
36.750
37.330
37.930
38.520
39.130
39.730
40.340
40.950
41.530
42.150
42.750
43.340
43.940
44.570
45.180
45.770
46.360
46.940
47.520
48.140
48.770
49.380
50.000
50.600
51.210
51.800
52.410
53.000
53.620
54.210
54.830
55.420
56.040
56.640
57.250
57.840
58.460
59.060
59.670
60.270
60.880
61.480
62.080
62.660
63.290
63.900
64.510
65.110
65.730
66.330
66.950
67.570
68.190
68.770
69.410
70.010
70.610
71.210
71.830
72.450
73.070
73.670
74.270
74.880
75.510
76.110
76.730
77.320
77.920
78.510
79.130
79.760
80.360
80.960
81.580
82.180
82.810
83.430
84.060
84.690
85.300
85.900
86.530
87.160
87.790
88.420
89.050
89.680
90.300
90.920
91.550
92.160
92.810
93.410
94.050
94.660
95.270
95.900
96.530
97.160
97.780
98.400
99.010
99.630
100.250
100.880
101.490
102.110
102.720
103.360
103.970
104.590
105.210
105.830
106.450
107.080
107.680
108.300
108.930
109.560
110.160
110.760
111.390
112.030
112.640
113.300
113.900
114.530
115.150
115.770
116.370
116.980
117.590
118.220
118.850
119.460
120.070
120.700
121.320
121.920
122.570
123.190
123.790
124.400
125.050
125.660
126.330
126.970
127.590
128.190
128.830
129.450
130.060
130.650
131.250
131.870
132.490
133.110
133.720
134.320
134.940
135.540
136.140
136.750
137.350
137.970
138.570
139.190
139.790
140.390
141.000
141.610
142.220
142.850
143.480
144.110
144.720
145.310
145.910
146.540
147.150
147.760
148.380
148.950
149.590
150.170
150.780
151.410
152.020
152.620
153.240
153.860
154.450
155.070
155.680
156.300
156.910
157.540
158.170
158.780
159.410
160.020
160.640
161.250
161.870
162.500
163.120
163.750
164.360
165.000
165.610
166.270
166.870
167.500
168.130
168.760
169.400
170.020
170.680
