0.530
1.600
2.710
3.590
4.430
5.290
6.040
6.820
7.640
8.420
9.180
9.940
10.730
11.540
12.280
12.950
13.520
14.120
14.720
15.280
15.870
16.490
17.080
17.660
18.260
18.820
19.370
19.940
20.540
21.110
21.660
22.180
22.730
23.290
23.860
24.380
24.970
25.520
26.070
26.640
27.180
27.750
28.330
28.860
29.440
30.000
30.570
31.100
31.640
32.210
32.740
33.290
33.870
34.420
34.950
35.510
36.090
36.650
37.180
37.840
38.500
39.240
40.120
41.120
42.220
43.330
44.410
45.510
46.570
47.670
48.750
49.840
50.990
52.080
53.150
54.250
55.320
56.380
57.500
58.620
59.680
60.780
61.860
62.960
64.040
65.130
66.190
67.300
68.180
69.010
69.920
70.800
71.800
72.870
73.950
75.040
76.170
77.220
78.370
79.410
80.490
81.580
82.700
83.790
84.890
85.980
87.070
88.160
89.270
90.360
91.320
92.280
93.210
94.210
95.180
96.140
97.080
98.050
99.140
100.290
101.320
102.430
103.550
104.640
105.710
106.770
107.860
109.010
110.070
111.180
112.230
113.300
114.370
115.410
116.550
117.590
118.630
119.740
120.870
121.940
123.040
124.090
125.150
126.290
127.370
128.430
129.420
130.450
131.550
132.640
133.750
134.760
135.810
136.850
137.920
138.980
140.020
141.100
142.150
143.230
144.310
145.380
146.450
147.500
148.540
149.630
150.660
151.730
152.790
153.840
154.930
156.020
157.080
158.160
159.270
160.330
161.370
162.420
163.490
164.540
165.580
166.700
167.720
168.790
169.850
170.910
172.020
173.090
174.200
175.270
176.400
177.460
178.580
179.650
180.780
181.860
182.960
184.030
185.070
185.910
186.720
187.380
187.940
188.450
189.020
189.530
190.100
190.630
191.200
191.730
192.300
192.890
193.460
194.040
194.550
195.070
195.620
196.140
196.690
197.220
197.710
198.240
198.780
199.300
199.840
200.350
200.880
201.440
201.990
202.530
203.050
203.590
204.120
204.660
205.190
205.710
206.240
206.780
207.310
207.840
208.360
208.920
209.450
209.960
210.470
211.010
211.530
212.020
212.540
213.090
213.600
214.110
214.640
215.160
215.690
216.210
216.730
217.260
217.800
218.330
218.850
219.370
219.910
220.440
220.980
221.520
222.030
222.550
223.100
223.640
224.160
224.680
225.220
225.770
226.290
226.830
227.380
227.910
228.460
228.990
229.530
230.090
230.600
231.140
231.690
232.230
232.750
233.300
233.820
234.340
234.860
235.390
235.930
236.470
237.000
237.550
238.080
238.610
239.150
239.660
240.190
240.720
241.260
241.800
242.330
242.870
243.400
243.920
244.470
245.000
245.540
246.100
246.630
247.160
247.690
248.240
248.780
249.310
249.850
250.380
250.900
251.450
252.000
252.520
253.070
253.590
254.150
254.670
255.210
255.740
256.280
256.790
257.360
257.880
258.430
258.960
259.510
260.040
260.580
261.140
261.660
262.190
262.730
263.270
263.790
264.310
264.860
265.380
265.930
266.470
267.010
267.560
268.080
268.650
269.200
269.800
270.370
270.930
271.460
271.990
272.490
273.000
273.530
274.060
274.630
275.190
275.710
276.260
276.820
277.350
277.910
278.430
278.970
279.500
280.060
280.610
281.130
281.680
282.240
282.800
283.320
283.850
284.390
284.960
285.500
286.020
286.550
287.120
287.670
288.200
288.760
289.300
289.870
290.410
291.000
291.580
292.100
292.650
293.210
293.740
294.290
294.850
295.380
295.920
296.470
297.000
297.530
298.070
298.610
299.150
299.680
300.220
300.770
301.310
301.880
302.410
302.990
303.510
304.020
304.560
305.100
305.640
306.170
306.700
307.240
307.770
308.320
308.840
309.400
309.940
310.490
311.020
311.580
312.140
312.660
313.200
313.760
314.290
314.840
315.380
315.910
316.440
316.990
317.560
318.100
318.630
319.210
319.740
320.290
320.840
321.350
321.920
322.450
322.990
323.530
324.060
324.600
325.140
325.670
326.240
326.750
327.290
327.840
328.380
328.930
329.440
329.990
330.520
331.040
331.590
332.150
332.710
333.220
333.760
334.300
334.810
335.360
335.910
336.450
337.000
337.510
338.040
338.570
339.120
339.630
340.180
340.710
341.220
341.780
342.290
342.860
343.370
343.930
344.470
345.000
345.510
346.050
346.560
347.120
347.630
348.190
348.710
349.280
349.800
350.340
350.870
351.420
351.980
352.520
353.030
353.530
354.050
354.630
355.240
355.820
356.400
356.930
357.440
357.960
358.510
359.040
359.580
360.130
360.660
361.230
361.780
362.300
362.840
363.380
363.910
364.490
365.060
365.590
366.170
366.740
367.300
367.830
368.400
368.980
369.510
370.100
370.630
371.180
371.730
372.280
372.840
373.390
373.960
374.500
375.050
375.590
376.150
376.690
377.250
377.830
378.390
378.970
379.500
380.060
380.600
381.150
381.690
382.270
382.810
383.340
383.940
384.480
385.080
385.620
386.190
386.790
387.330
387.950
388.540
389.200
389.800
390.430
391.090
391.680
392.320
392.910
393.530
394.120
394.700
395.330
395.900
396.530
397.100
397.730
398.320
398.970
399.580
400.230
400.840
401.510
402.140
402.780
403.420
404.040
404.680
405.350
405.970
406.580
407.210
407.870
408.470
409.130
409.730
410.380
410.990
411.650
412.250
412.910
413.530
