0.000
0.920
1.870
2.860
3.840
4.810
5.770
6.780
7.640
8.500
9.380
10.230
11.200
12.080
12.950
13.820
14.760
15.630
16.530
17.470
18.460
19.400
20.410
21.330
22.160
22.960
23.820
24.610
25.480
26.360
27.280
28.140
29.000
29.910
30.780
31.630
32.460
33.290
34.150
34.950
35.860
36.720
37.630
38.540
39.360
40.220
41.260
42.210
43.290
44.250
45.190
46.110
47.010
47.830
48.690
49.520
50.420
51.230
52.020
52.840
53.630
54.460
55.180
55.940
56.770
57.580
58.410
59.200
60.020
60.910
61.780
62.540
63.360
64.140
64.900
65.630
66.410
67.170
67.940
68.700
69.470
70.210
70.980
71.610
72.260
72.930
73.520
74.140
74.790
75.460
76.170
76.910
77.640
78.330
79.040
79.850
80.700
81.620
82.460
83.330
84.200
85.050
85.840
86.650
87.410
88.150
88.960
89.690
90.420
91.140
91.920
92.630
93.380
94.180
95.000
95.810
96.730
97.620
98.480
99.410
100.260
101.220
102.220
103.130
104.120
105.000
105.790
106.660
107.480
108.390
109.320
110.220
111.170
112.140
113.170
114.180
115.040
115.810
116.520
117.180
117.880
118.590
119.280
119.970
120.660
121.380
122.100
122.770
123.470
124.120
124.830
125.490
126.160
126.880
127.550
128.200
128.860
129.530
130.140
130.760
131.330
131.930
132.510
133.160
133.810
134.480
135.110
135.780
136.450
137.100
137.770
138.440
139.250
140.080
140.950
141.850
142.700
143.610
144.460
145.420
146.330
147.440
148.460
149.510
150.530
151.590
152.570
153.610
154.640
155.700
156.760
157.910
158.960
160.030
161.180
162.220
163.250
164.350
165.280
166.240
167.230
168.150
169.070
169.910
170.680
171.430
172.030
172.610
173.130
173.700
174.240
174.750
175.260
175.780
176.320
176.850
177.410
177.970
178.550
179.100
179.670
180.260
180.830
181.440
182.060
182.660
183.220
183.810
184.420
185.030
185.630
186.230
186.820
187.410
188.010
188.610
189.210
189.790
190.400
191.010
191.590
192.160
192.760
193.360
193.920
194.460
195.020
195.600
196.190
196.760
197.390
197.980
198.570
199.170
199.790
200.380
200.980
201.570
202.200
202.830
203.420
204.070
204.670
205.270
205.870
206.500
207.100
207.700
208.320
208.910
209.510
210.120
210.710
211.300
211.900
212.500
213.140
213.730
214.360
214.970
215.600
216.230
216.850
217.470
218.070
218.700
219.300
219.890
220.510
221.120
221.720
222.320
222.930
223.500
224.100
224.710
225.290
225.880
226.470
227.080
227.730
228.360
228.970
229.550
230.170
230.750
231.310
231.810
232.350
232.900
233.490
234.060
234.600
235.170
235.790
236.440
237.060
237.660
238.280
238.890
239.540
240.140
240.750
241.340
241.950
242.530
243.160
243.750
244.390
244.980
245.610
246.200
246.760
247.360
247.950
248.580
249.170
249.760
250.330
250.900
251.510
252.080
252.660
253.220
253.820
254.410
254.980
255.610
256.210
256.840
257.460
258.110
258.750
259.360
259.970
260.590
261.180
261.820
262.440
263.060
263.690
264.300
264.920
265.530
266.170
266.820
267.460
268.110
268.710
269.350
269.990
270.610
271.240
271.890
272.530
273.160
273.800
274.440
275.030
275.670
276.300
276.910
277.570
278.190
278.810
279.430
280.090
280.740
281.330
281.910
282.500
283.110
283.700
284.310
284.900
285.490
286.100
286.730
287.330
287.940
288.560
289.160
289.790
290.400
291.000
291.630
292.220
292.800
293.330
293.890
294.460
295.030
295.620
296.210
296.770
297.300
297.870
298.420
298.990
299.560
300.130
300.700
301.260
301.800
302.370
302.940
303.500
304.090
304.740
305.370
305.950
306.540
307.130
307.690
308.270
308.880
309.500
310.120
310.690
311.260
311.830
312.430
312.980
313.550
314.150
314.690
315.300
315.900
316.480
317.050
317.620
318.180
318.750
319.310
319.910
320.550
321.130
321.740
322.410
323.050
323.690
324.300
324.980
325.640
326.300
326.930
327.480
328.000
328.540
329.100
329.670
330.260
330.820
331.400
332.010
332.570
333.120
333.690
334.260
334.850
335.430
335.990
336.540
337.140
337.690
338.280
338.840
339.480
340.130
340.790
341.560
342.300
343.090
343.890
344.680
345.440
346.170
346.870
347.630
348.330
349.070
349.800
350.560
351.340
352.100
352.860
353.530
354.140
354.800
355.390
356.010
356.670
357.300
357.920
358.510
359.160
359.760
360.380
360.970
361.570
362.180
362.820
363.400
364.040
364.640
365.230
365.850
366.470
367.090
367.690
