0.550
1.080
1.670
2.190
2.700
3.240
3.740
4.260
4.780
5.320
5.870
6.390
6.910
7.410
7.920
8.450
8.950
9.460
9.970
10.470
10.980
11.480
11.990
12.490
13.000
13.510
14.010
14.520
15.010
15.510
15.990
16.490
16.990
17.470
17.950
18.430
18.910
19.400
19.870
20.340
20.800
21.280
21.760
22.220
22.680
23.160
23.620
24.110
24.570
25.050
25.500
25.990
26.450
26.950
27.410
27.910
28.370
28.860
29.330
29.830
30.310
30.780
31.250
31.730
32.190
32.670
33.140
33.630
34.100
34.580
35.060
35.540
36.040
36.500
36.990
37.470
37.960
38.430
38.920
39.380
39.820
40.280
40.750
41.200
41.690
42.160
42.620
43.120
43.590
44.060
44.530
45.010
45.480
45.950
46.420
46.870
47.360
47.810
48.300
48.770
49.240
49.700
50.160
50.640
51.100
51.570
52.040
52.510
52.980
53.450
53.930
54.400
54.880
55.350
55.800
56.250
56.720
57.180
57.650
58.120
58.590
59.040
59.520
59.990
60.460
60.920
61.390
61.850
62.300
62.780
63.240
63.710
64.170
64.640
65.100
65.570
66.020
66.480
66.960
67.430
67.890
68.350
68.820
69.290
69.780
70.230
70.700
71.160
71.620
72.060
72.540
73.010
73.480
73.950
74.410
74.890
75.350
75.810
76.280
76.750
77.200
77.670
78.130
78.590
79.040
79.500
79.970
80.440
80.880
81.340
81.800
82.270
82.730
83.190
83.640
84.120
84.570
85.030
85.480
85.960
86.410
86.890
87.340
87.800
88.260
88.720
89.190
89.640
90.110
90.550
91.030
91.490
91.930
92.420
92.880
93.340
93.790
94.270
94.710
95.180
95.640
96.110
96.550
97.030
97.470
97.930
98.400
98.860
99.320
99.790
100.240
100.690
101.180
101.650
102.120
102.570
103.050
103.490
103.960
104.430
104.880
105.330
105.780
106.230
106.690
107.150
107.590
108.050
108.490
108.960
109.410
109.880
110.330
110.790
111.250
111.730
112.170
112.640
113.110
113.570
114.000
114.460
114.900
115.380
115.820
116.310
116.760
117.240
117.700
118.160
118.610
119.080
119.530
120.010
120.450
120.930
121.360
121.810
122.280
122.710
123.190
123.650
124.110
124.560
125.010
125.480
125.930
126.400
126.850
127.320
127.760
128.220
128.670
129.130
129.590
130.040
130.520
130.950
131.420
131.870
132.310
132.750
133.220
133.660
134.090
134.540
134.990
135.440
135.880
136.340
136.790
137.260
137.690
138.160
138.610
139.060
139.490
139.940
140.400
140.850
141.300
141.760
142.200
142.660
143.100
143.550
144.010
144.450
144.900
145.340
145.790
146.260
146.700
147.150
147.590
148.040
148.480
148.940
149.380
149.830
150.260
150.710
151.130
151.590
152.040
152.490
152.930
153.410
153.860
154.290
154.760
155.210
155.650
156.100
156.540
157.010
157.450
157.890
158.340
158.800
159.240
159.700
160.150
160.600
161.060
161.480
161.940
162.380
162.840
163.300
163.740
164.190
164.630
165.100
165.550
166.000
166.480
166.920
167.370
167.830
168.260
168.720
169.180
169.630
170.050
170.520
170.960
171.420
171.850
172.320
172.750
173.220
173.650
174.110
174.550
175.010
175.440
175.880
176.330
176.760
177.210
177.650
178.100
178.520
178.960
179.420
179.840
180.300
180.730
181.170
181.610
182.040
182.490
182.940
183.380
183.810
184.250
184.700
185.120
185.580
186.000
186.460
186.880
187.320
187.760
188.210
188.660
189.070
189.500
189.950
190.370
190.820
191.240
191.700
192.120
192.580
193.010
193.420
193.850
194.300
194.730
195.180
195.620
196.050
196.480
196.930
197.350
197.800
198.210
198.660
199.100
199.550
199.980
200.420
200.860
201.300
201.730
202.190
202.610
203.070
203.510
203.950
204.390
204.820
205.250
205.700
206.140
206.590
207.010
207.470
207.910
208.350
208.790
209.250
209.680
210.150
210.570
211.020
211.460
211.920
212.360
212.810
213.240
213.700
214.120
214.580
215.010
215.460
215.900
216.320
216.780
217.200
217.670
218.100
218.560
219.000
219.470
219.890
220.330
220.780
221.210
221.670
222.120
222.570
223.020
223.460
223.910
224.370
224.790
225.250
225.680
226.130
226.560
227.010
227.460
227.920
228.360
228.810
229.250
229.710
230.170
230.620
231.050
231.490
231.930
232.370
232.820
233.290
233.720
234.170
234.620
235.090
235.510
235.970
236.400
236.850
237.290
237.760
238.200
238.660
239.100
239.550
239.990
240.460
240.900
241.340
241.780
242.220
242.650
243.080
243.530
243.960
244.420
244.880
245.330
245.810
246.250
246.720
247.130
247.560
247.960
248.340
248.740
249.170
249.610
250.070
250.510
250.940
251.370
251.840
252.270
252.730
253.190
253.640
254.080
254.520
254.950
255.380
255.830
256.260
256.720
257.140
257.590
258.020
258.460
258.900
259.360
259.800
260.220
260.680
261.100
261.560
262.000
262.440
262.850
263.280
263.720
264.180
264.610
265.060
265.510
265.960
266.390
266.840
267.310
267.760
268.210
268.640
269.110
269.530
269.970
270.430
270.870
271.290
271.750
272.170
272.610
273.050
273.510
273.950
274.390
274.810
275.270
275.710
276.140
276.590
