0.360
1.190
1.910
2.550
3.220
3.820
4.450
5.110
5.720
6.310
6.930
7.520
8.160
8.770
9.350
9.980
10.640
11.290
11.930
12.560
13.190
13.820
14.470
15.220
15.960
16.700
17.400
18.070
18.750
19.400
20.090
20.810
21.540
22.280
23.000
23.680
24.450
25.250
26.100
26.810
27.570
28.290
29.050
29.810
30.520
31.270
32.000
32.880
33.790
34.560
35.250
35.940
36.570
37.250
37.990
38.680
39.450
40.200
40.920
41.650
42.450
43.320
44.120
44.980
45.750
46.510
47.270
48.000
48.770
49.510
50.300
51.090
51.880
52.710
53.470
54.310
55.120
56.040
56.980
57.990
58.920
59.820
60.760
61.720
62.670
63.570
64.530
65.460
66.390
67.260
68.070
68.970
69.800
70.720
71.590
72.470
73.320
74.170
75.020
75.970
76.880
77.680
78.550
79.380
80.320
81.110
81.940
82.790
83.590
84.470
85.300
86.080
86.950
87.770
88.550
89.420
90.320
91.140
92.040
92.950
93.910
94.890
95.880
96.880
97.960
98.940
100.080
101.170
102.250
103.300
104.380
105.390
106.330
107.370
108.300
109.400
110.480
111.580
112.600
113.650
114.630
115.650
116.650
117.580
118.480
119.360
120.180
121.060
121.930
122.740
123.540
124.410
125.260
126.060
126.960
127.820
128.790
129.790
130.800
131.770
132.720
133.670
134.630
135.530
136.470
137.460
138.370
139.250
140.060
140.930
141.760
142.620
143.520
144.520
145.480
146.450
147.460
148.560
149.590
150.640
151.760
152.790
153.820
154.960
155.990
157.100
158.190
159.140
160.050
161.060
162.000
162.930
163.950
164.940
165.870
166.860
167.840
168.840
169.730
170.560
171.460
172.290
173.180
174.020
174.850
175.750
176.650
177.590
178.510
179.380
180.260
181.160
181.930
182.700
183.450
184.220
184.920
185.550
186.180
186.910
187.730
188.600
189.460
190.260
191.120
192.040
193.030
193.940
194.800
195.660
196.540
197.510
198.460
199.370
200.300
201.320
202.360
203.380
204.350
205.360
206.420
207.450
208.360
209.350
210.280
211.270
212.180
213.020
213.870
214.770
215.640
216.570
217.420
218.330
219.240
220.160
221.020
221.840
222.720
223.500
224.300
225.140
225.850
226.620
227.360
228.100
228.880
229.690
230.470
231.310
232.130
232.950
233.770
234.660
235.540
236.280
237.100
237.830
238.600
239.370
240.100
240.840
241.690
242.530
243.330
244.190
244.940
245.720
246.510
247.360
248.140
248.960
249.790
250.570
251.440
252.360
253.290
254.340
255.480
256.540
257.600
258.690
259.840
260.860
261.920
263.010
263.930
264.680
265.490
266.300
267.090
267.780
268.520
269.160
269.840
270.530
271.180
271.880
272.530
273.230
273.950
274.640
275.280
275.920
276.770
277.560
278.370
279.220
280.170
281.120
282.130
283.080
284.000
284.920
285.890
286.830
287.720
288.690
289.580
290.510
291.450
292.370
293.270
294.200
294.900
295.580
296.240
296.930
297.610
298.320
299.010
299.780
300.470
301.210
301.970
302.650
303.320
304.000
304.640
305.340
305.970
306.700
307.410
308.100
308.870
309.650
310.470
311.260
312.040
312.770
313.540
314.400
315.220
316.080
316.860
317.660
318.470
319.290
320.110
320.930
321.720
322.530
323.360
324.130
324.930
325.770
326.530
327.370
328.170
328.970
329.770
