0.330
0.920
1.520
2.100
2.680
3.290
3.900
4.510
5.140
5.700
6.250
6.850
7.420
7.970
8.490
9.070
9.570
10.110
10.660
11.170
11.680
12.220
12.750
13.260
13.780
14.310
14.840
15.380
15.910
16.440
16.980
17.510
18.020
18.570
19.090
19.600
20.110
20.670
21.190
21.700
22.230
22.780
23.300
23.810
24.330
24.820
25.340
25.850
26.360
26.880
27.410
27.920
28.470
28.980
29.500
30.020
30.540
31.070
31.590
32.100
32.610
33.150
33.670
34.220
34.750
35.260
35.800
36.300
36.810
37.350
37.860
38.360
38.880
39.370
39.890
40.410
40.950
41.460
41.990
42.500
43.020
43.520
44.020
44.530
45.070
45.570
46.070
46.580
47.100
47.630
48.140
48.690
49.210
49.750
50.280
50.790
51.290
51.830
52.350
52.850
53.390
53.900
54.430
54.940
55.460
55.960
56.450
56.950
57.450
57.980
58.490
59.010
59.540
60.070
60.560
61.100
61.620
62.120
62.640
63.170
63.690
64.200
64.690
65.200
65.750
66.280
66.800
67.350
67.870
68.370
68.870
69.370
69.880
70.430
70.960
71.530
72.070
72.580
73.150
73.680
74.190
74.750
75.270
75.780
76.340
76.860
77.350
77.880
78.440
78.970
79.460
80.010
80.530
81.030
81.540
82.080
82.610
83.130
83.650
84.160
84.660
85.200
85.740
86.250
86.800
87.320
87.850
88.390
88.920
89.430
89.950
90.480
90.990
91.530
92.060
92.580
93.090
93.610
94.120
94.640
95.190
95.720
96.250
96.760
97.270
97.820
98.300
98.810
99.320
99.860
100.350
100.880
101.360
101.890
102.430
102.940
103.440
103.960
104.470
104.970
105.490
105.970
106.480
106.990
107.510
108.020
108.530
109.020
109.530
110.040
110.540
111.030
111.550
112.040
112.550
113.070
113.580
114.070
114.580
115.070
115.570
116.080
116.580
117.090
117.570
118.080
118.580
119.080
119.590
120.120
120.640
121.150
121.660
122.150
122.650
123.180
123.680
124.180
124.710
125.210
125.720
126.220
126.730
127.270
127.770
128.280
128.780
129.290
129.800
130.320
130.830
131.330
131.830
132.360
132.870
133.370
133.890
134.410
134.900
135.430
135.950
136.450
136.960
137.460
137.980
138.480
138.990
139.500
139.970
140.470
140.980
141.480
141.980
142.500
143.010
143.530
144.030
144.540
145.070
145.570
146.080
146.590
147.080
147.590
148.100
148.590
149.090
149.600
150.110
150.600
151.110
151.630
152.120
152.630
153.110
153.620
154.130
154.630
155.120
155.630
156.130
156.660
157.160
157.650
158.170
158.670
159.170
159.690
160.180
160.680
161.170
161.670
162.160
162.670
163.170
163.690
164.170
164.680
165.190
165.710
166.210
166.730
167.230
167.730
168.230
168.740
169.260
169.780
170.300
170.780
171.300
171.830
172.340
172.820
173.350
173.870
174.360
174.850
175.320
175.820
176.290
176.790
177.280
177.790
178.290
178.780
179.300
179.780
180.280
180.780
181.310
181.800
182.300
182.810
183.310
183.820
184.300
184.810
185.310
185.810
186.320
186.820
187.330
187.820
188.340
188.840
189.330
189.820
190.320
190.810
191.290
191.800
192.280
192.790
193.300
193.790
194.300
194.790
195.300
195.790
196.310
196.810
197.310
197.790
198.280
198.790
199.290
199.790
200.290
200.800
201.280
201.780
202.280
202.780
203.260
203.770
204.270
204.780
205.290
205.770
206.280
206.770
207.260
207.730
208.220
208.700
209.190
209.690
210.190
210.710
211.220
211.710
212.200
212.690
213.170
213.660
214.160
214.650
215.150
215.640
216.140
216.670
217.160
217.660
218.170
218.650
219.150
219.640
220.150
220.630
221.130
221.610
222.140
222.640
223.140
223.630
224.130
224.590
225.100
225.600
226.060
226.560
227.050
227.530
228.030
228.520
229.010
229.540
230.030
230.520
231.020
231.520
232.020
232.520
233.030
233.530
234.030
234.530
235.060
235.550
236.060
236.560
237.060
237.540
238.050
238.540
239.020
239.520
240.010
240.540
241.040
241.530
242.010
242.520
243.010
243.530
244.030
244.520
245.030
245.520
246.020
246.520
247.020
247.490
247.990
248.480
248.990
249.470
249.970
250.460
250.940
251.440
251.900
252.390
252.910
253.400
253.860
254.350
254.840
255.330
255.830
256.330
256.820
257.300
257.790
258.300
258.790
259.280
259.760
260.260
260.760
261.230
261.730
262.210
262.680
263.160
263.660
264.130
264.630
265.160
265.660
266.150
266.660
267.180
267.690
268.180
268.680
269.180
269.660
270.180
270.670
271.170
271.660
272.140
272.620
273.120
273.600
274.110
274.590
275.090
275.570
276.090
276.560
277.090
277.560
278.080
278.570
279.030
279.530
280.030
280.520
281.000
281.530
282.020
282.490
282.970
283.480
283.970
284.460
284.980
285.460
285.970
286.460
286.950
287.450
287.990
288.480
289.010
289.510
290.020
290.500
291.020
291.510
292.000
292.510
293.000
293.520
294.070
294.590
295.100
295.570
296.100
296.580
297.080
297.580
298.090
298.600
299.110
299.640
300.140
300.640
301.140
301.660
302.200
302.720
303.210
303.710
304.230
304.740
305.250
305.760
306.280
306.800
307.300
307.800
308.310
308.810
309.310
309.820
310.320
310.830
311.320
311.820
312.320
312.820
313.330
313.820
314.320
314.820
315.330
315.830
316.330
316.840
317.330
317.820
318.330
318.840
319.340
319.850
320.340
320.850
321.340
321.840
322.340
322.840
323.340
323.820
324.310
324.820
325.320
325.840
326.350
326.860
327.360
327.850
328.350
328.840
329.350
329.830
330.340
330.830
331.330
331.800
332.290
332.780
333.290
333.780
334.270
334.770
335.260
335.720
336.250
336.770
337.290
337.820
338.380
338.900
339.400
339.920
340.400
340.930
341.440
341.940
342.440
342.950
343.460
343.970
344.440
344.960
345.460
345.960
346.450
346.950
347.450
347.950
348.490
348.990
349.500
349.990
350.510
351.010
351.530
352.060
352.570
353.060
353.580
354.050
354.560
355.080
355.570
356.090
356.620
357.130
357.620
358.110
358.600
359.110
359.630
360.140
360.660
361.190
361.720
362.210
362.740
363.250
363.770
364.290
364.810
365.310
365.820
366.330
366.840
367.350
367.880
368.400
368.900
369.410
369.920
370.430
370.950
371.460
371.980
372.460
372.980
373.530
374.040
374.560
375.060
375.610
376.100
376.650
377.200
377.710
378.350
379.080
379.760
380.420
381.230
382.000
382.840
383.600
384.410
385.240
386.030
386.770
387.570
388.330
389.030
389.780
390.510
391.230
391.910
392.650
393.330
394.020
394.740
395.390
396.060
396.710
397.360
398.040
398.710
399.320
399.980
400.590
401.250
401.830
402.460
403.050
403.660
404.280
404.890
405.490
406.130
406.710
407.320
407.940
408.570
409.150
409.790
410.400
410.990
411.580
412.140
412.730
413.330
413.930
414.480
415.010
415.540
416.080
416.630
417.160
417.670
418.190
418.690
419.180
419.680
420.190
420.700
421.240
421.780
422.310
422.800
423.300
