0.500
1.040
1.600
2.120
2.670
3.210
3.750
4.290
4.830
5.380
5.920
6.460
7.010
7.570
8.140
8.670
9.250
9.800
10.340
10.900
11.440
11.980
12.520
13.070
13.600
14.150
14.730
15.290
15.840
16.390
16.950
17.490
18.040
18.580
19.130
19.690
20.230
20.790
21.350
21.880
22.430
22.970
23.530
24.100
24.640
25.190
25.730
26.280
26.820
27.380
27.920
28.470
29.030
29.560
30.130
30.650
31.200
31.740
32.300
32.840
33.400
33.940
34.520
35.050
35.610
36.150
36.730
37.250
37.830
38.350
38.920
39.470
40.020
40.560
41.130
41.690
42.250
42.800
43.400
43.970
44.500
45.020
45.570
46.110
46.670
47.220
47.750
48.320
48.880
49.430
49.990
50.540
51.100
51.640
52.190
52.740
53.280
53.830
54.390
54.940
55.490
56.050
56.620
57.170
57.730
58.280
58.840
59.390
59.950
60.510
61.040
61.600
62.150
62.690
63.260
63.800
64.350
64.880
65.440
65.990
66.540
67.110
67.650
68.190
68.730
69.290
69.830
70.400
70.960
71.520
72.060
72.610
73.160
73.690
74.250
74.780
75.330
75.870
76.420
76.980
77.540
78.120
78.690
79.220
79.780
80.330
80.890
81.440
81.990
82.540
83.080
83.650
84.220
84.770
85.330
85.880
86.420
86.960
87.510
88.080
88.650
89.190
89.730
90.270
90.830
91.390
91.940
92.520
93.060
93.610
94.160
94.720
95.270
95.820
96.350
96.890
97.450
98.000
98.550
99.090
99.650
100.180
100.720
101.270
101.840
102.380
102.930
103.470
104.040
104.560
105.140
105.670
106.210
106.770
107.320
107.870
108.440
108.990
109.550
110.090
110.650
111.210
111.760
112.300
112.840
113.400
113.980
114.530
115.060
115.630
116.160
116.700
117.240
117.800
118.360
118.900
119.470
120.040
120.590
121.130
121.700
122.270
122.810
123.350
123.920
124.480
125.030
125.580
126.150
126.710
127.260
127.800
128.350
128.910
129.480
130.040
130.590
131.160
131.710
132.240
132.780
133.310
133.870
134.390
134.950
135.470
136.040
136.570
137.120
137.670
138.240
138.760
139.310
139.890
140.430
140.970
141.500
142.050
142.580
143.150
143.720
144.340
145.000
145.630
146.260
146.860
147.520
148.150
148.760
149.300
149.840
150.350
150.900
151.450
151.980
152.540
153.070
153.630
154.170
154.730
155.270
155.830
156.360
156.920
157.490
158.030
158.560
159.110
159.600
160.090
160.570
161.030
161.510
162.010
162.490
