0.340
0.790
1.280
1.750
2.200
2.670
3.150
3.620
4.080
4.550
5.020
5.520
5.980
6.460
6.970
7.470
7.970
8.460
8.970
9.480
9.990
10.500
11.020
11.510
12.020
12.530
13.050
13.530
14.020
14.490
14.980
15.460
15.970
16.440
16.920
17.400
17.900
18.380
18.870
19.350
19.840
20.330
20.810
21.300
21.800
22.270
22.760
23.230
23.720
24.200
24.700
25.190
25.680
26.160
26.650
27.130
27.610
28.080
28.560
29.030
29.510
30.000
30.470
30.950
31.440
31.920
32.410
32.880
33.360
33.830
34.320
34.790
35.270
35.750
36.240
36.710
37.210
37.680
38.170
38.640
39.130
39.610
40.090
40.570
41.050
41.550
42.030
42.510
43.000
43.480
43.970
44.440
44.930
45.390
45.860
46.330
46.830
47.300
47.790
48.270
48.760
49.240
49.740
50.210
50.710
51.180
51.670
52.160
52.640
53.130
53.630
54.110
54.610
55.100
55.600
56.070
56.560
57.050
57.540
58.010
58.510
58.980
59.460
59.930
60.420
60.890
61.370
61.830
62.320
62.790
63.270
63.750
64.240
64.710
65.200
65.660
66.160
66.620
67.110
67.570
68.050
68.510
68.990
69.450
69.930
70.400
70.870
71.330
71.800
72.270
72.750
73.210
73.690
74.140
74.620
75.070
75.540
76.000
76.480
76.940
77.400
77.860
78.340
78.800
79.270
79.720
80.190
80.650
81.110
81.570
82.040
82.500
82.970
83.440
83.920
84.380
84.860
85.330
85.810
86.270
86.750
87.210
87.710
88.160
88.650
89.110
89.590
90.050
90.530
90.990
91.470
91.930
92.400
92.880
93.340
93.790
94.260
94.720
95.190
95.650
96.120
96.590
97.070
97.550
98.020
98.480
98.960
99.450
99.920
100.400
100.890
101.350
101.850
102.310
102.810
103.260
103.740
104.220
104.700
105.170
105.660
106.120
106.610
107.100
107.580
108.040
108.520
108.970
109.440
109.890
110.360
110.820
111.280
111.740
112.210
112.680
113.150
113.610
114.080
114.550
115.010
115.460
115.930
116.370
116.840
117.300
117.760
118.210
118.680
119.140
119.610
120.060
120.530
120.990
121.470
121.920
122.390
122.860
123.330
123.780
124.250
124.730
125.200
125.660
126.140
126.600
127.090
127.540
128.030
128.490
128.960
129.410
129.890
130.330
130.800
131.250
131.730
132.190
132.660
133.120
133.600
134.060
134.520
135.000
135.460
135.930
136.410
136.880
137.350
137.810
138.280
138.740
139.210
139.670
140.150
140.600
141.060
141.530
142.000
142.460
142.950
143.390
143.860
144.320
144.790
145.260
145.740
146.210
146.690
147.150
147.640
148.100
148.570
149.030
149.510
149.990
150.470
150.940
151.420
151.870
152.350
152.820
153.280
153.740
154.220
154.670
155.150
155.630
156.100
156.550
157.040
157.500
157.980
158.440
158.930
159.390
159.880
160.350
160.830
161.300
161.780
162.250
162.740
163.200
163.670
164.130
164.610
165.090
165.560
166.020
166.500
166.960
167.440
167.890
168.380
168.840
169.320
169.790
170.270
170.740
171.220
171.680
172.150
172.610
173.080
173.540
174.010
174.470
174.940
175.390
175.850
176.310
176.780
177.240
177.710
178.160
178.640
179.100
179.570
180.020
180.500
180.950
181.430
181.910
182.390
182.850
183.340
183.830
184.330
184.810
185.300
185.780
186.280
186.760
187.250
187.740
188.230
188.710
189.200
189.680
190.170
190.660
191.140
191.620
192.100
192.580
193.050
193.510
193.950
194.390
194.840
195.300
195.760
196.190
196.540
196.920
197.290
197.660
197.980
198.300
198.620
198.930
199.250
199.550
199.870
200.180
200.490
200.800
201.100
201.410
201.720
202.030
202.350
202.670
202.990
203.310
203.650
203.980
204.300
204.630
204.960
205.280
205.610
205.960
206.300
206.650
206.970
207.310
207.650
207.990
208.340
208.690
209.030
209.350
209.690
210.040
210.390
210.710
211.060
211.370
211.720
212.050
212.370
