14.650	1
14.935
15.220
15.500	1
15.780
16.060
16.340	1
16.610
16.880
17.160	1
17.440
17.720
18.000	1
18.285
18.570
18.845	1
19.120
19.405
19.690	1
19.975
20.260
20.540	1
20.820
21.100
21.380	1
21.650
21.920
22.195	1
22.470
22.750
23.030	1
23.305
23.580
23.860	1
24.140
24.415
24.690	1
24.970
25.250
25.525	1
25.800
26.080
26.360	1
26.635
26.910
27.180	1
27.450
27.725
28.000	1
28.265
28.530
28.795	1
29.060
29.350
29.640	1
29.905
30.170
30.450	1
30.730
31.000
31.270	1
31.550
31.830
32.110	1
32.390
32.670
32.950	1
33.225
33.500
33.785	1
34.070
34.345
34.620	1
34.890
35.160
35.430	1
35.700
35.980
36.260	1
36.530
36.800
37.075	1
37.350
37.625
37.900	1
38.170
38.440
38.710	1
38.980
39.250
39.520	1
39.795
40.070
40.340	1
40.610
40.875
41.140	1
41.425
41.710
41.985	1
42.260
42.535
42.810	1
43.090
43.370
43.645	1
43.920
44.205
44.490	1
44.770
45.050
45.345	1
45.640
45.925
46.210	1
46.485
46.760
47.040	1
47.320
47.605
47.890	1
48.160
48.430
48.690	1
48.950
49.230
49.510	1
49.795
50.080
50.360	1
50.640
50.925
51.210	1
51.490
51.770
52.060	1
52.350
52.655
52.960	1
53.240
53.520
53.810	1
54.100
54.380
54.660	1
54.935
55.210
55.470	1
55.730
56.015
56.300	1
56.580
56.860
57.125	1
57.390
57.660
57.930	1
58.215
58.500
58.780	1
59.060
59.340
59.620	1
59.900
60.180
60.455	1
60.730
61.015
61.300	1
61.580
61.860
62.120	1
62.380
62.665
62.950	1
63.225
63.500
63.780	1
64.060
64.330
64.600	1
64.885
65.170
65.445	1
65.720
66.000
66.280	1
66.550
66.820
67.090	1
67.360
67.635
67.910	1
68.185
68.460
68.740	1
69.020
69.300
69.580	1
69.855
70.130
70.410	1
70.690
70.965
71.240	1
71.515
71.790
72.060	1
72.330
72.610
72.890	1
73.165
73.440
73.710	1
73.980
74.255
74.530	1
74.800
75.070
75.335	1
75.600
75.875
76.150	1
76.425
76.700
76.980	1
77.260
77.535
77.810	1
78.090
78.370
78.650	1
78.930
79.205
79.480	1
79.755
80.030
80.305	1
80.580
80.855
81.130	1
81.400
81.670
81.945	1
82.220
82.495
82.770	1
83.045
83.320
83.595	1
83.870
84.140
84.410	1
84.690
84.970
85.240	1
85.510
85.785
86.060	1
86.335
86.610
86.895	1
87.180
87.455
87.730	1
88.010
88.290
88.560	1
88.830
89.105
89.380	1
89.650
89.920
90.200	1
90.480
90.755
91.030	1
91.310
91.590
91.860	1
92.130
92.405
92.680	1
92.950
93.220
93.490	1
93.760
94.045
94.330	1
94.610
94.890
95.165	1
95.440
95.705
95.970	1
96.250
96.530
96.805	1
97.080
97.355
97.630	1
97.905
98.180
98.455	1
98.730
99.000
99.270	1
99.545
99.820
100.095	1
100.370
100.645
100.920	1
101.195
101.470
101.750	1
102.030
102.305
102.580	1
102.845
103.110
103.390	1
103.670
103.945
104.220	1
104.500
104.780
105.055	1
105.330
105.605
105.880	1
106.155
106.430
106.705	1
106.980
107.250
107.520	1
107.805
108.090
108.360	1
108.630
108.905
109.180	1
109.455
109.730
110.000	1
110.270
110.545
110.820	1
111.095
111.370
111.650	1
111.930
112.205
112.480	1
112.755
113.030
113.305	1
113.580
113.855
114.130	1
114.405
114.680
114.955	1
115.230
115.505
115.780	1
116.055
116.330
116.600	1
116.870
117.140
117.410	1
117.690
117.970
118.245	1
118.520
118.790
119.060	1
119.335
119.610
119.885	1
120.160
120.445
120.730	1
121.000
121.270
121.545	1
121.820
122.105
122.390	1
122.660
122.930
123.205	1
123.480
123.755
124.030	1
124.305
124.580
124.855	1
125.130
125.400
125.670	1
125.950
126.230
126.505	1
126.780
127.060
127.340	1
127.615
127.890
128.165	1
128.440
128.710
128.980	1
129.255
129.530
129.805	1
130.080
130.355
130.630	1
130.905
131.180
131.460	1
131.740
132.020
132.300	1
132.575
132.850
133.125	1
133.400
133.675
133.950	1
134.220
134.490
134.765	1
135.040
135.315
135.590	1
135.865
136.140
136.420	1
136.700
136.975
137.250	1
137.520
137.790
138.065	1
138.340
138.615
138.890	1
139.165
139.440
139.715	1
139.990
140.265
140.540	1
140.810
141.080
141.360	1
141.640
141.920
142.200	1
142.470
142.740
143.015	1
143.290
143.560
143.830	1
144.110
144.390
144.665	1
144.940
145.215
145.490	1
145.765
146.040
146.310	1
146.580
146.860
147.140	1
147.415
147.690
147.980	1
148.270
148.545
148.820	1
149.095
149.370
149.645	1
149.920
150.205
150.490	1
150.765
151.040
151.315	1
151.590
151.870
152.150	1
152.425
152.700
152.980	1
153.260
153.540
153.820	1
154.095
154.370
154.650	1
154.930
155.205
155.480	1
155.760
156.040
156.320	1
156.600
156.880
157.160	1
157.445
157.730
157.995	1
158.260
158.530
158.800	1
159.090
159.380
159.655	1
159.930
160.200
160.470	1
160.750
161.030
161.300	1
161.570
161.855
162.140	1
162.415
162.690
162.965	1
163.240
163.510
163.780	1
164.065
164.350
164.625	1
164.900
165.175
165.450	1
165.725
166.000
166.275	1
166.550
166.835
167.120	1
167.390
167.660
167.935	1
168.210
168.485
168.760	1
169.035
169.310
169.575	1
169.840
170.110
170.380	1
170.665
170.950
171.225	1
171.500
171.765
172.030	1
172.310
172.590
172.870	1
173.150
173.420
173.690	1
173.960
174.230
174.505	1
174.780
175.060
175.340	1
175.605
175.870
176.145	1
176.420
176.695
176.970	1
177.240
177.510
177.785	1
178.060
178.335
178.610	1
178.885
179.160
179.430	1
179.700
179.980
180.260	1
180.530
180.800
181.070	1
181.340
181.610
181.880	1
182.160
182.440
182.715	1
182.990
183.265
183.540	1
183.805
184.070
184.350	1
184.630
184.905
185.180	1
185.455
185.730
186.005	1
186.280
186.545
186.810	1
187.085
187.360
187.645	1
187.930
188.200
188.470	1
188.750
189.030
189.300	1
189.570
189.845
190.120	1
190.395
190.670
190.945	1
191.220
191.500
191.780	1
192.050
192.320
192.595	1
192.870
193.155
193.440	1
193.710
193.980
194.260	1
194.540
194.815
195.090	1
195.365
195.640
195.910	1
196.180
196.455
196.730	1
197.010
197.290
197.570	1
197.850
198.125
198.400	1
198.680
198.960
199.240	1
199.520
199.810
200.100	1
200.400
200.700
200.990	1
201.280
201.560
201.840	1
202.120
202.400
202.685	1
202.970
203.270
203.570	1
203.870
204.170
204.465	1
204.760
205.055
205.350	1
205.635
205.920
206.205	1
206.490
206.780
207.070	1
207.355
207.640
207.915	1
208.190
208.475
208.760	1
209.050
209.340
209.635	1
209.930
210.220
210.510	1
210.790
211.070
211.365	1
211.660
211.955
212.250	1
212.540
212.830
213.115	1
213.400
213.680
213.960	1
214.245
214.530
214.800	1
215.070
215.355
215.640	1
215.925
216.210
216.490	1
216.770
217.050
217.330	1
217.610
217.890
218.175	1
218.460
218.740
219.020	1
219.310
219.600
219.885	1
220.170
220.455
220.740	1
221.020
221.300
221.575	1
221.850
222.135
222.420	1
222.710
223.000
223.275	1
223.550
223.835
224.120	1
224.390
224.660
224.940	1
225.220
225.500
225.780	1
226.060
226.340
226.615	1
226.890
227.165
227.440	1
227.715
227.990
228.265	1
228.540
228.825
229.110	1
229.380
229.650
229.935	1
230.220
230.495
230.770	1
231.050
231.330
231.605	1
231.880
232.155
232.430	1
232.705
232.980
233.255	1
233.530
233.810
234.090	1
234.360
234.630
234.910	1
235.190
235.460
235.730	1
236.000
236.270
236.550	1
236.830
237.105
237.380	1
237.650
237.920
238.200	1
238.480
238.755
239.030	1
239.300
239.570
239.850	1
240.130
240.405
240.680	1
240.950
241.220
241.490	1
241.760
242.045
242.330	1
242.605
242.880
243.150	1
243.420
243.690
243.960	1
244.240
244.520
244.805	1
245.090
245.370
245.650	1
245.940
246.230
246.505	1
246.780
247.060
247.340	1
247.620
247.900
248.180	1
248.460
248.740
249.020	1
249.295
249.570
249.845	1
250.120
250.395
250.670	1
250.950
251.230
251.500	1
251.770
252.055
252.340	1
252.610
252.880
253.150	1
253.420
253.710
254.000	1
