0.490
1.540
2.650
3.770
4.830
5.900
7.030
8.090
9.100
10.110
11.020
11.990
12.920
13.870
14.810
15.690
16.620
17.540
18.520
19.430
20.340
21.390
22.370
23.300
24.320
25.150
25.970
26.810
27.580
28.400
29.210
29.970
30.770
31.600
32.410
33.110
33.890
34.600
35.320
36.050
36.740
37.420
38.190
38.900
39.650
40.460
41.240
41.990
42.800
43.610
44.510
45.380
46.260
47.230
48.130
49.060
50.020
51.000
51.960
52.960
53.950
54.900
55.890
56.830
57.710
58.660
59.580
60.450
61.280
62.190
63.020
63.910
64.760
65.610
66.450
67.250
68.170
69.090
69.980
70.850
71.800
72.690
73.600
74.450
75.360
76.240
77.150
78.170
79.120
80.030
80.980
81.870
82.770
83.770
84.700
85.710
86.680
87.670
88.620
89.660
90.640
91.580
92.590
93.520
94.480
95.400
96.300
97.270
98.190
99.120
100.100
101.120
102.070
102.980
103.960
104.900
105.830
106.720
107.690
108.720
109.640
110.650
111.630
112.540
113.520
114.380
115.170
115.980
116.760
117.600
118.500
119.320
120.270
121.180
122.050
123.080
124.060
125.000
126.050
127.070
128.140
129.240
130.330
131.380
132.470
133.550
134.600
135.710
136.830
137.920
138.920
139.870
140.830
141.740
142.630
143.590
144.520
145.400
146.380
147.260
148.220
149.180
150.130
151.040
151.990
152.930
153.910
154.860
155.810
156.690
157.650
158.550
159.470
160.120
160.740
161.380
161.880
162.380
162.850
163.350
163.810
164.290
164.750
165.220
165.680
166.160
166.630
167.110
167.560
168.030
168.480
168.940
169.410
169.870
170.320
170.790
171.240
171.710
172.150
172.620
173.070
173.540
174.000
174.460
174.920
175.370
175.840
176.300
176.760
177.230
177.710
178.180
178.630
179.090
179.540
179.980
180.450
180.910
181.380
181.840
182.300
182.760
183.220
183.680
184.120
184.590
185.040
185.510
185.960
186.450
186.910
187.380
187.840
188.300
188.770
189.240
189.700
190.160
190.610
191.070
191.520
191.980
192.460
192.920
193.370
193.850
194.320
194.780
195.230
195.690
196.120
196.570
197.020
197.500
197.950
198.420
198.900
199.350
199.840
200.330
200.800
201.260
201.700
202.170
202.630
203.090
203.550
203.990
204.440
204.900
205.340
205.790
206.260
206.710
207.180
207.640
208.100
208.560
209.010
209.480
209.950
210.420
210.880
211.350
211.800
212.270
212.720
213.190
213.660
214.120
214.590
215.070
215.530
216.010
216.460
216.930
217.370
217.850
218.290
218.760
219.200
219.660
220.090
220.560
221.040
221.510
221.970
222.440
222.900
223.360
223.840
224.280
224.740
225.210
225.670
226.140
226.600
227.060
227.510
227.960
228.420
228.900
229.350
229.810
230.260
230.720
231.180
231.650
232.080
232.530
232.980
233.450
233.890
234.350
234.790
235.240
235.700
236.130
236.560
236.970
237.410
237.890
238.360
238.820
239.300
239.770
240.250
240.740
241.240
241.730
242.200
242.750
243.260
243.790
244.300
244.810
245.330
245.870
246.370
246.840
247.360
247.850
248.310
248.770
249.230
249.660
250.120
250.580
251.010
251.480
251.930
252.380
252.830
253.280
253.700
254.160
254.580
255.030
255.470
255.950
256.420
256.900
257.460
258.020
258.600
259.210
259.860
260.490
261.100
261.750
262.430
263.070
263.890
264.770
265.690
266.590
267.500
268.520
269.570
270.590
271.610
272.610
273.640
274.560
275.540
276.500
277.530
278.480
279.500
280.560
281.560
282.500
283.500
284.480
285.420
286.350
287.280
288.250
289.140
290.090
290.970
291.910
292.840
293.730
294.580
295.550
296.480
297.470
298.400
299.340
300.260
301.160
302.030
302.940
303.820
304.700
305.630
306.550
307.470
308.350
309.250
310.150
311.060
311.970
312.900
313.860
314.850
315.810
316.720
317.680
318.660
319.650
320.610
321.570
322.480
323.440
324.460
