0.280
0.960
1.640
2.290
2.960
3.660
4.310
5.020
5.750
6.520
7.230
7.930
8.640
9.310
10.010
10.710
11.400
12.080
12.780
13.470
14.170
14.880
15.590
16.290
16.990
17.710
18.410
19.120
19.820
20.540
21.210
21.920
22.630
23.330
24.030
24.730
25.430
26.140
26.840
27.540
28.230
28.940
29.640
30.340
31.030
31.730
32.420
33.130
33.820
34.500
35.190
35.920
36.590
37.300
38.010
38.720
39.410
40.110
40.820
41.530
42.230
42.950
43.640
44.330
45.020
45.710
46.430
47.130
47.840
48.530
49.240
49.940
50.640
51.350
52.060
52.770
53.490
54.210
54.910
55.610
56.350
57.070
57.790
58.470
59.180
59.870
60.580
61.300
62.010
62.710
63.430
64.130
64.850
65.570
66.330
67.040
67.750
68.470
69.200
69.920
70.630
71.350
72.070
72.770
73.480
74.220
74.940
75.670
76.380
77.090
77.790
78.520
79.240
79.960
80.700
81.430
82.150
82.870
83.580
84.270
84.980
85.700
86.430
87.160
87.880
88.620
89.330
90.050
90.790
91.510
92.250
92.970
93.690
94.410
95.140
95.830
96.560
97.280
97.970
98.700
99.390
100.140
100.850
101.600
102.330
103.060
103.750
104.440
105.170
105.880
106.610
107.330
108.060
108.780
109.510
110.240
110.960
111.670
112.390
113.100
113.810
114.550
115.260
115.990
116.690
117.410
118.120
118.810
119.550
120.240
120.980
121.680
122.360
123.070
123.790
124.530
125.260
126.000
126.700
127.440
128.130
128.870
129.570
130.310
131.020
131.760
132.480
133.190
133.890
134.600
135.320
136.050
136.780
137.500
138.210
138.940
139.650
140.390
141.080
141.820
142.540
143.240
143.980
144.710
145.390
146.120
146.870
147.570
148.270
149.030
149.710
150.450
151.130
151.870
152.550
153.280
154.000
154.700
155.420
156.090
156.830
157.540
158.240
158.980
159.680
160.400
161.130
161.830
162.570
163.290
163.960
164.710
165.420
166.140
166.860
167.610
168.340
169.050
169.750
170.510
171.190
171.920
172.660
173.370
174.080
174.810
175.540
176.280
177.010
177.720
178.470
179.200
179.930
180.620
181.360
182.090
182.840
183.570
184.270
184.980
185.730
186.440
187.180
187.930
188.630
189.350
190.120
190.730
191.390
192.040
192.650
193.290
193.930
194.560
195.150
195.790
196.400
197.030
197.590
198.210
198.770
199.370
