0.170
0.560
0.920
1.310
1.690
2.060
2.440
2.800
3.190
3.540
3.920
4.290
4.670
5.020
5.410
5.760
6.140
6.520
6.880
7.250
7.630
8.000
8.370
8.720
9.110
9.470
9.850
10.220
10.590
10.940
11.330
11.690
12.070
12.440
12.790
13.170
13.520
13.870
14.260
14.620
14.990
15.370
15.760
16.110
16.490
16.850
17.230
17.590
17.980
18.340
18.710
19.080
19.460
19.810
20.190
20.550
20.930
21.300
21.670
22.040
22.420
22.780
23.150
23.490
23.860
24.230
24.600
24.980
25.350
25.730
26.100
26.470
26.840
27.190
27.550
27.920
28.300
28.660
29.050
29.420
29.790
30.160
30.530
30.900
31.280
31.650
32.010
32.390
32.750
33.120
33.480
33.860
34.240
34.600
34.980
35.340
35.720
36.090
36.460
36.830
37.200
37.560
37.930
38.310
38.680
39.050
39.420
39.780
40.160
40.520
40.900
41.250
41.630
41.990
42.360
42.740
43.110
43.470
43.860
44.210
44.590
44.970
45.330
45.700
46.080
46.430
46.810
47.180
47.560
47.930
48.290
48.670
49.060
49.420
49.800
50.160
50.550
50.900
51.290
51.640
52.030
52.380
52.750
53.140
53.510
53.900
54.270
54.630
55.010
55.370
55.760
56.120
56.490
56.850
57.240
57.590
57.940
58.310
58.680
59.030
59.410
59.780
60.180
60.550
60.930
61.300
61.670
62.040
62.430
62.790
63.160
63.530
63.910
64.280
64.640
65.010
65.390
65.750
66.120
66.490
66.870
67.250
67.620
67.980
68.360
68.730
69.110
69.490
69.860
70.220
70.600
70.960
71.350
71.710
72.080
72.450
72.820
73.190
73.570
73.930
74.300
74.660
75.030
75.400
75.780
76.160
76.510
76.870
77.250
77.610
77.980
78.350
78.730
79.080
79.460
79.830
80.210
80.580
80.950
81.310
81.660
82.040
82.380
82.750
83.120
83.490
83.880
84.240
84.620
84.980
85.360
85.710
86.090
86.450
86.830
87.200
87.570
87.940
88.310
88.680
89.050
89.420
89.770
90.140
90.510
90.870
91.240
91.600
91.980
92.350
92.720
93.080
93.450
93.810
94.180
94.540
94.910
95.270
95.630
95.990
96.370
96.740
97.110
97.480
97.860
98.230
98.590
98.960
99.340
99.690
100.060
100.430
100.800
101.150
101.520
101.890
102.270
102.620
103.000
103.360
103.740
104.090
104.440
104.820
105.190
105.540
105.920
106.290
106.670
107.020
107.380
107.740
108.110
108.460
108.840
109.200
109.580
109.940
110.310
110.670
111.050
111.410
111.790
112.150
112.540
112.880
113.250
113.610
113.980
114.340
114.720
115.080
115.450
115.800
116.180
116.540
116.900
117.250
117.610
117.960
118.330
118.710
119.100
119.470
119.850
120.220
120.580
120.940
121.310
121.670
122.040
122.390
122.760
123.110
123.470
123.830
124.200
124.560
124.930
125.310
125.670
126.030
126.410
126.760
127.130
127.480
127.850
128.220
128.580
128.930
129.310
129.660
130.040
130.390
130.770
131.130
131.500
131.860
132.220
132.580
132.960
133.320
133.680
134.030
134.400
134.740
135.120
135.470
135.840
136.200
136.580
136.920
137.300
137.650
138.020
138.370
138.740
139.100
139.460
139.810
140.190
140.560
140.920
141.260
141.640
141.980
142.360
142.700
143.070
143.410
143.780
144.120
144.490
144.850
145.210
145.560
145.920
146.280
146.650
146.990
147.360
147.710
148.070
148.430
148.800
149.160
149.520
149.860
150.220
150.570
150.930
151.300
151.650
152.000
152.360
152.710
153.070
153.420
153.790
154.150
154.510
154.860
155.250
155.600
155.970
156.320
156.690
157.050
157.420
157.790
158.150
158.510
158.880
159.220
159.580
159.940
160.310
160.660
161.030
161.380
161.750
162.100
162.470
162.830
163.190
163.550
163.910
164.260
164.630
164.980
165.350
165.700
166.070
166.420
166.800
167.150
167.520
167.870
168.240
168.590
168.950
169.300
169.660
170.010
170.370
170.730
171.110
171.460
171.840
172.180
172.560
172.910
173.290
173.650
174.020
174.390
174.750
175.100
175.450
175.790
176.140
176.490
176.850
177.230
177.610
177.970
178.340
178.710
179.090
179.450
179.820
180.170
180.550
180.890
181.270
181.640
182.020
182.370
182.740
183.120
183.490
183.860
184.220
184.590
184.950
185.310
185.670
186.040
186.420
186.780
187.150
187.510
187.880
188.260
188.620
188.980
189.360
189.710
190.070
190.440
190.800
191.160
191.540
191.900
192.280
192.640
192.990
193.340
193.700
194.070
194.440
194.810
195.180
195.530
195.900
196.260
196.650
197.010
197.370
197.740
198.100
198.460
198.810
199.190
199.520
199.870
200.200
200.520
200.840
201.150
201.470
201.800
202.110
