0.240
0.720
1.200
1.670
2.120
2.580
3.060
3.510
3.970
4.450
4.920
5.390
5.850
6.320
6.790
7.250
7.690
8.130
8.580
9.040
9.500
9.960
10.430
10.910
11.380
11.850
12.330
12.800
13.250
13.720
14.190
14.660
15.130
15.610
16.090
16.550
17.020
17.490
17.950
18.400
18.860
19.330
19.770
20.250
20.710
21.170
21.640
22.120
22.580
23.070
23.550
24.030
24.480
24.960
25.420
25.880
26.330
26.800
27.260
27.710
28.170
28.620
29.080
29.560
30.020
30.500
30.960
31.410
31.880
32.350
32.810
33.270
33.750
34.200
34.660
35.100
35.560
36.010
36.460
36.920
37.400
37.870
38.320
38.760
39.200
39.650
40.130
40.590
41.050
41.490
41.950
42.400
42.840
43.310
43.770
44.220
44.680
45.120
45.580
46.030
46.490
46.950
47.410
47.860
48.320
48.770
49.220
49.680
50.120
50.590
51.050
51.480
51.940
52.420
52.860
53.320
53.770
54.220
54.680
55.130
55.560
56.020
56.470
56.920
57.360
57.820
58.270
58.690
59.150
59.570
60.050
60.510
60.960
61.420
61.880
62.320
62.780
63.230
63.690
64.140
64.570
65.010
65.470
65.930
66.360
66.810
67.260
67.720
68.170
68.620
69.070
69.520
69.960
70.410
70.880
71.380
71.860
72.320
72.820
73.260
73.710
74.160
74.620
75.070
75.510
75.960
76.410
76.850
77.300
77.750
78.210
78.660
79.100
79.560
80.000
80.450
80.920
81.360
81.810
82.260
82.700
83.160
83.600
84.060
84.510
84.950
85.400
85.840
86.290
86.730
87.170
87.620
88.070
88.510
88.980
89.410
89.880
90.320
90.770
91.230
91.680
92.120
92.560
93.010
93.470
93.900
94.340
94.780
95.220
95.680
96.130
96.560
97.010
97.460
97.900
98.350
98.790
99.240
99.690
100.140
100.580
101.020
101.460
101.910
102.350
102.810
103.250
103.700
104.140
104.590
105.040
105.480
105.920
106.370
106.820
107.260
107.710
108.150
108.600
109.040
109.490
109.930
110.360
110.810
111.250
111.690
112.130
112.580
113.010
113.470
113.900
114.340
114.780
115.230
115.670
116.110
116.560
117.000
117.450
117.880
118.320
118.760
119.200
119.630
120.080
120.530
120.960
121.400
121.830
122.270
122.690
123.130
123.580
124.030
124.480
124.910
125.360
125.790
126.240
126.670
127.120
127.560
128.000
128.420
128.880
129.300
129.730
130.160
130.600
131.050
131.490
131.920
132.360
132.800
133.240
133.670
134.110
134.550
134.990
135.430
135.870
136.300
136.750
137.180
137.610
138.040
138.490
138.920
139.360
139.800
140.240
140.670
141.100
141.540
141.980
142.410
142.850
143.290
143.730
144.160
144.610
145.040
145.490
145.930
146.370
146.810
147.250
147.680
148.110
148.550
148.980
149.420
149.860
150.300
150.740
151.180
151.620
152.060
152.510
152.960
153.410
153.850
154.310
154.750
155.190
155.640
156.080
156.530
156.950
157.400
157.830
158.250
158.700
159.130
159.580
160.020
160.470
160.910
161.340
161.780
162.220
162.670
163.120
163.560
164.000
164.440
164.880
165.310
165.750
166.190
166.630
167.080
167.530
167.960
168.400
168.840
169.270
169.710
170.160
170.590
171.020
171.450
171.890
172.310
172.780
173.230
173.660
174.110
174.550
174.980
175.430
175.860
176.290
176.730
177.180
177.620
178.040
178.480
178.920
179.350
179.800
180.240
180.680
181.130
181.580
182.020
182.470
182.910
183.350
183.800
184.240
184.680
185.120
185.550
185.980
186.420
186.880
187.310
187.750
188.190
188.630
189.060
189.500
189.930
190.370
190.820
191.260
191.720
192.150
192.590
193.030
193.470
193.920
194.370
194.810
195.270
195.720
196.160
196.620
197.060
197.510
197.960
198.400
198.840
199.280
199.720
200.160
200.610
201.060
201.500
201.970
202.410
202.850
203.290
203.740
204.180
204.610
205.060
205.520
205.970
206.520
207.060
207.520
207.990
208.440
208.910
209.370
209.810
210.270
210.710
211.150
211.590
212.010
212.460
212.910
213.350
213.780
214.210
214.650
215.110
215.570
216.000
216.440
216.890
217.330
217.750
218.200
218.630
219.090
219.540
219.980
220.440
220.880
221.300
221.760
222.200
222.670
223.090
223.530
223.990
224.430
224.870
225.300
225.740
226.170
226.590
226.990
227.420
227.870
228.310
228.760
229.190
229.640
230.060
230.460
230.880
231.330
231.750
232.190
232.630
233.070
233.510
233.950
234.400
234.840
235.280
235.720
236.160
236.600
237.040
237.460
237.910
238.350
238.800
239.220
239.660
240.110
240.550
241.000
241.430
241.860
242.300
242.730
243.130
243.510
243.910
244.280
244.710
245.170
245.610
246.070
246.510
246.940
247.380
247.830
248.290
248.730
249.190
249.640
250.080
250.560
251.010
251.440
251.890
252.320
252.750
253.210
253.660
254.100
254.550
254.990
255.420
255.860
256.330
256.760
257.200
257.640
258.080
258.520
258.970
259.410
259.850
260.280
260.720
261.160
261.590
262.010
262.450
262.880
263.340
263.780
264.220
264.670
265.120
265.560
265.990
266.430
266.850
267.290
267.710
268.150
268.580
269.000
269.410
269.840
270.250
270.680
271.100
271.530
271.970
272.400
272.830
273.250
273.680
274.110
274.560
275.040
275.480
275.910
276.330
276.740
277.150
277.570
277.970
278.410
278.850
279.280
279.690
280.180
280.690
281.210
281.770
282.290
282.850
283.410
283.960
284.490
285.020
285.580
286.130
286.670
287.180
287.710
288.240
288.770
289.310
289.830
290.350
290.990
291.610
292.240
292.860
293.520
294.140
294.890
295.590
296.320
297.050
297.790
298.530
299.290
300.020
300.800
301.500
302.140
302.700
303.180
303.620
304.040
304.470
304.900
305.330
305.760
306.230
306.690
307.140
307.600
308.050
308.480
308.910
309.370
309.800
310.220
310.670
311.090
311.510
311.950
312.380
312.850
313.290
313.740
314.180
314.610
315.060
315.510
315.950
316.410
316.850
317.300
317.740
318.200
318.650
319.090
319.540
320.010
320.460
320.910
321.360
321.810
322.230
322.690
323.130
323.580
324.030
324.470
324.920
325.350
325.790
326.250
326.680
327.140
327.590
328.050
328.500
328.960
329.400
329.840
330.280
330.740
331.170
331.630
332.090
332.520
332.970
333.390
333.850
334.300
334.760
335.210
335.650
336.090
336.550
336.990
337.460
337.890
338.340
338.770
339.210
339.650
340.100
340.560
340.990
341.440
341.890
342.340
342.820
343.270
343.760
344.230
344.690
345.150
345.640
346.090
346.560
347.050
347.520
347.990
348.440
