0.490
1.080
1.630
2.180
2.760
3.290
3.810
4.380
4.900
5.430
6.000
6.510
7.080
7.590
8.180
8.740
9.280
9.840
10.420
10.960
11.500
12.040
12.600
13.160
13.730
14.280
14.850
15.420
15.960
16.540
17.130
17.700
18.250
18.820
19.380
19.940
20.500
21.080
21.610
22.250
22.860
23.510
24.150
24.810
25.440
26.090
26.710
27.380
28.010
28.660
29.290
29.910
30.540
31.170
31.800
32.440
33.060
33.680
34.310
34.940
35.550
36.160
36.790
37.430
38.060
38.630
39.160
39.750
40.310
40.840
41.430
41.990
42.520
43.110
43.650
44.190
44.740
45.270
45.800
46.250
46.720
47.160
47.620
48.110
48.580
49.050
49.470
49.890
50.330
50.730
51.170
51.570
52.000
52.420
52.850
53.260
53.680
54.100
54.520
54.940
55.360
55.760
56.180
56.600
57.000
57.430
57.850
58.260
58.680
59.120
59.530
59.950
60.370
60.790
61.200
61.630
62.040
62.450
62.870
63.280
63.690
64.100
64.510
64.930
65.330
65.740
66.160
66.550
66.970
67.390
67.830
68.240
68.780
69.300
69.880
70.430
70.990
71.550
72.120
72.650
73.210
73.680
74.150
74.570
74.960
75.380
75.780
76.210
76.620
77.040
77.450
77.870
78.300
78.720
79.130
79.550
79.960
80.370
80.770
81.210
81.610
82.040
82.450
82.860
83.280
83.700
84.110
84.530
84.930
85.340
85.760
86.180
86.580
86.990
87.400
87.820
88.240
88.660
89.070
89.490
89.910
90.330
90.740
91.160
91.580
92.010
92.440
92.850
93.270
93.680
94.100
94.520
94.930
95.350
95.770
96.170
96.600
97.010
97.420
97.810
98.240
98.630
99.040
99.460
99.910
100.340
100.760
101.200
101.620
102.040
102.480
102.920
103.350
103.780
104.190
104.620
105.040
105.480
105.880
106.310
106.730
107.160
107.570
107.990
108.400
108.820
109.230
109.640
110.050
110.470
110.870
111.290
111.710
112.120
112.520
112.940
113.340
113.750
114.160
114.570
114.980
115.390
115.810
116.230
116.640
117.040
117.440
117.860
118.270
118.680
119.090
119.520
119.930
120.340
120.760
121.180
121.600
122.000
122.420
122.840
123.250
123.660
124.080
124.500
124.910
125.320
125.740
126.130
126.550
126.960
127.390
127.790
128.230
128.650
129.050
129.490
129.910
130.310
130.730
131.170
131.590
131.990
132.430
132.830
133.260
133.690
134.090
134.510
134.940
135.360
135.790
136.200
136.620
137.030
137.450
137.870
138.300
138.720
139.130
139.550
139.970
140.370
140.800
141.220
141.640
142.070
142.480
142.900
143.320
143.730
144.150
144.570
144.990
145.400
145.840
146.260
146.670
147.090
147.500
147.930
148.350
148.780
149.200
149.620
150.030
150.460
150.880
151.290
151.710
152.140
152.550
152.970
153.390
153.800
154.210
154.640
155.050
155.470
155.900
156.310
156.740
157.140
157.560
157.980
158.410
158.840
159.270
159.700
160.110
160.530
160.940
161.370
161.790
162.210
162.630
163.060
163.480
163.910
164.320
164.760
165.180
165.590
166.010
166.440
166.850
167.270
167.700
168.130
168.560
168.980
169.390
169.810
170.220
170.640
171.060
171.480
171.900
172.320
172.730
173.150
173.560
173.990
174.410
174.840
175.260
175.660
176.090
176.520
176.930
177.350
177.760
178.190
178.590
179.010
179.450
179.860
180.270
180.700
181.120
181.540
181.950
182.380
182.800
183.220
183.640
184.050
184.460
184.880
185.290
185.700
186.050
186.420
186.770
187.190
187.600
188.000
188.440
188.870
189.290
189.720
190.150
190.570
191.010
191.430
191.860
192.260
192.700
193.110
193.540
193.970
194.400
194.820
195.240
195.680
196.090
196.510
196.930
197.350
197.770
198.200
198.620
199.040
199.460
199.880
200.290
200.710
201.150
201.560
201.980
202.400
202.820
203.230
203.650
204.040
204.450
204.870
205.310
205.730
206.150
206.560
206.970
207.400
207.820
208.230
208.650
209.080
209.510
209.910
210.340
210.750
211.180
211.600
212.030
212.450
212.860
213.280
213.710
214.130
214.550
214.960
215.380
215.810
216.230
216.630
217.060
217.490
217.890
218.320
218.760
219.200
219.640
220.060
220.470
220.890
221.310
221.740
222.160
222.610
223.050
223.480
223.940
224.380
224.820
225.280
225.730
226.140
226.580
227.010
227.440
227.860
228.290
228.720
229.150
229.560
229.980
230.410
230.830
231.260
231.680
232.130
232.550
232.980
233.420
233.850
234.270
234.690
235.120
235.580
236.020
236.450
236.880
237.320
237.760
238.170
238.610
239.030
239.480
239.890
240.330
240.750
241.170
241.580
242.020
242.440
242.850
243.270
243.690
244.120
244.540
244.940
245.370
245.790
246.210
246.640
247.060
247.480
247.890
248.310
248.750
249.170
249.600
250.040
250.460
250.910
251.410
251.870
252.360
252.820
253.250
253.700
254.140
254.570
255.000
255.410
255.820
256.240
256.670
257.100
257.530
257.950
258.380
258.800
259.250
259.680
260.090
260.520
260.980
261.400
261.870
262.320
262.800
263.250
263.740
264.200
264.680
265.180
265.640
266.140
266.620
267.080
