0.000
1.090
2.170
3.270
4.310
5.380
6.440
7.360
8.300
9.250
10.130
11.120
12.010
13.000
13.960
14.870
15.870
16.880
17.860
18.630
19.440
20.240
21.050
21.860
22.650
23.480
24.300
25.120
25.980
26.860
27.670
28.570
29.410
30.300
31.190
32.060
32.910
33.910
34.860
35.930
36.970
38.030
39.090
40.140
41.230
42.230
43.260
44.180
45.030
45.950
46.810
47.740
48.580
49.370
50.240
51.020
51.820
52.620
53.460
54.280
55.050
55.890
56.680
57.530
58.290
59.160
60.010
60.840
61.730
62.650
63.530
64.420
65.320
66.220
67.110
68.000
68.850
69.750
70.620
71.500
72.330
73.250
74.100
75.010
75.860
76.800
77.670
78.570
79.390
80.300
81.180
82.100
82.930
83.770
84.510
85.260
86.050
86.810
87.590
88.410
89.190
89.880
90.530
91.160
91.820
92.420
93.060
93.690
94.320
94.960
95.580
96.220
96.860
97.460
98.110
98.740
99.350
100.010
100.630
101.270
101.900
102.520
103.150
103.780
104.440
105.060
105.690
106.330
106.970
107.560
108.180
108.810
109.450
110.040
110.670
111.310
111.920
112.550
113.150
113.750
114.280
114.820
115.380
115.920
116.470
117.040
117.590
118.120
118.700
119.250
119.790
120.350
120.910
121.530
122.140
122.760
123.360
124.000
124.620
125.210
125.830
126.440
127.050
127.650
128.280
128.850
129.460
130.070
130.650
131.290
131.940
132.550
133.170
133.860
134.570
135.210
135.930
136.570
137.210
137.820
138.450
139.110
139.750
140.360
141.030
141.640
142.280
142.920
143.580
144.230
144.870
145.480
146.120
146.760
147.430
148.040
148.690
149.320
149.970
150.620
151.250
151.850
152.480
153.160
153.840
154.470
155.100
155.780
156.420
157.090
157.710
158.390
159.020
159.660
160.330
160.960
161.550
162.140
162.680
163.230
163.810
164.380
164.960
165.560
166.160
166.750
167.320
167.870
168.430
169.010
169.590
170.190
170.780
171.400
172.000
172.570
173.220
173.880
174.500
175.180
175.860
176.500
177.140
177.820
178.500
179.130
179.820
180.460
181.080
181.730
182.380
182.990
183.560
184.180
184.770
185.380
185.980
186.560
187.180
187.770
188.340
188.950
189.540
190.130
190.740
191.340
191.910
192.510
193.100
193.690
194.290
194.880
195.460
196.060
196.580
197.070
197.600
198.120
198.620
199.130
199.610
200.050
200.520
200.970
201.400
201.790
202.170
202.560
202.950
203.340
203.770
204.170
204.580
204.990
205.430
205.850
206.260
206.660
207.060
207.490
207.880
208.310
208.740
209.160
209.570
209.990
210.430
210.850
211.270
211.720
212.140
212.550
212.980
213.400
213.800
214.230
214.650
215.070
215.510
215.930
216.370
216.790
217.120
217.490
217.820
218.190
218.520
218.890
219.240
219.580
219.930
220.290
220.660
221.030
221.380
221.740
222.090
222.440
222.790
223.130
223.490
223.860
224.220
224.580
224.950
225.320
225.680
226.040
226.420
226.800
227.150
227.520
227.890
228.280
228.620
228.990
229.350
229.710
230.080
230.430
230.840
231.230
231.610
232.000
232.410
232.810
233.210
233.630
234.070
234.470
234.900
235.310
235.700
236.110
236.480
236.850
237.250
237.630
237.990
238.370
238.760
239.150
239.530
239.900
240.290
240.660
241.030
241.450
241.870
242.280
242.730
243.180
243.620
244.070
244.540
245.040
245.500
245.980
246.480
246.960
247.420
247.920
248.400
248.880
249.360
249.820
250.320
250.780
251.260
251.740
252.220
252.720
253.200
253.680
254.140
254.640
255.100
