0.360
0.830
1.300
1.770
2.240
2.710
3.180
3.650
4.120
4.570
5.040
5.510
5.990
6.460
6.940
7.400
7.860
8.310
8.760
9.240
9.690
10.130
10.570
11.000
11.450
11.880
12.300
12.740
13.150
13.600
14.030
14.450
14.890
15.300
15.710
16.100
16.520
16.940
17.400
17.840
18.290
18.760
19.200
19.660
20.080
20.520
20.970
21.390
21.820
22.260
22.670
23.120
23.550
23.970
24.410
24.840
25.270
25.700
26.130
26.550
26.970
27.400
27.850
28.260
28.690
29.120
29.570
29.970
30.360
30.760
31.150
31.610
32.040
32.490
32.910
33.360
33.800
34.240
34.690
35.120
35.550
35.990
36.430
36.870
37.300
37.740
38.170
38.610
39.040
39.470
39.900
40.340
40.770
41.200
41.620
42.050
42.470
42.910
43.330
43.750
44.170
44.620
45.040
45.480
45.920
46.350
46.780
47.210
47.630
48.060
48.470
48.910
49.330
49.770
50.180
50.630
51.050
51.480
51.910
52.330
52.780
53.190
53.630
54.070
54.500
54.920
55.350
55.770
56.200
56.630
57.070
57.500
57.930
58.370
58.790
59.230
59.660
60.080
60.490
60.920
61.350
61.760
62.190
62.600
63.010
63.450
63.850
64.270
64.690
65.130
65.550
65.980
66.400
66.840
67.260
67.700
68.130
68.550
68.970
69.370
69.800
70.250
70.680
71.090
71.500
71.940
72.350
72.770
73.210
73.650
74.060
74.490
74.930
75.360
75.780
76.220
76.640
77.080
77.500
77.920
78.320
78.750
79.160
79.590
80.020
80.440
80.850
81.270
81.650
82.050
82.450
82.890
83.300
83.720
84.160
84.590
85.020
85.450
85.880
86.300
86.730
87.150
87.570
87.990
88.390
88.830
89.250
89.660
90.080
90.500
90.930
91.340
91.760
92.180
92.600
93.010
93.430
93.850
94.280
94.700
95.110
95.540
95.960
96.390
96.800
97.210
97.640
98.070
98.490
98.930
99.350
99.760
100.200
100.620
101.040
101.460
101.890
102.330
102.740
103.180
103.620
104.040
104.480
104.890
105.320
105.730
106.170
106.580
107.010
107.410
107.860
108.290
108.710
109.140
109.580
110.000
110.440
110.840
111.260
111.650
112.080
112.500
112.910
113.320
113.750
114.170
114.610
115.030
115.450
115.890
116.330
116.740
117.180
117.600
118.030
118.470
118.890
119.330
119.750
120.160
120.600
121.020
121.420
121.840
122.270
122.700
123.110
123.550
123.980
124.410
124.830
125.270
125.700
126.130
126.560
127.000
127.420
127.850
128.270
128.710
129.140
129.580
130.010
130.420
130.850
131.270
131.710
132.130
132.580
133.000
133.430
133.850
134.280
134.740
135.160
135.590
136.030
136.440
136.870
137.310
137.740
138.180
138.610
139.030
139.460
139.870
140.290
140.730
141.150
141.560
141.980
142.390
142.790
143.200
143.630
144.060
144.480
144.880
145.310
145.750
146.170
146.610
147.020
147.450
147.890
148.320
148.730
149.150
149.570
150.000
150.420
150.850
151.270
151.700
152.140
152.540
152.970
153.380
153.790
154.200
154.630
155.050
155.470
155.890
156.310
156.720
157.150
157.560
157.970
158.410
158.820
159.230
159.660
160.070
160.510
160.920
161.350
161.790
162.200
162.640
163.050
163.480
163.900
164.330
164.740
165.160
165.600
166.030
166.440
166.870
167.270
167.690
168.120
168.540
168.990
169.400
169.820
170.240
170.660
171.090
171.510
171.940
172.370
172.790
173.220
173.660
174.060
174.490
174.920
175.340
175.770
176.180
176.620
177.050
177.490
177.900
178.320
178.750
179.150
179.590
179.990
180.420
180.850
181.270
181.720
182.150
182.570
182.970
183.390
183.820
184.250
184.650
185.070
185.470
185.890
186.310
186.730
187.140
187.570
187.990
188.400
188.810
189.250
189.670
190.080
190.490
190.910
191.330
191.760
192.180
192.600
193.030
193.440
193.850
194.270
194.690
195.110
195.530
195.940
196.390
196.810
197.240
197.650
198.080
198.500
198.930
199.340
199.760
200.200
200.620
201.050
201.490
201.920
202.340
202.760
203.190
203.600
204.010
204.430
204.820
205.260
205.680
206.100
206.520
206.940
207.340
207.770
208.190
208.600
209.020
209.440
209.870
210.280
210.680
211.090
211.510
211.950
212.370
212.770
213.190
213.610
214.020
214.440
214.860
215.270
215.710
216.130
216.530
216.960
217.380
217.770
218.190
218.600
219.000
219.430
219.840
220.250
220.670
221.090
221.500
221.900
222.330
222.750
223.170
223.590
224.010
224.410
224.840
225.250
225.680
226.080
226.490
226.920
227.320
227.720
228.140
228.560
228.960
229.360
229.770
230.180
230.610
231.020
231.440
231.850
232.280
232.690
233.100
233.530
233.950
234.360
234.780
235.200
235.630
236.060
236.480
236.890
237.300
237.700
238.120
238.530
238.950
239.370
239.780
240.200
240.630
241.040
241.450
241.850
242.270
242.690
243.100
243.520
243.940
244.350
244.780
245.190
245.610
246.030
246.450
246.860
247.270
247.690
248.110
248.530
248.960
249.370
249.800
250.220
250.640
251.040
251.480
251.900
252.320
252.720
253.140
253.560
253.970
254.370
254.800
255.200
255.620
256.030
256.420
256.840
257.260
257.660
258.080
258.490
258.900
259.310
259.740
260.150
260.590
261.000
261.410
261.830
262.240
262.640
263.050
263.470
263.870
264.280
264.690
265.110
265.540
265.960
266.360
266.780
267.170
267.580
267.990
268.420
268.820
269.220
269.640
270.050
270.470
270.860
271.280
271.700
272.110
272.520
272.940
273.370
273.790
274.180
274.590
275.020
275.450
275.850
276.280
276.690
277.130
277.550
277.940
278.350
278.780
279.180
279.590
280.010
280.440
280.870
281.290
281.690
282.100
282.510
282.930
283.340
283.750
284.160
284.580
285.000
285.410
285.820
286.230
286.650
287.050
287.470
287.880
288.310
288.710
289.140
289.550
289.960
290.370
290.790
291.200
291.600
292.010
292.430
292.840
293.260
293.670
294.080
294.490
294.910
295.320
295.730
296.150
296.560
296.980
297.380
297.810
298.220
298.640
299.050
299.490
299.890
300.300
300.720
301.140
301.540
301.950
302.360
302.760
303.200
303.610
304.020
304.430
304.840
305.270
305.680
306.090
306.490
306.900
307.320
307.730
308.160
308.580
308.980
309.390
309.800
310.220
310.630
311.030
311.430
311.850
312.250
312.680
313.090
313.520
313.940
314.350
314.790
315.220
315.630
316.070
316.510
316.940
317.330
317.740
318.170
318.570
318.990
319.410
319.840
320.260
320.670
321.090
321.520
321.930
322.330
322.740
323.150
323.570
323.980
324.400
324.820
325.250
325.650
326.080
326.480
326.880
327.270
327.670
328.070
328.480
328.880
329.290
329.690
330.110
330.520
330.940
331.360
331.770
332.170
332.600
332.990
333.420
333.810
334.210
334.630
335.040
335.440
335.840
336.270
336.660
337.070
337.500
337.910
338.310
338.700
339.100
339.520
339.920
340.350
340.780
341.180
341.600
342.010
342.410
342.810
343.230
343.620
344.010
344.440
344.880
345.340
345.760
346.220
346.660
347.090
347.520
347.940
348.360
348.760
349.170
349.580
350.000
350.420
350.830
351.240
351.670
352.070
352.470
352.880
353.300
353.710
354.120
354.520
354.940
355.350
355.750
356.170
356.570
357.000
357.410
357.820
358.210
358.630
359.040
359.460
359.870
360.290
360.710
361.140
361.560
361.980
362.380
362.790
363.200
363.600
364.020
364.440
364.860
365.280
365.700
366.100
366.520
366.930
367.340
367.730
368.140
368.550
368.960
369.390
369.790
370.210
370.620
371.020
371.430
371.850
372.260
372.650
373.060
373.460
373.890
374.290
374.690
375.110
375.530
375.920
376.330
376.760
377.170
377.580
377.990
378.390
378.780
379.180
379.600
380.010
380.420
380.820
381.240
381.660
382.070
382.470
382.870
383.290
383.690
384.110
384.530
384.940
385.340
385.760
386.170
386.580
386.990
387.400
387.800
388.210
388.630
389.040
389.440
389.850
390.260
390.670
391.070
391.490
391.900
392.310
392.710
393.110
393.520
393.940
394.370
394.760
395.190
395.580
396.010
396.420
396.830
397.240
397.650
398.050
398.460
398.870
399.290
399.700
400.110
400.540
400.940
401.350
401.760
402.170
402.590
403.000
403.390
403.830
404.240
404.660
405.080
405.500
405.930
406.350
406.770
407.170
407.580
408.000
408.410
408.830
409.240
409.650
410.040
410.450
410.860
411.270
411.700
412.120
412.540
412.950
413.380
413.780
414.220
414.610
415.020
415.430
415.850
416.260
416.670
417.070
417.480
417.880
418.280
418.680
419.060
419.460
419.870
420.270
420.690
421.080
421.490
421.920
422.330
422.750
423.170
423.570
424.000
424.400
424.800
425.220
425.610
426.020
426.420
426.820
427.230
427.650
428.060
428.450
428.860
429.250
429.660
430.040
430.440
430.860
431.270
431.670
432.060
432.480
432.880
433.280
433.680
434.100
434.500
434.910
435.320
435.720
436.130
436.540
436.940
437.340
437.760
438.150
438.560
438.960
439.370
439.780
440.180
440.580
441.000
441.400
441.820
442.220
442.630
443.060
443.460
443.860
444.280
444.700
445.100
445.500
445.910
446.320
446.730
447.110
447.510
447.930
448.320
448.730
449.130
449.550
449.960
450.350
450.780
451.170
451.600
451.990
452.420
452.820
453.240
453.640
454.040
454.450
454.860
455.260
455.650
456.060
456.460
456.860
457.260
457.670
458.070
458.490
458.890
459.290
459.700
460.110
460.520
460.930
461.330
461.730
462.150
462.550
462.970
463.380
463.770
464.180
464.600
465.010
465.410
465.820
466.240
466.650
467.060
467.480
467.870
468.300
468.710
469.100
469.520
469.930
470.340
470.760
471.160
471.570
471.980
472.400
472.820
473.220
473.650
474.050
474.460
474.860
475.290
475.700
476.100
476.510
476.910
477.340
477.760
478.180
478.570
478.980
479.400
479.820
480.230
480.630
481.040
481.440
481.860
482.260
482.670
483.070
483.460
483.860
484.270
484.680
485.100
485.510
485.900
486.310
486.700
487.100
487.520
487.920
488.310
488.730
489.150
489.560
489.960
490.360
490.760
491.160
491.560
491.990
492.380
492.810
493.200
493.600
494.010
494.400
494.800
495.230
495.650
496.060
496.470
496.880
497.280
497.690
498.120
498.510
498.910
499.330
499.730
500.110
500.540
500.940
501.360
501.770
502.160
502.580
503.000
503.430
503.850
504.250
504.670
505.080
505.500
505.930
506.340
506.760
507.180
507.590
508.000
508.410
508.810
509.220
509.600
510.010
510.420
510.850
511.240
511.660
512.080
512.480
512.900
513.310
513.710
514.110
514.540
514.950
515.350
515.760
516.180
516.570
516.980
517.400
517.820
518.230
518.640
519.060
519.460
519.880
520.320
520.740
521.150
521.560
521.990
522.400
522.820
523.240
523.660
524.070
524.460
524.890
525.290
525.710
526.100
526.470
526.880
527.270
527.670
528.100
528.520
528.930
529.370
529.790
530.220
530.640
531.060
531.500
531.920
532.360
532.820
533.260
533.680
534.140
534.570
534.990
535.420
535.860
536.320
536.740
537.200
537.620
538.040
538.440
538.880
539.300
539.700
540.150
540.570
541.010
541.420
541.890
542.330
542.770
543.240
543.690
544.140
544.560
544.990
545.420
545.820
546.260
546.680
547.080
547.510
547.940
548.340
548.770
549.180
549.630
550.080
550.550
551.040
551.490
551.980
552.450
552.900
553.390
553.840
554.300
554.770
555.210
555.680
556.110
556.570
557.010
557.480
557.910
558.370
558.830
559.280
559.730
560.160
560.580
561.020
561.450
561.860
562.290
562.740
563.150
563.580
564.010
564.460
564.890
565.300
565.750
566.200
566.630
567.080
567.500
567.940
568.400
568.820
569.270
569.740
570.180
570.640
571.080
571.530
571.970
572.440
572.880
573.290
573.710
574.140
