0.800
1.760
2.800
3.830
4.790
5.820
6.700
7.610
8.390
9.180
9.970
10.830
11.650
12.470
13.250
14.150
14.990
15.940
16.840
17.730
18.570
19.480
20.370
21.270
22.120
23.020
24.000
24.970
25.930
26.800
27.690
28.610
29.470
30.400
31.370
32.310
33.230
34.220
35.110
36.070
37.000
37.940
38.790
39.700
40.630
41.540
42.360
43.260
44.070
44.920
45.770
46.620
47.420
48.320
49.270
50.150
51.130
52.050
53.100
54.160
55.170
56.220
57.310
58.390
59.520
60.600
61.710
62.810
63.810
64.900
65.960
67.040
68.050
69.050
70.100
71.140
72.200
73.290
74.310
75.440
76.500
77.570
78.660
79.780
80.880
81.960
83.080
84.160
85.150
86.130
87.070
88.080
89.000
90.000
90.960
91.870
92.890
93.990
95.050
96.140
97.230
98.300
99.450
100.510
101.590
102.660
103.790
104.900
105.990
106.970
107.950
108.940
109.760
110.570
111.470
112.350
113.190
114.160
115.120
116.040
117.020
117.990
119.030
120.130
121.190
122.220
123.260
124.300
125.410
126.520
127.510
128.580
129.610
130.610
131.630
132.680
133.680
134.730
135.730
136.830
137.820
138.900
139.860
140.930
141.900
142.920
143.960
144.980
