0.430
1.330
2.240
3.030
3.740
4.490
5.170
5.900
6.710
7.470
8.220
9.090
10.020
10.750
11.510
12.280
13.040
13.810
14.550
15.310
16.070
16.830
17.590
18.350
19.130
19.870
20.610
21.350
22.100
22.830
23.580
24.320
25.090
25.830
26.580
27.320
28.060
28.800
29.540
30.260
31.030
31.780
32.530
33.270
34.010
34.730
35.480
36.210
36.940
37.690
38.440
39.200
39.910
40.640
41.360
42.090
42.850
43.570
44.300
45.030
45.780
46.540
47.280
48.030
48.770
49.530
50.270
51.020
51.740
52.480
53.220
53.930
54.660
55.390
56.120
56.850
57.640
58.380
59.150
59.900
60.640
61.410
62.160
62.920
63.670
64.400
65.180
65.930
66.670
67.420
68.170
68.870
69.610
70.390
71.140
71.860
72.590
73.320
74.070
74.810
75.560
76.280
77.030
77.770
78.520
79.230
79.980
80.720
81.450
82.160
82.900
83.640
84.360
85.080
85.820
86.570
87.310
88.070
88.810
89.540
90.300
91.040
91.790
92.540
93.290
94.030
94.790
95.560
96.310
97.050
97.830
98.570
99.310
100.040
100.760
101.500
102.260
102.990
103.730
104.460
105.190
105.920
106.650
107.390
108.130
108.860
109.620
110.350
111.090
111.830
112.560
113.310
114.050
114.800
115.550
116.300
117.020
117.780
118.520
119.260
119.990
120.730
121.470
122.220
122.950
123.670
124.400
125.140
125.870
126.600
127.340
128.060
128.780
129.500
130.240
130.980
131.700
132.430
133.170
133.910
134.630
135.350
136.080
136.800
137.520
138.230
138.920
139.670
140.390
141.130
141.880
142.630
143.370
144.110
144.850
145.600
146.330
147.100
147.850
148.550
148.990
149.360
149.740
150.120
150.470
150.850
151.210
151.590
151.970
152.320
152.710
153.060
153.440
153.790
154.170
154.520
154.900
155.250
155.640
156.000
156.360
156.740
157.110
157.480
157.870
158.230
158.610
158.980
159.350
159.710
160.070
160.440
160.830
161.190
161.560
161.940
162.310
162.660
163.030
163.410
163.770
164.120
164.480
164.840
165.210
165.560
165.920
166.280
166.630
166.990
167.350
167.700
168.070
168.430
168.790
169.140
169.510
169.870
170.240
170.590
170.950
171.310
171.670
172.020
172.370
172.720
173.090
173.450
173.790
174.150
174.510
174.870
175.230
175.590
175.960
176.330
176.680
177.050
177.410
177.760
178.110
178.470
178.850
179.190
179.560
179.910
180.280
180.620
180.970
181.320
181.690
182.020
182.390
182.730
183.090
183.430
183.780
184.120
184.490
184.840
185.210
185.550
185.930
186.280
186.650
187.000
187.370
187.720
188.090
188.430
188.810
189.160
189.490
189.860
190.230
190.580
190.950
191.310
191.650
192.020
192.380
192.740
193.120
193.470
193.840
194.200
194.570
194.910
195.270
195.610
195.960
196.320
196.700
197.060
197.420
197.770
198.130
198.480
198.840
199.210
199.580
199.920
200.300
200.660
201.020
201.380
201.740
202.090
202.460
202.800
203.180
203.520
203.900
204.240
204.590
204.950
205.310
205.660
206.040
206.390
206.760
207.120
207.470
207.850
208.200
208.570
208.940
209.320
209.700
210.060
210.400
210.780
211.130
211.490
211.860
212.230
212.590
212.960
213.320
213.700
214.070
214.430
214.810
215.170
215.550
215.900
216.270
216.630
216.980
217.360
217.750
218.140
218.520
218.900
219.280
219.640
219.990
220.360
220.720
221.070
221.450
221.820
222.200
222.560
222.940
223.290
223.670
224.030
224.390
224.750
225.120
225.480
225.850
226.210
226.580
226.950
227.320
227.680
228.050
228.410
228.780
229.130
229.480
229.850
230.220
230.580
230.940
231.280
231.660
232.000
232.390
232.740
233.120
233.480
233.850
234.220
234.610
234.970
235.340
235.710
236.090
236.460
236.830
237.190
237.570
237.930
238.320
238.680
239.070
239.430
239.810
240.160
240.550
240.900
241.280
241.650
242.020
242.370
242.750
243.110
243.490
243.840
244.220
244.580
244.970
245.340
245.700
246.070
246.450
246.810
247.180
247.550
247.930
248.290
248.670
249.020
249.400
249.760
250.130
250.490
250.830
251.210
251.570
251.930
252.280
252.640
253.010
253.360
253.710
254.070
254.450
254.810
255.160
255.510
255.880
256.250
256.600
256.910
257.240
257.560
257.870
258.200
258.540
258.880
259.210
259.530
259.870
260.180
260.510
260.860
261.200
261.520
261.860
262.220
262.550
262.880
263.240
263.610
263.970
264.330
264.700
265.060
265.420
265.760
266.080
266.400
266.720
267.050
267.370
267.680
268.000
268.330
268.640
268.960
269.290
269.610
269.920
270.240
270.570
270.890
271.200
