0.350
0.710
1.100
1.480
1.850
2.220
2.590
2.960
3.350
3.730
4.110
4.500
4.850
5.240
5.600
5.980
6.360
6.730
7.100
7.480
7.880
8.250
8.640
9.030
9.420
9.810
10.190
10.570
10.930
11.320
11.690
12.070
12.450
12.830
13.230
13.610
13.970
14.370
14.750
15.100
15.470
15.870
16.250
16.630
17.010
17.380
17.760
18.140
18.510
18.890
19.270
19.670
20.050
20.430
20.800
21.200
21.580
21.980
22.350
22.740
23.110
23.510
23.870
24.260
24.630
24.980
25.350
25.720
26.090
26.480
26.850
27.200
27.590
27.950
28.310
28.710
29.080
29.460
29.830
30.210
30.590
30.950
31.330
31.710
32.090
32.470
32.850
33.230
33.590
33.970
34.350
34.750
35.120
35.510
35.890
36.250
36.640
37.030
37.400
37.790
38.150
38.510
38.900
39.270
39.660
40.030
40.410
40.800
41.180
41.560
41.940
42.320
42.700
43.080
43.430
43.800
44.170
44.560
44.910
45.280
45.670
46.040
46.420
46.810
47.180
47.560
47.930
48.290
48.650
49.020
49.390
49.780
50.150
50.510
50.890
51.250
51.610
52.000
52.360
52.740
53.130
53.500
53.890
54.270
54.640
55.010
55.390
55.780
56.140
56.520
56.890
57.240
57.630
57.980
58.360
58.720
59.110
59.480
59.840
60.220
60.580
60.950
61.320
61.710
62.070
62.470
62.840
63.210
63.570
63.930
64.330
64.710
65.120
65.510
65.890
66.270
66.670
67.050
67.460
67.840
68.210
68.590
68.960
69.340
69.720
70.110
70.500
70.870
71.240
71.620
72.010
72.420
72.810
73.190
73.560
73.930
74.320
74.690
75.060
75.430
75.810
76.170
76.550
76.920
77.300
77.660
78.020
78.380
78.740
79.080
79.420
79.740
80.080
80.460
80.810
81.160
81.530
81.900
82.250
82.620
82.990
83.350
83.720
84.090
84.470
84.850
85.230
85.610
85.970
86.370
86.730
87.110
87.490
87.890
88.260
88.620
89.010
89.370
89.750
90.110
90.490
90.860
91.250
91.620
91.990
92.370
92.760
93.150
93.560
93.950
94.330
94.700
95.070
95.440
95.800
96.170
96.530
96.920
97.290
97.640
98.030
98.400
98.760
99.120
99.490
99.860
100.230
100.610
100.990
101.340
101.710
102.100
102.450
102.820
103.190
103.570
103.950
104.310
104.690
105.040
105.410
105.800
106.180
106.550
106.930
107.300
107.680
108.040
108.420
108.780
109.150
109.520
109.890
110.250
110.620
111.010
111.390
111.760
112.160
112.530
112.920
113.280
113.660
114.040
114.410
114.770
115.150
115.520
115.910
116.280
116.660
117.030
117.420
117.790
118.170
118.550
118.930
119.280
119.650
120.030
120.390
120.760
121.150
121.500
121.870
122.210
122.580
122.920
123.280
123.610
123.960
124.310
124.670
125.050
125.400
125.760
126.110
126.490
126.890
127.270
127.640
128.020
128.400
128.800
129.220
129.610
130.010
130.370
130.750
131.120
131.500
131.860
132.220
132.610
133.000
133.370
133.750
134.100
134.460
134.820
135.190
135.560
135.900
136.270
136.650
137.030
137.400
137.750
138.110
138.480
138.850
139.190
139.570
139.940
140.320
140.670
141.050
141.430
141.800
142.150
142.540
142.900
143.260
143.630
144.010
144.370
144.750
145.120
145.470
145.840
146.220
146.570
146.960
147.330
147.680
148.070
148.430
148.790
149.170
149.530
149.900
150.270
150.660
151.030
151.390
151.770
152.130
152.490
152.860
153.230
153.610
153.970
154.360
154.730
155.100
155.470
155.820
156.200
156.560
156.910
157.290
157.650
158.020
158.370
158.740
159.120
159.500
159.860
160.240
160.600
160.980
161.340
161.700
162.080
162.460
162.820
163.200
163.560
163.920
164.310
164.680
165.050
165.420
165.790
166.160
166.530
166.900
167.250
167.630
167.990
168.370
168.740
169.120
169.500
169.870
170.240
170.610
170.990
171.370
171.730
172.110
172.480
172.860
173.240
173.610
173.990
174.370
174.740
175.100
175.470
175.850
176.220
176.600
176.970
177.330
177.680
178.060
178.400
178.770
179.140
179.500
179.850
180.170
180.510
180.860
181.210
181.600
181.970
182.350
182.750
183.130
183.480
183.860
184.240
184.600
184.980
185.340
185.710
186.100
186.480
186.870
187.250
187.660
188.030
188.430
188.810
189.210
189.580
189.970
190.350
190.730
191.080
191.450
191.820
192.210
192.570
192.950
193.310
193.680
194.040
194.410
194.790
195.150
195.520
195.890
196.270
196.640
197.020
197.400
197.770
198.160
198.530
198.880
199.270
199.640
200.010
200.380
200.740
201.100
201.470
201.850
202.230
202.590
202.960
203.320
203.710
204.080
204.440
204.830
205.190
205.570
205.930
206.310
206.670
207.030
207.410
207.780
208.140
208.520
208.880
209.260
209.650
210.010
210.400
210.790
211.160
211.540
211.910
212.290
212.650
212.980
213.350
213.680
214.040
214.380
214.750
215.100
215.480
215.850
216.210
216.590
216.960
217.330
217.680
218.060
218.430
218.790
219.180
219.540
219.880
220.250
220.620
220.960
221.340
221.700
222.060
222.420
222.780
223.140
223.490
223.850
224.220
224.590
224.950
225.330
225.710
226.070
226.410
226.780
227.130
227.480
227.840
228.180
228.530
228.900
229.290
229.650
230.020
230.390
230.760
231.140
231.510
231.890
232.250
232.650
233.010
233.380
233.740
234.120
234.500
234.870
235.240
235.600
235.980
236.350
236.720
237.100
237.460
237.840
238.210
238.590
238.950
239.320
239.700
240.070
240.430
240.800
241.170
241.520
241.890
242.270
242.630
242.990
243.370
243.720
244.080
244.460
244.820
245.190
245.560
245.920
246.300
246.670
247.030
247.400
247.770
248.160
248.530
248.930
249.300
249.670
250.040
250.420
250.790
251.170
251.550
251.940
252.320
252.700
253.080
253.450
253.830
254.220
254.590
254.980
255.350
255.720
256.080
256.440
256.810
257.190
257.560
257.930
258.300
258.670
259.050
259.420
259.800
260.180
260.550
260.930
261.290
261.660
262.030
262.400
262.790
263.180
263.540
263.930
264.310
264.660
265.040
265.420
265.780
266.160
266.530
266.880
267.270
267.630
268.010
268.370
268.720
269.090
269.430
269.810
270.190
270.560
270.920
271.290
271.660
272.040
272.410
272.770
273.120
273.500
273.860
274.200
274.570
274.950
275.320
275.690
276.040
276.400
276.750
277.110
277.490
277.850
278.210
278.570
278.920
279.270
279.630
279.990
280.360
280.730
281.070
281.450
281.810
282.180
282.530
282.910
283.290
283.660
284.030
284.390
284.770
285.150
285.540
285.910
286.290
286.660
287.040
287.410
287.770
288.160
288.530
288.890
289.250
289.620
289.990
290.350
290.720
291.090
291.440
291.830
292.190
292.560
292.920
293.300
293.660
294.040
294.400
294.760
295.130
295.490
295.850
296.210
296.580
296.950
297.290
297.670
298.020
298.390
298.720
299.090
299.440
299.790
300.130
300.470
300.850
301.220
301.580
301.960
302.320
302.680
303.040
303.420
303.770
304.140
304.510
304.880
305.240
305.600
305.990
306.360
306.720
307.090
307.450
307.820
308.200
308.580
308.920
309.300
309.660
310.020
310.370
310.730
311.100
311.450
311.820
312.190
312.540
312.920
313.280
313.650
314.030
314.410
314.770
315.150
315.530
315.920
316.280
316.660
317.030
317.390
317.740
318.110
318.460
318.830
319.190
319.560
319.900
320.260
320.630
320.980
321.310
321.680
322.050
322.410
322.750
323.110
323.470
323.830
324.190
324.560
324.920
325.290
325.660
326.040
326.400
326.760
327.130
327.500
327.850
328.220
328.590
328.960
329.340
329.700
330.050
330.420
330.780
331.140
331.500
331.850
332.220
332.570
332.940
333.310
333.670
334.040
334.410
334.790
335.140
335.500
335.860
336.230
336.580
336.960
337.320
337.680
338.030
338.390
338.760
339.130
339.490
339.870
340.220
340.580
340.940
341.310
341.670
342.020
342.370
342.730
343.080
343.420
343.770
344.110
344.470
344.840
345.200
345.560
345.910
346.270
346.640
346.980
347.340
347.700
348.070
348.440
348.830
349.190
349.560
349.930
350.310
350.680
351.040
351.420
351.790
352.180
352.550
352.920
353.290
353.660
354.020
354.410
354.770
355.150
355.510
355.880
356.250
356.630
357.000
357.370
357.740
358.100
358.480
358.850
359.210
359.580
359.960
360.330
360.690
361.050
361.420
361.790
362.140
362.510
362.880
363.240
363.610
363.980
364.350
364.730
365.110
365.480
365.850
366.250
366.610
367.010
367.370
367.760
368.100
368.480
368.830
369.200
369.560
369.900
370.260
370.630
371.010
371.380
371.750
372.120
372.480
372.840
373.210
373.600
373.950
374.330
374.690
375.040
375.410
375.780
376.140
376.510
376.870
377.240
377.630
378.020
378.390
378.780
379.200
379.600
379.980
380.390
380.790
381.190
381.590
381.980
382.390
382.780
383.200
383.600
383.970
384.340
384.710
385.060
385.430
385.810
386.200
386.570
386.960
387.320
387.700
388.070
388.440
388.820
389.190
389.560
389.940
390.310
390.670
391.010
391.380
391.750
392.100
392.490
392.870
393.250
393.620
394.000
394.370
394.730
395.090
395.450
395.820
396.160
396.530
396.900
397.290
397.660
398.040
398.420
398.790
399.160
399.540
399.900
400.270
400.660
401.030
401.400
401.790
402.150
402.510
402.900
403.260
403.620
404.000
404.370
404.720
405.080
405.450
405.790
406.160
406.530
406.890
407.240
407.610
407.970
408.350
408.700
409.070
409.440
409.830
410.180
410.570
410.930
411.290
411.650
412.000
412.370
412.750
413.110
413.500
413.870
414.260
414.640
415.010
415.380
415.740
416.110
416.490
416.840
417.200
417.550
417.920
418.290
418.650
419.030
419.430
419.810
420.190
420.570
420.940
421.290
421.680
422.030
422.410
422.780
423.160
423.530
423.880
424.270
424.630
425.010
425.390
425.770
426.160
426.520
426.890
427.260
427.630
427.990
428.380
428.740
429.110
429.490
429.860
430.210
430.580
430.950
431.340
431.690
432.080
432.430
432.820
433.210
433.570
433.950
434.350
434.730
435.110
435.470
435.830
436.200
436.560
436.910
437.290
437.650
438.040
438.400
438.770
439.140
439.490
439.850
440.220
440.580
440.940
441.300
441.670
442.060
442.430
442.790
443.160
443.520
443.910
444.270
444.650
445.010
445.390
445.740
446.130
446.480
446.870
447.220
447.610
447.960
448.330
448.700
449.090
449.440
449.830
450.190
450.550
450.940
451.310
451.680
452.050
452.410
452.780
453.160
453.510
453.920
454.410
454.910
455.470
456.000
456.570
457.100
457.680
458.210
458.780
459.290
459.810
460.370
460.890
461.390
461.940
462.440
462.970
463.540
464.050
464.600
465.160
465.680
466.210
466.730
467.210
467.710
468.190
468.670
469.160
469.640
470.100
470.590
471.020
471.450
471.890
472.330
472.680
473.050
473.430
473.810
474.180
474.520
474.900
475.240
475.590
475.940
476.280
476.650
477.000
477.350
477.690
478.030
478.380
478.740
479.100
479.430
479.800
480.170
480.520
480.890
481.230
481.590
481.960
482.310
482.720
483.100
483.500
483.880
484.260
484.670
485.060
485.440
485.790
486.160
486.510
486.890
487.240
487.590
487.920
488.290
488.620
488.970
489.330
489.690
490.040
490.360
490.700
491.060
491.400
491.740
492.070
492.400
492.740
493.100
493.440
493.820
494.160
494.520
494.870
495.230
495.560
495.910
496.280
496.630
496.980
497.310
497.660
498.020
498.370
498.710
499.070
499.450
499.790
500.160
500.530
500.890
501.240
501.580
501.920
502.270
502.640
502.990
503.340
503.670
504.020
504.380
504.730
505.090
505.430
505.790
506.160
506.520
506.870
507.230
507.580
507.940
508.320
508.690
509.090
509.450
509.850
510.220
510.600
510.940
511.290
511.630
512.000
512.340
512.680
513.040
513.380
513.710
514.060
514.380
514.720
515.060
515.410
515.770
516.120
516.470
516.820
517.160
517.510
517.850
518.210
518.570
518.920
519.250
519.620
519.950
520.320
520.650
521.040
521.410
521.760
522.130
522.490
522.830
523.190
523.530
523.880
524.230
524.600
524.940
525.300
525.640
526.000
526.340
526.710
527.070
527.440
527.790
528.150
528.510
528.860
529.200
529.550
529.890
530.240
530.590
530.950
531.300
531.670
532.020
532.380
532.710
533.060
533.410
533.790
534.150
534.490
534.850
535.190
535.540
535.880
536.250
536.590
536.920
537.270
537.620
537.940
538.290
538.640
538.980
539.300
539.640
540.040
540.400
540.810
541.190
541.600
542.020
542.440
542.900
543.360
543.790
544.280
544.780
545.320
545.800
546.330
546.840
547.340
547.850
548.360
548.880
549.380
549.880
550.370
550.950
551.540
552.110
552.790
553.460
554.170
554.830
555.500
556.230
556.990
557.680
558.420
559.130
559.850
560.580
561.300
562.000
562.710
563.440
564.130
564.800
565.500
566.240
566.920
567.610
568.270
568.960
569.710
570.440
571.160
571.960
572.730
573.470
574.210
575.000
575.770
576.500
577.200
578.020
578.800
579.590
580.420
581.300
582.140
582.970
583.750
584.560
585.370
586.150
586.970
587.710
588.520
589.260
590.040
590.830
591.540
592.310
593.080
593.860
594.570
595.270
595.960
596.680
597.390
598.100
598.780
599.500
600.220
600.940
601.670
602.380
603.090
603.820
604.520
605.210
605.840
606.550
607.270
607.970
608.670
609.380
610.080
610.840
611.550
612.310
613.100
613.870
614.590
615.310
616.000
616.720
617.460
618.170
618.880
619.590
620.320
621.010
621.690
622.410
623.110
623.810
624.510
625.180
625.920
626.600
627.290
627.980
628.690
629.380
630.070
630.810
631.490
632.210
632.910
633.620
634.320
635.070
635.770
636.420
637.120
637.820
638.520
639.260
639.950
640.650
641.360
642.060
642.730
643.440
644.120
644.820
645.520
646.200
646.880
647.590
648.270
648.970
649.660
650.370
651.050
651.760
652.460
653.180
653.860
654.530
655.220
655.940
656.600
657.260
658.070
658.990
659.900
660.800
661.700
662.620
663.550
664.500
665.550
666.490
667.420
668.360
669.240
670.210
671.200
672.170
673.090
674.100
675.050
676.010
676.890
677.800
678.710
679.630
680.400
681.210
682.030
682.820
683.620
684.440
685.200
686.040
686.840
687.590
688.400
689.170
689.960
690.750
691.580
692.330
693.120
693.910
694.700
695.490
696.300
