0.410
0.960
1.500
2.080
2.670
3.250
3.820
4.400
4.950
5.500
6.070
6.610
7.170
7.720
8.280
8.840
9.410
9.960
10.530
11.080
11.650
12.200
12.740
13.320
13.870
14.430
14.990
15.550
16.100
16.640
17.210
17.760
18.310
18.870
19.420
19.970
20.520
21.070
21.620
22.200
22.730
23.310
23.870
24.440
25.000
25.560
26.130
26.690
27.250
27.800
28.360
28.930
29.490
30.050
30.610
31.180
31.740
32.300
32.860
33.420
33.990
34.540
35.100
35.660
36.220
36.780
37.340
37.880
38.400
38.720
39.000
39.270
39.550
39.840
40.120
40.410
40.700
40.990
41.270
41.560
41.850
42.130
42.410
42.690
42.980
43.250
43.540
43.820
44.100
44.380
44.650
44.930
45.210
45.500
45.780
46.060
46.340
46.620
46.900
47.180
47.470
47.760
48.040
48.330
48.600
48.890
49.170
49.460
49.750
50.040
50.330
50.610
50.890
51.160
51.450
51.730
52.010
52.300
52.580
52.860
53.140
53.420
53.700
53.980
54.270
54.550
54.840
55.120
55.410
55.690
55.960
56.250
56.530
56.820
57.100
57.380
57.660
57.950
58.240
58.520
58.810
59.100
59.390
59.680
59.970
60.260
60.540
60.820
61.100
61.390
61.690
61.970
62.260
62.550
62.840
63.110
63.390
63.690
63.980
64.270
64.550
64.840
65.120
65.400
65.690
65.970
66.260
66.550
66.840
67.120
67.400
67.680
67.970
68.260
68.560
68.850
69.140
69.420
69.710
70.000
70.290
70.580
70.860
71.140
71.430
71.710
72.000
72.290
72.590
72.870
73.160
73.440
73.730
74.010
74.290
74.570
74.860
75.160
75.450
75.730
76.020
76.300
76.580
76.870
77.160
77.440
77.740
78.020
78.310
78.600
78.890
79.180
79.460
79.740
80.030
80.300
80.590
80.880
81.170
81.450
81.740
82.020
82.310
82.600
82.890
83.170
83.470
83.750
84.040
84.320
84.610
84.900
85.190
85.470
85.760
86.050
86.340
86.640
86.910
87.190
87.490
87.780
88.060
88.350
88.630
88.920
89.200
89.490
89.780
90.070
90.360
90.650
90.930
91.230
91.510
91.800
92.080
92.370
92.650
92.940
93.230
93.520
93.810
94.090
94.380
94.670
94.960
95.260
95.540
95.830
96.100
96.390
96.680
96.980
97.270
97.560
97.850
98.140
98.420
98.720
99.000
99.290
99.580
99.860
100.150
100.430
100.710
101.000
101.290
101.570
101.870
102.150
102.440
102.730
103.030
103.320
103.610
103.880
104.170
104.460
104.750
105.040
105.320
105.610
105.900
106.180
106.470
106.760
107.050
107.340
107.640
107.920
108.220
108.500
108.800
109.080
109.370
109.660
109.950
110.230
110.510
110.800
111.090
111.380
111.680
111.970
112.260
112.540
112.840
113.130
113.420
113.710
114.000
114.290
114.590
114.880
115.170
115.460
115.740
116.030
116.320
116.610
116.900
117.180
117.470
117.760
118.050
118.330
118.630
118.920
119.200
119.490
119.780
120.060
120.350
120.620
120.920
121.200
121.500
121.780
122.080
122.370
122.660
122.950
123.230
123.520
123.810
124.090
124.370
124.660
124.940
125.240
125.520
125.810
126.100
126.380
126.670
126.950
127.240
127.520
127.810
128.100
128.380
128.670
128.960
129.240
129.540
129.830
130.110
130.400
130.690
130.980
131.270
131.550
131.840
132.120
132.420
132.710
132.990
133.280
133.570
133.860
134.140
134.430
134.720
135.010
135.300
135.580
135.880
136.160
136.450
136.740
137.030
137.310
137.590
137.880
138.170
138.450
138.750
139.030
139.330
139.620
139.900
140.200
140.490
140.780
141.060
141.350
141.650
141.930
142.220
142.510
142.800
143.080
143.380
143.660
143.950
144.240
144.540
144.830
145.120
145.400
145.690
145.980
146.270
146.550
146.830
147.130
147.420
147.710
148.000
148.280
148.580
148.860
149.160
149.440
149.730
150.020
150.310
150.610
150.900
151.190
151.480
151.780
152.080
152.370
152.670
152.960
153.260
153.550
153.830
154.130
154.420
154.700
155.000
155.290
155.580
155.870
156.160
156.460
156.760
157.060
157.350
157.650
157.950
158.230
158.530
158.810
159.110
159.400
159.690
159.970
160.270
160.560
160.850
161.140
161.440
161.740
162.030
162.330
162.620
162.910
163.200
163.490
163.790
164.080
164.360
164.660
164.950
165.240
165.520
165.820
166.110
166.400
166.690
166.990
167.290
167.580
167.880
168.180
168.480
168.770
169.070
169.360
169.670
169.950
170.240
170.540
170.830
171.130
171.420
171.720
172.020
172.320
172.610
172.900
173.200
173.490
173.780
174.060
174.360
174.650
174.940
175.230
175.530
175.820
176.130
176.420
176.720
177.020
177.320
177.610
177.900
178.190
178.490
178.800
179.100
179.400
179.690
179.990
180.290
180.590
180.870
181.170
181.480
181.780
182.070
182.360
182.650
182.950
183.240
183.540
183.830
184.120
184.410
184.710
184.990
185.300
185.600
185.900
186.200
186.490
186.800
187.090
187.390
187.700
188.010
188.330
188.640
188.940
189.260
189.560
189.880
190.190
190.490
190.800
191.120
191.430
191.730
