0.350
1.100
1.860
2.560
3.340
4.150
4.960
5.780
6.590
7.420
8.320
9.210
10.030
10.920
11.770
12.690
13.540
14.370
15.270
16.120
16.910
17.740
18.560
19.520
20.420
21.380
22.280
23.250
24.190
25.100
26.060
26.980
27.970
28.940
29.860
30.810
31.700
32.670
33.620
34.600
35.540
36.480
37.460
38.430
39.340
40.230
41.150
42.020
42.930
43.820
44.770
45.650
46.600
47.470
48.440
49.350
50.350
51.300
52.210
53.170
54.020
54.900
55.770
56.550
57.390
58.170
59.030
60.050
61.060
61.990
63.010
64.050
64.970
65.920
66.870
67.840
68.810
69.870
70.820
71.780
72.780
73.750
74.620
75.520
76.450
77.310
78.220
79.220
80.190
81.190
82.190
83.090
83.930
84.810
85.750
86.590
87.480
88.450
89.330
90.240
91.210
92.120
92.940
93.770
94.630
95.520
96.440
97.380
98.340
99.150
100.020
100.850
101.750
102.600
103.480
104.450
105.320
106.270
107.170
108.100
109.080
110.010
110.960
111.970
112.890
113.880
114.830
115.790
116.860
117.870
118.940
120.040
121.080
122.140
123.240
124.260
125.280
126.390
127.390
128.470
129.500
130.550
131.690
132.740
133.810
134.930
136.020
137.110
138.230
139.270
140.370
141.480
142.490
143.520
144.510
145.530
146.580
147.670
148.670
149.760
150.860
151.920
153.070
154.160
155.120
156.080
157.100
158.030
158.860
159.670
160.500
161.280
162.120
162.890
163.600
164.340
165.120
165.900
166.590
167.270
167.960
168.710
169.400
170.160
170.890
171.560
172.200
172.890
173.570
174.220
174.890
175.620
176.270
177.180
178.080
178.960
179.880
180.770
181.590
182.420
183.280
184.140
184.970
185.870
186.740
187.610
188.440
189.350
190.170
191.050
191.930
192.740
193.610
194.530
195.400
196.340
197.310
198.410
199.510
200.500
201.550
202.530
203.550
204.650
205.680
206.670
207.760
208.690
209.710
210.580
211.420
212.280
213.080
213.880
214.640
215.510
216.280
217.130
217.970
218.800
219.680
220.600
221.460
222.350
223.270
224.050
224.790
225.580
226.370
227.070
227.730
228.430
229.100
229.890
230.660
231.520
232.390
233.200
234.080
234.930
235.830
236.720
237.590
238.520
239.370
240.250
241.160
242.120
243.090
244.010
245.010
245.930
246.890
247.680
248.560
249.360
250.230
251.090
251.870
252.720
253.560
254.390
254.950
255.570
256.160
256.780
257.360
257.940
258.550
259.170
259.810
260.430
261.040
261.680
262.270
262.940
263.590
264.250
264.870
265.520
266.160
266.790
267.380
268.010
268.630
269.240
269.840
270.470
271.090
271.730
272.380
273.020
273.660
274.270
274.910
275.560
276.170
276.790
277.410
278.040
278.660
279.290
279.940
280.560
281.220
281.860
282.490
283.120
283.790
284.410
285.020
285.650
286.280
286.930
287.560
288.180
288.840
289.460
290.120
290.780
291.430
292.050
292.680
293.330
293.950
294.560
295.190
295.830
296.450
297.060
297.670
298.290
298.910
299.520
300.160
300.800
301.430
302.030
302.670
303.280
303.890
304.510
305.120
305.760
306.390
306.990
307.620
308.210
308.840
309.470
310.080
310.690
311.320
311.920
312.540
313.140
313.750
314.360
314.990
315.570
316.190
316.760
317.360
317.960
318.570
319.170
319.800
320.430
321.040
321.680
322.270
322.890
323.490
324.120
324.750
325.340
325.960
326.560
327.180
327.780
328.410
329.030
329.670
330.270
330.910
331.520
332.150
332.780
333.420
334.030
334.630
335.270
335.900
336.500
337.130
337.780
338.390
339.010
339.640
340.280
340.890
341.530
342.180
342.790
343.410
344.040
344.670
345.290
345.910
346.530
347.150
347.750
348.370
349.030
349.640
350.250
350.880
351.510
352.140
352.780
353.440
354.070
354.660
355.280
355.890
356.510
357.130
357.760
358.370
358.990
359.610
360.240
360.880
361.500
362.110
362.740
363.370
364.020
364.630
365.260
365.840
366.470
367.080
367.700
368.320
368.940
369.570
370.200
370.820
371.450
372.090
372.690
373.300
373.950
374.560
375.160
375.790
376.450
377.100
377.740
378.410
379.120
379.820
380.580
381.300
381.980
382.750
383.560
384.340
385.170
386.000
386.850
387.670
388.470
389.320
390.180
391.040
391.830
392.710
393.630
394.570
395.490
396.350
397.330
398.230
399.340
400.370
401.440
402.560
403.590
404.620
405.640
406.610
407.610
408.570
409.550
410.460
411.410
412.360
413.250
414.150
415.090
416.080
417.040
418.000
418.840
419.570
420.320
421.090
421.860
422.690
423.460
424.340
425.140
425.960
426.840
427.740
428.660
429.690
430.650
431.610
432.670
433.710
434.690
435.620
436.530
437.310
438.190
438.980
439.860
440.770
441.740
442.700
443.680
444.660
445.530
446.400
447.340
448.320
449.110
449.870
450.680
451.380
452.120
452.910
453.650
454.410
455.130
455.870
456.650
457.350
458.120
458.820
459.520
460.280
460.950
461.690
462.390
463.080
463.860
464.590
465.340
466.100
466.880
467.660
468.430
469.220
469.990
470.690
471.350
472.050
472.780
473.490
474.130
474.840
475.480
476.090
476.730
477.370
478.030
478.660
479.310
479.960
480.600
481.210
481.850
482.490
483.150
483.750
484.400
485.000
485.550
486.130
486.750
487.400
488.020
488.690
489.330
490.020
490.710
491.420
492.100
492.840
493.530
494.260
494.940
495.650
496.360
497.040
497.680
498.310
498.960
499.580
500.190
500.850
501.520
502.210
502.930
503.710
504.390
505.040
505.690
506.330
507.010
507.700
508.410
509.090
509.770
510.410
511.110
511.790
512.460
513.170
513.840
514.540
515.230
515.980
516.660
517.390
518.120
518.780
519.510
520.190
520.930
521.640
522.320
523.010
523.670
524.410
525.110
525.820
526.540
527.160
527.800
528.470
529.100
529.740
530.400
531.060
531.710
532.370
533.040
533.700
534.380
535.160
535.890
536.690
537.410
538.180
538.930
539.700
540.490
541.260
542.010
542.790
543.580
544.350
545.040
545.700
546.390
547.090
547.760
548.420
549.060
549.720
550.360
