0.360
0.760
1.180
1.590
2.000
2.410
2.830
3.240
3.650
4.040
4.440
4.820
5.210
5.590
5.950
6.350
6.730
7.140
7.530
7.920
8.300
8.690
9.070
9.450
9.810
10.190
10.570
10.960
11.330
11.720
12.110
12.480
12.850
13.230
13.620
14.000
14.390
14.760
15.130
15.500
15.860
16.230
16.600
16.960
17.330
17.720
18.090
18.480
18.850
19.230
19.620
19.990
20.370
20.760
21.140
21.530
21.920
22.300
22.690
23.070
23.450
23.840
24.210
24.580
24.960
25.350
25.740
26.130
26.510
26.890
27.280
27.660
28.040
28.430
28.810
29.190
29.580
29.950
30.330
30.720
31.110
31.500
31.880
32.270
32.670
33.070
33.450
33.840
34.220
34.600
34.990
35.370
35.740
36.130
36.500
36.880
37.270
37.650
38.030
38.430
38.810
39.200
39.580
39.960
40.350
40.730
41.110
41.490
41.860
42.260
42.640
43.020
43.410
43.790
44.170
44.550
44.940
45.320
45.700
46.080
46.460
46.850
47.250
47.620
48.020
48.390
48.770
49.150
49.530
49.910
50.300
50.680
51.050
51.430
51.800
52.180
52.550
52.950
53.320
53.710
54.090
54.460
54.840
55.210
55.590
55.980
56.360
56.740
57.130
57.520
57.900
58.290
58.680
59.070
59.460
59.840
60.230
60.610
60.990
61.370
61.750
62.150
62.540
62.920
63.300
63.680
64.070
64.440
64.830
65.200
65.580
65.950
66.320
66.690
67.060
67.430
67.810
68.190
68.580
68.960
69.350
69.720
70.100
70.480
70.860
71.240
71.630
72.010
72.400
72.770
73.160
73.540
73.930
74.300
74.670
75.050
75.440
75.810
76.190
76.580
76.970
77.350
77.730
78.120
78.510
78.890
79.270
79.660
80.040
80.420
80.810
81.180
81.560
81.950
82.330
82.710
83.100
83.480
83.870
84.240
84.630
85.000
85.380
85.740
86.130
86.510
86.870
87.260
87.640
88.020
88.390
88.770
89.150
89.520
89.910
90.270
90.640
90.980
91.340
91.710
92.090
92.480
92.860
93.240
93.620
93.990
94.370
94.740
95.140
95.510
95.890
96.270
96.650
97.020
97.420
97.800
98.190
98.570
98.940
99.330
99.720
100.110
100.500
100.890
101.280
101.670
102.040
102.430
102.800
103.200
103.580
103.970
104.350
104.740
105.130
105.520
105.910
106.280
106.670
107.050
107.430
107.810
108.200
108.580
108.960
109.320
109.700
110.050
110.430
110.810
111.190
111.570
111.960
112.330
112.710
113.090
113.480
113.860
114.250
114.650
115.010
115.410
115.800
116.180
116.570
116.960
117.350
117.750
118.120
118.510
118.910
119.280
119.660
120.060
120.440
120.820
121.210
121.590
121.970
122.370
122.760
123.150
123.540
123.920
124.310
124.700
125.090
125.460
125.860
126.230
126.610
126.990
127.380
127.760
128.150
128.540
128.920
129.320
129.720
130.100
130.490
130.880
131.260
131.650
132.060
132.440
132.830
133.220
133.610
134.010
134.410
134.800
135.180
135.560
135.950
136.350
136.730
137.130
137.530
137.900
138.310
138.690
139.080
139.480
139.870
140.250
140.650
141.030
141.420
141.790
142.180
142.560
142.940
143.330
143.720
144.100
144.480
144.870
145.260
145.660
146.040
146.420
146.810
147.200
147.590
147.990
148.380
148.760
149.150
149.530
149.910
150.300
150.700
151.080
151.450
151.840
152.230
152.610
152.980
153.370
153.740
154.140
154.520
154.890
155.270
155.670
156.040
156.420
156.800
157.180
157.560
157.950
158.340
158.740
159.130
159.520
159.910
160.300
160.690
161.050
161.450
161.830
162.220
162.610
162.980
163.370
163.750
164.140
164.520
164.920
165.300
165.680
166.060
166.450
166.830
167.220
167.610
167.990
168.360
168.730
169.110
169.490
169.880
170.260
170.650
171.030
171.410
171.800
172.190
172.570
172.940
173.330
173.720
174.100
174.480
174.870
175.260
175.650
176.030
176.420
176.800
177.180
177.560
177.950
178.330
178.710
179.110
179.480
179.860
180.250
180.630
181.020
181.400
181.800
182.190
182.580
182.950
183.320
183.710
184.100
184.480
184.860
185.250
185.630
186.010
186.390
186.780
187.160
187.530
187.930
188.320
188.700
189.090
189.470
189.870
190.260
190.650
191.030
191.400
191.790
192.170
192.560
192.930
193.320
193.720
194.100
194.490
194.870
195.260
195.640
196.040
196.410
196.800
197.180
197.580
197.950
198.340
198.720
199.100
199.480
199.860
200.250
200.630
201.010
201.390
201.780
202.170
202.550
202.920
203.320
203.700
204.080
204.460
204.840
205.240
205.630
206.020
206.390
206.780
207.160
207.540
207.920
208.300
208.690
209.090
209.460
209.850
210.230
210.620
211.010
211.390
211.770
212.160
212.550
212.930
213.320
213.700
214.100
214.490
214.880
215.260
215.650
216.040
216.410
216.800
217.180
217.570
217.940
218.330
218.720
219.100
219.490
219.880
220.270
220.650
221.040
221.440
221.840
222.220
222.600
222.980
223.370
223.760
224.140
224.520
224.910
225.310
225.700
226.080
226.460
226.850
227.220
227.610
228.000
228.390
228.780
229.160
229.550
229.950
230.330
230.720
231.110
231.500
231.900
232.280
232.660
233.040
233.440
233.820
234.220
234.620
235.000
235.400
235.780
236.170
236.570
236.950
237.340
237.730
238.120
238.510
238.890
239.280
239.670
240.080
240.460
240.850
241.240
241.620
242.010
242.390
242.790
243.180
243.570
243.960
244.340
244.720
245.120
245.500
245.900
246.290
246.680
247.080
247.470
247.860
248.250
248.640
249.040
249.430
249.810
250.190
250.580
250.970
251.350
251.730
252.130
252.520
252.900
253.280
253.670
254.050
254.440
254.840
255.210
255.610
255.980
256.370
256.740
257.120
257.500
257.880
258.260
258.640
259.030
259.430
259.810
260.200
260.580
260.960
261.350
261.740
262.120
262.510
262.900
263.270
263.650
264.040
264.440
264.800
265.190
265.560
265.940
266.330
266.710
267.100
267.480
267.870
268.250
268.630
269.010
269.390
269.780
270.150
270.550
270.930
271.310
271.700
272.090
272.470
272.860
273.240
273.630
274.020
274.400
274.790
275.170
275.560
275.940
276.330
276.710
277.120
277.500
277.900
278.280
278.660
279.050
279.440
279.840
280.230
280.620
281.010
281.390
281.790
282.180
282.560
282.960
283.350
283.730
284.120
284.510
284.900
285.280
285.680
286.060
286.450
286.830
287.220
287.610
288.000
288.380
288.770
289.160
289.550
289.910
290.310
290.690
291.070
291.460
291.840
292.220
292.600
292.980
293.370
293.760
294.130
294.510
294.910
295.300
295.690
296.070
296.460
296.840
297.220
297.610
297.990
298.380
298.750
299.140
299.520
299.920
300.300
300.690
301.080
301.460
301.850
302.220
302.600
302.990
303.360
303.750
304.140
304.520
304.900
305.300
305.690
306.100
306.470
306.870
307.260
307.640
308.030
308.420
308.800
309.190
309.570
309.970
310.360
310.750
311.160
311.540
311.930
312.310
312.710
313.100
313.490
313.860
314.240
314.630
315.020
315.410
315.800
316.180
316.570
316.950
317.330
317.720
318.120
318.490
318.870
319.250
319.650
320.040
320.420
320.820
321.190
321.600
321.980
322.380
322.760
323.160
323.540
323.930
324.320
324.710
325.100
325.480
325.860
326.230
326.610
327.000
327.380
327.780
328.160
328.560
328.950
329.330
329.720
330.100
330.480
330.860
331.230
331.590
331.970
332.330
332.710
333.090
333.480
333.870
334.260
334.650
335.050
335.440
335.830
336.220
336.620
337.010
337.400
337.770
338.150
338.530
338.900
339.290
339.670
340.060
340.440
340.830
341.220
341.610
341.990
342.380
342.760
343.160
343.550
343.950
344.330
344.720
345.120
345.510
345.900
346.290
346.680
347.070
347.460
347.860
348.250
348.650
349.050
349.430
349.820
350.220
350.610
351.000
351.380
351.790
352.200
352.590
352.980
353.380
353.780
354.170
354.560
354.960
355.360
355.740
356.160
356.530
356.930
357.320
357.700
358.110
358.500
358.880
359.280
359.650
360.050
360.440
360.810
361.210
361.600
361.990
362.390
362.780
363.160
363.560
363.960
364.360
364.760
365.160
365.560
365.960
366.370
366.760
367.160
367.570
367.960
368.350
368.760
369.150
369.560
369.950
370.340
370.750
371.140
371.540
371.920
372.320
372.720
373.090
373.480
373.880
374.260
374.640
375.030
375.410
375.790
376.170
376.570
376.970
377.370
377.760
378.170
378.550
378.960
379.330
379.730
380.120
380.520
380.910
381.310
381.690
382.080
382.470
382.870
383.260
383.660
384.060
384.470
384.850
385.240
385.620
386.030
386.420
386.820
387.210
387.610
388.010
388.430
388.830
389.230
389.630
390.010
390.430
390.840
391.260
391.650
