0.320
1.210
2.120
2.950
3.790
4.660
5.540
6.460
7.330
8.220
9.060
9.970
10.930
11.840
12.760
13.720
14.620
15.590
16.470
17.400
18.350
19.250
20.250
21.260
22.230
23.210
24.220
25.220
26.240
27.230
28.370
29.400
30.360
31.400
32.390
33.380
34.370
35.420
36.310
37.260
38.110
39.060
39.920
40.900
41.880
42.890
43.910
44.890
45.880
46.740
47.590
48.440
49.140
49.880
50.610
51.330
52.020
52.770
53.490
54.210
54.920
55.640
56.340
57.030
57.680
58.400
59.070
59.750
60.480
61.150
61.870
62.450
63.030
63.640
64.230
64.760
65.330
65.900
66.470
67.070
67.630
68.230
68.800
69.340
69.910
70.470
71.020
71.590
72.140
72.730
73.290
73.860
74.420
74.990
75.550
76.130
76.660
77.270
77.850
78.450
79.050
79.630
80.230
80.780
81.360
81.940
82.510
83.060
83.630
84.180
84.720
85.320
85.880
86.470
87.060
87.650
88.220
88.790
89.390
89.940
90.520
91.080
91.640
92.230
92.810
93.390
93.950
94.530
95.120
95.710
96.330
96.890
97.480
98.060
98.640
99.200
99.770
100.340
100.920
101.490
102.060
102.640
103.190
103.770
104.340
104.930
105.510
106.090
106.670
107.250
107.810
108.380
108.960
109.530
110.100
110.660
111.230
111.810
112.430
113.040
113.620
114.150
114.740
115.280
115.850
116.420
116.990
117.570
118.120
118.720
119.260
119.860
120.420
120.980
121.570
122.130
122.710
123.290
123.850
124.430
124.990
125.550
126.100
126.680
127.250
127.750
128.290
128.890
129.460
130.040
130.610
131.190
131.780
132.340
132.950
133.570
134.170
134.730
135.320
135.930
136.500
137.090
137.650
138.230
138.810
139.420
140.020
140.600
141.170
141.780
142.320
142.920
143.480
144.050
144.620
145.170
145.760
146.350
146.940
147.510
148.060
148.640
149.200
149.780
150.360
150.920
151.490
152.060
152.640
153.230
153.780
154.380
154.950
155.500
156.080
156.650
157.220
157.820
158.420
158.990
159.570
160.140
160.700
161.270
161.870
162.420
163.010
163.560
164.130
164.710
165.310
165.860
166.450
167.010
167.560
168.110
168.700
169.290
169.860
170.440
171.010
171.600
172.170
172.760
173.360
173.930
174.500
175.110
175.680
176.270
176.810
177.410
177.970
178.560
179.140
179.720
180.270
180.850
181.410
182.000
182.550
183.140
183.710
184.280
184.830
185.400
185.980
186.560
187.140
187.730
188.290
188.830
189.420
190.010
190.590
191.170
191.740
192.310
192.900
193.470
194.040
194.630
195.170
195.750
196.360
196.940
197.490
198.090
198.650
199.230
199.800
200.360
200.960
201.540
202.100
202.660
203.220
203.820
204.390
204.940
205.540
206.120
206.690
207.250
207.860
208.420
208.990
209.560
210.140
210.720
211.340
211.880
212.470
213.030
213.610
214.170
214.760
215.330
215.890
216.450
217.010
217.570
218.140
218.690
219.250
219.830
220.400
220.980
221.530
222.110
222.660
223.230
223.820
224.390
224.940
225.520
226.100
226.700
227.250
227.830
228.390
228.970
229.490
230.030
230.580
231.150
231.690
232.250
232.830
233.400
233.950
234.530
235.090
235.650
236.200
236.750
237.330
237.900
238.460
239.020
239.610
240.180
240.740
241.320
241.910
242.470
243.050
243.600
244.190
244.750
245.320
245.890
246.450
247.040
247.610
248.150
248.710
249.310
249.880
250.450
251.030
251.580
252.160
252.720
253.290
253.840
254.390
254.920
255.530
256.110
256.720
257.300
257.860
258.450
259.030
259.550
260.110
260.680
261.290
261.860
262.440
263.050
263.650
264.190
264.780
265.360
265.930
266.500
267.060
267.600
268.150
268.720
269.290
269.890
270.470
271.040
271.610
272.160
272.740
273.340
273.890
274.460
275.050
275.630
276.170
276.760
277.360
277.930
278.490
279.100
279.680
280.240
280.840
281.410
281.990
282.570
283.120
283.710
284.280
284.850
285.420
285.990
286.650
287.270
287.990
288.690
289.450
290.170
290.990
291.740
292.630
293.500
294.340
295.200
296.030
296.850
297.640
298.500
299.390
300.350
301.380
302.350
303.290
304.070
304.890
305.670
306.460
307.200
308.000
308.790
309.590
310.380
311.220
311.990
312.780
313.620
314.420
315.200
316.030
316.820
317.750
318.690
319.640
320.550
321.500
