0.800
1.860
2.860
3.880
4.910
5.870
6.790
7.750
8.670
9.660
10.590
11.580
12.560
13.490
14.360
15.290
16.120
17.070
17.930
18.850
19.780
20.690
21.550
22.470
23.320
24.290
25.210
26.170
27.170
28.110
29.070
30.000
30.990
31.910
32.820
33.730
34.640
35.530
36.500
37.370
38.290
39.250
40.150
41.010
41.830
42.680
43.560
44.390
45.140
45.860
46.570
47.250
47.890
48.580
49.250
49.950
50.650
51.370
52.070
52.760
53.470
54.180
54.850
55.580
56.250
56.960
57.650
58.370
59.050
59.780
60.470
61.200
61.890
62.630
63.350
64.050
64.770
65.500
66.190
66.910
67.600
68.340
69.020
69.720
70.440
71.180
71.860
72.570
73.330
74.030
74.740
75.440
76.160
76.870
77.560
78.270
79.010
79.760
80.490
81.200
81.870
82.630
83.330
84.040
84.790
85.510
86.250
86.980
87.720
88.440
89.150
89.900
90.650
91.370
92.110
92.840
93.460
94.050
94.660
95.290
95.790
96.170
96.530
96.870
97.230
97.590
97.950
98.320
98.690
99.040
99.400
99.750
100.110
100.460
100.820
101.180
101.530
101.890
102.250
102.610
102.980
103.330
103.690
104.040
104.390
104.740
105.110
105.450
105.810
106.150
106.500
106.850
107.220
107.570
107.930
108.290
108.660
109.000
109.360
109.720
110.090
110.440
110.820
111.170
111.540
111.880
112.250
112.600
112.960
113.320
113.700
114.050
114.420
114.780
115.140
115.490
115.860
116.210
116.580
116.930
117.300
117.680
118.020
118.380
118.760
119.100
119.470
119.840
120.200
120.560
120.920
121.290
121.660
122.030
122.380
122.750
123.100
123.480
123.860
124.220
124.590
124.960
125.320
125.690
126.040
126.420
126.790
127.150
127.510
127.890
128.270
128.630
128.980
129.330
129.710
130.050
130.410
130.780
131.160
131.510
131.880
132.250
132.630
132.980
133.340
133.700
134.070
134.440
134.800
135.160
135.530
135.890
136.260
136.620
137.000
137.400
137.770
138.120
138.500
138.840
139.210
139.580
139.940
140.300
140.680
141.040
141.410
141.770
142.140
142.510
142.880
143.240
143.610
143.970
144.350
144.710
145.090
145.470
145.870
146.240
146.630
146.990
147.340
147.690
148.060
148.410
148.770
149.130
149.490
149.880
150.240
150.600
150.960
151.330
151.700
152.050
152.410
152.760
153.120
153.490
153.850
154.210
154.580
154.940
155.310
155.670
156.040
156.400
156.770
157.140
157.510
157.900
158.270
158.640
159.010
159.380
159.740
160.100
160.470
160.850
161.230
161.590
161.970
162.330
162.710
163.070
163.440
163.800
164.170
164.540
164.910
165.300
165.660
166.010
166.390
166.760
167.130
167.490
167.870
168.230
168.590
168.990
169.360
169.730
170.100
170.460
170.850
171.230
171.600
171.990
172.360
172.730
173.080
173.460
173.840
174.200
174.570
174.930
175.310
175.670
176.040
176.410
176.770
177.130
177.500
177.870
178.250
178.610
178.980
179.350
179.720
180.090
180.470
180.830
181.220
181.590
181.970
182.330
182.720
183.080
183.440
183.810
184.190
184.560
184.940
185.300
185.680
186.040
186.400
186.770
187.150
187.510
187.880
188.240
188.600
188.970
189.340
189.720
190.090
190.460
190.830
191.200
191.560
191.940
192.320
192.680
193.060
193.420
193.790
194.140
194.520
194.870
195.230
195.600
195.970
196.330
196.710
197.060
197.440
197.810
198.180
198.550
198.930
199.280
199.640
200.000
200.370
200.740
201.100
201.470
201.850
202.210
202.580
202.940
203.320
203.680
204.040
204.410
204.780
205.140
205.500
205.860
206.240
206.610
206.980
207.360
207.730
208.090
208.460
208.830
209.200
209.580
209.950
210.310
210.690
211.070
211.440
211.810
212.190
212.550
212.930
213.290
213.660
214.020
214.400
214.770
215.150
215.510
215.900
216.270
216.630
217.000
217.370
217.740
218.110
218.480
218.860
219.240
219.620
219.990
220.360
220.730
221.100
221.460
221.840
222.220
222.600
222.960
223.330
223.710
224.080
224.450
224.830
225.190
225.570
225.930
226.300
226.670
227.030
227.390
227.760
228.130
228.500
228.860
229.220
229.560
229.940
230.290
230.650
231.010
231.390
231.760
232.150
232.520
232.900
233.290
233.650
234.020
234.410
234.790
235.170
235.530
235.910
236.290
236.660
237.030
237.420
237.800
238.170
238.540
238.940
239.300
239.690
240.060
240.440
240.800
241.170
241.530
241.910
242.280
242.670
243.040
243.420
243.800
244.170
244.540
244.910
245.290
245.680
246.060
246.440
246.800
247.180
247.560
247.920
248.290
248.680
249.050
249.440
249.800
250.160
250.540
250.910
251.270
251.640
251.990
252.370
252.720
253.080
253.450
253.830
254.200
254.570
254.960
255.340
255.710
256.090
256.470
256.860
257.230
257.610
257.990
258.370
258.750
259.130
259.500
259.880
260.240
260.630
260.990
261.370
261.730
262.100
262.470
262.830
263.210
263.600
263.960
264.350
264.700
265.090
265.450
265.820
266.190
266.580
266.950
267.340
267.690
268.070
268.440
268.820
269.190
269.570
269.940
270.330
270.690
271.070
271.430
271.820
272.180
272.560
272.920
273.320
273.680
274.050
274.430
274.800
275.160
275.560
275.930
276.310
276.670
277.040
277.440
277.810
278.180
278.560
278.950
279.340
279.700
280.070
280.440
280.840
281.210
281.600
281.970
282.360
282.720
283.110
283.480
283.860
284.230
284.610
284.990
285.380
285.750
286.130
286.500
286.890
287.260
287.650
288.020
288.420
288.770
289.150
289.510
289.890
290.270
290.660
291.030
291.420
291.800
292.190
292.570
292.950
293.330
293.720
294.110
294.510
294.900
295.280
295.680
296.050
296.420
296.770
297.140
297.530
297.900
298.250
298.630
299.010
299.370
299.770
300.140
300.520
300.900
301.290
301.670
302.050
302.430
302.830
303.220
303.620
304.000
304.370
304.760
305.150
305.530
305.920
306.290
306.690
307.060
307.430
307.830
308.190
308.570
308.960
309.370
309.750
310.130
310.520
310.900
311.270
311.670
312.050
312.420
312.790
313.170
313.550
313.920
314.280
314.640
315.020
315.440
315.820
316.240
316.640
317.020
317.410
317.800
318.190
318.570
318.960
319.330
319.730
320.110
320.500
320.890
321.280
321.660
322.050
322.430
322.820
323.210
323.570
323.960
324.350
324.740
325.140
325.530
325.910
326.300
326.690
327.070
327.480
327.870
328.270
328.640
329.040
329.430
329.820
330.210
330.610
330.990
331.400
331.800
332.170
332.580
332.970
333.340
333.730
334.120
334.520
334.930
335.310
335.700
336.110
336.490
336.880
337.270
337.660
338.050
338.430
338.840
339.220
339.610
340.000
340.390
340.790
341.170
341.560
341.960
342.350
342.740
343.140
343.520
343.910
344.320
344.710
345.090
345.480
345.860
346.250
346.650
347.050
347.430
347.810
348.220
348.610
348.990
349.390
349.770
350.160
350.550
350.940
351.340
351.730
352.120
352.510
352.890
353.290
353.670
354.060
354.450
354.840
355.220
355.620
356.010
356.410
356.790
357.170
357.560
357.960
358.340
358.730
359.120
359.510
359.900
360.290
360.680
361.080
361.480
361.860
362.250
362.640
363.030
363.400
363.780
364.170
364.560
364.960
365.330
365.730
366.140
366.530
366.930
367.330
367.710
368.110
368.500
368.880
369.270
369.650
370.040
370.450
370.840
371.230
371.620
372.020
372.410
372.810
373.200
373.600
373.990
374.390
374.790
375.160
375.570
375.950
376.350
376.740
377.130
377.530
377.930
378.330
378.710
379.100
379.490
379.870
380.260
380.660
381.050
381.450
381.830
382.240
382.630
383.040
383.420
383.840
384.240
384.640
385.030
385.440
385.830
386.240
386.620
387.030
387.420
387.820
388.200
388.600
388.990
389.390
389.770
390.180
390.570
390.970
391.370
391.770
392.160
392.540
392.940
393.340
393.750
394.160
394.550
394.960
395.350
395.760
396.150
396.560
396.960
397.370
397.760
398.170
398.560
398.960
399.350
399.760
400.200
400.620
401.040
401.440
401.820
402.210
402.590
402.990
403.390
403.810
404.200
404.590
405.010
405.410
405.800
406.210
406.600
407.010
407.400
407.790
408.190
408.600
408.990
409.380
409.780
410.180
410.570
410.970
411.370
411.760
412.160
412.570
412.960
413.360
413.750
414.140
414.520
414.920
415.310
415.700
416.100
416.500
416.890
417.300
417.700
418.110
418.500
418.900
419.300
419.710
420.110
420.500
420.900
421.310
421.700
422.100
422.510
422.910
423.320
423.710
424.130
424.520
424.920
425.320
425.710
426.120
426.520
426.920
427.310
427.730
428.110
428.510
428.910
429.330
429.720
430.120
430.520
430.920
431.300
431.710
432.100
432.510
432.900
433.300
433.690
434.100
434.500
434.900
435.300
435.700
436.100
436.490
436.910
437.310
437.710
438.110
438.500
438.910
439.290
439.680
440.090
440.480
440.870
441.260
441.670
442.060
442.460
442.870
443.270
443.680
444.080
444.490
444.890
445.310
445.710
446.110
446.500
446.920
447.310
447.700
448.110
448.530
448.930
449.330
449.730
450.140
450.550
450.960
451.370
451.780
452.180
452.590
452.990
453.400
453.810
454.220
454.620
455.050
455.450
455.850
456.240
456.660
457.060
457.480
457.870
458.300
458.700
459.110
459.510
459.920
460.320
460.730
461.140
461.560
461.950
462.370
462.780
463.190
463.590
464.000
464.400
464.820
465.210
465.620
466.010
466.420
466.810
467.220
467.630
468.030
468.450
468.850
469.270
469.670
470.070
470.490
470.880
471.300
471.710
472.110
472.530
472.940
473.370
473.770
474.180
474.600
475.010
475.390
475.810
476.220
476.630
477.030
477.430
477.850
478.250
478.660
479.070
479.470
479.870
480.290
480.690
481.110
481.510
481.920
482.320
482.730
483.130
483.540
483.950
484.360
484.750
485.150
485.560
485.970
486.380
486.800
487.210
487.630
488.030
488.430
488.850
489.270
489.670
490.090
490.490
490.910
491.300
491.690
492.100
492.520
492.920
493.320
493.740
494.150
494.540
494.950
495.350
495.760
496.150
496.560
496.970
497.370
497.780
498.190
498.600
499.000
499.400
499.800
500.210
500.620
501.030
501.420
501.840
502.250
502.650
503.060
503.470
503.890
504.270
504.690
505.080
505.490
505.890
506.310
506.720
507.110
507.530
507.940
508.340
508.760
509.160
509.600
510.000
510.440
510.830
511.250
511.650
512.080
512.490
512.860
513.250
513.660
514.030
514.440
514.820
515.220
515.610
516.020
516.410
516.820
517.210
517.600
518.000
518.400
518.800
519.200
519.590
519.990
520.390
520.790
521.180
521.580
521.980
522.390
522.780
523.180
523.590
523.990
524.370
524.770
525.170
525.560
525.950
526.370
526.760
527.170
527.570
527.980
528.380
528.790
529.180
529.590
529.980
530.390
530.790
531.190
531.600
532.000
532.390
532.810
533.190
533.600
533.990
534.410
534.810
535.210
535.610
536.010
536.410
536.800
537.200
537.600
538.010
538.390
538.780
539.200
539.590
539.990
540.390
540.780
541.190
541.590
541.980
542.400
542.800
543.190
543.600
544.010
544.410
544.820
545.230
545.640
546.040
546.440
546.840
547.250
547.650
548.050
548.440
548.850
549.240
549.630
550.020
550.420
550.810
551.230
551.630
552.020
552.420
552.810
553.220
553.650
554.050
554.430
554.830
555.250
555.640
556.040
556.450
556.850
557.230
557.630
558.040
558.470
558.880
559.290
559.690
560.110
560.500
560.910
561.330
561.740
562.140
562.540
562.940
563.340
563.740
564.160
564.570
564.990
565.390
565.800
566.210
566.620
567.040
567.470
567.860
568.280
568.700
569.110
569.500
569.930
570.330
570.750
571.180
571.600
572.020
572.420
572.830
573.250
573.650
574.070
574.490
574.910
575.350
575.760
576.190
576.610
577.030
577.450
577.860
578.270
578.710
579.110
579.530
579.980
580.400
580.840
581.260
581.680
582.110
582.570
583.000
583.440
583.880
584.330
584.800
585.240
585.680
586.150
586.590
587.050
587.520
587.990
588.440
588.930
589.380
