1.010
1.950
2.850
3.820
4.660	1
5.470
6.290
7.130
8.010	1
8.850
9.690
10.510
11.320	1
12.150
13.000
13.820
14.670	1
15.480
16.290
17.150
18.030	1
18.810
19.640
20.480
21.240	1
22.050
22.920
23.720
24.560	1
25.390
26.220
26.980
27.810	1
28.640
29.430
30.290
31.120	1
31.950
32.790
33.640
34.450	1
35.270
36.080
36.940
37.810	1
38.650
39.470
40.280
41.140	1
41.910
42.720
43.580
44.420	1
45.190
45.990
46.830
47.620	1
48.390
49.170
50.020
50.810	1
51.640
52.500
53.300
54.130	1
54.980
55.840
56.660
57.510	1
58.410
59.230
60.130
60.930	1
61.680
62.480
63.260
64.120	1
64.960
65.770
66.650
67.450	1
68.240
69.030
69.860
70.650	1
71.510
72.330
73.150
74.000	1
74.780
75.600
76.430
77.240	1
78.050
78.870
79.660
80.470	1
81.320
82.170
83.000
83.810	1
84.660
85.460
86.310
87.100	1
87.960
88.800
89.640
90.500	1
91.320
92.170
93.040
93.850	1
94.640
95.470
96.280
97.120	1
97.920
98.750
99.530
100.370	1
101.180
102.040
102.860
103.640	1
104.460
105.270
106.060
106.920	1
107.700
108.510
109.360
110.190	1
110.960
111.770
112.600
113.370	1
114.170
114.980
115.830
116.620	1
117.440
118.280
119.100
119.940	1
120.790
121.580
122.420
123.290	1
124.080
124.880
125.750
126.580	1
127.450
128.230
129.060
129.850	1
130.670
131.470
132.310
133.180	1
133.970
134.790
135.650
136.480	1
137.320
138.110
138.950
139.730	1
140.600
141.400
142.200
143.090	1
143.880
144.780
145.600
146.450	1
147.300
148.090
148.960
149.820	1
150.660
151.490
152.360
153.230	1
154.060
154.920
155.820
156.620	1
157.510
158.320
159.140
160.010	1
160.860
161.690
162.540
163.440	1
164.270
165.160
165.990
166.840	1
167.690
168.540
169.410
170.250	1
171.120
171.960
172.820
173.670	1
174.560
175.380
176.260
177.110	1
177.980
178.850
179.660
180.510	1
181.420
182.230
183.110
184.020	1
184.920
185.790
186.630
187.530	1
188.350
189.230
190.060
190.940	1
191.830
192.640
193.550
194.390	1
195.300
196.160
197.050
197.950	1
198.800
199.600
200.480
201.360	1
202.260
203.100
203.970
204.880	1
205.770
206.620
207.550
208.390	1
209.320
210.170
211.070
211.920	1
212.810
213.700
214.580
215.500	1
216.410
217.270
218.160
219.010	1
219.900
220.820
221.680
222.570	1
223.520
224.380
225.200
226.090	1
226.990
227.840
228.680
229.550	1
230.420
231.310
232.220
233.140	1
234.030
234.910
235.790
236.720	1
237.620
238.500
239.400
240.260	1
241.130
242.070
242.950
243.800	1
244.710
245.540
246.420
247.350	1
248.220
249.150
250.040
250.910	1
251.810
252.700
253.560
254.480	1
255.350
256.230
257.120
257.990	1
258.880
259.720
260.650
261.500	1
262.430
263.310
264.200
265.080	1
265.980
266.860
267.710
268.600	1
269.520
270.390
271.250
272.130	1
273.050
273.940
274.810
275.710	1
276.570
277.470
278.390
279.290	1
280.170
281.050
281.950
282.790	1
283.710
284.550
285.440
286.320	1
287.280
288.150
288.970
289.840	1
290.680
291.540
292.430
293.280	1
294.150
295.050
295.880
296.720	1
297.630
298.450
299.370
300.250	1
301.130
301.980
302.870
303.760	1
304.750
305.690
306.660
307.630	1
308.580
309.630
310.640
311.710	1
312.790
313.840
314.980
315.970	1
317.040
318.060
319.100
320.180	1
321.100
322.060
323.050
324.150	1
325.210
326.260
327.290
328.360	1
329.280
330.250
331.170
332.100	1
