0.450
1.020
1.580
2.150
2.740
3.320
3.910
4.490
5.050
5.620
6.190
6.750
7.310
7.880
8.430
9.040
9.630
10.220
10.830
11.430
12.060
12.660
13.260
13.880
14.470
15.070
15.680
16.310
16.910
17.520
18.110
18.730
19.330
19.920
20.550
21.150
21.770
22.350
22.970
23.590
24.200
24.800
25.400
26.040
26.640
27.250
27.860
28.460
29.070
29.700
30.320
30.940
31.550
32.170
32.780
33.390
34.010
34.630
35.240
35.840
36.460
37.060
37.670
38.280
38.900
39.510
40.120
40.740
41.320
41.940
42.560
43.170
43.770
44.380
44.990
45.610
46.230
46.840
47.450
48.070
48.690
49.310
49.930
50.540
51.160
51.770
52.380
52.990
53.620
54.230
54.840
55.460
56.080
56.690
57.320
57.940
58.540
59.150
59.770
60.380
60.990
61.600
62.220
62.830
63.440
64.050
64.670
65.300
65.910
66.540
67.140
67.770
68.380
69.010
69.630
70.260
70.880
71.500
72.120
72.740
73.360
73.980
74.590
75.210
75.820
76.430
77.050
77.670
78.280
78.900
79.530
80.140
80.750
81.360
81.980
82.590
83.210
83.830
84.440
85.060
85.670
86.300
86.900
87.520
88.150
88.760
89.370
89.990
90.610
91.220
91.830
92.440
93.070
93.700
94.320
94.940
95.560
96.180
96.800
97.410
98.030
98.650
99.270
99.890
100.490
101.100
101.710
102.330
102.940
103.560
104.180
104.790
105.400
106.020
106.620
107.240
107.860
108.490
109.110
109.740
110.350
110.960
111.580
112.190
112.810
113.430
114.040
114.650
115.270
115.890
116.510
117.120
117.740
118.390
119.020
119.640
120.230
120.860
121.480
122.110
122.710
123.330
123.950
124.560
125.190
125.800
126.410
127.040
127.670
128.300
128.930
129.560
130.180
130.790
131.400
132.020
132.630
133.250
133.870
134.480
135.090
135.710
136.330
136.940
137.550
138.180
138.800
139.420
140.030
140.650
141.270
141.880
142.490
143.120
143.720
144.340
144.960
145.580
146.190
146.810
147.430
148.060
148.700
149.340
149.960
150.600
151.230
151.850
152.460
153.090
153.700
154.340
154.970
155.640
156.270
156.910
157.540
158.160
158.800
159.430
160.060
160.690
161.320
161.940
162.580
163.200
163.820
164.450
165.100
165.720
166.350
166.990
167.590
168.200
