0.150
1.010
1.870
2.740
3.620
4.510
5.380
6.260
7.150
8.020
8.890
9.770
10.650
11.530
12.420
13.330
14.340
15.340
16.380
17.460
18.470
19.540
20.590
21.620
22.690
23.750
24.720
25.710
26.720
27.710
28.750
29.750
30.720
31.780
32.780
33.780
34.790
35.810
36.830
37.800
38.770
39.850
40.840
41.890
42.860
43.880
44.890
45.900
46.890
47.880
48.890
49.910
50.920
51.960
52.930
53.950
54.950
56.040
57.000
58.020
58.990
59.930
60.990
62.000
63.000
64.030
65.050
66.080
67.060
68.050
69.080
70.040
71.080
72.020
72.970
73.950
74.960
75.890
76.920
77.900
78.880
79.920
80.890
81.910
82.880
83.940
84.900
85.970
86.960
87.960
88.950
89.910
90.940
91.910
92.920
93.890
94.830
95.870
96.850
97.870
98.870
99.880
100.880
101.910
102.860
103.860
104.860
105.900
106.910
107.930
108.940
109.930
110.930
111.950
112.970
113.960
114.990
116.010
116.990
118.010
118.990
120.030
121.030
122.050
122.990
124.030
125.010
125.980
127.000
128.020
129.040
129.970
130.960
131.960
132.970
133.980
134.960
135.960
136.940
137.940
138.940
139.910
140.910
141.930
142.930
143.920
144.920
145.940
146.920
147.930
148.910
149.910
150.900
151.910
152.910
153.880
154.920
155.890
156.890
157.860
158.860
159.850
160.850
161.800
162.770
163.740
164.740
165.770
166.730
167.720
168.730
169.730
170.740
171.760
172.730
173.750
174.710
175.710
176.760
177.760
178.740
179.780
180.770
181.760
182.760
183.730
184.730
185.810
186.760
187.810
188.770
189.760
190.750
191.780
192.780
193.790
194.770
195.730
196.690
197.710
198.670
199.710
200.650
201.670
202.650
203.650
204.610
205.610
206.600
207.630
208.650
209.710
210.720
211.680
212.740
213.750
214.810
215.810
216.880
217.880
218.890
219.930
220.920
221.900
222.930
223.890
224.930
225.950
226.940
227.950
228.990
230.020
231.020
232.030
233.030
234.040
234.990
236.020
236.970
238.090
239.160
240.270
241.260
242.200
243.200
244.250
245.320
246.340
247.290
248.320
249.320
250.390
251.440
252.430
253.380
254.330
255.330
256.320
257.260
258.240
259.210
260.210
261.240
262.180
263.280
264.310
265.280
266.330
267.280
268.340
269.280
270.320
271.300
272.390
273.410
274.440
275.540
276.630
277.770
278.730
279.670
280.540
281.460
282.400
283.370
284.310
