0.470
1.060
1.650
2.230
2.800
3.370
3.930
4.510
5.160
5.760
6.380
7.040
7.710
8.320
8.990
9.660
10.320
10.970
11.630
12.280
12.940
13.570
14.270
14.950
15.590
16.220
16.860
17.500
18.130
18.810
19.470
20.120
20.780
21.460
22.150
22.800
23.490
24.140
24.790
25.440
26.090
26.760
27.440
28.100
28.730
29.360
29.970
30.620
31.290
31.940
32.610
33.260
33.920
34.550
35.220
35.880
36.550
37.200
37.860
38.510
39.160
39.840
40.510
41.160
41.790
42.440
43.090
43.740
44.400
45.050
45.700
46.360
47.020
47.670
48.310
48.930
49.560
50.220
50.870
51.530
52.210
52.860
53.520
54.190
54.830
55.480
56.140
56.800
57.470
58.130
58.790
59.440
60.100
60.760
61.450
62.120
62.770
63.430
64.080
64.720
65.400
66.030
66.690
67.330
68.000
68.640
69.290
69.980
70.630
71.250
71.930
72.560
73.210
73.860
74.510
75.150
75.780
76.440
77.090
77.740
78.400
79.030
79.700
80.340
81.020
81.690
82.330
82.980
83.610
84.260
84.910
85.560
86.230
86.870
87.540
88.190
88.840
89.480
90.100
90.760
91.410
92.060
92.700
93.330
93.980
94.600
95.240
95.880
96.550
97.310
98.050
98.700
99.330
100.010
100.640
101.280
101.910
102.560
103.190
103.820
104.450
105.100
105.730
106.380
106.990
107.610
108.230
108.800
109.410
110.040
110.670
111.290
111.940
112.590
113.240
113.880
114.520
115.170
115.820
116.460
117.070
117.710
118.360
119.000
119.640
120.300
120.910
121.560
122.190
122.830
123.450
124.070
124.710
125.350
125.970
126.610
127.240
127.890
128.520
129.140
129.780
130.440
131.080
131.680
132.330
132.950
133.580
134.190
134.830
135.480
136.110
136.750
137.370
138.010
138.640
139.300
139.920
140.510
141.140
141.790
142.420
143.060
143.680
144.330
144.960
145.570
146.190
146.800
147.470
148.080
148.740
149.360
150.010
150.620
151.270
151.910
152.540
153.170
153.800
154.430
155.070
155.670
156.330
156.940
157.580
158.190
158.810
159.420
160.050
160.700
161.320
161.920
162.540
163.160
163.760
164.370
165.020
165.640
166.270
166.910
167.540
168.150
168.790
169.410
170.010
170.640
171.250
171.860
172.480
173.110
173.750
174.370
174.970
175.600
176.230
176.850
177.440
178.090
178.710
179.360
179.950
180.580
181.210
181.830
182.460
183.070
183.690
184.320
184.930
185.580
186.200
186.820
187.450
188.070
188.690
189.320
189.920
190.540
191.170
191.790
192.410
193.030
193.660
194.270
194.880
195.500
196.110
196.760
197.380
198.010
198.640
199.280
199.900
200.510
201.150
201.760
202.390
203.020
203.640
204.300
204.940
205.600
206.210
206.870
207.520
208.140
208.770
209.380
210.040
210.630
211.270
211.890
212.530
213.130
213.760
214.410
215.030
215.670
216.310
216.950
217.580
218.260
218.920
219.560
220.220
220.850
221.520
222.160
222.800
223.420
224.020
224.690
225.340
225.980
226.640
227.280
227.920
228.540
229.140
229.760
230.400
231.060
231.700
232.320
232.970
233.600
234.210
234.830
235.470
236.120
236.800
237.420
238.060
238.700
239.320
239.930
240.570
241.180
241.800
242.410
243.060
243.700
244.300
244.930
245.600
246.210
246.900
247.540
248.170
248.800
249.410
249.980
250.590
251.200
251.800
252.400
253.000
253.610
254.260
254.870
255.520
256.120
256.780
257.400
258.030
258.670
259.300
259.900
260.540
261.190
261.800
262.430
263.100
263.730
264.350
265.020
