0.850
1.680
2.410
3.200
3.940
4.700
5.450
6.190
6.950
7.700
8.450
9.180
9.920
10.710
11.490
12.250
13.020
13.790
14.530
15.310
16.090
16.820
17.580
18.330
19.090
19.840
20.590
21.350
22.070
22.860
23.650
24.400
25.170
25.990
26.780
27.570
28.330
29.130
29.910
30.690
31.480
32.240
33.000
33.770
34.540
35.300
36.110
36.910
37.670
38.510
39.260
40.080
40.820
41.580
42.290
43.050
43.810
44.560
45.330
46.060
46.810
47.580
48.360
49.130
49.910
50.700
51.450
52.220
53.010
53.740
54.510
55.300
56.050
56.840
57.580
58.280
59.030
59.790
60.540
61.320
62.090
62.850
63.580
64.340
65.110
65.850
66.640
67.400
68.150
69.070
69.930
70.840
71.570
72.330
73.110
73.850
74.620
75.390
76.160
76.930
77.710
78.470
79.210
79.990
80.730
81.520
82.270
83.050
83.810
84.540
85.300
86.090
86.880
87.620
88.430
89.200
89.920
90.690
91.440
92.200
92.950
93.690
94.420
95.190
95.920
96.720
97.470
98.220
98.940
99.710
100.440
101.220
101.970
102.730
103.550
104.370
105.260
106.090
106.880
107.660
108.420
109.130
109.890
110.660
111.430
112.200
112.940
113.710
114.470
115.300
116.090
116.870
117.660
118.500
119.250
120.020
120.750
121.530
122.260
123.030
123.780
124.490
125.250
125.990
126.770
127.490
128.180
128.850
129.560
130.300
131.050
131.760
132.520
133.300
133.910
134.530
135.180
135.780
136.380
136.980
137.560
138.180
138.830
139.430
140.040
140.580
141.150
141.700
142.260
142.840
143.400
143.960
144.560
145.130
145.790
146.400
147.130
147.880
148.620
149.380
150.120
150.890
151.630
152.410
153.160
153.950
154.640
155.390
156.130
156.830
157.610
158.320
159.080
159.880
160.640
161.430
162.170
162.930
163.700
164.440
165.130
165.890
166.640
167.500
168.360
169.190
170.020
170.810
171.610
172.360
173.090
173.830
174.580
175.360
176.120
176.840
177.600
178.400
179.140
179.910
180.740
181.480
182.220
182.950
183.680
184.460
185.180
185.930
186.710
187.420
188.210
188.930
189.690
190.430
191.190
191.960
192.690
193.420
194.200
194.930
195.700
196.440
197.210
197.930
198.680
199.380
200.100
200.830
201.560
202.300
203.020
203.770
204.470
205.200
205.920
206.690
207.390
208.140
208.850
209.580
210.290
211.020
211.770
212.510
213.230
213.940
214.660
215.410
216.130
216.850
217.580
218.320
219.040
219.770
220.510
221.250
222.030
222.740
223.520
224.240
224.980
225.660
226.410
227.170
227.920
228.630
229.360
230.100
230.870
231.640
232.350
233.040
233.820
234.550
235.280
235.980
236.700
237.440
238.190
238.900
239.600
240.320
241.060
241.820
242.530
243.250
244.000
244.700
245.420
246.140
246.860
247.620
248.350
249.100
249.820
250.560
251.300
252.060
252.780
253.530
254.300
255.010
255.760
256.520
257.270
258.010
258.730
259.460
260.210
260.980
261.770
262.540
263.260
263.980
264.720
265.460
266.180
266.960
267.690
268.420
269.170
269.880
270.630
271.380
272.140
272.900
273.630
274.370
275.120
275.830
276.580
277.300
278.060
278.780
279.520
280.270
280.990
281.750
282.480
283.220
283.950
284.720
285.480
286.220
286.960
287.680
288.440
289.160
289.950
290.730
291.480
292.230
292.990
293.750
294.550
295.290
296.000
296.770
297.500
298.240
299.000
299.770
300.570
301.350
302.140
302.910
303.660
304.440
305.180
305.930
306.720
307.500
308.270
309.040
309.800
310.570
311.360
312.140
312.900
313.700
314.490
315.290
316.100
316.860
317.640
318.390
319.160
319.930
320.740
321.510
322.290
323.050
323.800
324.580
325.360
326.140
326.960
327.700
328.500
329.270
330.010
330.780
331.540
332.300
333.070
333.840
334.570
335.320
336.130
336.980
337.830
338.720
339.640
340.560
341.470
342.400
343.280
344.110
345.000
345.970
346.930
347.850
348.800
349.700
350.640
351.620
