0.210
0.940
1.660
2.390
3.070
3.800
4.510
5.210
5.920
6.600
7.320
8.020
8.740
9.440
10.170
10.870
11.590
12.280
13.000
13.690
14.400
15.110
15.810
16.520
17.220
17.920
18.640
19.350
20.050
20.750
21.470
22.180
22.860
23.560
24.270
24.980
25.690
26.390
27.120
27.800
28.520
29.210
29.930
30.640
31.360
32.070
32.770
33.470
34.180
34.900
35.610
36.330
37.030
37.730
38.420
39.140
39.800
40.520
41.250
41.940
42.640
43.370
44.060
44.780
45.480
46.180
46.910
47.590
48.290
49.000
49.700
50.420
51.140
51.860
52.530
53.250
53.960
54.680
55.430
56.150
56.860
57.540
58.230
58.950
59.680
60.410
61.140
61.890
62.570
63.290
63.960
64.690
65.410
66.100
66.810
67.540
68.270
68.950
69.680
70.380
71.080
71.820
72.500
73.260
73.970
74.670
75.410
76.110
76.820
77.560
78.270
79.000
79.710
80.420
81.120
81.820
82.550
83.270
83.980
84.660
85.410
86.120
86.810
87.560
88.280
88.980
89.700
90.400
91.090
91.840
92.560
93.290
94.030
94.780
95.510
96.220
96.950
97.710
98.430
99.150
99.920
100.580
101.270
101.890
102.560
103.260
103.940
104.620
105.310
106.000
106.690
107.370
108.060
108.740
109.430
110.100
110.790
111.480
112.190
112.870
113.550
114.230
114.930
115.630
116.320
116.990
117.660
118.340
119.030
119.700
120.360
121.050
121.750
122.410
123.120
123.780
124.500
125.160
125.860
126.530
127.220
127.910
128.600
129.300
130.000
130.670
131.350
132.040
132.740
133.430
134.120
134.800
135.470
136.160
136.840
137.500
138.200
138.890
139.550
140.220
140.910
141.580
142.290
142.940
143.650
144.310
144.990
145.690
146.400
147.080
147.760
148.450
149.140
149.820
150.510
151.190
151.880
152.540
153.250
153.920
154.600
155.300
155.960
156.670
157.370
158.040
158.730
159.410
160.080
160.760
161.480
162.240
162.970
163.680
164.370
165.120
165.810
166.530
167.220
167.960
168.680
169.400
170.150
170.850
171.580
172.350
173.060
173.840
174.600
175.410
176.160
176.930
177.740
178.500
179.320
