0.390
1.310
2.200
3.140
4.160
5.070
6.070
7.040
7.950
8.930
9.840
10.770
11.730
12.660
13.620
14.510
15.470
16.400
17.270
18.230
19.170
20.070
21.030
22.000
22.930
23.860
24.800
25.760
26.720
27.620
28.600
29.490
30.440
31.350
32.250
33.100
34.080
34.990
35.960
36.870
37.860
38.800
39.770
40.710
41.630
42.560
43.490
44.360
45.350
46.270
47.260
48.250
49.180
50.140
51.080
52.060
53.060
53.980
54.960
55.920
56.880
57.830
58.810
59.720
60.680
61.650
62.570
63.540
64.530
65.480
66.430
67.370
68.350
69.300
70.220
71.150
72.090
73.030
74.030
75.000
75.950
76.900
77.840
78.830
79.810
80.740
81.700
82.640
83.610
84.580
85.510
86.450
87.430
88.370
89.340
90.290
91.210
92.160
93.040
93.990
94.980
95.980
96.970
97.980
98.940
99.880
100.850
101.780
102.770
103.730
104.740
105.680
106.680
107.660
108.640
109.640
110.620
111.570
112.510
113.500
114.460
115.400
116.340
117.370
118.360
119.380
120.370
121.340
122.330
123.290
124.410
125.390
126.380
127.320
128.260
129.240
130.250
131.190
132.140
133.120
134.120
135.100
136.060
137.040
138.020
138.970
139.960
140.930
141.930
142.920
143.940
144.900
145.860
146.800
147.810
148.770
149.770
150.690
151.690
152.630
153.560
154.560
155.540
156.580
157.560
158.530
159.510
160.470
161.490
162.450
163.460
164.430
165.430
166.400
167.370
168.350
169.340
170.360
171.300
172.270
173.280
174.250
175.220
176.230
177.220
178.220
179.260
180.230
181.280
182.280
183.280
184.310
185.280
186.300
187.230
188.260
189.200
190.180
191.130
192.040
193.000
193.980
194.960
195.870
196.850
197.840
198.750
199.710
200.670
201.660
202.640
203.600
204.510
205.470
206.500
