0.160
0.740
1.370
1.920
2.480
3.080
3.630
4.180
4.760
5.290
5.860
6.400
6.950
7.490
8.060
8.620
9.170
9.750
10.310
10.850
11.430
11.990
12.540
13.080
13.620
14.170
14.730
15.280
15.850
16.370
16.930
17.480
18.040
18.590
19.150
19.710
20.260
20.810
21.360
21.910
22.470
23.010
23.550
24.100
24.660
25.200
25.750
26.300
26.880
27.440
27.980
28.560
29.110
29.670
30.240
30.780
31.330
31.900
32.470
33.020
33.570
34.120
34.670
35.200
35.760
36.310
36.860
37.440
38.010
38.570
39.150
39.690
40.230
40.790
41.340
41.910
42.490
43.050
43.610
44.140
44.710
45.270
45.820
46.390
46.970
47.520
48.090
48.630
49.200
49.770
50.330
50.880
51.440
52.010
52.540
53.120
53.670
54.250
54.800
55.360
55.930
56.490
57.030
57.610
58.160
58.740
59.300
59.870
60.410
60.980
61.550
62.090
62.650
63.230
63.790
64.340
64.890
65.450
66.010
66.580
67.120
67.680
68.240
68.790
69.330
69.920
70.470
71.040
71.600
72.200
72.760
73.340
73.900
74.440
75.020
75.570
76.120
76.670
77.230
77.800
78.380
78.910
79.480
80.040
80.610
81.180
81.750
82.310
82.860
83.430
84.000
84.530
85.090
85.650
86.200
86.760
87.340
87.890
88.440
89.010
89.550
90.130
90.690
91.240
91.810
92.370
92.930
93.510
94.040
94.600
95.190
95.740
96.290
96.820
97.400
97.940
98.510
99.070
99.630
100.190
100.760
101.320
101.880
102.430
103.010
103.550
104.120
104.680
105.250
105.810
106.370
106.920
107.490
108.040
108.620
109.170
109.750
110.310
110.870
111.450
112.020
112.600
113.150
113.710
114.280
114.850
115.390
115.960
116.550
117.120
117.700
118.290
118.910
119.480
120.090
120.650
121.240
121.830
122.430
123.010
123.600
124.160
124.750
125.320
125.900
126.470
127.060
127.630
128.170
128.770
129.340
129.910
130.490
131.070
131.670
132.260
132.830
133.420
134.000
134.570
135.160
135.740
136.330
136.910
137.490
138.050
138.650
139.240
139.800
140.370
140.950
141.550
142.150
142.720
143.330
143.930
144.590
145.220
145.880
146.540
147.230
148.040
149.050
150.030
151.040
151.910
152.840
153.800
154.670
155.620
156.580
157.480
158.470
159.520
160.510
161.430
162.390
163.280
164.250
165.190
166.120
167.040
167.990
168.950
169.940
