0.160
0.590
1.050
1.490
1.950
2.400
2.840
3.300
3.740
4.200
4.660
5.120
5.570
6.040
6.480
6.940
7.390
7.850
8.310
8.760
9.210
9.690
10.120
10.580
11.040
11.470
11.930
12.390
12.830
13.300
13.740
14.210
14.790
15.330
15.790
16.260
16.740
17.190
17.660
18.100
18.570
19.030
19.490
19.930
20.400
20.830
21.300
21.750
22.220
22.680
23.140
23.580
24.040
24.470
24.950
25.390
25.860
26.330
26.770
27.240
27.710
28.140
28.610
29.040
29.500
29.970
30.420
30.890
31.330
31.790
32.250
32.720
33.180
33.630
34.070
34.500
34.970
35.410
35.870
36.320
36.790
37.240
37.710
38.160
38.630
39.070
39.540
39.990
40.460
40.890
41.340
41.790
42.260
42.690
43.160
43.600
44.050
44.500
44.960
45.420
45.900
46.360
46.820
47.280
47.730
48.180
48.650
49.110
49.580
50.050
50.530
50.990
51.470
51.930
52.380
52.850
53.310
53.760
54.230
54.690
55.160
55.630
56.100
56.560
57.010
57.450
57.910
58.380
58.840
59.290
59.750
60.230
60.700
61.150
61.610
62.090
62.550
63.000
63.460
63.930
64.390
64.830
65.320
65.780
66.260
66.710
67.190
67.650
68.110
68.570
69.030
69.480
69.940
70.420
70.870
71.360
71.820
72.300
72.770
73.240
73.710
74.160
74.660
75.120
75.620
76.080
76.560
77.030
77.500
77.960
78.450
78.900
79.370
79.820
80.300
80.740
81.220
81.680
82.170
82.620
83.110
83.580
84.040
84.520
85.000
85.460
85.950
86.410
86.870
87.340
87.810
88.290
88.750
89.220
89.700
90.170
90.650
91.110
91.580
92.040
92.510
92.960
93.440
93.890
94.360
94.810
95.280
95.740
96.210
96.660
97.130
97.620
98.070
98.530
99.010
99.460
99.930
100.400
100.860
101.310
101.800
102.250
102.730
103.180
103.630
104.100
104.570
105.020
105.490
105.950
106.420
106.900
107.370
107.830
108.290
108.730
109.190
109.650
110.110
110.580
111.050
111.510
111.970
112.410
112.880
113.350
113.800
114.270
114.730
115.190
115.640
116.090
116.550
117.030
117.490
117.950
118.420
118.880
119.350
119.810
120.300
120.770
121.230
121.670
122.160
122.630
123.090
123.550
124.040
124.500
124.980
125.440
125.920
126.370
126.840
127.320
127.800
128.250
128.720
129.190
129.660
130.130
130.620
131.060
131.540
131.980
132.450
132.910
133.380
133.840
134.320
134.800
135.270
135.740
136.210
136.680
137.150
137.600
138.070
138.540
139.000
139.470
139.950
140.420
140.890
141.350
141.830
142.310
142.760
143.250
143.740
144.200
144.670
145.130
145.620
146.080
146.560
147.060
147.600
148.080
148.570
149.040
149.540
150.010
150.510
150.990
151.460
151.940
152.410
152.870
153.360
153.830
154.300
154.760
155.240
155.690
156.180
156.630
157.120
157.580
158.050
158.510
158.990
159.460
159.940
160.400
160.880
161.280
161.660
162.060
162.520
162.980
163.440
163.920
164.400
164.860
165.320
165.790
166.270
166.730
167.200
167.660
168.130
168.590
169.070
169.540
170.020
170.490
170.960
171.420
171.900
172.340
172.800
173.260
173.740
174.200
174.660
175.100
175.580
176.020
176.480
176.940
177.400
177.860
178.340
