0.150
0.620
1.140
1.630
2.100
2.590
3.080
3.580
4.060
4.560
5.040
5.530
6.020
6.520
7.020
7.520
8.000
8.500
8.970
9.470
9.950
10.460
10.940
11.440
11.920
12.410
12.900
13.390
13.890
14.380
14.890
15.380
15.880
16.370
16.870
17.370
17.860
18.350
18.850
19.340
19.830
20.320
20.840
21.320
21.820
22.310
22.800
23.290
23.790
24.280
24.790
25.290
25.780
26.270
26.760
27.250
27.730
28.230
28.730
29.220
29.710
30.200
30.690
31.170
31.670
32.170
32.670
33.150
33.640
34.140
34.640
35.130
35.610
36.110
36.610
37.100
37.600
38.080
38.590
39.080
39.590
40.080
40.590
41.080
41.580
42.070
42.580
43.080
43.560
44.050
44.540
45.040
45.530
46.040
46.550
47.040
47.530
48.030
48.550
49.040
49.540
50.030
50.520
51.020
51.510
52.000
52.500
52.980
53.460
53.960
54.460
54.940
55.430
55.930
56.430
56.920
57.410
57.900
58.400
58.890
59.380
59.880
60.380
60.860
61.360
61.850
62.360
62.860
63.360
63.860
64.360
64.860
65.350
65.860
66.350
66.840
67.340
67.830
68.340
68.820
69.320
69.810
70.310
70.810
71.300
71.790
72.290
72.780
73.280
73.770
74.270
74.760
75.250
75.740
76.250
76.730
77.220
77.710
78.210
78.710
79.210
79.700
80.210
80.700
81.190
81.690
82.190
82.680
83.170
83.650
84.140
84.630
85.120
85.610
86.100
86.590
87.080
87.570
88.070
88.540
89.040
89.530
90.030
90.530
91.010
91.500
92.010
92.500
92.990
93.480
93.970
94.460
94.950
95.440
95.940
96.440
96.920
97.410
97.910
98.380
98.870
99.370
99.880
100.360
100.840
101.340
101.830
102.320
102.800
103.300
103.790
104.270
104.750
105.250
105.720
106.200
106.690
107.170
107.660
108.150
108.620
109.110
109.600
110.090
110.570
111.060
111.550
112.030
112.510
113.000
113.500
113.980
114.460
114.960
115.450
115.930
116.420
116.900
117.390
117.880
118.380
118.870
119.370
119.850
120.340
120.840
121.340
121.830
122.310
122.810
123.300
123.800
124.290
124.790
125.270
125.750
126.250
126.740
127.240
127.730
128.210
128.700
129.180
129.680
130.150
130.640
131.140
131.630
132.110
132.590
133.090
133.580
134.060
134.550
135.040
135.540
136.030
136.510
137.020
137.490
137.970
138.470
138.970
139.450
139.930
140.420
140.910
141.390
141.880
142.370
142.860
143.340
143.820
144.320
144.800
145.280
145.760
146.250
146.730
147.210
147.690
148.170
148.670
149.150
149.630
150.120
150.610
151.090
151.580
152.070
152.540
153.030
153.510
154.010
154.490
154.980
155.480
155.970
156.450
156.960
157.420
157.960
158.520
159.040
159.610
160.160
160.700
161.160
161.680
162.150
162.630
163.100
163.600
164.080
164.540
165.040
165.510
165.970
166.430
166.910
167.390
167.840
168.330
168.780
169.250
169.720
170.210
170.690
171.170
171.630
