0.790
1.850
2.950
4.090
5.120
6.270
7.310
8.300
9.390
10.290
11.230
12.100
13.020
13.980
14.910
15.770
16.710
17.590
18.460
19.430
20.330
21.240
22.240
23.200
24.180
25.200
26.140
27.160
28.080
29.070
30.070
31.050
32.020
32.980
33.970
34.920
35.880
36.750
37.580
38.360
39.110
39.920
40.670
41.420
42.150
42.840
43.570
44.280
45.030
45.690
46.410
47.100
47.750
48.490
49.170
49.850
50.580
51.290
51.970
52.680
53.390
54.060
54.700
55.310
55.900
56.500
57.110
57.720
58.330
58.940
59.580
60.180
60.770
61.400
62.020
62.630
63.220
63.820
64.430
65.050
65.680
66.260
66.880
67.500
68.150
68.760
69.390
70.030
70.690
71.340
71.970
72.620
73.250
73.870
74.520
75.150
75.810
76.450
77.060
77.670
78.290
78.950
79.600
80.220
80.880
81.490
82.140
82.770
83.470
84.110
84.820
85.480
86.110
86.770
87.420
88.060
88.670
89.310
89.950
90.620
91.230
91.870
92.510
93.180
93.810
94.460
95.080
95.720
96.320
96.980
97.570
98.200
98.840
99.460
100.060
100.670
101.300
101.910
102.560
103.180
103.830
104.440
105.040
105.660
106.310
106.910
107.540
108.160
108.790
109.420
110.050
110.660
111.280
111.930
112.570
113.200
113.820
114.440
115.080
115.700
116.360
117.000
117.640
118.260
118.920
119.570
120.170
120.800
121.460
122.080
122.720
123.320
123.970
124.590
125.220
125.870
126.470
127.100
127.750
128.410
129.060
129.700
130.390
131.050
131.770
132.440
133.060
133.700
134.360
134.990
135.590
136.230
136.880
137.480
138.140
138.750
139.370
140.080
140.730
141.390
142.110
142.930
143.700
144.490
145.300
146.070
146.950
147.770
148.630
149.430
150.280
151.080
151.900
152.690
153.510
154.390
155.170
156.020
156.940
157.820
158.750
159.610
160.500
161.450
162.330
163.150
164.040
164.930
165.840
166.710
167.550
168.450
169.080
169.720
170.350
170.980
171.580
172.210
172.870
173.490
174.080
174.670
175.240
175.850
176.480
177.130
177.740
178.400
179.010
179.650
180.290
180.910
181.520
182.170
182.810
183.440
184.020
184.640
185.260
185.850
186.490
187.070
187.710
188.290
188.930
189.540
190.140
190.780
191.460
192.080
192.730
193.370
194.040
194.650
195.320
195.910
196.540
197.170
197.770
198.410
199.010
199.630
200.270
200.880
201.510
202.120
202.760
203.380
203.980
204.600
205.190
205.790
206.410
207.030
207.660
208.320
208.940
209.580
210.230
210.880
211.530
212.140
212.760
213.370
213.950
214.570
215.200
215.790
216.450
217.050
217.700
218.330
218.940
219.580
220.210
220.870
221.520
222.150
222.750
223.380
224.010
224.640
225.300
225.920
226.530
227.190
227.820
228.450
229.050
229.680
230.310
230.950
231.590
232.260
232.880
233.540
234.180
234.790
235.410
236.030
236.640
237.250
237.820
238.370
238.880
239.450
239.960
240.530
241.060
241.600
242.150
242.690
243.210
243.750
244.250
244.790
245.310
245.870
246.470
247.030
247.580
248.160
248.770
249.360
249.930
250.510
251.100
251.740
252.320
252.950
253.560
254.150
254.760
255.400
256.010
256.590
257.230
257.830
258.420
259.080
259.760
260.450
261.200
261.970
262.680
263.450
264.180
264.940
265.810
266.690
267.500
268.370
269.280
270.130
271.010
271.930
272.800
273.670
274.560
275.400
276.280
277.220
278.080
279.000
279.850
280.820
281.770
282.760
283.690
284.700
285.660
286.570
287.530
288.530
289.500
