0.380
1.060
1.690
2.350
3.030
3.660
4.320
4.980
5.670
6.340
6.970
7.610
8.230
8.890
9.650
10.360
11.070
11.790
12.480
13.140
13.800
14.440
15.120
15.750
16.410
17.080
17.730
18.380
19.020
19.680
20.330
20.970
21.630
22.310
22.970
23.590
24.240
24.910
25.560
26.180
26.850
27.500
28.160
28.780
29.450
30.080
30.730
31.360
32.000
32.610
33.250
33.890
34.530
35.160
35.820
36.470
37.110
37.760
38.390
39.020
39.660
40.330
40.970
41.590
42.230
42.880
43.510
44.160
44.810
45.450
46.090
46.720
47.340
47.970
48.600
49.220
49.850
50.490
51.130
51.720
52.400
53.070
53.710
54.360
55.020
55.650
56.320
56.950
57.590
58.220
58.860
59.500
60.130
60.770
61.410
62.030
62.670
63.340
63.990
64.610
65.240
65.920
66.560
67.190
67.840
68.500
69.150
69.800
70.440
71.110
71.750
72.400
73.040
73.670
74.320
74.950
75.600
76.250
76.870
77.520
78.170
78.820
79.460
80.080
80.730
81.360
82.010
82.650
83.290
83.950
84.570
85.200
85.840
86.500
87.150
87.790
88.430
89.090
89.720
90.340
90.980
91.610
92.250
92.860
93.480
94.060
94.670
95.320
95.930
96.590
97.200
97.820
98.480
99.130
99.760
100.380
101.100
101.760
102.430
103.080
103.710
104.340
104.990
105.620
106.250
106.890
107.500
108.120
108.780
109.460
110.110
110.740
111.370
112.030
112.690
113.340
113.990
114.650
115.310
115.950
116.580
117.200
117.850
118.520
119.150
119.810
120.470
121.100
121.730
122.380
123.030
123.690
124.340
125.000
125.640
126.280
126.940
127.560
128.160
128.800
129.440
130.090
130.730
131.390
132.010
132.690
133.320
133.970
134.610
135.250
135.910
136.530
137.180
137.830
138.480
139.120
139.750
140.410
141.090
141.750
142.410
143.070
143.690
144.360
145.000
145.670
146.310
146.970
147.630
148.280
148.940
149.600
150.240
150.900
151.560
152.210
152.850
153.500
154.150
154.810
155.470
156.120
156.800
157.430
158.090
158.730
159.360
160.050
160.680
161.340
161.960
162.610
163.240
163.880
164.530
165.160
165.810
166.470
167.130
167.770
168.450
169.120
169.770
170.420
171.040
171.710
172.380
172.990
173.650
174.300
174.980
175.620
176.260
176.900
177.540
178.150
178.790
179.460
180.080
180.740
181.360
182.020
182.640
183.280
183.930
184.550
185.190
185.810
186.440
187.080
187.690
188.300
188.920
189.560
190.180
190.790
191.400
192.010
192.630
193.200
193.820
194.410
195.020
195.610
196.230
196.860
197.450
198.080
198.670
199.290
199.910
200.520
201.130
201.760
202.370
202.960
203.570
204.190
204.790
205.390
205.990
206.590
207.200
207.810
208.410
209.030
209.630
210.260
210.870
211.480
212.070
212.670
213.260
213.870
214.460
215.040
215.610
216.230
216.820
217.430
218.010
218.620
219.210
219.800
220.360
220.950
221.530
222.120
222.710
223.280
223.870
224.480
225.080
225.670
226.250
226.850
227.440
228.030
228.610
229.210
229.790
230.370
230.970
231.550
232.140
232.740
233.350
233.950
234.560
235.160
235.760
236.350
236.950
237.570
238.170
238.770
239.360
239.940
240.530
241.100
241.690
242.280
242.870
243.460
244.060
244.660
245.250
245.820
246.430
247.030
247.640
248.220
248.810
249.390
249.970
250.560
251.160
251.770
252.390
252.980
253.550
254.150
254.700
255.290
255.900
256.490
257.060
257.640
258.240
258.840
259.450
260.050
260.650
261.220
261.830
262.400
262.990
263.600
264.190
264.790
265.370
265.980
266.570
267.190
267.780
268.380
268.980
269.590
270.160
270.760
271.380
272.000
272.590
273.150
273.750
274.350
274.950
275.540
276.150
276.760
277.380
277.990
278.590
279.170
279.740
280.340
280.930
281.520
282.110
282.700
283.320
283.900
284.490
285.110
285.720
286.350
286.930
287.550
288.150
288.750
289.350
289.940
290.540
291.110
291.750
292.350
292.980
293.590
294.210
294.810
295.430
296.050
296.700
297.330
297.960
298.580
299.200
299.790
300.370
301.000
301.620
302.230
302.830
303.420
304.030
304.670
305.250
305.840
306.450
307.070
307.610
308.160
308.750
309.320
309.890
310.480
311.060
311.680
312.280
312.910
313.590
314.220
314.800
315.400
316.000
316.570
317.170
317.790
318.360
318.960
319.560
320.140
320.710
321.330
321.900
322.480
323.080
323.700
324.280
324.910
325.520
326.130
326.690
327.310
327.870
328.530
329.150
329.790
330.420
331.000
331.550
332.180
332.770
333.360
333.970
334.650
335.280
335.970
336.640
337.280
337.940
338.510
339.090
339.630
340.210
340.780
341.420
342.030
342.620
343.220
343.810
344.410
345.000
345.620
346.220
346.800
347.400
348.000
348.590
349.180
349.770
350.390
350.990
351.580
352.150
352.740
353.340
353.950
354.520
355.140
355.750
356.330
356.920
357.540
358.150
358.720
359.320
359.940
360.530
361.170
361.750
362.380
363.000
363.590
364.170
364.750
365.350
365.950
366.530
367.120
367.740
368.360
368.970
369.570
370.150
370.750
371.330
371.940
372.530
373.090
373.700
374.290
374.940
375.580
376.210
376.820
377.470
378.090
378.710
379.410
380.040
380.720
381.310
381.930
382.500
383.110
383.750
384.370
384.970
385.600
386.200
386.830
387.430
388.020
388.650
389.290
389.890
390.500
391.100
391.720
392.340
392.930
393.560
394.150
394.760
395.360
395.970
396.580
397.190
397.800
398.420
399.000
399.650
400.260
400.910
401.540
402.150
402.790
403.410
404.000
404.580
405.180
405.790
406.400
406.980
407.610
408.180
408.790
409.410
409.980
