0.050
0.620
1.190
1.720
2.240
2.780
3.370
3.900
4.480
5.080
5.660
6.250
6.830
7.400
7.960
8.560
9.100
9.670
10.180
10.620
11.070
11.530
11.990
12.440
12.870
13.320
13.780
14.260
14.730
15.180
15.660
16.120
16.610
17.100
17.580
18.150
18.710
19.280
19.890
20.480
21.030
21.630
22.210
22.790
23.330
23.900
24.500
25.040
25.610
26.220
26.780
27.430
28.060
28.690
29.480
30.290
31.100
31.910
32.760
33.570
34.420
35.210
36.080
37.000
37.960
38.840
39.710
40.620
41.480
42.430
43.390
44.280
45.230
46.200
47.130
48.080
48.990
49.860
50.810
51.680
52.610
53.600
54.530
55.560
56.660
57.700
58.740
59.840
60.710
61.650
62.510
63.450
64.310
65.230
66.080
66.930
67.820
68.660
69.530
70.410
71.270
72.170
72.960
73.840
74.650
75.500
76.250
77.040
77.850
78.590
79.410
80.120
80.870
81.560
82.320
82.950
83.650
84.260
84.950
85.580
86.270
86.920
87.550
88.250
88.880
89.570
90.180
90.850
91.460
92.110
92.760
93.470
94.230
94.960
95.690
96.320
96.990
97.680
98.330
98.960
99.560
100.220
100.830
101.450
102.090
102.750
103.370
104.010
104.680
105.310
105.970
106.600
107.250
107.860
108.480
109.090
109.700
110.330
110.990
111.620
112.240
112.910
113.530
114.180
114.800
115.470
116.090
116.730
117.380
118.010
118.630
119.250
119.890
120.500
121.130
121.730
122.350
122.980
123.610
124.200
124.830
125.470
126.090
126.690
127.320
127.920
128.560
129.170
129.800
130.450
131.060
131.670
132.320
132.930
133.530
134.170
134.790
135.420
136.010
136.630
137.220
137.870
138.480
139.100
139.710
140.340
140.960
141.570
142.210
142.830
143.430
144.030
144.640
145.270
145.890
146.500
147.090
147.690
148.290
148.910
149.510
150.120
150.770
151.380
151.970
152.600
153.200
153.780
154.390
155.030
155.630
156.260
156.880
157.490
158.140
158.780
159.400
159.990
160.620
161.200
161.810
162.440
163.040
163.680
164.270
164.900
165.500
166.120
166.730
167.300
167.900
168.490
169.100
169.720
170.310
170.930
171.530
172.140
172.750
173.380
173.990
174.580
175.180
175.770
176.370
176.990
177.580
178.210
178.800
179.420
180.030
180.640
181.270
181.880
182.490
183.130
183.750
184.410
185.040
185.650
186.270
186.910
187.540
188.180
188.790
189.440
190.050
190.650
191.250
191.860
192.470
193.070
193.680
194.270
194.680
195.090
195.520
195.940
196.360
196.790
197.200
197.610
198.050
198.450
198.900
199.320
199.780
200.220
200.640
201.040
201.470
201.890
202.300
202.740
203.150
203.560
203.990
204.410
204.830
205.280
205.740
206.180
206.620
207.080
207.530
207.910
208.320
208.690
209.100
209.450
209.820
210.180
210.540
210.880
211.260
211.620
211.970
212.320
212.690
213.070
213.430
213.810
214.180
214.540
214.900
215.270
215.640
216.030
216.400
216.770
217.140
217.500
217.860
218.240
218.600
218.980
219.350
219.710
220.080
220.460
220.810
221.200
221.580
221.970
222.330
222.710
223.070
223.440
223.830
224.210
224.590
224.950
225.340
225.720
226.070
226.440
226.810
227.180
227.570
227.950
228.320
228.670
229.050
229.420
229.780
230.150
230.540
230.860
231.180
231.500
231.820
232.140
232.470
232.780
233.110
