0.500
1.450
2.460
3.420
4.300
5.270
6.120
7.020
7.950
8.830
9.820
10.730
11.650
12.640
13.590
14.530
15.520
16.550
17.530
18.490
19.540
20.530
21.460
22.480
23.450
24.370
25.380
26.340
27.300
28.240
29.170
30.150
31.130
32.190
33.120
34.090
35.110
36.050
37.050
38.080
39.010
40.080
41.040
42.060
43.110
44.100
45.080
46.010
46.960
47.980
48.950
49.980
50.940
51.900
52.940
53.940
54.900
55.890
56.880
57.890
58.910
59.860
60.890
61.890
62.910
63.890
64.910
65.940
66.910
67.900
68.920
69.890
70.800
71.850
72.850
73.790
74.850
75.850
76.800
77.870
78.890
79.880
80.870
81.880
82.890
83.920
84.940
85.940
86.900
87.930
89.010
90.060
91.100
92.130
93.180
94.250
95.290
96.340
97.390
98.420
99.420
100.450
101.410
102.410
103.420
104.470
105.440
106.510
107.480
108.500
109.580
110.620
111.700
112.720
113.720
114.730
115.710
116.720
117.760
118.790
119.840
120.870
121.920
122.920
124.010
125.150
126.180
127.150
128.210
129.190
130.150
131.180
132.210
133.200
134.190
135.230
136.260
137.300
138.310
139.330
140.350
141.360
142.350
143.330
144.420
145.450
146.440
147.490
148.480
149.570
150.590
151.550
152.600
153.630
154.700
155.680
156.720
157.680
158.620
159.550
160.550
161.610
162.590
163.630
164.600
165.660
166.630
167.650
168.670
169.660
170.690
171.680
172.700
173.680
174.690
175.700
176.710
177.720
178.730
179.730
180.750
181.770
182.780
183.810
184.820
185.850
186.880
187.890
188.970
189.980
191.000
192.050
193.080
194.090
195.080
196.060
197.130
198.130
199.110
200.120
201.150
202.110
203.130
204.130
205.130
206.160
207.140
208.150
209.200
210.230
211.240
212.260
213.270
214.290
215.300
216.350
217.380
218.450
219.490
220.490
221.460
222.520
223.520
224.500
225.530
226.530
227.530
228.590
229.630
230.630
231.610
232.630
233.700
234.680
235.690
236.690
237.710
238.740
239.790
240.710
241.700
242.650
243.630
244.690
245.800
246.870
248.020
249.050
250.100
251.080
252.060
253.040
254.020
255.050
255.840
256.730
257.540
258.410
259.210
259.990
260.740
261.540
262.330
263.190
264.060
264.900
265.710
266.520
267.310
268.180
268.960
269.870
270.820
271.730
272.600
273.540
274.400
275.300
276.250
277.110
278.050
278.940
279.790
280.670
281.500
282.350
283.270
284.110
284.840
285.590
286.360
287.130
287.880
288.590
289.320
290.080
290.820
291.540
292.310
293.090
293.890
294.650
295.400
296.160
296.870
297.640
298.380
299.170
299.900
300.650
301.440
302.240
303.080
303.860
304.680
305.480
306.240
307.080
307.840
308.640
309.440
310.260
311.080
311.880
312.660
313.450
314.280
