0.580	1
1.210
1.810
2.380
3.000	1
3.600
4.210
4.800
5.400	1
5.980
6.590
7.230
7.840	1
8.410
9.030
9.610
10.190	1
10.810
11.400
11.980
12.560	1
13.160
13.760
14.340
14.940	1
15.540
16.150
16.740
17.360	1
17.930
18.530
19.130
19.770	1
20.360
20.960
21.550
22.170	1
22.760
23.370
23.970
24.560	1
25.160
25.740
26.330
26.910	1
27.530
28.130
28.730
29.310	1
29.900
30.510
31.130
31.720	1
32.290
32.890
33.480
34.080	1
34.680
35.270
35.860
36.440	1
37.030
37.620
38.210
38.790	1
39.390
40.010
40.590
41.180	1
41.800
42.400
42.970
43.580	1
44.190
44.780
45.370
45.990	1
46.570
47.190
47.770
48.360	1
48.960
49.540
50.150
50.770	1
51.360
51.930
52.540
53.110	1
53.700
54.300
54.880
55.480	1
56.050
56.650
57.250
57.860	1
58.450
59.040
59.630
60.250	1
60.840
61.450
62.040
62.630	1
63.220
63.810
64.400
64.990	1
65.580
66.160
66.740
67.350	1
67.930
68.530
69.120
69.690	1
70.290
70.850
71.450
72.010	1
72.620
73.200
73.790
74.400	1
74.990
75.560
76.120
76.730	1
77.290
77.880
78.470
79.070	1
79.630
80.230
80.830
81.450	1
82.050
82.630
83.230
83.790	1
84.370
84.960
85.590
86.180	1
86.760
87.380
88.020
88.630	1
89.240
89.840
90.440
91.030	1
91.650
92.250
92.840
93.440	1
94.030
94.600
95.170
95.760	1
96.370
96.980
97.560
98.150	1
98.770
99.370
99.970
100.570	1
101.160
101.740
102.320
102.900	1
103.500
104.100
104.710
105.270	1
105.860
106.450
107.020
107.610	1
108.210
108.780
109.380
110.000	1
110.610
111.180
111.760
112.380	1
112.970
113.530
114.140
114.710	1
115.330
115.910
116.530
117.100	1
117.710
118.320
118.910
119.530	1
120.110
120.680
121.290
121.860	1
122.480
123.100
123.710
124.310	1
124.910
125.520
126.130
126.710	1
127.330
127.930
128.530
129.100	1
129.710
130.310
130.910
131.480	1
132.070
132.680
133.250
133.850	1
134.440
135.010
135.600
136.200	1
136.750
137.360
137.940
138.550	1
139.120
139.710
140.300
140.900	1
141.510
142.090
142.700
143.260	1
143.880
144.450
145.070
145.660	1
146.260
146.870
147.470
148.060	1
148.640
149.190
149.780
150.370	1
150.930
151.510
152.100
152.690	1
153.280
153.860
154.430
155.000	1
155.590
156.190
156.770
157.380	1
157.960
158.580
159.150
159.760	1
160.370
160.950
161.570
162.160	1
162.770
163.350
163.970
164.560	1
165.170
165.750
166.350
166.910	1
167.530
168.100
168.710
169.360	1
170.020
170.660
171.300
171.920	1
172.580
173.190
173.850
174.470	1
175.110
175.750
176.390
177.060	1
177.680
