0.280	1
0.515
0.739
0.969
1.200	1
1.400
1.600
1.789
1.979	1
2.169
2.360
2.545
2.731	1
2.925
3.120
3.325
3.531	1
3.731
3.931
4.151
4.371	1
4.575
4.779
4.999
5.219	1
5.379
5.539
5.699
5.859	1
6.022
6.184
6.347
6.509	1
6.704
6.899
7.099
7.299	1
7.509
7.720
7.925
8.131	1
8.340
8.549
8.760
8.971	1
9.195
9.419
9.619
9.819	1
10.039
10.259
10.469
10.680	1
10.895
11.109
11.320
11.531	1
11.740
11.949
12.140
12.331	1
12.525
12.720
12.925
13.131	1
13.325
13.520
13.729
13.939	1
14.129
14.320
14.515
14.709	1
14.895
15.080
15.275
15.469	1
15.669
15.869
16.064
16.259	1
16.449
16.640
16.835
17.029	1
17.229
17.429
17.624
17.819	1
18.044
18.269
18.480
18.691	1
18.895
19.099
19.295
19.491	1
19.700
19.909
20.120
20.331	1
20.540
20.749
20.944
21.139	1
21.319
21.499
21.695
21.891	1
22.091
22.291
22.491
22.691	1
22.895
23.099
23.315
23.531	1
23.731
23.931
24.135
24.339	1
24.549
24.760
24.949
25.139	1
25.335
25.531
25.710
25.890	1
26.090
26.300
26.510
26.720	1
26.930
27.125
27.320
27.520	1
27.720
27.915
28.110
28.315	1
28.520
28.710
28.900
29.100	1
29.300
29.505
29.710
29.905	1
30.100
30.300
30.500
30.700	1
30.900
31.100
31.300
31.495	1
31.690
31.895
32.100
32.310	1
32.520
32.715
32.910
33.120	1
33.330
33.525
33.720
33.925	1
34.130
34.335
34.540
34.740	1
34.940
35.130
35.320
35.520	1
35.720
35.915
36.110
36.310	1
36.510
36.705
36.900
37.095	1
37.290
37.495
37.700
37.900	1
38.100
38.290
38.480
38.685	1
38.890
39.085
39.280
39.480	1
39.680
39.880
40.080
40.285	1
40.490
40.685
40.880
41.080	1
41.280
41.475
41.670
41.865	1
42.060
42.260
42.460
42.660	1
42.860
43.055
43.250
43.445	1
43.640
43.835
44.030
44.225	1
44.420
44.615
44.810
45.005	1
45.200
45.395
45.590
45.790	1
45.990
46.185
46.380
46.575	1
46.770
46.965
47.160
47.355	1
47.550
47.740
47.930
48.130	1
48.330
48.530
48.730
48.920	1
49.110
49.310
49.510
49.705	1
49.900
50.085
50.270
50.465	1
50.660
50.865
51.070
51.250	1
51.430
51.625
51.820
52.015	1
52.210
52.400
52.590
52.780	1
52.970
53.160
53.350
53.550	1
53.750
53.945
54.140
54.330	1
54.520
54.710
54.900
55.105	1
55.310
55.495
55.680
55.880	1
56.080
56.280
56.480
56.660	1
56.840
57.030
57.220
57.425	1
57.630
57.825
58.020
58.210	1
58.400
58.595
58.790
58.990	1
59.190
59.385
59.580
59.765	1
59.950
60.145
60.340
60.525	1
60.710
60.905
61.100
61.280	1
61.460
61.655
61.850
62.045	1
62.240
62.420
62.600
62.790	1
62.980
63.175
63.370
63.575	1
63.780
63.965
64.150
64.355	1
64.560
64.755
64.950
65.140	1
65.330
65.520
65.710
65.900	1
66.090
66.285
66.480
66.670	1
66.860
67.050
67.240
67.440	1
67.640
67.835
68.030
68.225	1
68.420
68.605
68.790
68.975	1
69.160
69.355
69.550
69.735	1
69.914
70.094
70.273
70.453	1
70.635
70.816
70.998
71.180	1
71.390
71.600
71.795
71.990	1
72.200
72.410
72.600
72.790	1
72.985
73.180
73.370
73.560	1
73.740
73.920
74.110
74.300	1
74.500
74.700
74.900
75.100	1
75.285
75.470
75.665
75.860	1
76.065
76.270
76.465
76.660	1
76.845
77.030
77.230
77.430	1
77.620
77.810
78.005
78.200	1
78.395
78.590
78.790
78.990	1
79.175
79.360
79.555
79.750	1
79.945
80.140
80.335
80.530	1
80.715
80.900
81.090
81.280	1
81.475
81.670
81.860
82.050	1
82.245
82.440
82.625
82.810	1
83.005
83.200
83.390
83.580	1
83.770
83.960
84.150
84.340	1
84.525
84.710
84.895
85.080	1
85.270
85.460
85.660
85.860	1
86.045
86.230
86.415
86.600	1
86.790
86.980
87.165
87.350	1
87.535
87.720
87.915
88.110	1
88.300
88.490
88.685
88.880	1
89.070
89.260
89.450
89.640	1
89.835
90.030
90.230
90.430	1
90.620
90.810
91.000
91.190	1
91.380
91.570
91.755
91.940	1
92.130
92.320
92.510
92.700	1
92.895
93.090
93.275
93.460	1
93.645
93.830
94.020
94.210	1
94.400
94.590
94.790
94.990	1
95.175
95.360
95.550
95.740	1
95.935
96.130
96.320
96.510	1
96.700
96.890
97.075
97.260	1
97.465
97.670
97.865
98.060	1
98.255
98.450
98.640
98.830	1
99.020
99.210
99.400
99.590	1
99.770
99.950
100.140
100.330	1
100.525
100.720
100.905
101.090	1
101.290
101.490
101.670
101.850	1
102.045
102.240
102.435
102.630	1
102.820
103.010
103.190
103.370	1
103.570
103.770
103.970
104.170	1
104.365
104.560
104.750
104.940	1
105.135
105.330
105.525
105.720	1
105.910
106.100
106.305
106.510	1
106.705
106.900
107.095
107.290	1
107.475
107.660
107.855
108.050	1
108.240
108.430
108.615
108.800	1
108.985
109.170
109.360
109.550	1
109.740
109.930
110.120
110.310	1
110.500
110.690
110.885
111.080	1
111.270
111.460
111.655
111.850	1
112.040
112.230
112.420
112.610	1
112.790
112.970
113.165
113.360	1
113.545
113.730
113.930
114.130	1
114.320
114.510
114.705
114.900	1
115.090
115.280
115.475
115.670	1
115.860
116.050
116.235
116.420	1
116.615
116.810
116.990
117.170	1
117.360
117.550
117.750
117.950	1
118.135
118.320
118.505
118.690	1
118.880
119.070
119.265
119.460	1
119.650
119.840
120.030
120.220	1
120.415
120.610
120.790
120.970	1
121.170
121.370
121.560
121.750	1
121.930
122.110
122.300
122.490	1
122.680
122.870
123.070
123.270	1
123.455
123.640
123.820
124.000	1
124.185
124.370
124.550
124.730	1
124.930
125.130
125.320
125.510	1
125.700
125.890
126.070
126.250	1
126.435
126.620
126.810
127.000	1
127.190
127.380
127.565
127.750	1
127.935
128.120
128.305
128.490	1
128.680
128.870
129.055
129.240	1
129.435
129.630
129.810
129.990	1
130.180
130.370
130.555
130.740	1
130.930
131.120
131.305
131.490	1
131.685
131.880
132.065
132.250	1
132.445
132.640
132.820
133.000	1
133.195
133.390
133.570
133.750	1
133.935
134.120
134.320
134.520	1
134.705
134.890
135.080
135.270	1
135.450
135.630
135.820
136.010	1
136.185
136.360
136.545
136.730	1
136.920
137.110
137.300
137.490	1
137.685
137.880
138.070
138.260	1
138.450
138.640
138.815
138.990	1
139.180
139.370
139.555
139.740	1
139.935
140.130
140.320
140.510	1
140.695
140.880
141.060
141.240	1
141.420
141.600
141.800
142.000	1
142.200
142.400
142.590
142.780	1
142.970
143.160
143.360
143.560	1
143.755
143.950
144.140
144.330	1
144.518
144.707
144.895
145.083	1
145.269
145.454
145.639
145.825	1
146.005
146.185
146.365
146.545	1
146.740
146.935
147.130
147.320	1
147.510
147.700
147.890
148.085	1
148.280
148.465
148.650
148.840	1
149.030
149.225
149.420
149.610	1
149.800
149.980
150.160
150.350	1
150.540
150.735
150.930
151.125	1
151.320
151.500
151.680
151.860	1
152.040
152.235
152.430
152.605	1
152.780
152.965
153.150
153.335	1
153.520
153.710
153.900
154.100	1
154.300
154.485
154.670
154.865	1
155.060
155.250
155.440
155.630	1
155.820
156.015
156.210
156.415	1
156.620
156.805
156.990
157.195	1
157.400
157.595
157.790
157.985	1
158.180
158.370
158.560
158.750	1
158.940
159.135
159.330
159.535	1
159.740
159.935
160.130
160.320	1
160.510
160.705
160.900
161.100	1
161.300
161.490
161.680
161.880	1
162.080
162.260
162.440
162.640	1
162.840
163.025
163.210
163.400	1
163.590
163.780
163.970
164.165	1
164.360
164.550
164.740
164.935	1
165.130
165.325
165.520
165.710	1
165.900
166.095
166.290
166.480	1
166.670
166.865
167.060
167.250	1
167.440
167.635
167.830
168.010	1
168.190
168.390
168.590
168.785	1
168.980
169.175
169.370
169.555	1
169.740
169.940
170.140
170.330	1
170.520
170.710
170.900
171.090	1
171.280
171.465
171.650
171.845	1
172.021
172.197
172.373
172.549	1
172.736
172.923
173.111
173.298	1
173.476
173.654
173.832
174.010	1
174.205
174.400
174.605
174.810	1
174.995
175.180
175.385
175.590	1
175.770
175.950
176.140
176.330	1
176.520
176.710
176.900
177.090	1
177.290
177.490
177.675
177.860	1
178.045
178.230
178.420
178.610	1
178.805
179.000
179.195
179.390	1
179.580
179.770
179.960
180.150	1
180.340
180.530
180.715
180.900	1
181.090
181.280
181.475
181.670	1
181.850
182.030
182.220
182.410	1
182.605
182.800
182.995
183.190	1
183.380
183.570
183.750
183.930	1
184.130
184.330
184.520
184.710	1
184.900
185.090
185.265
185.440	1
185.630
185.820
186.020
186.220	1
186.400
186.580
186.775
186.970	1
187.160
187.350
187.540
187.730	1
187.925
188.120
188.305
188.490	1
188.680
188.870
189.065
189.260	1
189.440
189.620
189.825
190.030	1
190.220
190.410
190.615
190.820	1
190.998
191.177
191.355
191.534	1
191.726
191.919
192.112
192.305	1
192.510
192.705
192.900
193.105	1
193.310
193.505
193.700
193.890	1
194.080
194.275
194.470
194.665	1
194.860
195.050
195.240
195.430	1
195.620
195.805
195.990
196.190	1
196.390
196.575
196.760
196.950	1
197.140
197.335
197.530
197.725	1
197.920
198.120
198.320
198.515	1
198.710
198.915
199.120
199.310	1
199.500
199.700
199.900
200.085	1
200.270
200.455
200.640
200.835	1
201.030
201.220
201.410
201.595	1
201.780
201.975
202.170
202.365	1
202.560
202.745
202.930
203.130	1
203.330
203.515
203.700
203.900	1
204.100
204.300
204.500
204.695	1
204.890
205.075
205.260
205.445	1
205.630
205.830
206.030
206.210	1
206.390
206.580
206.770
206.965	1
207.160
207.355
207.550
207.750	1
207.950
208.145
208.340
208.530	1
208.720
208.910
209.100
209.290	1
209.480
209.675
209.870
210.065	1
210.260
210.450
210.640
210.840	1
211.040
211.230
211.420
211.620	1
211.820
212.005
212.190
212.385	1
212.580
212.770
212.960
213.155	1
213.350
213.545
213.740
213.935	1
214.130
214.325
214.520
214.715	1
214.910
215.100
215.290
215.485	1
215.680
215.870
216.060
216.255	1
216.450
216.645
216.840
217.035	1
217.230
217.430
217.630
217.820	1
218.010
218.200
218.390
218.590	1
218.790
218.980
219.170
219.365	1
219.560
219.755
219.950
220.145	1
220.340
220.520
220.700
220.900	1
221.100
221.285
221.470
221.655	1
221.840
222.030
222.220
222.420	1
222.620
222.815
223.010
223.205	1
223.400
223.600
223.800
223.990	1
224.180
224.370
224.560
224.755	1
224.950
225.150
225.350
225.550	1
225.750
225.935
226.120
226.315	1
226.510
226.710
226.910
227.105	1
227.300
227.490
227.680
227.875	1
228.070
228.265
228.460
228.665	1
228.870
229.065
229.260
229.450	1
229.640
229.835
230.030
230.225	1
230.420
230.610
230.800
230.985	1
231.170
231.360
231.550
231.740	1
231.930
232.135
232.340
232.535	1
232.730
232.915
233.100
233.300	1
233.500
233.700
233.900
234.095	1
234.290
234.480
234.670
234.865	1
235.060
235.250
235.440
235.645	1
235.850
236.040
236.230
236.425	1
236.635
236.846
237.046
237.246	1
237.450
237.654
237.854
238.054	1
238.239
238.424
238.615
238.806	1
239.010
239.214
239.399
239.584	1
239.779
239.974
240.170
240.366	1
240.566
240.766
240.953
241.140	1
241.330
241.520
241.715
241.910	1
242.100
242.290
242.475
242.660	1
242.845
243.030
243.220
243.410	1
243.605
243.800
243.990
244.180	1
244.375
244.570
244.760
244.950	1
245.125
245.300
245.485
245.670	1
245.865
246.060
246.235
246.410	1
246.605
246.800
246.990
247.180	1
247.370
247.560
247.750
247.940	1
248.130
248.320
248.505
248.690	1
248.885
249.080
249.270
249.460	1
249.645
249.830
250.025
250.220	1
250.405
250.590
250.775
250.960	1
251.160
251.360
251.545
251.730	1
251.915
252.100
252.290
252.480	1
252.670
252.860
253.050
253.240	1
253.435
253.630
253.825
254.020	1
254.205
254.390
254.580
254.770	1
254.965
255.160
255.350
255.540	1
255.715
255.890
256.080
256.270	1
256.465
256.660
256.840
257.020	1
257.220
257.420
257.610
257.800	1
257.980
258.160
258.360
258.560	1
258.750
258.940
259.125
259.310	1
259.505
259.700
259.890
260.080	1
260.260
260.440
260.635
260.830	1
261.025
261.220
261.410
261.600	1
261.780
261.960
262.150
262.340	1
262.540
262.740
262.930
263.120	1
263.295
263.470
263.665
263.860	1
264.045
264.230
264.405
264.580	1
264.775
264.970
265.150
265.330	1
265.535
265.740
265.925
266.110	1
266.310
266.510
266.710
266.910	1
267.095
267.280
267.470
267.660	1
267.855
268.050
268.235
268.420	1
268.615
268.810
268.995
269.180	1
269.375
269.570
269.760
269.950	1
270.145
270.340
270.535
270.730	1
270.915
271.100
271.295
271.490	1
296.030	1
343.380	1
343.580
343.780
343.970
344.160	1
344.350
344.540
344.720
344.900	1
345.095
345.290
345.485
345.680	1
345.870
346.060
346.250
346.440	1
346.638
346.835
347.032
347.230	1
347.422
347.615
347.808
348.000	1
348.182
348.363
348.544
348.725	1
348.910
349.105
349.300
349.480	1
349.660
349.855
350.050
350.245	1
350.440
350.630
350.820
351.010	1
351.200
351.395
351.590
351.780	1
351.970
352.165
352.360
352.555	1
352.750
352.945
353.140
353.330	1
353.520
353.720
353.920
354.110	1
354.300
354.495
354.690
354.890	1
355.090
355.280
355.470
355.675	1
355.880
356.075
356.270
356.465	1
356.660
356.850
357.040
357.235	1
357.430
357.630
357.830
358.025	1
358.220
358.415
358.610
358.795	1
358.980
359.175
359.370
359.560	1
359.750
359.945
360.140
360.335	1
360.530
360.720
360.910
361.100	1
361.290
361.470
361.650
361.840	1
362.030
362.220
362.410
362.610	1
362.810
363.000
363.190
363.385	1
363.580
363.765
363.950
364.145	1
364.340
364.535
364.730
364.920	1
365.110
365.300
365.490
365.685	1
365.880
366.070
366.260
366.455	1
366.650
366.840
367.030
367.225	1
367.420
367.605
367.790
367.980	1
368.170
368.365
368.560
368.755	1
368.950
369.145
369.340
369.540	1
369.740
369.935
370.130
370.320	1
370.510
370.710
370.910
371.105	1
371.300
371.490
371.680
371.870	1
372.060
372.255
372.450
372.645	1
372.840
373.035
373.230
373.410	1
373.590
373.785
373.980
374.170	1
374.360
374.555
374.750
374.945	1
375.140
375.330
375.520
375.710	1
375.900
376.090
376.280
376.475	1
376.670
376.850
377.030
377.220	1
377.410
377.605
377.800
377.995	1
378.190
378.380
378.570
378.760	1
378.950
379.135
379.320
379.515	1
379.710
379.895
380.080
380.275	1
380.470
380.665
380.860
381.055	1
381.250
381.440
381.630
381.825	1
382.020
382.215
382.410
382.595	1
382.780
382.965
383.150
383.345	1
383.540
383.745
383.950
384.145	1
384.340
384.520
384.700
384.895	1
385.090
385.285
385.480
385.670	1
385.860
386.040
386.220
386.415	1
386.610
386.805
387.000
387.205	1
387.395
387.584
387.784
387.984	1
388.184
388.384
388.584
388.784	1
388.979
389.174
389.363
389.552	1
389.743
389.934
390.123
390.312	1
390.508
390.704
390.899
391.094	1
391.294
391.494
391.679
391.864	1
392.044
392.224
392.399
392.574	1
392.768
392.963
393.163
393.363	1
393.563
393.763
393.948
394.134	1
394.323
394.512
394.703
394.894	1
395.094
395.294
395.499
395.704	1
395.904
396.104
396.294
396.483	1
396.674
396.864
397.059
397.254	1
397.459
397.664
397.848
398.032	1
398.218
398.403
398.578
398.752	1
398.948
399.144
399.348
399.552	1
399.758
399.963
400.143
400.323	1
400.523
400.723
400.914
401.104	1
401.308
401.512
401.698
401.883	1
402.068
402.254
402.448
402.643	1
402.838
403.032
403.228
403.424	1
403.619
403.814
404.014
404.214	1
404.388
404.563
404.748
404.934	1
405.134
405.334
405.503
405.672	1
405.858
406.043
406.228
406.414	1
406.599
406.784
406.968
407.152	1
407.343
407.534
407.723
407.912	1
408.098
408.283
408.463
408.643	1
408.838
409.032
409.208
409.384	1
409.574
409.763
409.948
410.134	1
410.319
410.504
410.699
410.894	1
411.088
411.283
411.478
411.672	1
411.883
412.094
412.283
412.472	1
412.672
412.872
413.052
413.232	1
413.418
413.603
413.803
414.003	1
414.194
414.384
414.568
414.752	1
414.938
415.123
415.318
415.512	1
415.703
415.894
416.074
416.254	1
416.454
416.654
416.854
417.054	1
