0.320
1.080
1.840
2.660
3.430
4.210
5.010
5.800
6.620
7.400
8.230
9.090
9.920
10.730
11.530
12.390
13.250
14.160
14.950
15.670
16.380
17.150
17.890
18.640
19.410
20.170
20.960
21.710
22.510
23.270
24.080
24.850
25.640
26.450
27.240
28.060
28.900
29.650
30.440
31.210
31.990
32.770
33.600
34.380
35.140
35.940
36.690
37.470
38.230
39.020
39.810
40.580
41.340
42.120
42.920
43.710
44.490
45.320
46.090
46.840
47.580
48.360
49.110
49.890
50.670
51.440
52.220
52.970
53.770
54.520
55.280
56.050
56.830
57.640
58.400
59.180
59.950
60.700
61.520
62.290
63.080
63.760
64.450
65.190
65.910
66.650
67.380
68.120
68.840
69.530
70.250
71.010
71.730
72.470
73.150
73.880
74.610
75.310
76.040
76.770
77.500
78.230
78.950
79.660
80.360
81.110
81.820
82.510
83.260
83.960
84.690
85.400
86.130
86.670
87.200
87.780
88.300
88.830
89.210
89.580
89.930
90.310
90.660
91.030
91.390
91.740
92.110
92.470
92.830
93.200
93.550
93.910
94.280
94.630
94.990
95.320
95.690
96.030
96.380
96.730
97.090
97.450
97.810
98.170
98.530
98.900
99.260
99.620
99.980
100.330
100.690
101.050
101.410
101.780
102.130
102.480
102.860
103.210
103.560
103.920
104.280
104.640
105.000
105.340
105.710
106.060
106.390
106.750
107.110
107.470
107.840
108.190
108.570
108.930
109.290
109.640
109.990
110.330
110.680
111.030
111.390
111.740
112.110
112.480
112.830
113.190
113.560
113.910
114.290
114.640
115.020
115.370
115.730
116.090
116.460
116.820
117.180
117.560
117.910
118.270
118.630
118.990
119.360
119.700
120.090
120.460
120.820
121.180
121.570
121.920
122.290
122.670
123.030
123.380
123.740
124.110
124.470
124.830
125.190
125.540
125.900
126.250
126.620
126.970
127.350
127.700
128.070
128.420
128.780
129.130
129.500
129.850
130.230
130.590
130.970
131.330
131.690
132.040
132.400
132.760
133.140
133.490
133.840
134.210
134.600
134.940
135.320
135.670
136.030
136.400
136.760
137.120
137.460
137.820
138.180
138.540
138.910
139.260
139.630
139.990
140.350
140.690
141.040
141.400
141.750
142.120
142.470
142.850
143.210
143.570
143.930
144.280
144.660
145.030
145.400
145.760
146.120
146.460
146.830
147.180
147.550
147.910
148.260
148.640
148.990
149.370
149.740
150.120
150.470
150.830
151.200
151.560
151.910
152.290
152.640
153.000
153.370
153.710
154.090
154.460
154.830
155.170
155.530
155.890
156.250
156.630
156.980
157.340
157.700
158.070
158.420
158.790
159.150
159.500
159.870
160.230
160.600
160.960
161.340
161.710
162.070
162.450
162.800
163.160
163.530
163.890
164.260
164.610
164.980
165.330
165.700
166.040
166.420
166.770
167.140
167.510
167.870
168.240
168.630
168.980
169.350
169.710
170.060
170.420
170.790
171.140
171.500
171.880
172.230
172.590
172.950
173.300
173.690
174.060
174.410
174.780
175.150
175.490
175.870
176.230
176.590
176.950
177.310
177.660
178.010
178.390
178.750
179.130
179.490
179.860
180.220
180.590
180.980
181.320
181.680
182.050
182.430
182.800
183.170
183.530
183.870
184.230
184.610
184.960
185.310
185.670
186.000
186.370
186.710
187.070
187.440
187.780
188.160
188.510
188.880
189.220
189.590
189.960
190.310
190.640
191.000
191.370
191.740
192.100
192.460
192.800
193.170
193.530
193.900
194.240
194.600
194.960
195.340
195.710
196.070
196.430
196.790
197.160
197.520
197.870
198.230
198.580
198.950
199.300
199.660
200.040
200.390
200.740
201.100
201.460
201.820
202.180
202.550
202.910
203.280
203.620
203.970
204.310
204.660
205.020
205.380
205.730
206.080
206.430
206.780
207.110
207.470
207.810
208.130
208.440
208.770
209.090
209.460
209.800
210.150
210.500
210.860
211.210
211.570
211.910
212.270
212.630
212.990
213.360
213.730
214.090
214.450
214.810
215.170
215.520
215.870
216.230
216.580
216.950
217.320
217.690
218.060
218.430
218.790
219.150
219.510
219.880
220.230
220.600
220.960
221.310
221.680
222.030
222.410
222.760
223.130
223.500
223.840
224.220
224.570
224.920
225.280
225.650
226.010
226.370
226.720
227.090
227.450
227.810
228.160
228.540
228.880
229.250
229.610
229.970
230.330
230.710
231.070
231.450
231.810
232.190
232.560
232.910
233.280
233.660
234.020
234.410
234.760
235.150
235.490
235.870
236.220
236.590
236.930
237.270
237.590
237.930
238.280
238.660
239.010
239.380
239.720
240.100
240.460
240.820
241.180
241.540
241.890
242.260
242.600
242.980
243.340
243.710
244.070
244.440
244.780
245.140
245.500
245.870
246.230
246.590
246.950
247.310
247.660
248.040
248.400
248.780
249.150
249.520
249.890
250.260
250.620
250.970
251.350
251.730
252.090
252.460
252.830
253.180
253.550
253.900
254.270
254.640
254.990
255.360
255.720
256.080
256.440
256.780
257.140
257.510
257.870
258.240
258.580
258.950
259.300
259.650
260.020
260.380
260.720
261.100
261.460
261.820
262.180
262.520
262.890
263.250
263.600
263.970
264.340
264.700
265.040
265.400
265.770
266.140
266.520
266.890
267.250
267.610
267.980
268.360
268.710
269.080
269.430
269.800
270.140
270.520
270.860
271.220
271.570
271.910
272.280
272.650
273.000
273.350
273.710
274.090
274.430
274.800
275.140
275.500
275.850
276.190
276.560
276.910
277.260
277.620
277.970
278.320
278.690
279.050
279.420
279.750
280.100
280.450
280.810
281.180
281.540
281.900
282.250
282.600
282.930
283.280
283.630
284.000
284.330
284.690
285.030
285.410
285.750
286.110
286.480
286.840
287.170
287.520
287.880
288.240
288.620
288.970
289.340
289.700
290.040
290.410
290.760
291.090
291.450
291.800
292.170
292.530
292.870
293.240
293.600
293.950
294.310
294.670
295.030
295.410
295.760
296.120
296.490
296.840
297.180
297.540
297.890
298.220
298.580
298.940
299.320
299.680
300.040
300.400
300.750
301.120
301.470
301.830
302.180
302.550
302.900
303.270
303.600
303.950
304.300
304.660
305.010
305.370
305.710
306.070
306.420
306.770
307.110
307.460
307.820
308.200
308.530
308.890
309.250
309.600
309.930
310.280
310.630
311.000
311.340
311.700
312.050
312.410
312.760
313.130
313.480
313.830
314.210
314.570
314.920
315.290
315.630
316.000
316.350
316.710
317.080
317.430
317.780
318.130
318.470
318.830
319.190
319.540
319.900
320.250
320.610
320.990
321.340
321.690
322.060
322.450
322.820
323.180
323.560
323.920
324.280
324.640
325.000
325.370
325.740
326.090
326.460
326.820
327.160
327.550
327.910
328.270
328.700
329.150
329.560
330.050
330.520
330.980
331.440
331.920
332.430
332.910
333.400
333.910
334.410
334.920
335.390
335.890
336.420
336.890
337.390
337.890
338.390
338.880
339.370
339.830
340.330
340.790
341.290
341.770
342.230
342.730
343.200
343.690
344.170
344.540
344.920
345.290
345.670
346.030
346.400
346.760
347.130
347.480
347.840
348.230
348.590
348.950
349.340
349.690
350.140
350.640
351.120
351.610
352.100
352.590
353.100
353.610
354.090
354.580
355.060
355.580
356.050
356.530
357.010
357.510
357.990
358.470
358.980
359.600
360.200
360.890
361.610
362.340
363.060
363.770
364.460
365.180
365.900
366.630
367.360
368.040
368.750
369.520
370.260
370.990
371.730
372.450
373.140
373.830
374.560
375.280
376.030
376.760
377.500
378.220
378.950
379.700
380.440
381.220
382.050
382.840
383.630
384.400
385.180
385.990
386.770
387.570
388.370
389.200
390.060
390.890
391.710
392.510
393.360
394.230
395.130
395.930
396.650
397.350
398.120
398.870
399.620
400.400
401.140
401.920
402.680
403.470
404.240
405.060
405.830
406.610
407.430
408.230
409.050
409.880
410.620
411.420
412.180
412.970
413.800
414.590
415.340
416.110
416.870
417.660
418.440
419.200
419.980
420.790
421.560
422.330
423.090
423.890
424.670
425.450
426.290
427.070
427.820
428.550
429.310
430.090
430.890
431.660
432.400
433.160
433.950
434.740
435.490
436.260
437.040
437.810
438.610
439.360
440.160
440.920
441.730
442.480
443.290
444.060
444.920
445.730
446.530
447.330
448.130
448.940
449.750
450.560
451.370
452.150
452.950
453.770
454.530
455.340
456.160
456.950
457.790
458.620
459.390
460.190
460.980
461.770
462.570
463.390
464.220
465.010
465.790
466.570
467.340
468.120
468.910
469.670
470.470
471.330
472.150
472.960
473.780
474.600
475.430
476.260
477.110
477.890
478.670
479.510
480.280
481.040
481.820
482.590
483.410
484.150
484.950
485.790
486.550
487.350
