0.100
0.810
1.450
2.150
2.820
3.470
4.120
4.830
5.480
6.110
6.780
7.490
8.130
8.820
9.520
10.300
11.120
11.940
12.690
13.520
14.260
15.050
15.860
16.720
17.540
18.380
19.240
20.090
20.960
21.950
22.940
23.900
24.850
25.800
26.720
27.710
28.570
29.360
30.180
30.980
31.840
32.620
33.290
34.000
34.730
35.520
36.380
37.250
38.070
38.920
39.800
40.650
41.460
42.340
43.250
44.120
45.040
45.940
46.770
47.690
48.540
49.390
50.290
51.220
52.070
52.940
53.780
54.620
55.540
56.510
57.330
58.110
58.880
59.680
60.510
61.320
62.120
62.960
63.750
64.610
65.490
66.410
67.300
68.230
69.060
69.900
70.760
71.610
72.400
73.280
74.090
74.880
75.610
76.390
77.130
77.930
78.730
79.610
80.420
81.330
82.190
83.000
83.900
84.710
85.560
86.450
87.240
88.140
88.980
89.810
90.640
91.570
92.430
93.330
94.250
95.080
96.010
96.860
97.790
98.680
99.590
100.460
101.360
102.260
103.190
104.010
104.860
105.750
106.620
107.460
108.270
109.160
110.030
110.860
111.710
112.500
113.270
114.110
114.870
115.710
116.510
117.290
118.080
118.980
119.830
120.570
121.340
122.040
122.800
123.500
124.280
125.020
125.750
126.510
127.310
128.060
128.850
129.600
130.370
131.140
131.960
132.770
133.570
134.430
135.360
136.170
137.040
137.800
138.640
139.410
140.170
140.880
141.630
142.410
143.130
143.910
144.720
145.500
146.290
147.060
147.880
148.660
149.440
150.180
150.970
151.800
152.580
153.330
154.060
154.810
155.570
156.300
157.090
157.800
158.570
159.320
160.120
160.910
161.670
162.520
163.500
164.390
165.150
165.920
166.700
167.560
168.360
169.160
169.980
170.940
171.840
172.730
173.690
174.550
175.450
176.440
177.340
178.310
179.240
180.090
180.910
181.810
182.620
183.420
184.130
184.900
185.680
186.440
187.170
187.940
188.780
189.560
190.350
191.210
192.000
192.710
193.470
194.230
194.950
195.680
196.430
197.200
197.930
198.660
199.370
200.030
200.670
201.350
202.100
202.850
203.570
204.320
205.120
205.850
206.640
207.480
208.290
209.140
209.930
210.790
211.630
212.430
213.270
214.150
214.990
215.780
216.710
217.580
218.440
219.350
220.300
221.270
222.200
223.160
224.160
225.100
226.010
226.940
228.000
229.020
229.890
230.770
231.640
232.570
233.390
234.290
235.110
235.980
236.890
237.750
238.670
239.570
240.440
241.320
242.140
243.030
243.900
244.770
245.650
246.520
247.400
248.280
249.180
250.100
251.000
251.910
252.910
253.860
254.800
255.730
256.730
257.670
258.600
259.560
260.500
261.470
262.420
