0.080
0.570
1.020
1.500
1.960
2.430
2.890
3.370
3.820
4.290
4.730
5.210
5.660
6.140
6.600
7.070
7.520
7.960
8.410
8.890
9.330
9.800
10.260
10.720
11.170
11.640
12.090
12.560
13.010
13.470
13.930
14.390
14.830
15.280
15.730
16.180
16.630
17.070
17.520
17.990
18.430
18.890
19.320
19.750
20.210
20.660
21.110
21.560
22.000
22.440
22.870
23.340
23.770
24.230
24.680
25.150
25.600
26.060
26.500
26.950
27.400
27.850
28.290
28.760
29.210
29.660
30.100
30.560
31.000
31.480
31.920
32.370
32.830
33.280
33.720
34.170
34.620
35.070
35.510
35.960
36.410
36.850
37.300
37.760
38.220
38.680
39.130
39.580
40.040
40.500
40.940
41.390
41.840
42.310
42.760
43.210
43.670
44.120
44.570
45.010
45.470
45.920
46.370
46.830
47.290
47.730
48.180
48.640
49.090
49.540
49.990
50.440
50.890
51.340
51.800
52.230
52.680
53.130
53.580
54.040
54.480
54.950
55.390
55.840
56.280
56.740
57.180
57.650
58.110
58.560
59.000
59.460
59.920
60.370
60.810
61.260
61.730
62.180
62.630
63.080
63.520
63.960
64.410
64.850
65.300
65.750
66.190
66.660
67.120
67.570
68.030
68.470
68.930
69.380
69.830
70.280
70.730
71.190
71.630
72.090
72.530
72.980
73.420
73.860
74.290
74.740
75.170
75.610
76.070
76.500
76.940
77.370
77.820
78.270
78.720
79.170
79.630
80.080
80.530
80.980
81.430
81.860
82.300
82.750
83.200
83.640
84.090
84.560
85.000
85.470
85.910
86.370
86.830
87.270
87.720
88.150
88.590
89.030
89.470
89.910
90.350
90.800
91.240
91.690
92.140
92.580
93.020
93.480
93.940
94.390
94.830
95.290
95.730
96.180
96.620
97.060
97.510
97.950
98.420
98.890
99.320
99.780
100.230
100.690
101.140
101.600
102.060
102.510
102.950
103.410
103.850
104.310
104.750
105.210
105.660
106.120
106.560
107.010
107.460
107.890
108.330
108.780
109.230
109.700
110.140
110.600
111.040
111.510
111.950
112.410
112.860
113.310
113.770
114.220
114.670
115.120
115.580
116.030
116.480
116.940
117.390
117.860
118.300
118.770
119.230
119.690
120.140
120.580
121.030
121.470
121.920
122.370
122.820
123.270
123.720
124.180
124.640
125.090
125.540
125.990
126.430
126.880
127.320
127.780
128.230
128.660
129.110
129.550
129.990
130.440
130.880
131.330
131.770
132.220
132.680
133.140
133.600
134.060
134.510
134.950
135.400
135.850
136.300
136.750
137.210
137.670
138.130
138.580
139.010
139.470
139.920
140.380
140.830
141.300
141.760
142.210
142.650
143.100
143.550
144.010
144.450
144.900
145.340
145.800
146.240
146.690
147.130
147.590
148.040
148.480
148.940
149.380
149.840
150.270
150.710
151.160
151.600
152.050
152.500
152.970
153.420
153.890
154.330
154.790
155.230
155.680
156.130
156.580
157.020
157.480
157.920
158.400
158.850
159.310
159.760
160.200
160.630
161.080
161.540
162.010
162.450
162.910
163.360
163.810
164.250
164.700
165.150
165.630
166.080
166.540
166.990
167.440
167.870
168.330
168.780
169.230
169.670
170.130
170.580
171.060
171.500
171.960
172.400
172.850
173.310
173.760
174.200
174.640
175.090
175.540
175.990
176.440
176.880
177.340
177.790
178.250
178.710
179.170
179.610
180.070
180.520
180.980
181.430
181.890
182.330
182.790
183.270
183.730
184.180
184.610
185.060
185.530
185.980
186.410
186.860
187.330
187.780
188.220
188.660
189.070
189.520
189.950
190.360
190.800
191.230
191.690
192.110
192.570
192.990
193.430
193.890
194.310
194.750
195.220
195.690
196.150
196.610
197.050
197.540
197.990
198.460
198.940
199.400
199.890
200.380
200.860
201.340
201.800
