0.620
1.310
1.940
2.600
3.240
3.890
4.550
5.200
5.960
6.720
7.380
8.040
8.720
9.390
10.040
10.720
11.360
12.040
12.690
13.330
14.010
14.660
15.280
15.930
16.570
17.230
17.880
18.530
19.160
19.600
20.040
20.470
20.910
21.340
21.770
22.200
22.650
23.080
23.510
23.940
24.380
24.810
25.240
25.660
26.100
26.530
26.970
27.400
27.830
28.210
28.570
28.950
29.340
29.750
30.190
30.640
31.090
31.520
31.970
32.380
32.820
33.260
33.700
34.120
34.560
35.010
35.460
35.900
36.340
36.780
37.220
37.660
38.100
38.520
38.980
39.410
39.860
40.300
40.740
41.170
41.610
42.050
42.500
42.940
43.370
43.810
44.260
44.690
45.160
45.610
46.080
46.530
46.980
47.460
47.910
48.360
48.810
49.240
49.690
50.150
50.600
51.040
51.490
51.960
52.400
52.830
53.270
53.700
54.150
54.600
55.040
55.480
55.920
56.350
56.790
57.230
57.670
58.120
58.560
59.000
59.430
59.860
60.300
60.740
61.200
61.600
62.020
62.460
62.870
63.280
63.720
64.120
64.540
64.980
65.400
65.840
66.270
66.720
67.170
67.620
68.060
68.510
68.970
69.410
69.840
70.280
70.740
71.160
71.620
72.050
72.490
72.940
73.400
73.850
74.290
74.740
75.180
75.620
76.070
76.520
76.980
77.420
77.870
78.310
78.750
79.190
79.630
80.060
80.500
80.930
81.380
81.820
82.260
82.690
83.150
83.580
84.010
84.450
84.900
85.350
85.780
86.230
86.670
87.100
87.530
87.970
88.420
88.840
89.270
89.720
90.150
90.580
91.000
91.440
91.870
92.310
92.750
93.180
93.630
94.060
94.490
94.930
95.390
95.810
96.260
96.700
97.160
97.580
98.030
98.470
98.900
99.350
99.800
100.230
100.680
101.100
101.550
101.980
102.420
102.860
103.320
103.760
104.200
104.630
105.070
105.510
105.950
106.400
106.830
107.270
107.710
108.150
108.610
109.060
109.540
110.030
110.520
110.990
111.440
111.880
112.330
112.780
113.220
113.660
114.100
114.540
114.990
115.430
115.880
116.310
116.760
117.190
117.630
118.070
118.510
118.950
119.400
119.830
120.270
120.710
121.160
121.600
122.040
122.470
122.900
123.350
123.800
124.240
124.660
125.110
125.560
126.000
126.440
126.880
127.310
127.760
128.200
128.650
129.090
129.520
129.960
130.400
130.840
131.270
131.720
132.170
132.610
133.060
133.510
133.940
134.370
134.830
135.260
135.700
136.140
136.600
137.040
137.480
137.930
138.380
138.810
139.240
139.690
140.130
140.570
140.990
141.410
141.840
142.290
142.730
143.170
143.600
144.030
144.480
144.920
145.360
145.790
146.240
146.680
147.100
147.540
147.970
148.400
148.830
149.270
149.700
150.140
150.580
151.010
151.450
151.880
152.310
152.740
153.180
153.620
154.060
154.500
154.930
155.370
155.790
156.250
156.680
157.120
157.560
158.000
158.430
158.880
159.320
159.760
160.190
160.630
161.050
161.490
161.930
162.370
162.800
163.260
163.690
164.130
164.560
165.000
165.430
165.860
166.300
166.730
167.160
167.570
168.030
168.460
168.900
169.340
169.780
170.230
170.650
171.090
171.520
171.940
172.360
172.790
173.230
173.680
174.120
174.550
174.980
175.410
175.830
176.270
176.700
177.130
177.570
178.000
178.420
178.870
179.290
179.730
180.150
180.580
181.000
181.430
181.860
182.300
182.730
183.160
183.580
184.010
184.450
184.890
185.300
185.730
186.140
186.570
186.980
187.410
187.830
188.260
188.680
189.110
189.550
189.990
190.420
190.850
191.260
191.710
192.140
192.590
193.020
193.440
193.880
194.300
194.750
195.180
195.600
196.040
196.470
196.900
197.340
197.780
198.210
198.640
199.100
199.530
199.960
200.390
200.830
201.240
201.690
202.120
202.540
202.980
203.400
203.820
204.270
204.700
205.130
205.560
205.990
206.420
206.840
207.270
207.690
208.120
208.540
208.950
209.380
209.810
210.240
210.680
211.130
211.570
212.010
212.440
212.880
213.320
213.750
214.190
214.620
215.060
215.490
215.920
216.350
216.780
217.200
217.630
218.050
218.470
218.900
219.320
219.740
220.180
220.610
221.030
221.460
221.880
222.300
222.730
223.150
223.570
224.000
224.430
224.850
225.280
225.720
226.150
226.570
227.000
227.430
227.870
228.300
228.730
229.160
229.590
230.020
230.440
230.870
231.310
231.740
232.160
232.580
233.030
233.440
233.860
234.280
234.700
235.130
235.550
235.980
236.410
236.830
237.260
237.690
238.110
238.540
238.960
239.390
239.820
240.240
240.670
241.080
241.500
241.930
242.360
242.780
243.210
243.650
244.070
244.490
244.920
245.340
245.770
246.190
246.620
247.040
247.460
247.860
248.290
248.700
249.130
249.550
249.980
250.400
250.820
251.250
251.670
252.090
252.520
252.930
253.350
253.770
254.200
254.630
255.060
255.480
255.920
256.350
256.780
257.210
257.640
258.070
258.500
258.940
259.360
259.790
260.210
260.650
261.070
261.490
261.910
262.330
262.740
263.150
263.580
264.000
264.410
264.830
265.260
265.690
266.110
266.530
266.960
267.380
267.810
268.240
268.660
269.090
269.510
269.940
270.360
270.790
271.210
271.630
272.060
272.480
272.910
273.340
273.760
274.190
274.600
275.030
275.450
275.860
276.290
276.720
277.140
277.570
277.980
278.410
278.840
279.230
279.600
280.000
280.380
280.790
281.220
281.660
282.100
282.530
282.950
283.390
283.810
284.240
284.650
285.090
285.520
285.950
286.380
286.800
287.220
287.650
288.080
288.500
288.920
289.350
289.790
290.250
290.680
291.100
291.540
291.970
292.400
292.840
293.270
293.700
294.130
294.570
295.010
295.440
295.900
296.340
296.780
297.210
297.660
298.080
298.480
298.920
299.340
299.740
300.160
300.590
301.040
301.470
301.900
302.320
302.740
303.170
303.600
304.050
304.470
304.900
305.310
305.730
306.120
306.550
306.970
307.390
307.830
308.240
308.680
309.100
309.500
309.930
310.360
310.840
311.320
311.780
312.260
312.720
313.250
313.760
314.280
314.830
315.370
315.880
316.420
316.960
317.480
318.010
318.540
319.060
319.610
320.120
320.640
321.160
321.670
322.100
322.530
322.960
323.390
323.810
324.240
324.660
325.090
325.540
325.960
326.390
326.830
327.250
327.660
328.080
328.490
328.910
329.350
329.760
330.170
330.560
330.930
331.330
331.760
332.170
332.590
333.010
333.450
333.850
334.270
334.700
335.110
335.550
335.970
336.390
336.810
337.210
337.640
338.090
338.520
338.930
339.370
339.840
340.290
340.720
341.150
341.580
342.020
342.430
342.880
343.290
343.740
344.160
344.580
345.020
345.450
345.910
346.350
346.770
347.200
347.620
348.020
348.420
348.860
349.260
349.700
350.110
350.530
350.980
351.410
351.830
352.240
352.670
353.080
353.500
353.910
354.330
354.770
355.170
355.600
356.030
356.490
356.910
357.360
357.810
358.250
358.680
359.130
359.560
360.010
360.440
360.860
361.310
361.740
362.160
362.580
363.020
363.480
363.920
364.360
364.770
365.220
365.630
366.050
366.460
366.880
367.320
367.770
368.210
368.660
369.080
369.540
369.970
370.400
370.840
371.270
371.690
372.120
372.550
372.960
373.400
373.820
374.250
374.680
375.090
375.520
375.940
376.360
376.780
377.200
377.620
378.050
378.480
378.920
379.370
379.800
380.250
380.710
381.210
381.690
382.180
382.770
383.320
383.920
384.480
385.100
385.740
386.380
387.040
387.680
388.290
388.960
389.620
390.250
390.990
391.670
392.350
393.080
393.800
394.450
395.110
395.760
396.470
397.130
397.790
398.500
399.150
399.880
400.530
401.240
401.920
402.640
403.310
403.980
404.740
405.500
406.240
407.010
407.720
408.500
409.220
409.960
410.700
411.400
412.030
412.690
413.350
413.980
414.620
415.280
415.940
416.570
417.210
417.860
418.500
419.130
419.780
420.430
421.070
421.690
422.350
423.030
423.750
424.490
425.190
425.830
426.470
427.130
427.780
428.440
429.100
429.760
430.410
431.060
431.730
432.460
433.140
433.870
434.530
435.230
435.960
436.710
437.430
438.150
438.850
439.590
440.240
440.930
441.560
442.240
442.900
443.590
444.260
444.930
445.590
446.240
446.900
447.600
448.260
448.920
449.590
450.260
450.960
451.600
452.290
452.990
