0.320
0.670
1.060
1.430
1.800
2.160
2.530
2.890
3.270
3.620
3.990
4.350
4.710
5.070
5.420
5.780
6.140
6.500
6.850
7.200
7.570
7.900
8.260
8.610
8.970
9.320
9.680
10.040
10.390
10.750
11.100
11.470
11.810
12.150
12.520
12.870
13.230
13.590
13.940
14.290
14.660
15.010
15.370
15.720
16.070
16.430
16.780
17.130
17.500
17.850
18.200
18.550
18.910
19.260
19.620
19.980
20.330
20.680
21.040
21.400
21.760
22.120
22.460
22.810
23.150
23.510
23.870
24.220
24.570
24.910
25.260
25.620
25.970
26.310
26.670
27.000
27.360
27.710
28.070
28.410
28.790
29.130
29.500
29.840
30.200
30.550
30.900
31.250
31.610
31.980
32.330
32.680
33.050
33.400
33.750
34.110
34.460
34.820
35.170
35.510
35.850
36.200
36.560
36.900
37.250
37.600
37.960
38.300
38.670
39.010
39.360
39.710
40.070
40.420
40.770
41.130
41.480
41.820
42.170
42.530
42.870
43.210
43.590
43.940
44.290
44.650
45.000
45.350
45.700
46.050
46.410
46.760
47.110
47.480
47.840
48.190
48.550
48.910
49.260
49.610
49.970
50.330
50.690
51.060
51.410
51.770
52.130
52.500
52.850
53.210
53.560
53.910
54.260
54.610
54.980
55.330
55.680
56.040
56.390
56.750
57.100
57.470
57.830
58.190
58.560
58.910
59.270
59.620
59.980
60.340
60.700
61.060
61.420
61.770
62.130
62.490
62.840
63.210
63.570
63.930
64.270
64.620
64.970
65.330
65.690
66.050
66.400
66.760
67.120
67.480
67.820
68.190
68.550
68.910
69.260
69.630
69.980
70.340
70.690
71.050
71.420
71.790
72.130
72.480
72.840
73.210
73.570
73.940
74.300
74.660
75.020
75.370
75.730
76.080
76.440
76.800
77.160
77.510
77.880
78.230
78.590
78.950
79.300
79.660
80.030
80.380
80.730
81.090
81.450
81.800
82.160
82.530
82.880
83.240
83.590
83.950
84.290
84.660
84.990
85.370
85.710
86.060
86.410
86.760
87.120
87.480
87.840
88.200
88.550
88.920
89.270
89.630
89.990
90.350
90.700
91.050
91.410
91.760
92.130
92.490
92.840
93.190
93.550
93.890
94.250
94.610
94.960
95.310
95.680
96.030
96.390
96.740
97.100
97.460
97.830
98.190
98.550
98.910
99.260
99.600
99.980
100.340
100.690
101.040
101.400
101.770
102.140
102.500
102.860
103.210
103.540
103.900
104.260
104.610
104.970
105.330
105.680
106.030
106.390
106.740
107.100
107.450
107.810
108.170
108.530
108.880
109.230
109.580
109.930
110.290
110.640
111.000
111.360
111.730
112.080
112.450
112.800
113.150
113.520
113.880
114.240
114.610
114.960
115.300
115.660
116.010
116.380
116.740
117.110
117.480
117.830
118.210
118.580
118.950
119.290
119.650
120.010
120.380
120.770
121.140
121.510
121.880
122.240
122.600
122.980
123.330
123.700
124.060
124.420
124.780
125.140
125.510
125.880
126.260
126.610
126.970
127.340
127.700
128.060
128.440
128.790
129.170
129.510
129.870
130.240
130.600
130.960
131.330
131.690
132.060
132.420
132.790
133.150
133.520
133.880
134.250
134.610
134.970
135.330
135.680
136.030
136.400
136.760
137.120
137.480
137.850
138.200
138.560
138.920
139.270
139.630
140.010
140.350
140.710
141.070
141.440
141.790
142.150
142.510
142.890
143.230
143.590
143.960
144.330
144.680
145.050
145.410
145.780
146.140
146.500
146.880
147.230
147.600
147.950
148.310
148.690
149.050
149.420
149.770
150.150
150.510
150.860
151.220
151.570
151.930
152.290
152.660
153.030
153.390
153.750
154.100
154.470
154.840
155.210
155.570
155.940
156.300
156.660
157.020
157.400
157.760
158.140
158.510
158.880
159.240
159.620
159.970
160.350
160.710
161.070
161.420
161.800
162.150
162.530
162.900
163.270
163.640
164.020
164.370
164.730
165.090
165.470
165.840
166.200
166.570
166.930
167.330
167.710
168.080
168.440
168.820
169.180
169.560
169.930
170.300
170.670
171.040
171.400
171.760
172.120
172.490
172.850
173.210
173.580
173.950
174.340
174.700
175.080
175.430
175.820
176.170
176.560
176.910
177.290
177.660
178.040
178.410
178.760
179.150
179.560
179.950
180.340
180.710
181.060
181.430
181.800
182.190
182.540
182.910
183.280
183.660
184.040
