0.080
0.680
1.270
1.880
2.470
3.050
3.640
4.200
4.800
5.400
6.000
6.570
7.150
7.750
8.340
8.930
9.510
10.150
10.760
11.400
12.000
12.600
13.190
13.780
14.390
15.010
15.610
16.200
16.780
17.390
17.990
18.590
19.200
19.810
20.410
20.970
21.540
22.160
22.780
23.430
24.020
24.630
25.230
25.840
26.440
27.030
27.620
28.220
28.830
29.440
30.040
30.630
31.220
31.820
32.410
33.040
33.620
34.200
34.780
35.370
35.990
36.610
37.230
37.840
38.440
39.010
39.600
40.200
40.790
41.400
42.010
42.620
43.250
43.890
44.490
45.130
45.750
46.320
46.940
47.530
48.120
48.750
49.340
49.930
50.510
51.110
51.700
52.320
52.920
53.520
54.120
54.710
55.290
55.920
56.510
57.120
57.690
58.320
58.950
59.580
60.190
60.800
61.400
62.000
62.610
63.230
63.840
64.430
65.010
65.660
66.300
66.960
67.600
68.230
68.850
69.490
70.120
70.750
71.350
71.950
72.590
73.240
73.870
74.530
75.150
75.830
76.490
77.100
77.750
78.380
78.980
79.600
80.220
80.860
81.460
82.050
82.640
83.260
83.870
84.450
85.060
85.670
86.270
86.850
87.450
88.040
88.630
89.220
89.810
90.360
90.970
91.560
92.140
92.750
93.320
93.910
94.500
95.070
95.650
96.230
96.820
97.400
97.990
98.600
99.180
99.760
100.360
100.960
101.550
102.140
102.700
103.310
103.910
104.490
105.060
105.670
106.250
106.810
107.400
107.990
108.580
109.150
109.730
110.310
110.900
111.490
112.090
112.650
113.240
113.820
114.390
114.960
115.540
116.140
116.710
117.280
117.860
118.440
119.020
119.600
120.190
120.780
121.370
121.960
122.520
123.120
123.700
124.280
124.850
125.450
126.020
126.580
127.170
127.760
128.350
128.930
129.510
130.090
130.660
131.250
131.840
132.420
132.990
133.580
134.170
134.760
135.330
135.910
136.490
137.090
137.660
138.230
138.800
139.390
139.960
140.540
141.120
141.700
142.280
142.860
143.460
144.050
144.650
145.230
145.820
146.420
147.030
147.610
148.200
148.830
149.420
150.020
150.630
151.220
151.810
152.400
153.020
153.650
154.280
154.900
155.500
156.100
156.730
157.330
157.920
158.500
159.050
159.640
160.210
160.840
161.430
162.020
162.620
163.210
163.820
164.420
165.020
165.610
166.220
166.780
167.380
167.960
168.550
169.170
169.760
170.340
170.940
171.520
172.110
172.710
173.310
173.900
174.490
175.070
175.650
176.220
176.810
177.390
177.950
178.540
179.100
179.690
180.290
180.870
181.460
182.030
182.610
183.180
183.760
184.340
184.930
185.490
186.120
186.740
187.350
187.960
188.540
189.150
189.750
190.340
190.960
191.590
192.200
192.800
193.380
194.020
194.600
195.230
195.840
196.440
197.060
197.660
198.270
198.870
199.460
200.050
200.630
201.260
201.870
202.520
203.130
203.760
204.350
204.930
205.530
206.160
206.750
207.360
207.940
208.580
209.200
209.850
210.480
211.110
211.700
212.320
212.960
213.580
214.180
214.800
215.460
216.100
216.750
217.390
218.010
218.620
219.250
