0.130
0.660
1.180
1.730
2.300
2.840
3.380
3.930
4.510
5.050
5.630
6.150
6.640
7.180
7.700
8.230
8.720
9.260
9.770
10.310
10.790
11.320
11.820
12.350
12.860
13.370
13.910
14.420
14.940
15.470
15.990
16.500
17.010
17.520
18.050
18.570
19.090
19.640
20.170
20.680
21.210
21.740
22.300
22.830
23.330
23.800
24.310
24.830
25.330
25.850
26.410
26.940
27.430
27.980
28.480
29.020
29.510
30.050
30.560
31.090
31.620
32.160
32.670
33.190
33.710
34.250
34.800
35.320
35.830
36.380
36.890
37.430
37.960
38.510
39.030
39.570
40.090
40.620
41.160
41.680
42.230
42.760
43.310
43.850
44.390
44.910
45.440
45.980
46.530
47.060
47.620
48.170
48.730
49.260
49.820
50.360
50.900
51.420
51.940
52.480
53.030
53.570
54.090
54.640
55.170
55.710
56.290
56.820
57.390
57.900
58.420
58.960
59.480
60.020
60.570
61.110
61.650
62.210
62.740
63.280
63.840
64.380
64.920
65.460
66.020
66.560
67.100
67.670
68.210
68.740
69.270
69.780
70.300
70.840
71.380
71.900
72.430
72.990
73.540
74.080
74.600
75.140
75.680
76.230
76.760
77.310
77.830
78.370
78.900
79.450
79.980
80.510
81.040
81.590
82.120
82.610
83.140
83.670
84.220
84.730
85.240
85.750
86.300
86.830
87.350
87.880
88.410
88.940
89.470
89.980
90.510
91.030
91.550
92.080
92.610
93.140
93.660
94.190
94.690
95.210
95.740
96.280
96.780
97.300
97.830
98.340
98.860
99.390
99.910
100.450
100.960
101.480
102.000
102.530
103.060
103.580
104.110
104.630
105.150
105.650
106.180
106.690
107.220
107.750
108.280
108.800
109.330
109.850
110.370
110.900
111.420
111.930
112.430
112.950
113.470
113.980
114.500
115.010
115.520
116.040
116.560
117.080
117.610
118.130
118.650
119.150
119.670
120.210
120.730
121.250
121.770
122.300
122.810
123.330
123.880
124.400
124.920
125.440
125.950
126.460
126.970
127.490
128.010
128.520
129.050
129.560
130.080
130.590
131.130
131.630
132.160
132.670
133.210
133.730
134.250
134.770
135.290
135.810
136.330
136.850
137.360
137.870
138.390
138.900
139.420
139.960
140.440
140.970
141.480
142.000
142.520
143.030
143.550
144.060
144.570
145.090
145.620
146.130
146.660
147.190
147.720
148.230
148.760
149.290
149.830
150.340
150.880
151.400
151.900
152.420
152.940
153.450
153.970
154.480
155.000
155.540
156.070
156.590
157.120
157.630
158.160
158.700
159.230
159.750
160.250
160.800
161.320
161.850
162.380
162.900
163.420
163.940
164.460
164.990
165.520
166.030
166.550
167.080
167.600
168.120
168.630
169.140
169.670
170.180
170.680
171.200
171.720
172.230
172.750
173.260
173.790
174.300
174.820
175.340
175.860
176.380
176.900
177.430
177.950
178.480
178.990
179.500
180.020
180.540
181.050
181.570
182.100
182.610
183.130
183.660
184.170
184.700
185.210
185.740
186.260
186.790
187.300
187.810
188.330
188.850
189.370
189.880
190.400
190.920
191.450
191.970
192.500
193.010
193.540
194.060
194.590
195.110
195.640
196.160
196.680
197.190
197.710
198.230
198.750
199.280
199.810
200.330
200.820
201.350
201.870
202.390
202.940
203.470
204.010
204.530
205.050
205.560
206.070
206.580
207.110
207.620
208.150
208.650
209.170
209.670
210.200
210.710
211.250
211.770
212.280
212.800
213.300
213.800
214.320
214.830
215.350
215.850
216.380
216.890
217.420
217.930
218.450
218.980
219.510
220.030
220.570
221.080
221.610
222.130
222.650
223.170
223.710
224.220
224.750
225.270
225.780
226.290
226.800
227.320
227.860
228.390
228.910
229.420
229.960
230.460
230.990
231.510
232.050
232.570
233.120
233.660
234.190
234.720
235.230
235.760
236.280
236.810
237.340
237.880
238.400
238.930
239.450
240.000
240.520
241.040
241.550
242.060
242.560
243.100
243.600
244.140
244.660
245.200
245.700
246.230
246.760
247.290
247.780
248.320
248.820
249.320
249.840
250.360
250.890
251.410
251.930
252.470
252.980
253.500
254.040
254.550
255.080
255.600
256.150
256.680
257.250
257.770
258.330
258.830
259.350
259.880
260.390
260.910
261.440
261.970
262.500
263.050
263.540
264.080
264.600
265.130
265.660
266.200
266.730
267.260
267.790
268.310
268.840
269.380
269.920
270.430
270.970
271.520
272.030
272.600
273.110
273.660
274.180
274.740
275.240
275.780
276.320
276.850
277.370
277.900
278.440
278.990
279.500
280.040
280.560
281.110
281.630
282.160
282.710
283.250
283.790
284.330
284.850
285.390
285.900
286.460
286.980
287.550
288.090
288.610
289.150
289.690
290.230
290.780
291.310
291.860
292.410
292.960
293.500
294.040
294.590
295.140
295.670
296.230
296.750
297.290
297.810
298.350
298.890
299.430
299.980
300.530
301.070
301.600
302.130
302.670
303.210
303.730
304.260
304.810
305.320
305.870
306.400
306.940
307.470
308.010
308.580
309.120
309.610
310.140
310.660
311.200
311.690
312.230
312.750
313.300
313.800
314.340
314.840
315.390
315.880
316.420
316.950
317.500
318.040
318.560
319.100
319.630
320.130
320.680
321.220
321.760
322.300
322.840
323.380
323.910
324.450
324.980
325.540
326.080
326.600
327.140
327.690
328.230
328.770
329.310
329.880
330.410
330.970
331.510
332.060
332.620
333.210
333.760
334.320
334.950
335.540
336.190
336.810
337.410
338.080
338.690
339.400
340.030
340.730
341.370
342.040
342.680
343.330
343.970
344.600
345.270
345.880
346.520
347.170
