1.000
2.030
3.120
4.250
5.360
6.430
7.450
8.520
9.600
10.590
11.610
12.710
13.740
14.860
15.870
16.930
17.990
18.770
19.580
20.340
21.070
21.840
22.600
23.320
24.100
24.750
25.450
26.120
26.920
27.700
28.530
29.410
30.190
31.040
31.870
32.750
33.700
34.580
35.470
36.380
37.300
38.200
39.090
40.020
40.940
41.820
42.720
43.620
44.520
45.430
46.340
47.220
48.120
49.000
49.900
50.820
51.700
52.600
53.470
54.380
55.280
56.160
57.050
57.970
58.840
59.730
60.620
61.510
62.390
63.270
64.160
65.040
65.950
66.830
67.710
68.620
69.510
70.390
71.280
72.180
73.050
73.940
74.800
75.710
76.560
77.450
78.310
79.210
80.090
81.010
81.870
82.790
83.690
84.560
85.410
86.310
87.120
87.610
88.080
88.500
88.950
89.380
89.830
90.280
90.720
91.150
91.580
92.030
92.450
92.900
93.320
93.770
94.200
94.640
95.080
95.520
95.970
96.400
96.840
97.290
97.730
98.180
98.620
99.060
99.510
99.950
100.400
100.830
101.280
101.700
102.150
102.590
103.030
103.470
103.910
104.330
104.770
105.210
105.670
106.100
106.530
106.980
107.430
107.860
108.300
108.760
109.200
109.640
110.080
110.530
110.970
111.400
111.830
112.270
112.720
113.150
113.610
114.040
114.480
114.920
115.360
115.800
116.250
116.680
117.120
117.570
118.010
118.440
118.880
119.310
119.770
120.200
120.660
121.100
121.560
121.990
122.440
122.870
123.310
123.760
124.190
124.640
125.090
125.540
125.990
126.450
126.880
127.320
127.760
128.210
128.650
129.090
129.560
130.010
130.450
130.900
131.340
131.780
132.200
132.640
133.080
133.530
133.970
134.420
134.870
135.310
135.760
136.210
136.660
137.100
137.560
138.010
138.460
138.910
139.350
139.790
140.230
140.670
141.120
141.560
142.000
142.440
142.880
143.320
143.790
144.240
144.690
145.130
145.590
146.010
146.450
146.890
147.330
147.750
148.200
148.630
149.080
149.520
149.970
150.410
150.860
151.300
151.740
152.180
152.640
153.060
153.510
153.940
154.380
154.820
155.280
155.700
156.150
156.590
157.040
157.470
157.910
158.360
158.820
159.250
159.710
160.160
160.600
161.030
161.470
161.900
162.340
162.780
163.240
163.670
164.130
164.570
165.020
165.460
165.900
166.330
166.780
167.210
167.670
168.100
168.540
168.970
169.420
169.850
170.300
170.750
171.190
171.630
172.070
172.510
172.950
173.380
173.830
174.250
174.700
175.140
175.580
176.010
176.450
176.910
177.340
177.770
178.210
178.650
179.100
179.540
179.980
180.420
180.860
181.300
181.740
182.170
182.610
183.050
183.510
183.940
184.390
184.830
185.270
185.700
186.140
186.580
187.020
187.450
187.900
188.340
188.790
189.210
189.660
190.090
190.530
190.970
191.420
191.880
192.330
192.770
193.210
193.660
194.110
194.540
194.990
195.430
195.870
196.310
196.760
197.200
197.640
198.080
198.520
198.950
199.400
199.830
200.270
200.700
201.150
201.580
202.020
202.440
202.900
203.320
203.760
204.200
204.650
205.080
205.540
205.970
206.410
206.840
207.280
207.720
208.170
208.610
209.060
209.500
209.940
210.370
210.790
211.220
211.660
212.090
212.550
212.970
213.420
213.850
214.270
214.710
215.160
215.610
216.040
216.480
216.930
217.370
217.810
218.240
218.680
219.110
219.560
219.990
220.430
220.860
221.310
221.730
222.180
222.620
223.050
223.480
223.930
224.360
224.800
225.230
225.670
226.110
226.550
226.980
227.410
227.830
228.280
228.700
229.130
229.550
229.990
230.410
230.850
231.270
231.700
232.130
232.560
232.970
233.390
233.810
234.260
234.680
235.110
235.540
235.970
236.390
236.820
237.240
237.680
238.090
238.520
238.950
239.380
239.800
240.240
240.670
241.090
241.530
241.950
242.390
242.810
243.250
243.680
244.110
244.550
244.970
245.400
245.840
246.280
246.720
247.150
247.580
248.020
248.440
248.870
249.300
249.750
250.190
250.620
251.060
251.490
251.920
252.360
252.800
253.220
253.660
254.100
254.550
254.970
255.400
255.850
256.270
256.700
257.120
257.570
258.010
258.440
258.870
259.300
259.750
260.170
260.590
261.030
261.460
261.880
262.320
262.770
263.190
263.620
264.050
264.480
264.910
265.340
265.760
266.200
266.630
267.070
267.500
267.930
268.340
268.790
269.220
269.630
270.070
270.500
270.940
271.360
271.790
272.220
272.640
273.070
273.490
273.940
274.350
274.780
275.180
275.620
276.030
276.460
276.890
277.310
277.740
278.180
278.610
279.040
279.460
279.890
280.330
280.770
281.210
281.640
282.070
282.510
282.940
283.370
283.810
284.250
284.680
285.110
285.540
285.980
286.400
286.840
287.270
287.680
288.130
288.570
289.000
289.430
289.860
290.280
290.730
291.160
291.590
292.020
292.460
292.900
293.330
293.770
294.190
294.630
295.060
295.500
295.920
296.350
296.790
297.230
297.660
298.090
298.510
298.960
299.380
299.810
300.230
300.670
301.100
301.540
301.970
302.430
302.870
303.300
303.740
304.180
304.600
305.020
305.460
305.910
306.360
306.780
307.220
307.660
308.070
308.510
308.930
309.370
309.790
310.220
310.650
311.100
311.510
311.950
312.370
312.800
313.240
313.670
314.100
314.520
314.950
315.390
315.790
316.220
316.640
317.070
317.490
317.910
318.350
318.770
319.200
319.650
320.070
320.510
320.950
321.390
321.840
322.280
322.700
323.140
323.560
324.000
324.430
324.860
325.280
325.710
326.130
326.570
327.010
327.440
327.860
328.290
328.720
329.150
329.580
330.030
330.470
330.920
331.340
331.760
332.200
332.640
333.070
333.500
333.930
334.350
334.780
335.220
335.640
336.080
336.490
336.940
337.370
337.790
338.210
338.640
339.070
339.510
339.950
340.380
340.800
341.230
341.660
342.100
342.530
342.970
343.410
343.840
344.270
344.710
345.130
345.570
345.980
346.430
346.850
347.280
347.710
348.130
348.530
348.950
349.370
349.810
350.220
350.650
351.080
351.520
351.940
352.370
352.810
353.220
353.630
354.070
354.470
354.910
355.350
355.770
356.190
356.630
357.050
357.490
357.930
358.360
358.790
359.240
359.670
360.110
360.550
360.980
361.410
361.840
362.270
362.700
363.130
363.560
363.990
364.420
364.840
365.260
365.710
366.140
366.550
366.990
367.420
367.860
368.280
368.710
369.130
369.570
369.990
370.390
370.830
371.270
371.680
372.130
372.550
372.990
373.440
373.890
374.320
374.760
375.210
375.640
376.090
376.520
376.960
377.390
377.820
378.260
378.690
379.130
379.550
379.990
380.420
380.850
381.280
381.710
382.130
382.560
382.990
383.420
383.840
384.280
384.720
385.170
385.590
386.040
386.480
386.900
387.340
387.790
388.230
388.670
389.100
389.540
389.970
390.420
390.840
391.280
391.720
392.150
392.580
393.010
393.430
393.860
394.290
394.730
395.150
395.580
396.010
396.430
396.870
397.300
397.730
398.160
398.590
399.040
399.470
399.920
400.350
400.800
401.230
401.670
402.110
402.560
403.000
403.440
403.870
404.320
404.760
405.190
405.610
406.050
406.460
406.890
407.320
407.760
408.190
408.620
409.040
409.470
409.900
410.320
410.740
411.180
411.600
412.030
412.450
412.850
413.280
413.700
414.130
414.570
414.990
415.420
415.860
416.300
416.730
417.170
417.600
418.040
418.470
418.910
419.350
419.800
420.220
420.650
421.080
421.510
421.940
422.370
422.810
423.260
423.690
424.130
424.560
425.000
425.430
425.880
426.310
426.750
427.190
427.650
428.090
428.540
428.980
429.420
429.860
430.320
430.750
431.190
431.620
432.080
432.510
432.950
433.390
433.840
434.270
434.720
435.160
435.600
436.030
436.470
436.910
437.350
437.790
438.230
438.670
439.110
439.550
440.000
440.450
440.890
441.330
441.780
442.210
442.650
443.090
443.530
443.970
444.420
444.860
445.300
445.740
446.190
446.630
447.070
447.510
447.960
448.390
448.840
449.270
449.710
450.150
450.590
451.030
451.490
451.910
452.360
452.800
453.250
453.680
454.120
454.560
455.000
455.440
455.880
456.330
456.780
457.220
457.660
458.110
458.550
458.990
459.450
459.880
460.320
460.760
461.200
461.640
462.090
462.530
462.970
463.420
463.880
464.320
464.770
465.200
465.650
466.070
466.510
466.940
467.370
467.820
468.260
468.700
469.160
469.610
470.050
470.490
470.940
471.370
471.820
472.270
472.720
473.160
473.610
474.050
474.500
474.940
475.390
475.820
476.280
476.710
477.170
477.600
478.040
478.480
478.940
479.370
479.820
480.260
480.700
481.140
481.590
482.030
482.470
482.910
483.340
483.790
484.240
484.660
485.110
485.560
485.980
486.420
486.870
487.310
487.770
488.200
488.650
489.090
489.530
489.970
490.420
490.850
491.300
491.720
492.180
492.600
493.050
493.480
493.940
494.360
494.820
495.250
495.700
496.140
496.580
497.010
497.450
497.890
498.340
498.760
499.220
499.650
500.100
500.520
500.980
501.400
501.840
502.280
502.730
503.180
503.610
504.040
504.500
504.920
505.360
505.800
506.240
506.690
507.140
507.560
508.010
508.440
508.900
509.330
509.760
510.220
510.650
511.080
511.540
511.960
512.430
512.850
513.300
513.740
514.180
514.610
515.070
515.490
515.950
516.370
516.830
517.270
517.710
518.130
518.590
519.020
519.480
519.910
520.360
520.800
521.240
521.660
522.100
522.520
522.980
523.410
523.850
524.290
524.740
525.170
525.600
526.060
526.500
526.940
527.380
527.820
528.260
528.680
529.120
529.560
530.020
530.440
530.890
531.330
531.780
532.200
532.660
533.080
533.540
533.970
534.420
534.850
535.290
535.730
536.180
536.610
537.070
537.490
537.930
538.390
538.830
539.250
539.690
540.130
540.590
541.020
541.470
541.910
542.350
542.780
543.210
543.660
544.120
544.560
545.030
545.480
545.930
546.350
546.810
547.230
547.690
548.140
548.600
549.050
549.490
549.910
550.360
550.800
551.270
551.700
552.170
552.610
553.030
553.470
553.930
554.360
554.820
555.280
555.720
556.160
556.590
557.020
557.470
557.920
558.370
558.830
559.270
559.710
560.130
560.570
561.020
561.470
561.950
562.390
562.870
563.310
