0.470
0.970
1.520
2.040
2.560
3.050
3.590
4.090
4.610
5.150
5.690
6.230
6.800
7.380
7.950
8.570
9.160
9.740
10.330
10.880
11.440
11.990
12.520
13.020
13.550
14.080
14.660
15.200
15.740
16.290
16.820
17.390
17.930
18.450
18.990
19.550
20.080
20.590
21.140
21.640
22.170
22.700
23.270
23.800
24.340
24.940
25.570
26.170
26.720
27.260
27.760
28.320
28.830
29.350
29.890
30.430
31.000
31.530
32.050
32.620
33.140
33.670
34.220
34.780
35.340
35.890
36.410
36.960
37.510
38.040
38.590
39.120
39.650
40.210
40.750
41.330
41.870
42.420
42.950
43.500
44.050
44.630
45.180
45.720
46.270
46.820
47.360
47.910
48.470
49.010
49.560
50.100
50.650
51.180
51.730
52.280
52.830
53.360
53.910
54.430
54.960
55.510
56.060
56.590
57.130
57.670
58.210
58.740
59.270
59.800
60.340
60.880
61.420
61.980
62.500
63.060
63.580
64.110
64.690
65.210
65.770
66.320
66.870
67.410
67.950
68.500
69.000
69.540
70.070
70.620
71.140
71.670
72.190
72.710
73.250
73.760
74.300
74.820
75.350
75.870
76.360
76.910
77.400
77.940
78.460
78.990
79.490
80.000
80.560
81.080
81.610
82.120
82.650
83.200
83.710
84.240
84.740
85.270
85.780
86.280
86.810
87.330
87.840
88.380
88.870
89.390
89.900
90.420
90.950
91.490
92.020
92.510
93.030
93.570
94.070
94.600
95.130
95.640
96.170
96.710
97.230
97.780
98.290
98.840
99.360
99.900
100.400
100.930
101.450
101.970
102.470
103.020
103.550
104.060
104.590
105.120
105.660
106.180
106.710
107.240
107.770
108.310
108.850
109.390
109.920
110.440
110.980
111.500
112.040
112.550
113.120
113.650
114.170
114.700
115.250
115.750
116.300
116.840
117.370
117.890
118.430
118.950
119.460
119.990
120.550
121.070
121.600
122.110
122.640
123.170
123.670
124.180
124.720
125.230
125.770
126.280
126.790
127.310
127.820
128.360
128.880
129.450
130.060
130.640
131.220
131.740
132.250
132.790
133.310
133.860
134.350
134.900
135.400
135.940
136.430
136.970
137.490
138.030
138.570
139.100
139.630
140.110
140.580
141.090
141.560
142.040
142.550
143.020
143.500
144.040
144.570
145.070
145.580
146.110
146.620
147.100
147.630
148.160
148.680
149.200
149.720
150.250
150.760
151.310
151.820
152.330
152.840
153.350
153.870
154.390
154.890
155.410
155.900
156.410
156.930
157.460
157.960
158.500
158.990
159.510
160.060
160.550
161.100
161.610
162.130
162.640
163.180
163.720
164.230
164.740
165.240
165.760
166.280
166.780
167.300
167.840
168.350
168.870
169.390
169.920
170.460
170.980
171.510
171.990
172.520
173.030
173.570
174.090
174.620
175.160
175.660
176.200
176.710
177.240
177.750
178.280
178.810
179.320
179.840
180.340
180.880
181.380
181.920
182.430
182.960
183.480
184.000
184.530
185.050
185.570
186.080
186.560
187.070
187.590
188.120
188.630
189.140
189.640
190.140
190.670
191.190
191.710
192.210
192.740
193.250
193.780
194.300
194.830
195.380
195.900
196.400
196.930
197.430
197.960
198.470
198.980
199.500
200.040
200.530
201.060
201.590
202.120
202.610
203.140
203.670
204.200
204.680
205.210
205.720
206.220
206.760
207.280
207.800
208.320
208.850
209.360
209.880
210.400
210.900
211.420
211.920
212.450
212.940
213.480
213.990
214.500
215.040
215.580
216.110
216.650
217.160
217.680
218.180
218.710
219.240
219.740
220.260
220.740
221.280
221.770
222.280
222.800
223.320
223.840
224.370
224.900
225.410
225.900
226.410
226.910
227.440
227.960
228.470
228.990
229.510
230.030
230.540
231.070
231.590
232.110
232.620
233.160
233.650
234.180
234.690
235.190
235.720
236.220
236.740
237.260
237.770
238.270
238.790
239.330
239.820
240.350
240.880
241.400
241.900
242.410
242.930
243.450
243.950
244.470
245.010
245.510
246.040
246.550
247.050
247.580
248.090
248.620
249.120
249.640
250.180
250.700
251.220
251.750
252.240
252.770
253.280
253.820
254.340
254.860
255.430
255.970
256.490
257.030
257.650
258.290
258.930
259.570
260.180
260.800
261.430
262.010
262.580
263.120
263.680
264.240
264.820
265.370
265.910
266.470
267.050
267.610
268.170
268.730
269.320
269.880
270.450
271.020
271.590
272.170
272.770
