0.400
0.970
1.530
2.050
2.580
3.140
3.670
4.180
4.700
5.220
5.730
6.260
6.750
7.290
7.820
8.320
8.840
9.370
9.900
10.420
10.910
11.450
11.980
12.490
12.990
13.500
14.000
14.520
15.030
15.520
16.010
16.480
16.990
17.520
18.030
18.540
19.030
19.550
20.050
20.570
21.080
21.570
22.070
22.590
23.110
23.640
24.160
24.660
25.180
25.690
26.240
26.750
27.240
27.750
28.250
28.760
29.290
29.810
30.320
30.840
31.340
31.840
32.390
32.910
33.420
33.920
34.450
34.990
35.500
36.040
36.570
37.090
37.620
38.150
38.660
39.180
39.700
40.230
40.760
41.260
41.790
42.320
42.840
43.340
43.840
44.370
44.890
45.390
45.910
46.440
46.980
47.500
48.010
48.520
49.040
49.580
50.090
50.630
51.160
51.690
52.230
52.760
53.280
53.810
54.330
54.860
55.390
55.930
56.440
56.950
57.470
58.000
58.530
59.060
59.580
60.100
60.620
61.180
61.700
62.220
62.770
63.290
63.820
64.340
64.860
65.380
65.900
66.400
66.950
67.460
67.980
68.500
69.030
69.560
70.080
70.600
71.120
71.650
72.180
72.690
73.220
73.740
74.280
74.800
75.310
75.850
76.370
76.880
77.390
77.920
78.450
78.990
79.520
80.050
80.610
81.120
81.650
82.190
82.710
83.240
83.750
84.270
84.790
85.330
85.850
86.390
86.920
87.450
87.990
88.500
89.020
89.550
90.060
90.620
91.160
91.700
92.230
92.730
93.280
93.790
94.320
94.830
95.340
95.860
96.420
96.950
97.480
98.000
98.540
99.060
99.590
100.110
100.630
101.180
101.710
102.280
102.810
103.360
103.910
104.460
104.980
105.510
106.050
106.570
107.120
107.640
108.160
108.680
109.220
109.740
110.270
110.790
111.310
111.820
112.370
112.880
113.390
113.910
114.440
114.950
115.460
115.970
116.460
117.000
117.510
118.040
118.560
119.060
119.570
120.080
120.600
121.140
121.650
122.170
122.690
123.210
123.710
124.230
124.750
125.250
125.750
126.280
126.810
127.320
127.850
128.380
128.910
129.420
129.960
130.480
130.990
131.530
132.070
132.570
133.120
133.640
134.180
134.710
135.250
135.780
136.320
136.860
137.390
137.910
138.430
138.940
139.460
140.010
140.540
141.070
141.600
142.110
142.670
143.210
143.750
144.280
144.800
145.350
145.880
146.420
146.950
147.520
148.060
148.580
149.130
149.670
150.220
150.770
151.300
151.890
152.440
152.990
153.570
154.110
154.660
155.190
155.740
156.290
156.840
157.400
157.950
158.500
159.060
159.620
160.140
160.690
161.230
161.780
162.320
162.890
163.450
164.010
164.560
165.130
165.700
166.260
166.780
167.350
167.900
168.460
168.990
169.530
170.070
170.640
171.180
171.740
172.280
172.830
173.390
173.920
174.490
175.030
175.560
176.120
176.690
177.220
177.800
178.360
178.920
179.500
180.060
180.610
181.180
181.760
182.350
182.910
183.460
184.030
184.600
185.160
185.700
186.270
186.840
187.420
187.980
188.530
189.110
189.680
190.250
190.810
191.400
191.980
192.530
193.100
193.660
194.230
194.830
195.370
195.950
196.510
197.070
197.620
198.180
198.730
199.290
199.830
200.410
200.970
201.510
202.080
202.630
203.190
203.750
204.310
204.880
205.400
205.970
206.540
207.080
207.650
208.200
208.750
209.340
209.890
210.430
210.990
211.570
212.150
212.730
213.290
213.830
214.410
214.960
215.510
216.070
216.620
217.160
217.710
218.250
218.790
219.350
219.890
220.460
221.000
221.590
222.140
222.690
223.240
223.790
224.310
224.840
225.400
225.960
226.500
227.050
227.620
228.180
228.720
229.280
229.830
230.360
230.910
231.470
232.030
232.580
233.130
233.680
234.220
234.750
235.300
235.860
236.410
237.000
237.540
238.110
238.650
239.210
239.770
240.310
240.870
241.430
241.980
242.560
243.100
243.650
244.210
244.760
245.320
245.880
246.450
246.990
247.570
248.110
248.650
249.200
249.740
250.310
250.890
251.440
251.980
252.550
253.110
253.680
254.240
254.800
255.360
255.910
256.490
257.050
257.610
258.190
258.740
259.340
259.910
260.500
261.040
261.580
262.130
262.680
263.230
263.780
264.360
264.920
265.470
266.020
266.570
267.140
267.710
268.270
268.840
269.430
269.960
270.550
271.080
271.640
272.210
272.780
273.340
273.900
274.460
275.030
275.590
276.180
276.710
277.300
277.840
278.410
278.980
279.550
280.110
280.670
281.250
281.810
282.360
282.920
283.460
284.040
284.590
285.170
285.740
286.300
286.880
287.460
288.030
288.580
289.150
289.720
290.270
290.840
291.430
292.000
292.590
293.170
293.730
294.310
294.870
295.430
296.000
296.560
297.130
297.680
298.280
298.860
299.440
300.020
300.590
301.170
301.740
302.330
302.880
303.470
304.040
304.600
305.160
305.710
306.300
306.870
307.420
307.980
308.550
309.150
309.710
310.290
310.850
311.410
311.960
312.520
313.110
313.680
314.250
314.850
315.430
315.990
316.570
317.160
317.720
318.290
318.870
319.430
320.000
320.590
321.150
321.720
322.310
322.890
323.460
324.080
324.690
325.250
325.850
326.420
326.990
327.570
328.170
328.720
329.330
329.890
330.480
331.070
331.640
332.260
332.820
333.360
333.940
334.470
335.040
335.600
336.200
336.760
337.310
337.890
338.500
339.070
339.660
340.210
340.820
341.400
341.970
342.560
343.120
343.700
344.260
344.860
345.420
345.990
346.570
347.140
347.690
348.270
348.850
349.380
349.960
350.530
351.080
351.650
352.190
352.750
353.300
353.870
354.430
355.010
355.590
356.150
356.700
357.270
357.850
358.420
358.980
359.540
360.110
360.690
361.240
361.790
362.330
362.860
363.410
363.990
364.540
365.140
365.690
366.260
366.790
367.310
367.900
368.470
369.040
369.600
370.200
370.780
371.390
371.960
372.530
373.130
373.700
374.270
374.820
375.390
375.950
376.500
377.100
377.670
378.240
378.790
379.380
379.940
380.510
381.080
381.640
382.210
382.800
383.350
383.950
384.530
385.100
385.630
386.190
386.720
387.320
387.870
388.470
389.030
389.600
390.190
390.750
391.320
391.880
392.420
393.000
393.560
394.120
394.690
395.300
395.860
396.430
396.980
397.580
398.150
398.690
399.200
399.740
400.290
400.840
401.320
401.740
402.190
402.620
403.060
403.520
403.950
404.360
404.810
405.240
405.660
406.090
406.510
406.960
407.390
407.800
408.240
408.700
409.140
409.550
410.000
410.420
410.860
411.280
411.700
412.120
412.540
412.940
413.320
413.750
414.170
414.600
415.070
415.530
415.970
416.390
416.830
417.290
417.750
418.200
418.630
419.120
419.600
420.110
420.660
421.200
421.780
422.320
422.840
423.400
423.970
424.500
425.010
425.540
426.080
426.600
427.110
427.600
428.140
428.660
429.170
429.710
430.240
430.780
431.310
431.840
432.350
432.880
433.440
433.920
434.310
434.730
435.130
435.550
435.950
436.340
436.750
437.160
437.570
438.000
438.410
438.820
439.270
439.700
440.120
440.580
441.050
441.490
441.970
442.420
442.920
443.480
444.040
444.610
445.200
445.800
446.370
446.990
447.610
448.230
448.840
449.430
450.050
450.650
451.220
451.840
452.430
453.010
453.580
454.170
454.760
455.320
455.880
456.480
457.050
457.640
458.200
458.810
459.370
459.950
460.490
461.090
461.670
462.250
462.820
463.380
463.970
464.520
465.120
465.680
466.280
466.840
467.440
468.020
468.590
469.170
469.750
470.330
470.920
471.510
472.110
472.700
473.280
473.870
474.420
475.010
475.600
476.190
476.770
477.360
477.940
478.530
479.110
479.690
480.270
480.840
481.390
481.960
482.540
483.110
483.670
484.270
484.840
485.400
485.950
486.560
487.160
487.730
488.300
488.900
489.480
490.060
490.640
491.240
491.820
492.390
492.990
493.570
494.140
494.700
495.280
495.880
496.430
497.030
497.590
498.200
498.770
499.360
499.970
500.560
501.200
501.790
502.390
502.970
503.580
504.180
504.760
505.300
505.900
506.450
507.050
507.650
508.230
508.870
509.460
510.090
510.680
