0.260
0.870
1.500
2.150
2.780
3.400
4.090
4.780
5.530
6.240
6.930
7.630
8.350
9.070
9.800
10.480
11.150
11.860
12.560
13.250
13.930
14.590
15.220
15.910
16.590
17.280
17.960
18.630
19.310
20.000
20.670
21.360
22.050
22.710
23.370
24.090
24.760
25.450
26.110
26.780
27.470
28.170
28.860
29.570
30.240
30.910
31.640
32.310
33.000
33.670
34.360
35.030
35.710
36.410
37.070
37.760
38.460
39.150
39.830
40.530
41.210
41.900
42.580
43.290
43.940
44.600
45.270
45.970
46.660
47.320
47.980
48.630
49.320
50.020
50.680
51.390
52.080
52.780
53.450
54.160
54.840
55.510
56.200
56.920
57.640
58.330
59.000
59.710
60.380
61.100
61.790
62.480
63.180
63.870
64.550
65.280
66.000
66.690
67.380
68.050
68.720
69.420
70.100
70.810
71.500
72.190
72.900
73.590
74.280
74.990
75.680
76.400
77.120
77.810
78.510
79.220
79.900
80.610
81.280
81.990
82.660
83.340
84.050
84.740
85.410
86.130
86.820
87.520
88.230
88.940
89.640
90.350
91.020
91.700
92.430
93.110
93.830
94.550
95.240
95.970
96.670
97.410
98.140
98.880
99.580
100.310
101.040
101.770
102.450
103.200
103.920
104.660
105.360
106.070
106.790
107.480
108.210
108.930
109.630
110.350
111.020
111.730
112.470
113.200
113.920
114.620
115.330
116.070
116.770
117.510
118.250
118.950
119.660
120.380
121.080
121.820
122.520
123.220
123.900
124.600
125.320
126.030
126.730
127.450
128.150
128.860
129.570
130.260
131.000
131.730
132.430
133.150
133.850
134.600
135.290
136.020
136.740
137.450
138.150
138.880
139.590
140.310
141.050
141.810
142.500
143.210
143.930
144.650
145.350
146.100
146.810
147.560
148.260
148.990
149.680
150.390
151.120
151.820
152.530
153.270
153.960
154.670
155.400
156.110
156.830
157.540
158.260
158.980
159.670
160.380
161.060
161.790
162.470
163.170
163.890
164.600
165.290
166.020
166.710
167.450
168.140
168.860
169.590
170.310
170.980
171.700
172.370
173.090
173.780
174.480
175.200
175.920
176.630
177.380
178.070
178.800
179.520
180.240
180.950
181.690
182.390
183.110
183.830
184.540
185.270
185.970
186.710
187.460
188.150
188.880
189.570
190.290
191.020
191.730
192.460
193.170
193.840
194.560
195.280
195.990
196.700
197.420
198.130
198.870
199.570
200.280
201.010
201.710
202.410
203.090
203.810
204.490
205.200
205.920
206.600
207.330
208.040
208.760
209.470
210.160
210.850
211.570
212.290
213.020
213.730
214.490
215.200
215.930
216.630
217.370
218.080
218.830
219.540
220.290
221.010
221.780
222.500
223.200
223.910
224.640
225.320
226.040
226.750
227.470
228.170
228.850
229.560
230.260
230.970
231.700
232.390
233.150
233.860
234.570
235.290
236.020
236.740
237.460
238.200
238.930
239.640
240.350
241.070
241.800
242.490
243.220
243.930
244.640
245.370
246.080
246.790
247.520
248.240
248.960
249.700
250.430
251.140
251.850
252.550
253.280
253.990
254.680
255.430
256.120
256.850
257.550
258.240
258.950
259.680
260.400
261.100
261.830
262.540
263.240
263.920
264.700
265.430
266.160
266.890
267.670
268.470
269.280
270.050
270.850
271.640
272.330
272.980
273.650
274.360
275.010
275.720
276.440
277.120
277.840
278.540
279.270
279.960
280.670
281.420
282.100
282.840
283.580
284.350
285.070
