0.310
0.970
1.610
2.240
2.880
3.530
4.200
4.850
5.500
6.160
6.800
7.430
8.090
8.690
9.350
9.960
10.620
11.240
11.900
12.520
13.140
13.800
14.440
15.110
15.770
16.430
17.080
17.690
18.320
18.940
19.560
20.170
20.800
21.460
22.090
22.710
23.330
23.970
24.580
25.220
25.870
26.490
27.120
27.780
28.410
29.070
29.710
30.320
30.990
31.610
32.260
32.920
33.570
34.230
34.890
35.500
36.170
36.790
37.400
38.050
38.690
39.310
39.920
40.560
41.180
41.830
42.500
43.120
43.760
44.410
45.050
45.680
46.320
46.950
47.580
48.210
48.850
49.470
50.080
50.690
51.320
51.960
52.560
53.210
53.840
54.450
55.060
55.710
56.350
57.020
57.670
58.270
58.910
59.560
60.200
60.840
61.480
62.100
62.720
63.370
64.020
64.650
65.250
65.900
66.530
67.170
67.780
68.410
69.030
69.660
70.290
70.930
71.550
72.180
72.810
73.480
74.120
74.770
75.410
76.040
76.680
77.330
77.970
78.590
79.240
79.880
80.520
81.150
81.790
82.430
83.080
83.710
84.360
85.000
85.650
86.300
86.940
87.560
88.220
88.850
89.500
90.150
90.800
91.430
92.080
92.690
93.350
93.970
94.620
95.250
95.900
96.520
97.190
97.820
98.450
99.060
99.720
100.340
100.970
101.580
102.230
102.840
103.440
104.070
104.710
105.350
106.000
106.620
107.230
107.890
108.520
109.150
109.770
110.380
111.030
111.650
112.290
112.920
113.520
114.150
114.780
115.380
116.020
116.650
117.280
117.900
118.530
119.160
119.800
120.420
121.030
121.660
122.280
122.900
123.510
124.130
124.750
125.370
125.960
126.560
127.180
127.780
128.400
129.010
129.620
130.240
130.830
131.440
132.020
132.630
133.230
133.840
134.450
135.040
135.670
136.280
136.910
137.520
138.100
138.710
139.320
139.930
140.560
141.160
141.780
142.370
143.000
143.620
144.250
144.840
145.490
146.100
146.710
147.340
147.990
148.600
149.190
149.810
150.430
151.040
151.660
152.300
152.910
153.530
154.160
154.770
155.390
155.990
156.630
157.260
157.880
158.500
159.140
159.750
160.340
160.950
161.600
162.190
162.840
163.500
164.120
164.770
165.420
166.050
166.690
167.340
167.960
168.590
169.190
169.830
170.470
171.060
171.710
172.330
172.960
173.580
174.220
174.850
175.500
176.110
176.750
177.370
177.970
178.570
179.200
179.840
180.480
181.100
181.710
182.320
182.930
183.560
184.220
184.810
185.460
186.070
186.660
187.280
187.930
188.570
189.190
189.810
190.420
191.030
191.640
192.290
192.930
193.560
194.330
195.090
195.830
196.650
197.420
198.240
199.030
199.810
200.640
201.430
202.220
203.050
203.830
204.640
205.530
206.400
207.300
208.150
209.030
209.900
210.870
211.770
212.660
213.600
214.540
215.480
216.390
217.380
