0.030
0.670
1.310
1.960
2.580
3.220
3.870
4.490
5.130
5.780
6.410
7.040
7.660
8.310
8.930
9.570
10.210
10.890
11.520
12.150
12.780
13.450
14.080
14.720
15.360
15.990
16.620
17.270
17.940
18.580
19.230
19.860
20.510
21.140
21.770
22.430
23.040
23.690
24.330
24.970
25.600
26.230
26.880
27.510
28.140
28.760
29.400
30.040
30.690
31.310
31.980
32.600
33.260
33.880
34.490
35.140
35.760
36.420
37.040
37.690
38.300
38.940
39.570
40.190
40.800
41.440
42.040
42.690
43.290
43.920
44.550
45.190
45.830
46.450
47.120
47.740
48.390
49.030
49.680
50.300
50.940
51.580
52.210
52.840
53.450
54.110
54.730
55.350
55.980
56.630
57.230
57.890
58.490
59.150
59.760
60.390
61.020
61.670
62.330
62.970
63.580
64.210
64.870
65.480
66.100
66.750
67.380
68.020
68.630
69.260
69.880
70.480
71.100
71.700
72.330
72.910
73.520
74.140
74.780
75.400
76.040
76.690
77.320
77.780
78.100
78.460
78.790
79.100
79.430
79.740
80.070
80.380
80.710
81.030
81.340
81.660
81.980
82.310
82.630
82.950
83.280
83.600
83.930
84.250
84.570
84.890
85.210
85.530
85.860
86.170
86.500
86.820
87.130
87.450
87.770
88.090
88.420
88.740
89.060
89.390
89.710
90.030
90.360
90.680
91.000
91.320
91.640
91.960
92.290
92.620
92.940
93.260
93.600
93.920
94.250
94.570
94.910
95.240
95.570
95.900
96.240
96.560
96.900
97.220
97.550
97.870
98.200
98.520
98.850
99.170
99.480
99.800
100.130
100.450
100.760
101.080
101.410
101.730
102.050
102.370
102.700
103.020
103.360
103.680
104.010
104.320
104.650
104.980
105.300
105.630
105.960
106.280
106.620
106.940
107.260
107.590
107.900
108.230
108.550
108.860
109.190
109.500
109.830
110.150
110.480
110.800
111.130
111.450
111.770
112.090
112.400
112.720
113.050
113.370
113.700
114.020
114.360
114.690
115.020
115.340
115.680
116.000
116.340
116.660
116.990
117.320
117.660
117.990
118.330
118.650
118.980
119.300
119.610
119.930
120.250
120.580
120.890
121.210
121.530
121.850
122.180
122.510
122.840
123.170
123.490
123.830
124.160
124.480
124.800
125.140
125.470
125.790
126.120
126.450
126.780
127.100
127.430
127.740
128.060
128.410
128.740
129.070
129.400
129.730
130.050
130.370
130.700
131.030
131.360
131.690
132.030
132.350
132.680
133.010
133.360
133.680
134.010
134.340
134.650
134.970
135.300
135.630
135.960
136.280
136.610
136.930
137.270
137.600
137.930
138.260
138.600
138.920
139.240
139.560
139.880
140.190
140.540
140.850
141.200
141.520
141.850
142.170
142.500
142.820
143.150
143.460
143.790
144.110
144.430
144.760
145.080
145.410
145.740
146.060
146.390
146.710
147.030
147.340
147.670
147.990
148.310
148.620
148.950
149.290
149.610
149.940
150.250
150.570
150.880
151.190
151.510
151.830
152.150
152.480
152.800
153.130
153.460
153.770
154.100
154.430
154.760
155.090
155.430
155.760
156.100
156.430
156.750
157.080
157.410
157.740
158.070
158.400
158.730
159.070
159.390
159.710
160.050
160.390
160.710
161.030
161.370
161.700
162.040
162.370
162.700
163.040
163.360
163.710
164.050
164.380
164.720
165.040
165.370
165.720
166.050
166.380
166.700
167.020
167.360
167.680
168.010
168.340
168.680
169.010
169.360
169.690
170.020
170.340
170.670
171.010
171.330
171.660
172.000
172.320
172.650
172.990
173.310
173.660
173.990
174.320
174.650
174.980
175.310
175.630
175.960
176.300
176.620
176.940
177.290
177.620
177.950
178.270
178.600
178.920
179.250
179.580
179.910
180.240
180.570
180.900
181.250
181.580
181.910
182.240
182.580
182.900
183.240
183.570
183.900
184.230
184.560
184.900
185.250
185.590
185.930
186.260
186.610
186.930
187.280
187.610
187.950
188.260
188.610
188.940
189.270
189.580
189.930
190.250
190.570
190.920
191.250
191.580
191.910
192.220
192.550
192.880
193.220
193.560
193.890
194.210
194.550
194.860
195.210
195.530
195.870
196.190
196.510
196.840
197.170
197.490
197.810
198.130
198.450
198.780
199.110
199.430
199.760
200.080
200.420
200.750
201.060
201.390
201.720
202.050
202.390
202.730
203.090
203.430
203.770
204.090
204.450
204.790
205.130
205.470
205.810
206.140
206.470
206.780
207.120
207.450
207.780
208.130
208.460
208.810
209.150
209.490
209.840
210.170
210.500
210.840
211.170
211.520
211.840
212.180
212.510
212.850
213.180
213.520
213.840
214.180
214.500
214.840
215.170
215.490
215.820
216.140
216.470
216.800
217.150
217.480
217.800
218.110
218.430
218.750
219.100
219.430
219.780
220.110
220.470
220.810
221.130
221.440
221.750
222.060
222.370
222.700
223.020
223.340
223.660
223.960
224.260
224.560
224.850
225.160
225.450
225.750
226.050
226.350
226.660
226.970
227.270
227.580
227.900
228.210
228.530
228.850
229.180
229.530
229.850
230.190
230.510
230.830
231.140
231.460
231.810
232.140
232.460
232.820
233.330
233.790
234.310
234.820
235.330
235.850
236.350
236.860
237.400
238.020
238.670
239.230
239.820
240.410
241.030
241.600
242.190
242.730
243.320
243.870
244.460
245.040
245.590
246.160
246.720
247.300
247.870
248.500
249.100
249.740
250.380
251.050
