0.440
0.890
1.340
1.790
2.230
2.650
3.110
3.540
4.000
4.440
4.910
5.340
5.790
6.240
6.660
7.110
7.570
8.020
8.460
8.900
9.330
9.750
10.180
10.610
11.060
11.490
11.940
12.370
12.810
13.250
13.700
14.120
14.570
15.020
15.460
15.890
16.320
16.760
17.190
17.630
18.060
18.500
18.930
19.370
19.810
20.240
20.680
21.100
21.540
21.960
22.390
22.830
23.270
23.700
24.120
24.560
25.000
25.440
25.890
26.320
26.760
27.180
27.610
28.040
28.500
28.920
29.380
29.830
30.270
30.710
31.150
31.590
32.020
32.460
32.910
33.360
33.790
34.230
34.680
35.120
35.550
35.960
36.390
36.850
37.300
37.740
38.220
38.680
39.120
39.580
40.060
40.520
40.980
41.430
41.880
42.340
42.800
43.270
43.730
44.200
44.660
45.120
45.570
46.060
46.520
46.980
47.430
47.890
48.330
48.780
49.240
49.720
50.170
50.640
51.100
51.550
52.010
52.460
52.920
53.400
53.850
54.330
54.790
55.250
55.710
56.170
56.640
57.120
57.590
58.070
58.520
58.990
59.480
59.950
60.400
60.890
61.350
61.820
62.280
62.750
63.220
63.690
64.170
64.640
65.110
65.570
66.040
66.530
66.990
67.450
67.910
68.370
68.840
69.290
69.750
70.210
70.670
71.150
71.610
72.070
72.560
73.000
73.460
73.930
74.400
74.860
75.330
75.790
76.270
76.760
77.240
77.720
78.190
78.660
79.140
79.630
80.100
80.560
81.050
81.520
82.000
82.480
82.960
83.430
83.910
84.410
84.890
85.340
85.800
86.260
86.730
87.200
87.660
88.130
88.600
89.080
89.550
90.010
90.490
90.960
91.420
91.910
92.370
92.850
93.320
93.790
94.260
94.730
95.190
95.660
96.130
96.590
97.080
97.550
98.020
98.520
98.990
99.480
99.950
100.420
100.920
101.410
101.880
102.390
102.870
103.330
103.810
104.310
104.830
105.330
105.820
106.270
106.740
107.230
107.690
108.160
108.600
109.070
109.540
110.030
110.530
111.010
111.500
112.030
112.520
112.980
113.500
113.990
114.480
114.950
115.440
115.940
116.410
116.860
117.340
117.820
118.320
118.800
119.280
119.760
120.250
120.770
121.250
121.730
122.210
122.680
123.130
123.610
124.080
124.550
125.030
125.490
125.980
126.470
126.970
127.440
127.920
128.410
128.880
129.370
129.820
130.300
130.780
131.240
131.710
132.190
132.640
133.140
133.610
134.100
134.570
135.040
135.540
136.020
136.490
136.970
137.490
137.950
138.420
138.900
139.380
139.830
140.320
140.780
141.240
141.710
142.200
142.670
143.170
143.640
144.120
144.600
145.090
145.560
146.030
146.520
147.000
147.480
147.960
148.430
148.920
149.390
149.850
150.320
150.780
151.260
151.730
152.190
152.670
153.140
153.610
154.070
154.550
155.030
155.490
155.950
156.420
156.880
157.350
157.810
158.260
158.720
159.170
159.640
160.100
160.570
161.020
161.480
161.940
162.410
162.870
163.330
163.810
164.270
164.720
165.190
165.660
166.130
166.580
167.050
167.510
167.980
168.410
168.880
169.330
169.780
170.240
170.700
171.170
171.640
172.120
172.590
173.060
173.530
174.000
174.470
174.930
175.390
175.870
176.330
176.810
177.260
177.710
178.170
178.630
179.110
179.560
180.020
180.480
180.960
181.420
181.880
182.350
182.830
183.270
183.750
184.210
184.680
185.140
185.610
186.070
186.550
187.030
187.500
187.960
188.420
188.910
189.380
189.840
190.320
190.790
191.280
191.750
192.240
192.760
193.230
193.730
194.210
194.670
195.140
195.610
196.080
196.570
197.020
