0.380
1.030
1.680
2.380
3.030
3.730
4.390
5.030
5.680
6.310
6.960
7.630
8.280
8.960
9.650
10.350
11.020
11.710
12.390
13.050
13.720
14.430
15.070
15.790
16.450
17.140
17.780
18.440
19.090
19.740
20.410
21.080
21.740
22.370
23.000
23.680
24.330
25.000
25.650
26.330
27.020
27.660
28.300
28.960
29.590
30.220
30.880
31.530
32.220
32.860
33.560
34.210
34.880
35.540
36.250
36.910
37.570
38.260
38.890
39.580
40.240
40.880
41.560
42.210
42.880
43.570
44.220
44.890
45.530
46.200
46.880
47.520
48.180
48.860
49.500
50.110
50.740
51.400
52.070
52.720
53.390
54.040
54.730
55.440
56.080
56.760
57.450
58.100
58.770
59.430
60.130
60.790
61.450
62.080
62.740
63.430
64.080
64.730
65.400
66.040
66.720
67.400
68.070
68.780
69.430
70.110
70.750
71.440
72.090
72.780
73.400
74.060
74.730
75.420
76.070
76.760
77.410
78.060
78.700
79.380
80.110
80.830
81.470
82.160
82.800
83.460
84.150
84.830
85.490
86.140
86.820
87.530
88.180
88.860
89.510
90.190
90.880
91.530
92.180
92.830
93.500
94.160
94.810
95.450
96.120
96.780
97.450
98.100
98.780
99.400
100.060
100.750
101.390
102.090
102.750
103.400
104.080
104.740
105.400
106.050
106.700
107.400
108.040
108.700
109.350
110.000
110.650
111.320
111.980
112.640
113.290
113.950
114.590
115.270
115.930
116.590
117.260
117.970
118.640
119.340
119.990
120.600
121.290
121.900
122.560
123.260
123.960
124.650
125.270
125.950
126.600
127.290
127.930
128.560
129.210
129.900
130.540
131.180
131.790
132.450
133.110
133.790
134.440
135.110
135.750
136.400
137.070
137.740
138.410
139.090
139.780
140.490
141.150
141.870
142.540
143.190
143.890
144.610
145.280
145.950
146.610
147.270
147.910
148.600
149.300
150.000
150.650
151.350
152.000
152.720
153.390
154.100
154.750
155.460
156.090
156.790
157.450
158.100
158.750
159.460
160.120
160.860
161.530
162.240
162.900
163.520
164.180
164.910
165.630
166.350
167.040
167.720
168.390
169.030
169.770
170.560
171.320
172.100
172.840
173.630
174.400
175.190
175.980
176.750
177.490
178.290
179.060
179.860
180.640
181.400
182.200
183.100
184.060
184.980
185.960
186.930
187.840
188.830
189.810
