0.770
1.660
2.550
3.410
4.280
5.170
6.090
6.960
7.880
8.710
9.640
10.490
11.390
12.230
13.200
14.100
15.030
15.910
16.800
17.710
18.560
19.450
20.420
21.410
22.450
23.420
24.380
25.330
26.310
27.300
28.330
29.270
30.240
31.190
32.170
33.150
34.130
35.100
36.050
37.070
38.000
39.010
39.980
40.890
41.890
42.880
43.860
44.920
45.910
46.960
47.980
48.960
49.940
50.970
51.980
53.040
54.120
55.150
56.110
57.020
57.980
58.940
59.860
60.800
61.720
62.650
63.550
64.520
65.500
66.420
67.400
68.300
69.270
70.240
71.160
72.130
73.110
74.040
74.970
75.910
76.870
77.790
78.820
79.790
80.750
81.640
82.620
83.560
84.510
85.470
86.420
87.320
88.280
89.210
90.180
91.110
92.020
92.930
93.920
94.820
95.780
96.690
97.650
98.530
99.480
100.420
101.360
102.270
103.250
104.210
105.160
106.130
107.170
108.120
109.070
110.190
111.230
112.250
113.300
114.280
115.320
116.390
117.450
118.510
119.570
120.610
121.730
122.750
123.720
124.670
125.630
126.660
127.640
128.600
129.570
130.620
131.530
132.490
133.500
134.440
135.350
136.330
137.250
138.240
139.140
140.100
141.050
141.930
142.810
143.740
144.630
145.480
146.400
147.300
148.220
149.100
150.020
150.900
151.860
152.730
153.700
154.600
155.510
156.440
157.330
158.290
159.170
