0.340
1.130
1.900
2.660
3.430
4.170
4.950
5.700
6.460
7.220
7.970
8.720
9.480
10.210
10.970
11.710
12.460
13.240
14.010
14.750
15.530
16.290
17.050
17.840
18.610
19.370
20.140
20.900
21.650
22.410
23.190
23.950
24.730
25.520
26.280
27.050
27.820
28.580
29.330
30.100
30.870
31.630
32.400
33.170
33.930
34.690
35.440
36.230
36.990
37.770
38.530
39.310
40.070
40.840
41.590
42.350
43.130
43.890
44.670
45.430
46.200
46.980
47.740
48.490
49.250
50.040
50.810
51.550
52.320
53.090
53.850
54.610
55.380
56.150
56.930
57.710
58.480
59.240
60.010
60.740
61.520
62.310
63.100
63.870
64.660
65.440
66.210
67.000
67.780
68.560
69.340
70.120
70.900
71.680
72.460
73.230
74.010
74.780
75.570
76.330
77.100
77.890
78.680
79.440
80.220
81.000
81.790
82.560
83.330
84.120
84.900
85.660
86.440
87.220
88.000
88.750
89.530
90.310
91.080
91.850
92.630
93.410
94.190
94.950
95.730
96.500
97.240
98.010
98.770
99.540
100.330
101.110
101.870
102.640
103.410
104.180
104.960
105.730
106.500
107.250
108.020
108.760
109.520
110.290
111.050
111.830
112.610
113.400
114.180
114.960
115.740
116.510
117.270
118.060
118.840
119.620
120.380
121.150
121.920
122.690
123.440
124.200
124.980
125.750
126.520
127.290
128.040
128.810
129.570
130.330
131.090
131.850
132.620
133.380
134.140
134.890
135.660
136.420
137.180
137.940
138.700
139.450
140.210
140.980
141.750
142.520
143.300
144.060
144.820
145.600
146.360
147.110
147.870
148.650
149.410
150.160
150.920
151.680
152.450
153.220
153.990
154.740
155.520
156.280
157.040
157.770
158.540
159.290
160.050
160.820
161.560
162.300
163.050
163.820
164.530
165.280
166.090
166.880
167.640
168.440
169.200
169.960
170.780
171.530
172.300
173.110
173.900
174.650
175.420
176.240
176.980
177.760
178.540
179.320
