0.310
0.630
0.940
1.260
1.570
1.880
2.180
2.500
2.810
3.110
3.420
3.730
4.050
4.340
4.650
4.950
5.240
5.560
5.860
6.170
6.490
6.790
7.090
7.380
7.690
7.980
8.290
8.590
8.890
9.180
9.480
9.780
10.080
10.380
10.690
11.010
11.320
11.620
11.920
12.220
12.520
12.830
13.130
13.420
13.730
14.020
14.320
14.620
14.920
15.230
15.520
15.830
16.130
16.420
16.730
17.020
17.330
17.630
17.930
18.230
18.520
18.830
19.130
19.420
19.730
20.020
20.340
20.650
20.950
21.260
21.560
21.860
22.160
22.450
22.760
23.060
23.360
23.650
23.970
24.280
24.580
24.900
25.200
25.520
25.820
26.130
26.450
26.760
27.070
27.360
27.670
27.960
28.270
28.570
28.860
29.140
29.440
29.720
30.030
30.330
30.630
30.930
31.230
31.520
31.830
32.130
32.420
32.720
33.030
33.330
33.620
33.930
34.240
34.540
34.860
35.170
35.480
35.790
36.090
36.400
36.720
37.020
37.320
37.620
37.910
38.210
38.520
38.810
39.110
39.420
39.730
40.050
40.360
40.650
40.950
41.250
41.560
41.850
42.150
42.460
42.760
43.060
43.370
43.670
43.990
44.290
44.600
44.900
45.210
45.510
45.810
46.100
46.420
46.720
47.040
47.350
47.650
47.940
48.250
48.540
48.840
49.150
49.440
49.740
50.060
50.360
50.670
50.970
51.280
51.570
51.870
52.170
52.480
52.770
53.070
53.380
53.670
53.970
54.280
54.560
54.860
55.140
55.440
55.720
56.010
56.290
56.570
56.870
57.160
57.440
57.730
58.020
58.320
58.600
58.900
59.190
59.500
59.790
60.100
60.390
60.690
60.970
61.270
61.550
61.850
62.130
62.430
62.710
63.010
63.300
63.590
63.880
64.160
64.470
64.760
65.060
65.370
65.660
65.970
66.260
66.570
66.860
67.170
67.450
67.740
68.030
68.330
68.610
68.910
69.220
69.510
69.810
70.100
70.400
70.690
70.970
71.270
71.550
71.850
72.140
72.430
72.720
73.010
73.290
73.600
73.900
74.200
74.480
74.770
75.070
75.360
75.640
75.940
76.230
76.520
76.800
77.100
77.380
77.680
77.980
78.280
78.570
78.870
79.170
79.470
79.750
80.040
80.330
80.630
80.910
81.210
81.490
81.790
82.070
82.370
82.650
82.950
83.240
83.530
83.810
84.120
84.410
84.700
84.990
85.280
85.560
85.860
86.140
86.440
86.730
87.020
87.300
87.590
87.880
88.180
88.460
88.760
89.040
89.340
89.630
89.920
90.210
90.500
90.790
91.080
91.370
91.660
91.940
92.240
92.520
92.820
93.090
93.380
93.680
93.970
94.260
94.540
94.830
95.130
95.410
95.710
95.990
96.290
96.560
96.860
97.140
97.440
97.720
98.020
98.300
98.600
98.880
99.170
99.460
99.750
100.040
100.330
100.620
100.920
101.220
101.530
101.830
102.130
102.410
102.700
102.990
103.280
103.580
103.870
104.140
104.430
104.700
105.000
105.280
105.570
105.860
106.160
106.440
106.740
107.020
107.320
107.600
107.890
108.170
108.450
108.720
109.010
109.280
109.570
109.840
110.120
110.410
110.710
111.000
111.290
111.560
111.840
112.120
112.410
112.690
112.970
113.240
113.530
113.800
114.100
114.390
114.680
114.970
115.250
115.520
115.820
116.100
116.400
116.690
116.980
117.270
117.550
117.820
118.100
118.380
118.670
118.940
119.230
119.500
119.790
120.080
120.360
120.650
120.950
121.240
121.530
121.810
122.100
122.390
122.690
122.970
123.270
123.550
123.840
124.110
124.400
124.680
124.980
125.270
125.560
125.840
126.130
126.420
126.710
126.980
127.270
127.540
127.830
128.110
128.390
128.670
128.970
129.250
129.550
129.840
130.130
130.410
130.710
131.000
131.290
131.580
131.870
132.160
132.450
132.730
133.030
133.310
133.610
133.890
134.190
134.460
134.760
135.040
135.330
135.620
135.920
136.200
136.500
136.780
137.070
137.360
137.660
137.940
138.230
138.520
138.820
139.100
139.390
139.690
139.970
140.260
140.560
140.850
141.140
141.420
141.710
142.000
142.280
142.560
142.850
143.150
143.430
143.730
144.020
144.310
144.600
144.880
145.170
145.460
145.750
146.020
146.320
146.600
146.900
147.190
147.480
147.760
148.050
148.350
148.660
148.960
149.260
149.560
149.840
150.120
150.400
150.670
150.960
151.240
151.510
151.790
152.080
152.360
152.640
152.930
153.230
153.520
153.800
154.090
154.370
154.650
154.940
155.220
155.520
155.800
156.100
156.390
156.670
156.980
157.280
157.570
157.850
158.150
158.430
158.730
159.020
159.310
159.590
159.880
160.170
160.470
160.750
161.050
161.330
161.630
161.920
162.210
162.490
162.790
163.060
163.360
163.650
163.940
164.220
164.510
164.800
165.100
165.400
165.700
166.000
166.280
166.570
166.850
167.120
167.410
167.690
167.970
168.260
168.560
168.840
169.150
169.440
169.750
170.050
170.340
170.620
170.910
171.200
171.500
171.790
172.080
172.370
172.660
172.950
173.240
173.570
173.880
174.210
174.530
174.850
175.150
175.460
175.770
176.090
176.380
176.690
176.980
177.280
177.580
177.890
178.190
178.490
178.780
179.080
179.380
179.690
179.980
180.290
180.580
