0.270
0.830
1.420
1.990
2.530
3.130
3.670
4.240
4.800
5.380
5.920
6.480
7.070
7.630
8.220
8.790
9.400
10.040
10.750
11.390
12.090
12.750
13.470
14.100
14.780
15.450
16.110
16.820
17.460
18.160
18.830
19.450
20.130
20.790
21.460
21.960
22.450
22.920
23.410
23.890
24.410
24.960
25.480
25.980
26.480
26.980
27.470
27.990
28.500
29.000
29.500
29.990
30.460
30.960
31.470
31.970
32.480
32.950
33.440
33.940
34.410
34.940
35.420
35.910
36.410
36.910
37.400
37.890
38.360
38.870
39.330
39.820
40.330
40.840
41.380
41.880
42.360
42.820
43.300
43.790
44.280
44.760
45.230
45.710
46.200
46.710
47.190
47.680
48.170
48.670
49.130
49.650
50.150
50.640
51.150
51.650
52.140
52.650
53.130
53.630
54.110
54.600
55.080
55.590
56.070
56.580
57.060
57.560
58.050
58.550
59.050
59.540
60.040
60.550
61.050
61.540
62.040
62.510
63.000
63.480
63.980
64.470
64.980
65.500
66.000
66.500
67.020
67.510
68.000
68.500
68.990
69.500
69.980
70.470
70.930
71.420
71.910
72.410
72.900
73.390
73.900
74.400
74.900
75.390
75.870
76.360
76.880
77.360
77.860
78.360
78.850
79.350
79.840
80.300
80.810
81.320
81.840
82.360
82.860
83.360
83.860
84.370
84.880
85.390
85.870
86.380
86.890
87.380
87.880
88.390
88.910
89.410
89.920
90.420
90.930
91.420
91.920
92.430
92.920
93.430
93.910
94.410
94.900
95.410
95.910
96.400
96.890
97.410
97.910
98.400
98.890
99.390
99.890
100.380
100.870
101.360
101.830
102.310
102.820
103.300
103.780
104.270
104.780
105.280
105.770
106.270
106.760
107.250
107.750
108.230
108.720
109.230
109.700
110.190
110.690
111.200
111.670
112.190
112.670
113.150
113.620
114.120
114.590
115.080
115.570
116.040
116.530
117.030
117.520
118.000
118.480
118.980
119.450
119.940
120.430
120.910
121.380
121.880
122.370
122.850
123.330
123.820
124.290
124.770
125.260
125.750
126.220
126.710
127.190
127.670
128.140
128.620
129.110
129.580
130.090
130.570
131.060
131.550
132.040
132.550
133.040
133.510
133.970
134.440
134.920
135.410
135.890
136.380
136.870
137.350
137.830
138.310
138.800
139.280
139.770
140.270
140.730
141.240
141.730
142.210
142.690
143.170
143.650
144.140
144.620
145.100
145.570
146.060
146.530
147.040
147.520
148.020
148.500
148.980
149.460
149.940
150.430
150.940
151.410
151.920
152.410
152.890
153.380
153.870
154.360
154.840
155.320
155.820
156.300
156.810
157.300
157.760
158.250
158.740
159.220
159.690
160.170
160.660
161.160
161.650
162.130
162.600
163.090
163.580
164.050
164.530
165.020
165.510
166.000
166.500
166.990
167.480
167.990
168.460
168.950
169.440
169.950
170.440
170.920
171.410
171.890
172.370
172.820
173.300
173.780
174.280
174.750
175.250
175.730
176.210
176.680
177.150
177.630
178.100
178.570
179.050
179.520
179.980
180.460
180.930
181.410
181.890
182.370
182.840
183.310
183.780
184.260
184.740
185.220
185.720
186.190
186.680
187.150
187.630
188.110
188.600
189.080
189.600
190.090
190.570
191.040
191.530
192.010
192.510
192.980
193.460
193.950
194.430
194.910
195.370
195.850
196.340
196.830
197.320
197.790
198.280
198.750
199.240
199.720
200.200
200.680
201.160
201.620
202.100
202.560
203.040
203.510
203.990
204.470
204.970
205.450
205.920
206.380
206.860
207.330
207.810
208.280
208.770
209.230
209.710
210.180
210.650
211.110
211.580
212.040
212.520
212.990
213.490
213.970
214.440
214.910
215.400
215.880
216.370
216.860
217.350
217.820
218.300
218.790
219.250
219.760
220.240
220.730
221.210
221.680
222.150
222.620
223.100
223.560
224.050
224.520
225.000
225.490
225.960
226.430
226.910
227.380
227.850
228.350
228.820
229.280
229.760
230.220
230.710
231.180
231.640
232.110
232.580
233.040
233.510
233.990
234.470
234.910
235.390
235.850
236.300
236.760
237.220
237.690
238.150
238.620
239.090
239.550
240.040
240.510
240.970
241.430
241.910
242.380
242.850
243.320
243.800
244.270
244.760
245.230
245.710
246.170
246.630
247.100
247.570
248.040
248.530
249.000
249.460
249.940
250.430
250.880
251.360
251.830
252.310
252.780
253.270
253.740
254.210
254.690
255.170
255.630
256.110
256.570
257.070
257.540
258.020
258.500
258.960
259.420
259.900
260.360
260.850
261.340
261.820
262.290
262.760
263.210
263.680
264.150
264.620
265.090
265.560
266.040
266.500
266.970
267.450
267.930
268.400
268.870
269.330
269.790
270.270
270.730
271.190
271.660
272.130
272.590
273.070
273.530
273.990
274.470
274.930
275.400
275.850
276.320
276.790
277.270
277.740
278.210
278.680
279.130
279.610
280.070
280.550
281.020
281.480
281.960
282.430
282.900
283.400
283.850
284.330
284.770
285.230
285.690
286.160
286.630
287.090
287.540
288.010
288.480
288.950
289.420
289.890
290.360
290.830
291.290
291.760
292.240
292.700
293.150
293.620
294.080
294.570
295.030
295.490
295.970
296.430
296.920
297.410
297.870
298.360
298.830
299.300
299.760
300.260
300.740
301.220
301.690
302.190
302.670
303.140
303.640
304.100
304.560
305.050
305.520
305.980
306.450
306.920
307.380
307.850
308.340
308.820
309.290
309.780
310.280
310.780
311.260
311.750
312.230
312.710
313.190
313.690
314.150
314.650
315.110
315.590
316.060
316.540
317.010
317.470
317.940
318.430
318.920
319.390
319.850
320.330
320.780
321.260
321.740
322.220
322.690
323.180
323.650
324.150
324.610
325.090
325.570
326.050
326.550
327.030
327.500
327.980
328.450
328.920
329.400
329.880
330.350
330.790
331.240
331.700
332.160
332.610
333.040
333.490
333.940
334.390
334.860
335.310
335.750
336.210
336.650
337.070
337.510
337.950
338.420
338.850
339.300
339.750
340.220
340.670
341.100
341.560
342.020
342.450
342.910
343.350
343.800
344.260
344.740
345.200
345.640
346.110
346.560
347.020
347.480
347.950
348.420
348.880
349.340
349.800
350.230
350.700
351.140
351.600
352.030
352.480
352.930
353.400
353.830
354.280
354.750
355.200
355.630
356.050
356.470
356.920
357.350
357.760
358.210
358.640
359.050
359.480
359.910
360.340
360.790
361.220
361.650
362.070
362.490
362.940
363.330
363.760
364.170
364.560
364.970
365.380
365.810
366.220
366.610
367.040
367.430
367.840
368.250
368.670
369.090
369.500
369.910
