0.820
1.710
2.630
3.500
4.440
5.430
6.300
7.150
8.020
8.970
9.930
10.800
11.740
12.700
13.600
14.540
15.610
16.710
17.690
18.640
19.680
20.680
21.610
22.570
23.550
24.510
25.390
26.210
27.110
27.820
28.550
29.260
30.000
30.700
31.410
32.100
32.800
33.450
34.150
34.870
35.580
36.240
36.950
37.630
38.390
39.170
39.980
40.770
41.590
42.450
43.250
44.080
44.900
45.690
46.520
47.310
48.160
48.990
49.880
50.700
51.540
52.380
53.200
54.080
54.890
55.740
56.570
57.470
58.310
59.130
59.980
60.840
61.720
62.560
63.420
64.280
65.140
66.060
66.950
67.780
68.660
69.590
70.420
71.300
72.160
73.050
73.910
74.830
75.690
76.590
77.430
78.340
79.180
80.070
80.920
81.830
82.740
83.610
84.500
85.390
86.260
87.180
88.140
89.040
89.910
90.800
91.720
92.610
93.540
94.420
95.350
96.350
97.230
98.150
99.110
99.950
100.870
101.700
102.570
103.420
104.320
105.220
106.110
107.010
107.930
108.810
109.690
110.560
111.480
112.370
113.280
114.160
115.040
115.930
116.840
117.820
118.740
119.610
120.550
121.420
122.330
123.200
124.120
124.970
125.900
126.800
127.690
128.640
129.550
130.440
131.370
132.260
133.190
134.080
134.980
135.860
136.780
137.670
138.580
139.480
140.380
141.300
142.260
143.150
144.100
144.810
145.550
146.250
146.990
147.670
148.430
149.120
149.830
150.620
151.350
152.130
152.890
153.710
154.500
155.250
156.010
156.750
157.530
158.290
159.070
159.810
160.590
161.300
162.070
