0.520
1.050
1.630
2.190
2.730
3.300
3.880
4.430
4.990
5.560
6.130
6.700
7.290
7.860
8.430
8.990
9.550
10.090
10.680
11.210
11.780
12.330
12.910
13.450
14.020
14.570
15.140
15.720
16.270
16.840
17.410
17.960
18.540
19.130
19.680
20.220
20.750
21.310
21.880
22.420
22.960
23.510
24.060
24.620
25.200
25.730
26.290
26.820
27.350
27.900
28.450
28.980
29.510
30.070
30.630
31.170
31.700
32.250
32.830
33.340
33.870
34.410
34.970
35.500
36.020
36.550
37.110
37.650
38.180
38.710
39.260
39.790
40.330
40.860
41.420
41.980
42.530
43.070
43.640
44.170
44.730
45.260
45.810
46.340
46.880
47.420
47.980
48.500
49.070
49.590
50.170
50.700
51.220
51.790
52.340
52.890
53.420
53.970
54.540
55.070
55.610
56.140
56.680
57.230
57.780
58.310
58.860
59.400
59.950
60.490
61.010
61.560
62.100
62.640
63.180
63.720
64.250
64.770
65.330
65.860
66.400
66.920
67.470
68.010
68.550
69.090
69.620
70.150
70.690
71.230
71.800
72.330
72.870
73.410
73.960
74.500
75.050
75.580
76.130
76.690
77.240
77.770
78.330
78.890
79.420
79.980
80.510
81.070
81.610
82.160
82.710
83.240
83.790
84.320
84.860
85.410
85.940
86.480
87.040
87.580
88.120
88.670
89.220
89.770
90.300
90.840
91.400
91.930
92.460
93.010
93.550
94.110
94.660
95.210
95.780
96.350
96.870
97.440
97.990
98.530
99.080
99.650
100.190
100.740
101.300
101.860
102.410
102.970
103.530
104.070
104.610
105.180
105.750
106.280
106.840
107.370
107.930
108.450
109.010
109.560
110.120
110.650
111.210
111.750
112.310
112.830
113.370
113.930
114.490
115.030
115.580
116.110
116.660
117.190
117.740
118.290
118.830
119.360
119.910
120.450
120.970
121.500
122.060
122.590
123.150
123.670
124.230
124.740
125.290
125.860
126.380
126.910
127.460
128.010
128.560
129.090
129.630
130.170
130.710
131.240
131.770
132.330
132.870
133.390
133.940
134.460
135.000
135.540
136.090
136.620
137.180
137.700
138.250
138.770
139.340
139.850
140.390
140.920
141.450
141.990
142.520
143.060
143.590
144.130
144.670
145.190
145.750
146.270
146.820
147.330
147.880
148.400
148.930
149.460
150.020
150.530
151.090
151.610
152.160
152.670
153.230
153.740
154.290
154.790
155.340
155.850
156.380
156.910
157.460
157.990
158.530
159.070
159.630
160.160
160.710
161.250
161.800
162.320
162.860
163.410
163.950
164.480
165.030
165.540
166.080
166.620
167.160
167.690
168.230
168.760
169.310
169.830
170.370
170.910
171.450
171.990
172.530
173.070
173.620
174.140
174.690
175.210
175.780
176.290
176.870
177.390
177.960
178.500
179.050
179.610
180.150
180.710
181.240
181.790
182.350
182.900
183.460
183.990
184.540
185.090
185.660
186.200
186.760
187.300
187.860
188.380
188.930
189.480
190.020
190.560
191.140
191.670
192.240
192.750
193.300
193.840
194.410
194.940
195.500
196.040
196.580
197.140
197.670
198.200
198.760
199.290
199.840
200.390
200.930
201.480
202.030
202.570
203.120
203.650
204.190
204.720
205.280
205.800
206.370
206.900
207.460
207.990
208.540
209.080
209.650
210.170
210.730
211.270
211.830
212.360
212.940
213.460
214.020
214.560
215.100
215.630
216.190
216.710
217.270
217.790
218.330
218.850
219.390
219.920
220.470
220.990
221.530
222.060
222.610
223.140
223.700
224.220
224.780
225.320
225.870
226.400
226.950
227.460
228.010
228.550
229.090
229.630
230.190
230.710
231.260
231.800
232.340
232.860
233.410
233.940
234.480
235.010
235.540
236.070
236.620
237.130
237.670
238.200
238.730
239.260
239.820
240.350
240.890
241.410
241.950
242.480
243.020
243.550
244.080
244.630
245.180
245.720
246.270
246.810
247.370
247.890
248.450
248.990
249.570
250.090
250.630
251.160
251.720
252.250
252.810
253.320
253.880
254.410
254.960
255.490
256.040
256.580
257.120
257.670
258.220
258.750
259.290
259.830
260.390
260.920
261.470
262.010
262.580
263.110
263.670
264.210
264.780
265.310
265.890
266.410
266.990
267.510
268.070
268.600
269.150
269.700
270.250
270.780
271.320
271.860
272.420
272.940
273.510
274.040
274.600
275.130
275.690
276.230
276.750
277.290
277.830
278.370
278.910
279.440
280.000
280.530
281.080
281.600
282.140
282.680
283.240
283.760
284.310
284.840
285.400
285.940
286.490
287.020
287.560
288.080
288.650
289.150
289.710
290.210
290.760
291.300
291.850
292.370
292.930
293.460
294.010
294.540
295.100
295.620
296.180
296.700
297.250
297.790
298.330
298.850
299.410
299.950
300.510
301.050
301.600
302.140
302.680
303.230
303.790
304.320
304.860
305.390
305.970
306.490
307.050
307.590
308.130
308.670
309.230
309.740
310.310
310.830
311.380
311.910
312.470
312.980
313.530
314.030
314.590
315.100
315.650
316.190
316.730
317.270
317.820
318.350
318.900
319.440
319.980
320.520
321.080
321.620
322.160
322.690
323.260
323.770
324.340
324.860
325.410
325.940
326.500
327.020
327.580
328.090
328.660
329.180
329.750
330.270
330.850
331.380
331.920
332.450
333.020
333.540
334.090
334.640
335.200
335.710
336.270
336.790
337.320
337.850
338.400
338.920
339.460
340.000
340.550
341.060
341.630
342.150
342.700
343.230
343.760
344.290
344.830
345.360
345.890
346.440
347.000
347.530
348.090
348.620
349.190
349.710
350.270
350.780
351.330
351.860
352.430
352.940
353.510
354.030
354.580
355.130
355.670
356.220
356.750
357.290
357.850
358.370
358.920
359.430
359.960
360.500
361.040
361.570
362.100
362.640
363.200
363.720
364.270
364.790
365.320
365.860
366.410
366.940
367.490
368.010
368.560
369.090
369.620
370.160
370.720
371.250
371.800
372.320
372.860
373.400
373.940
374.490
375.040
375.560
376.120
376.630
377.200
377.710
378.280
378.800
379.340
379.870
380.400
380.930
381.480
382.010
382.570
383.080
383.630
384.150
384.710
385.230
385.760
386.300
386.860
387.390
387.930
388.470
389.010
389.520
390.070
390.590
391.120
391.640
392.200
392.710
393.250
393.780
394.330
394.860
395.400
395.910
396.450
396.990
397.510
398.050
398.620
399.140
399.660
400.180
400.720
401.260
401.800
402.310
402.860
403.380
403.930
404.460
405.010
405.540
406.060
406.610
407.140
407.670
408.210
408.740
409.290
409.810
410.340
410.860
411.420
411.930
412.480
412.990
413.540
414.070
414.630
415.140
415.700
416.220
416.760
417.280
417.830
418.340
418.870
419.400
419.940
420.460
421.010
421.530
422.100
422.600
423.140
423.640
424.170
424.690
425.210
425.720
426.280
426.780
427.350
427.860
428.430
428.960
429.490
429.990
430.540
431.060
431.590
432.110
432.670
433.170
433.720
434.230
434.790
435.300
435.850
436.360
436.910
437.420
437.960
438.480
439.030
439.540
440.090
440.590
441.130
441.620
442.150
442.680
443.200
443.730
444.250
444.770
445.320
445.820
446.360
446.870
447.400
447.920
448.450
448.970
449.510
450.030
450.570
451.070
451.600
452.120
452.660
453.160
453.690
454.190
454.740
455.250
455.810
456.310
456.840
457.350
457.890
458.400
458.920
459.430
459.960
460.460
461.000
461.520
462.050
462.570
463.120
463.630
464.170
464.690
465.240
465.760
466.320
466.860
467.400
467.920
468.470
468.990
469.530
470.060
470.600
471.120
471.640
472.150
472.700
473.220
473.760
474.280
474.820
475.340
475.870
476.400
476.940
477.450
478.000
478.510
479.050
479.560
480.100
480.640
481.180
481.730
482.260
482.790
483.340
483.880
484.420
484.970
485.510
486.060
486.590
487.120
487.680
488.200
488.720
489.260
489.800
490.340
490.900
491.420
491.940
492.480
493.000
493.530
494.080
494.610
495.150
495.700
496.220
496.730
497.270
497.800
498.350
498.890
499.420
499.950
500.490
501.040
501.590
502.110
502.660
503.190
503.730
504.280
504.800
505.340
505.890
506.410
506.960
507.480
508.020
508.560
509.100
509.650
510.160
510.680
511.230
511.760
512.300
512.870
513.410
513.920
514.470
515.010
515.560
516.080
516.650
517.220
517.880
518.700
519.450
520.240
521.050
521.870
522.720
523.520
524.340
525.150
525.990
526.850
527.680
528.530
529.330
530.190
531.080
531.920
532.720
533.490
534.280
535.130
535.930
536.670
537.370
538.150
538.840
539.550
540.240
540.920
541.600
542.300
542.980
543.670
544.320
545.040
545.720
546.420
547.100
547.740
548.460
549.100
549.790
550.480
551.180
551.860
552.500
553.170
553.880
554.580
555.250
555.930
556.650
557.290
557.990
558.650
559.360
560.020
560.710
561.370
562.090
562.730
563.430
564.100
564.810
565.460
566.170
566.850
567.570
568.240
568.970
569.630
570.350
570.990
571.680
572.330
573.050
573.730
574.420
575.110
575.840
576.510
577.200
577.920
578.660
579.330
580.060
580.770
581.490
582.200
582.920
583.640
584.350
585.020
585.720
586.410
587.150
587.820
588.530
589.190
589.920
590.580
591.280
591.980
592.700
593.410
594.080
594.770
595.480
596.140
596.840
597.510
598.240
598.920
599.580
600.300
600.990
601.650
602.380
603.070
603.780
604.480
605.190
605.910
606.660
607.360
608.080
608.780
609.540
610.240
610.940
611.630
612.340
613.020
613.750
614.440
615.180
615.870
616.570
617.270
617.970
618.680
619.370
620.070
620.780
621.490
622.180
622.850
623.580
624.280
624.970
625.670
626.410
627.120
627.790
628.530
629.270
629.940
630.620
631.330
632.030
632.720
633.400
634.130
634.850
635.540
636.240
636.950
637.680
638.370
639.040
639.770
640.490
641.180
641.910
642.610
643.340
644.010
644.720
645.460
646.150
646.830
647.530
648.240
648.970
649.680
650.370
651.070
651.780
652.510
653.320
654.060
654.880
655.650
656.470
657.340
658.140
