0.450
1.350
2.190
3.080
3.970
4.860
5.700
6.570
7.470
8.390
9.240
10.100
10.800
11.520
12.140
12.720
13.320
13.940
14.520
15.140
15.740
16.330
16.880
17.470
18.080
18.660
19.300
19.880
20.490
21.070
21.680
22.310
22.940
23.590
24.190
24.790
25.410
26.010
26.630
27.230
27.870
28.470
29.090
29.720
30.360
30.990
31.610
32.250
32.850
33.510
34.140
34.740
35.350
35.980
36.600
37.200
37.830
38.420
39.050
39.660
40.280
40.860
41.450
42.070
42.660
43.230
43.820
44.450
45.090
45.710
46.320
46.920
47.580
48.200
48.830
49.460
50.080
50.700
51.350
52.000
52.670
53.300
53.910
54.540
55.140
55.780
56.380
57.000
57.660
58.290
58.900
59.540
60.180
60.800
61.450
62.090
62.710
63.350
64.020
64.620
65.260
65.850
66.470
67.080
67.710
68.320
68.930
69.560
70.190
70.790
71.420
72.020
72.620
73.260
73.870
74.500
75.140
75.750
76.380
77.030
77.640
78.270
78.910
79.540
80.200
80.820
81.440
82.040
82.670
83.300
83.890
84.540
85.140
85.750
86.390
87.010
87.630
88.250
88.880
89.470
90.100
90.710
91.310
91.920
92.550
93.150
93.750
94.390
95.000
95.630
96.220
96.810
97.430
98.010
98.610
99.220
99.820
100.400
101.010
101.600
102.200
102.790
103.360
104.000
104.610
105.270
105.890
106.490
107.090
107.730
108.360
108.960
109.600
110.210
110.890
111.520
112.180
112.780
113.370
114.020
114.610
115.260
115.910
116.520
117.140
117.710
118.330
119.000
119.700
120.340
120.960
121.640
122.290
122.950
123.610
124.250
124.860
125.530
126.160
126.780
127.430
128.080
128.700
129.330
129.980
130.630
131.260
131.880
132.550
133.160
133.820
134.440
135.050
135.650
136.280
136.870
137.430
137.990
138.560
139.140
139.720
140.320
141.060
141.840
142.570
143.330
144.180
145.040
145.900
146.810
147.680
148.600
149.490
150.360
151.280
152.090
152.850
153.660
154.450
155.310
156.090
156.910
157.700
158.480
159.270
160.000
160.750
161.510
162.260
162.980
163.730
164.520
165.230
165.990
