0.540
1.370
2.120
2.950
3.720
4.480
5.260
5.980
6.780
7.540
8.260
9.060
9.940
10.820
11.760
12.630
13.420
14.170
14.970
15.790
16.570
17.370
18.110
18.910
19.650
20.450
21.180
21.970
22.720
23.500
24.230
25.050
25.830
26.640
27.410
28.180
28.910
29.690
30.430
31.210
31.990
32.770
33.510
34.310
35.060
35.820
36.560
37.320
38.090
38.890
39.670
40.470
41.210
41.970
42.730
43.480
44.270
45.040
45.810
46.600
47.340
48.080
48.870
49.620
50.430
51.190
51.940
52.730
53.500
54.280
55.020
55.840
56.610
57.370
58.120
58.880
59.640
60.410
61.190
61.980
62.730
63.500
64.290
65.110
65.880
66.670
67.400
68.200
68.940
69.730
70.460
71.230
71.960
72.740
73.460
74.260
75.050
75.840
76.610
77.360
78.120
78.910
79.650
80.420
81.200
81.990
82.760
83.530
84.270
85.030
85.770
86.590
87.350
88.130
88.900
89.680
90.430
91.240
91.990
92.780
93.520
94.320
95.080
95.820
96.620
97.420
98.180
98.960
99.730
100.500
101.280
102.050
102.800
103.570
104.370
105.160
105.900
106.700
107.460
108.220
108.960
109.660
110.420
111.140
111.890
112.680
113.390
114.160
114.930
115.640
116.430
117.150
117.920
118.670
119.470
120.330
121.130
121.940
122.830
123.610
124.380
125.170
125.920
126.690
127.460
128.210
128.970
129.760
130.500
131.250
131.990
132.750
133.500
134.270
135.040
135.790
136.530
137.320
138.050
138.780
139.540
140.290
141.040
141.800
142.530
143.290
144.110
144.890
145.700
146.610
147.550
148.510
149.490
150.450
151.440
152.420
153.300
154.260
155.130
156.060
157.040
157.970
158.810
159.720
160.590
161.480
162.400
163.260
164.180
165.080
165.840
166.650
167.450
168.210
169.030
169.780
170.570
171.360
172.190
173.000
173.770
174.560
175.390
176.170
176.960
177.860
178.690
179.550
180.450
181.380
182.330
183.210
184.120
185.080
186.010
186.900
187.810
188.630
189.400
190.240
