0.980	1
1.290
1.600
1.930
2.260	1
2.565
2.870
3.195
3.520	1
3.840
4.160
4.465
4.770	1
5.070
5.370
5.695
6.020	1
6.330
6.640
6.905
7.170	1
7.480
7.790
8.120
8.450	1
8.775
9.100
9.445
9.790	1
10.115
10.440
10.750
11.060	1
11.375
11.690
11.995
12.300	1
12.630
12.960
13.265
13.570	1
13.870
14.170
14.485
14.800	1
15.110
15.420
15.735
16.050	1
16.355
16.660
16.955
17.250	1
17.570
17.890
18.185
18.480	1
18.775
19.070
19.385
19.700	1
20.005
20.310
20.605
20.900	1
21.215
21.530
21.825
22.120	1
22.415
22.710
23.015
23.320	1
23.625
23.930
24.225
24.520	1
24.820
25.120
25.425
25.730	1
26.035
26.340
26.645
26.950	1
27.260
27.570
27.860
28.150	1
28.450
28.750
29.050
29.350	1
29.635
29.920
30.230
30.540	1
30.845
31.150
31.455
31.760	1
32.055
32.350
32.660
32.970	1
33.290
33.610
33.925
34.240	1
34.530
34.820
35.120
35.420	1
35.725
36.030
36.330
36.630	1
36.935
37.240
37.525
37.810	1
38.125
38.440
38.735
39.030	1
39.330
39.630
39.935
40.240	1
40.560
40.880
41.195
41.510	1
41.815
42.120
42.420
42.720	1
43.020
43.320
43.625
43.930	1
44.235
44.540
44.840
45.140	1
45.450
45.760
46.060
46.360	1
46.650
46.940
47.250
47.560	1
47.860
48.160
48.460
48.760	1
49.065
49.370
49.665
49.960	1
50.260
50.560
50.855
51.150	1
51.445
51.740
52.035
52.330	1
52.635
52.940
53.230
53.520	1
53.820
54.120
54.415
54.710	1
55.010
55.310
55.605
55.900	1
56.195
56.490
56.780
57.070	1
57.370
57.670
57.970
58.270	1
58.560
58.850
59.165
59.480	1
59.765
60.050
60.360
60.670	1
60.970
61.270
61.560
61.850	1
62.150
62.450
62.740
63.030	1
63.340
63.650
63.950
64.250	1
64.550
64.850
65.155
65.460	1
65.750
66.040
66.335
66.630	1
66.940
67.250
67.540
67.830	1
68.135
68.440
68.740
69.040	1
69.340
69.640
69.950
70.260	1
70.560
70.860
71.150
71.440	1
71.745
72.050
72.360
72.670	1
72.975
73.280
73.585
73.890	1
74.185
74.480
74.780
75.080	1
75.375
75.670
75.970
76.270	1
76.575
76.880
77.180
77.480	1
77.770
78.060
78.370
78.680	1
78.990
79.300
79.600
79.900	1
80.205
80.510
80.805
81.100	1
81.385
81.670
81.960
82.250	1
82.560
82.870
83.170
83.470	1
83.770
84.070
84.365
84.660	1
84.960
85.260
85.550
85.840	1
86.138
86.436
86.720
87.003	1
87.292
87.581
87.865
88.150	1
88.460
88.760
89.070
89.380	1
89.690
90.010
90.320
90.630	1
90.930
91.240
91.540
91.830	1
92.130
92.430
92.730
93.030	1
93.340
93.640
93.940
94.240	1
94.540
94.840
95.130
95.440	1
95.740
96.030
96.330
96.610	1
96.920
97.220
97.530
97.830	1
98.140
98.460
98.770
99.060	1
99.370
99.670
99.960
100.250	1
100.540
100.820
101.110
101.400	1
101.690
101.990
102.290
102.580	1
102.880
103.170
103.460
103.740	1
104.030
104.320
104.620
104.920	1
105.220
105.520
105.810
106.100	1
106.390
106.670
106.960
107.260	1
107.570
107.870
108.160
108.470	1
108.770
109.070
109.360
109.660	1
109.950
110.250
110.530
110.830	1
111.120
111.420
111.710
112.010	1
112.320
112.600
112.900
113.190	1
113.480
113.780
114.080
114.380	1
114.670
114.980
115.280
115.560	1
115.840
116.120
116.390
116.670	1
116.970
117.260
117.560
117.850	1
118.160
118.450
118.740
119.020	1
119.330
119.620
119.930
120.210	1
120.510
120.790
121.090
121.380	1
121.680
121.980
122.270
122.550	1
122.850
123.140
123.430
123.710	1
124.020
124.320
124.610
124.900	1
125.190
125.490
125.780
126.060	1
126.360
126.660
126.960
127.270	1
127.570
127.870
128.170
128.470	1
128.770
129.070
129.370
129.670	1
129.960
130.270
130.560
130.860	1
131.160
131.460
131.750
132.040	1
132.340
132.620
132.910
133.200	1
133.500
133.790
134.080
134.370	1
134.680
134.970
135.270
135.570	1
135.850
136.140
136.430
136.730	1
137.020
137.320
137.610
137.910	1
138.220
138.510
138.810
139.110	1
139.390
139.700
140.000
140.300	1
140.600
140.900
141.190
141.490	1
141.790
142.100
142.380
142.680	1
142.970
143.260
143.550
143.830	1
144.130
144.420
144.700
145.000	1
145.280
145.570
145.870
146.160	1
146.450
146.750
147.040
147.320	1
147.610
147.900
148.200
148.490	1
148.780
149.070
149.360
149.650	1
149.940
150.230
150.510
150.800	1
151.090
151.380
151.660
151.930	1
152.220
152.510
152.800
153.090	1
153.380
153.680
153.960
154.250	1
154.530
154.820
155.100
155.370	1
155.660
155.940
156.210
156.510	1
156.800
157.090
157.380
157.660	1
157.950
158.250
158.540
158.830	1
159.120
159.410
159.700
159.990	1
160.280
160.560
160.850
161.120	1
161.400
161.680
161.970
162.250	1
162.530
162.830
163.120
163.390	1
163.670
163.950
164.240
164.520	1
164.800
165.080
165.350
165.640	1
165.940
166.220
166.520
166.800	1
167.100
167.380
167.680
167.970	1
168.250
168.550
168.840
169.130	1
169.420
169.710
170.000
170.280	1
170.560
170.850
171.130
171.420	1
171.710
172.000
172.280
172.560	1
172.850
173.140
173.430
173.720	1
174.000
174.300
174.570
174.850	1
175.140
175.410
175.690
175.970	1
176.250
176.550
176.840
177.130	1
177.420
177.700
177.970
178.260	1
178.540
178.810
179.090
179.380	1
179.670
179.970
180.240
180.530	1
180.810
181.080
181.380
181.670	1
181.950
182.250
182.530
182.820	1
183.090
183.380
183.660
183.940	1
184.220
184.520
184.800
185.100	1
185.380
185.680
185.960
186.250	1
186.520
186.810
187.080
187.360	1
187.640
187.920
188.210
188.480	1
188.760
189.040
189.320
189.610	1
189.890
190.170
190.440
190.740	1
191.020
191.320
191.610
191.890	1
192.170
192.450
192.720
193.010	1
193.300
193.590
193.880
194.170	1
194.460
194.760
195.040
195.330	1
195.610
195.890
196.170
196.460	1
196.750
197.040
197.320
197.620	1
197.900
198.200
198.480
198.760	1
199.040
199.330
199.620
199.900	1
200.190
200.490
200.780
201.060	1
201.330
201.610
201.890
202.170	1
202.460
202.740
203.020
203.310	1
203.590
203.870
204.150
204.430	1
204.715
205.000
205.280
205.560	1
205.835
206.110
206.385
206.660	1
206.935
207.210
207.495
207.780	1
208.065
208.350
208.640
208.930	1
209.215
209.500
209.790
210.080	1
210.360
210.640
210.925
211.210	1
211.485
211.760
212.050
212.340	1
212.610
212.880
213.175
213.470	1
213.755
214.040
214.315
214.590	1
214.875
215.160
215.455
215.750	1
216.045
216.340
216.615
216.890	1
217.185
217.480
217.755
218.030	1
218.305
218.580
218.870
219.160	1
219.450
219.740
220.020
220.300	1
220.585
220.870
221.150
221.430	1
221.725
222.020
222.310
222.600	1
222.890
223.180
223.465
223.750	1
224.040
224.330
224.615
224.900	1
225.190
225.480
225.780
226.080	1
226.369
226.658
226.947
227.237	1
227.522
227.807
228.107
228.407	1
228.657
228.906
229.202
229.498	1
229.773
230.047
230.327
230.607	1
230.897
231.186
231.486
231.786	1
232.066
232.346
232.651
232.957	1
233.227
233.498
233.787
234.077	1
234.377
234.677
234.977
235.277	1
235.571
235.866
236.137
236.407	1
236.693
236.978
237.262
237.546	1
237.831
238.117
238.402
238.687	1
238.977
239.266
239.551
239.837	1
240.117
240.397
240.691
240.986	1
241.282
241.578
241.858
242.138	1
242.413
242.687
242.993
243.298	1
243.582
243.866
244.142
244.418	1
244.702
244.986
245.271
245.557	1
245.837
246.117
246.397
246.677	1
246.962
247.247
247.533
247.818	1
248.093
248.367
248.653
248.938	1
249.213
249.487
249.782
250.077	1
250.362
250.647
250.933
251.218	1
251.482
251.746
252.026
252.306	1
252.586
252.866
253.137
253.407	1
253.687
253.967
254.262
254.557	1
254.827
255.098
255.387
255.677	1
255.947
256.218
256.498
256.778	1
257.058
257.338
257.618
257.898	1
258.182
258.466
258.726
258.986	1
259.262
259.538
259.818
260.098	1
260.398
260.698
260.978
261.258	1
261.538
261.818
262.107
262.397	1
262.682
262.967
263.233
263.498	1
263.788
264.078
264.367
264.657	1
264.927
265.198
265.473
265.747	1
266.027
266.307
266.593
266.878	1
267.167
267.457
267.727
267.998	1
268.293
268.587
268.867
269.147	1
269.422
269.697
269.967
270.238	1
270.513
270.787
271.073
271.358	1
271.627
271.897
272.177
272.457	1
272.737
273.017
273.297
273.577	1
273.857
274.137
274.417
274.697	1
274.982
275.267
275.558
275.849	1
276.123
276.398
276.687
276.977	1
277.273
277.569
277.863
278.158	1
278.427
278.697
278.982
279.267	1
279.542
279.817
280.102
280.387	1
280.673
280.958
281.243
281.529	1
281.813
282.097
282.387
282.678	1
282.958
283.238
283.513
283.787	1
284.067
284.347
284.622
284.897	1
285.187
285.478
285.743
286.009	1
286.293
286.577
286.853
287.129	1
287.398
287.667
287.933
288.198	1
288.467
288.737
289.013
289.289	1
289.573
289.857
290.127
290.398	1
290.687
290.977
291.277
291.577	1
291.853
292.129
292.413
292.697	1
292.982
293.267
293.567
293.867	1
294.147
294.427
294.718
295.009	1
295.283
295.558
295.838
296.118	1
296.403
296.689
296.973
297.257	1
297.527
297.798
298.087
298.377	1
298.662
298.947
299.224
299.500	1
299.795
300.090
300.370
300.650	1
300.940
301.230
301.515
301.800	1
302.080
302.360
302.650
302.940	1
303.230
303.520
303.810
304.100	1
304.390
304.680
304.970
305.260	1
305.555
305.850
306.145
306.440	1
306.740
307.040
307.340
307.640	1
307.920
308.200
308.510
308.820	1
309.110
309.400
309.700
310.000	1
310.280
310.579
310.870
311.137	1
311.410
311.731
312.031
312.331	1
312.611
312.891
313.155
313.420	1
313.720
314.020
314.320
314.620	1
314.905
315.190
315.495
315.800	1
316.105
316.410
316.710
317.010	1
317.300
317.590
317.895
318.200	1
318.500
318.800
319.085
319.370	1
319.670
319.970
320.270
320.570	1
320.860
321.150
321.440
321.730	1
322.020
322.310
322.610
322.910	1
323.210
323.510
323.795
324.080	1
324.375
324.670
324.950
325.230	1
325.515
325.800
326.095
326.390	1
326.675
326.960
327.250
327.540	1
327.835
328.130
328.425
328.720	1
329.015
329.310
329.600
329.890	1
330.180
330.470
330.750
331.030	1
331.315
331.600
331.900
332.200	1
332.495
332.790
333.065
333.340	1
333.625
333.910
334.200
334.490	1
334.780
335.070
335.345
335.620	1
335.900
336.180
336.475
336.770	1
337.055
337.340
337.625
337.910	1
338.190
338.470
338.760
339.050	1
339.350
339.650
339.940
340.230	1
340.515
340.800
341.085
341.370	1
341.665
341.960
342.250
342.540	1
342.835
343.142
343.444
343.750	1
344.030
344.310
344.590
344.870	1
345.160
345.450
345.745
346.040	1
346.330
346.620
346.915
347.210	1
347.510
347.810
348.100
348.390	1
348.695
349.000
349.290
349.580	1
349.880
350.180
350.475
350.770	1
351.060
351.350
351.640
351.930	1
352.225
352.520
352.815
353.110	1
353.410
353.710
353.995
354.280	1
354.570
354.860
355.165
355.470	1
355.765
356.060
356.340
356.620	1
356.915
357.210
357.520
357.830	1
358.125
358.420
358.705
358.990	1
359.285
359.580
359.875
360.170	1
