0.350
1.310
2.130
3.020
3.900
4.770
5.630
6.460
7.350
8.160
9.000
9.800
10.670
11.470
12.340
13.150
13.960
14.720
15.540
16.270
17.000
17.640
18.280
18.880
19.540
20.150
20.800
21.480
22.170
22.820
23.510
24.190
24.920
25.580
26.250
26.900
27.540
28.200
28.870
29.530
30.200
30.800
31.430
32.020
32.630
33.260
33.890
34.500
35.130
35.740
36.380
37.060
37.730
38.370
39.040
39.720
40.380
41.040
41.710
42.400
43.080
43.750
44.440
45.100
45.790
46.460
47.150
47.820
48.490
49.150
49.850
50.550
51.230
51.910
52.610
53.290
53.970
54.640
55.310
56.000
56.670
57.360
58.030
58.710
59.410
60.080
60.740
61.450
62.100
62.780
63.450
64.140
64.820
65.490
66.160
66.850
67.530
68.220
68.890
69.570
70.260
70.940
71.640
72.300
72.990
73.650
74.330
75.010
75.710
76.390
77.070
77.760
78.450
79.120
79.790
80.440
81.110
81.740
82.390
83.050
83.770
84.440
85.090
85.770
86.450
87.120
87.790
88.480
89.160
89.840
90.530
91.200
91.870
92.540
93.230
93.920
94.590
95.260
95.950
96.640
97.320
98.010
98.690
99.400
100.050
100.740
101.410
102.130
102.810
103.520
104.160
104.840
105.520
106.240
106.890
107.590
108.250
108.940
109.610
110.290
111.000
111.660
112.330
113.010
113.690
114.370
115.050
115.730
116.430
117.100
117.780
118.450
119.140
119.820
120.490
121.170
121.830
122.500
123.160
123.840
124.520
125.180
125.760
126.330
126.940
127.490
128.080
128.740
129.430
130.060
130.730
131.390
132.040
132.690
133.310
133.970
134.620
135.320
136.000
136.700
137.400
138.080
138.770
139.450
140.130
140.820
141.510
142.180
142.860
143.530
144.200
144.880
145.540
146.200
146.880
147.570
148.250
148.920
149.590
150.270
150.940
151.610
152.290
152.960
153.640
154.320
155.000
155.670
156.340
157.020
157.700
158.380
159.060
159.740
160.410
161.100
161.780
162.470
163.130
163.820
164.490
165.170
165.830
166.510
167.180
167.860
168.530
169.200
169.870
170.560
171.240
171.930
172.600
173.280
173.960
174.650
175.330
176.020
176.660
177.340
178.030
178.710
179.380
180.060
180.750
181.420
182.110
182.790
183.470
184.140
184.800
185.480
186.160
186.830
187.510
188.190
188.860
189.530
190.210
190.890
191.570
192.250
192.950
193.610
194.290
194.980
195.650
196.320
196.980
197.660
198.330
199.010
199.700
200.370
201.070
201.750
202.430
203.110
203.790
204.470
205.150
205.830
206.520
207.210
207.880
208.560
209.230
209.910
210.580
211.250
211.930
212.610
213.280
213.960
214.650
215.330
216.010
216.680
217.360
218.050
218.740
219.410
220.090
220.780
221.460
222.160
222.840
223.530
224.210
224.880
225.580
226.250
226.920
227.590
228.280
228.940
229.620
230.270
230.960
231.630
232.300
232.960
233.650
234.340
235.020
235.690
236.360
237.040
237.730
238.410
239.090
239.770
240.450
241.120
241.810
242.490
243.180
243.870
244.550
245.220
245.910
246.590
247.280
247.960
248.640
249.320
250.000
250.690
251.370
252.040
252.720
253.400
254.090
254.750
255.440
256.120
256.810
257.490
258.170
258.850
259.530
260.210
260.890
261.570
262.250
262.930
263.620
264.300
264.990
265.660
266.360
267.050
267.720
268.390
269.090
269.760
270.450
271.120
271.800
272.490
273.170
273.840
274.510
275.180
275.860
276.550
277.230
277.900
278.570
279.250
279.930
280.610
281.280
281.950
282.630
283.290
283.980
284.650
285.330
286.010
286.710
287.380
288.060
288.740
289.410
290.080
290.780
291.440
292.140
292.800
293.480
294.160
294.840
295.510
296.170
296.850
297.530
298.210
298.900
299.580
300.260
300.930
301.620
302.280
302.980
303.650
304.330
305.000
305.680
306.360
307.040
307.710
308.390
309.080
309.740
310.440
311.120
311.820
312.490
313.180
313.870
314.530
315.220
315.900
316.590
317.260
317.940
318.630
319.300
319.990
320.670
321.350
322.030
322.720
323.400
324.080
324.760
325.440
326.120
326.800
327.490
328.170
328.840
329.530
330.200
330.890
331.580
332.260
332.950
333.640
334.310
334.990
335.670
336.360
337.040
337.730
338.410
339.100
339.780
340.430
340.820
341.160
341.500
341.840
342.180
342.520
342.870
343.210
343.560
343.890
344.230
344.560
344.910
345.240
345.590
345.930
346.280
346.620
346.960
347.300
347.640
347.970
348.320
348.660
349.010
349.340
349.680
350.020
350.370
350.700
351.040
351.380
351.730
352.070
352.410
352.720
353.070
353.390
353.730
354.070
354.420
354.750
355.080
355.420
355.770
356.100
356.450
356.780
357.140
357.470
357.810
358.150
358.490
358.820
359.160
359.510
359.850
360.190
360.530
360.870
361.210
361.540
361.880
362.220
362.570
362.910
363.240
363.570
363.920
364.250
364.590
364.930
365.280
365.610
365.950
366.280
366.610
366.950
367.300
367.630
367.980
368.330
368.670
369.000
369.350
369.680
370.020
370.350
370.700
371.020
371.360
371.700
372.050
372.380
372.720
373.070
373.420
373.760
374.130
374.470
374.810
375.150
375.510
375.860
376.210
376.550
376.900
377.240
377.590
377.940
378.300
378.630
378.990
379.320
379.670
380.010
380.340
380.700
381.060
381.400
381.750
382.090
382.450
382.790
383.140
383.470
383.820
384.170
384.520
384.860
385.230
385.570
385.930
386.260
386.610
386.950
387.310
387.660
388.020
388.350
388.720
389.070
389.410
389.750
390.120
390.470
390.820
391.160
391.500
391.820
392.160
392.500
392.860
393.180
393.540
393.870
394.210
394.530
394.860
395.180
395.530
395.860
396.200
396.540
396.860
397.200
397.540
397.880
398.220
398.560
398.920
399.230
399.580
399.890
400.240
400.550
400.900
401.230
401.560
401.880
402.200
402.530
402.870
403.170
403.490
403.790
404.110
404.430
404.750
405.060
405.380
405.700
406.030
406.350
406.670
406.990
407.300
407.630
407.960
408.290
408.610
408.930
409.250
409.570
409.900
410.220
410.550
410.870
411.200
411.520
411.830
412.150
412.480
412.790
413.100
413.410
413.730
414.040
414.370
414.680
415.000
415.320
415.640
415.970
416.290
416.610
416.930
417.240
417.570
417.890
418.200
418.510
418.810
419.130
419.440
419.760
420.090
420.410
420.730
421.040
421.340
421.650
421.960
422.270
422.580
422.890
423.210
423.520
423.820
424.140
424.440
