0.280
1.050
1.810
2.620
3.380
4.220
5.010
5.770
6.550
7.380
8.150
8.920
9.690
10.560
11.360
12.190
12.980
13.740
14.530
15.300
16.080
16.850
17.620
18.430
19.220
20.010
20.800
21.570
22.320
23.150
23.930
24.770
25.550
26.350
27.130
27.920
28.690
29.520
30.300
31.100
31.890
32.710
33.470
34.240
35.050
35.900
36.660
37.470
38.330
39.110
39.910
40.720
41.530
42.320
43.100
43.880
44.620
45.420
46.200
46.960
47.730
48.510
49.280
50.050
50.840
51.630
52.410
53.170
53.930
54.690
55.460
56.230
57.010
57.780
58.580
59.350
60.150
60.940
61.780
62.610
63.410
64.200
65.000
65.750
66.560
67.330
68.100
68.900
69.660
70.470
71.260
72.030
72.770
73.540
74.320
75.130
75.920
76.710
77.510
78.310
79.070
79.880
80.640
81.470
82.230
83.040
83.820
84.590
85.370
86.170
86.920
87.710
88.510
89.330
90.070
90.850
91.610
92.420
93.220
94.010
94.790
95.570
96.370
97.140
97.910
98.720
99.550
100.360
101.150
101.940
102.730
103.500
104.290
105.060
105.820
106.600
107.400
108.210
108.990
109.780
110.570
111.380
112.190
112.970
113.710
114.510
115.280
116.090
116.870
117.660
118.430
119.170
119.970
120.780
121.580
122.380
123.150
123.950
124.720
125.510
126.290
127.110
127.870
128.660
129.460
130.260
131.090
131.890
132.690
133.530
134.410
135.270
136.100
136.970
137.890
138.730
139.640
140.500
141.400
142.290
143.220
144.210
145.160
146.130
147.150
148.070
