1.060
2.120
3.230
4.120
4.990
5.900
6.840
7.750
8.350
8.950
9.550
10.170
10.700
11.270
11.830
12.410
12.970
13.500
14.070
14.670
15.220
15.790
16.390
17.020
17.610
18.220
18.790
19.390
19.940
20.510
21.110
21.670
22.230
22.750
23.310
23.860
24.400
24.960
25.530
26.090
26.670
27.220
27.790
28.330
28.910
29.440
30.000
30.590
31.150
31.690
32.230
32.800
33.340
33.870
34.450
35.020
35.560
36.110
36.700
37.260
37.790
38.370
39.110
39.850
40.730
41.730
42.830
43.950
45.030
46.130
47.110
47.980
48.880
49.740
50.710
51.650
52.720
53.770
54.890
55.950
57.030
58.140
59.260
60.320
61.420
62.500
63.610
64.690
65.780
66.840
67.580
68.350
69.090
69.650
70.220
70.790
71.340
71.910
72.460
73.010
73.530
74.090
74.610
75.170
75.680
76.260
76.830
77.390
77.950
78.510
79.040
79.560
80.080
80.600
81.150
81.730
82.250
82.830
83.380
83.900
84.470
85.030
85.570
86.120
86.660
87.210
87.750
88.290
88.840
89.390
89.960
90.480
91.050
91.580
92.130
92.690
93.260
93.810
94.330
94.900
95.410
95.960
96.510
97.080
97.630
98.180
98.700
99.270
99.840
100.410
100.970
101.490
102.070
102.600
103.140
103.720
104.260
104.810
105.360
105.890
106.430
106.950
107.480
108.030
108.550
109.160
109.750
110.390
111.020
111.650
112.300
112.960
113.570
114.240
114.870
115.520
116.140
116.840
117.570
118.330
119.110
119.880
120.700
121.460
122.260
123.000
123.790
124.570
125.390
126.200
127.090
127.930
128.780
129.650
130.500
131.450
132.310
133.410
134.510
135.520
136.580
137.620
138.690
139.760
140.790
141.880
142.930
144.010
145.090
146.160
147.240
148.280
149.330
150.420
151.460
152.540
153.600
154.650
155.740
156.830
157.900
158.990
160.090
161.150
162.200
163.250
164.310
165.370
166.420
167.530
168.560
169.630
170.690
171.730
172.860
173.950
175.050
176.110
177.240
178.210
178.850
179.430
180.000
180.520
181.090
181.640
182.190
182.720
183.300
183.830
184.380
184.900
185.410
185.950
186.540
187.100
187.660
188.250
188.820
189.330
189.890
190.410
190.970
191.470
191.930
192.410
192.900
193.370
193.860
194.370
194.920
195.430
195.940
196.500
197.020
197.560
198.090
198.610
199.130
199.670
200.210
200.740
201.240
201.770
202.330
202.890
203.430
203.960
204.490
205.030
205.560
206.090
206.620
207.140
207.690
208.220
208.740
209.280
209.820
210.360
210.870
211.390
211.930
212.460
212.980
213.490
214.020
214.530
215.050
215.560
216.080
216.610
217.130
217.660
218.180
218.720
219.260
219.780
220.300
220.840
221.370
221.910
222.460
222.960
223.490
224.030
224.570
225.100
225.620
226.150
226.710
227.230
227.780
228.320
228.860
229.410
229.930
230.470
231.030
231.550
232.080
232.640
233.180
233.700
234.250
234.770
235.290
235.820
236.340
236.890
237.430
237.960
238.510
239.040
239.580
240.110
240.630
241.150
241.690
242.250
242.770
243.300
243.840
244.380
244.880
245.440
245.970
246.520
247.070
247.600
248.140
248.670
249.220
249.760
250.290
250.840
251.370
251.890
252.440
252.980
253.500
254.060
254.580
255.140
255.660
256.200
256.730
257.280
257.820
258.360
258.870
259.430
259.950
260.510
261.050
261.580
262.140
262.660
263.190
263.740
264.270
264.800
265.320
265.870
266.390
266.940
267.480
268.020
268.580
269.090
269.660
270.220
270.820
271.390
271.950
272.480
273.000
273.510
274.020
274.550
275.080
275.650
276.210
276.740
277.280
277.850
278.380
278.940
279.470
280.000
280.530
281.100
281.640
282.170
282.710
283.280
283.840
284.360
284.900
285.440
286.010
286.540
287.070
287.630
288.180
288.720
289.260
289.810
290.350
290.920
291.460
292.050
292.630
293.160
293.700
294.270
294.800
295.350
295.910
296.440
296.970
297.530
298.070
298.600
299.140
299.690
300.220
300.750
301.290
301.840
302.390
302.960
303.480
304.040
304.580
305.110
305.640
306.180
306.730
307.250
307.780
308.320
308.850
309.410
309.930
310.480
311.020
311.580
312.110
312.670
313.240
313.750
314.290
314.850
315.380
315.930
316.480
317.010
317.550
318.090
318.660
319.200
319.730
320.280
320.840
321.390
321.940
322.460
323.010
323.560
324.100
324.650
325.180
325.720
326.260
326.780
327.320
327.870
328.420
328.970
329.500
330.050
330.570
331.120
331.630
332.170
332.720
333.280
333.820
334.350
334.890
335.430
335.950
336.500
337.050
337.590
338.140
338.650
339.180
339.710
340.260
340.780
341.330
341.870
342.380
342.940
343.450
344.010
344.520
345.090
345.600
346.160
346.670
347.210
347.720
348.280
348.780
349.360
349.880
350.440
350.970
351.510
352.060
352.610
353.150
353.680
354.210
354.710
355.290
355.810
356.390
356.930
357.480
358.040
358.580
359.120
359.690
360.220
360.760
361.320
361.850
362.420
362.960
363.490
364.040
364.570
365.110
365.680
366.260
366.790
367.370
367.940
368.500
369.030
369.610
370.180
370.720
371.280
371.840
372.410
372.950
373.520
374.050
374.630
375.180
375.720
376.270
376.810
377.360
377.910
378.480
379.060
379.620
380.190
380.710
381.290
381.840
382.380
382.910
383.460
384.040
384.560
385.120
385.680
386.290
386.860
387.430
388.030
388.580
389.190
389.790
390.450
391.050
391.700
392.340
392.930
393.570
394.170
394.800
395.400
395.980
396.610
397.180
397.810
398.380
399.010
399.580
400.240
400.850
401.480
402.120
402.790
403.410
404.050
404.710
405.320
405.960
406.630
407.270
407.880
408.550
409.190
409.800
410.440
411.110
411.750
