0.130
0.470
0.840
1.210
1.570
1.890
2.250
2.570
2.930
3.280
3.620
3.970
4.320
4.660
4.990
5.320
5.650
6.000
6.340
6.690
7.030
7.350
7.690
8.010
8.340
8.670
9.020
9.340
9.690
10.040
10.360
10.730
11.060
11.430
11.780
12.140
12.490
12.840
13.190
13.560
13.910
14.260
14.610
14.950
15.310
15.660
16.000
16.350
16.700
17.060
17.400
17.750
18.100
18.450
18.790
19.140
19.490
19.850
20.180
20.540
20.890
21.240
21.590
21.950
22.280
22.620
22.980
23.330
23.680
24.030
24.390
24.740
25.090
25.460
25.790
26.140
26.490
26.850
27.200
27.550
27.900
28.250
28.610
28.960
29.320
29.700
30.060
30.410
30.770
31.130
31.480
31.830
32.180
32.530
32.890
33.230
33.590
33.960
34.320
34.670
35.040
35.400
35.750
36.110
36.460
36.820
37.180
37.530
37.890
38.250
38.590
38.940
39.300
39.650
40.000
40.340
40.700
41.030
41.400
41.760
42.120
42.550
43.180
43.900
44.600
45.310
46.020
46.730
47.430
48.160
48.840
49.560
50.260
50.960
51.670
52.370
53.090
53.810
54.530
55.250
55.960
56.630
57.370
58.060
58.760
59.470
60.190
60.900
61.600
62.340
63.040
63.760
64.450
65.190
65.860
66.530
67.240
67.950
68.650
69.380
70.060
70.740
71.460
72.160
72.850
73.570
74.250
74.970
75.670
76.390
77.090
77.810
78.510
79.200
79.910
80.620
81.320
82.020
82.720
83.430
84.120
84.850
85.530
86.230
86.930
87.630
88.330
89.040
89.730
90.440
91.120
91.820
92.520
93.220
93.910
94.600
95.290
96.000
96.710
97.420
98.110
98.820
99.510
100.200
100.910
101.610
102.340
103.050
103.760
104.480
105.180
105.890
106.590
107.300
107.990
108.690
109.370
110.080
110.770
111.470
112.180
112.890
113.600
114.310
115.030
115.740
116.440
117.150
117.850
118.560
119.240
119.940
120.650
121.350
122.040
122.750
123.440
124.130
124.850
125.560
126.280
127.000
127.690
128.420
129.150
129.850
130.550
131.260
131.960
132.660
133.370
134.080
134.780
135.470
136.190
136.900
137.610
138.300
139.010
139.720
140.410
141.100
141.800
142.500
143.210
143.900
144.560
145.250
145.920
146.600
147.320
148.050
148.740
149.480
150.180
150.900
151.610
152.340
153.040
153.770
154.460
155.180
155.890
156.590
157.250
157.900
158.290
158.650
159.010
159.380
159.720
160.080
160.430
160.790
161.140
161.490
161.850
162.210
162.550
162.900
163.250
163.610
163.950
164.290
164.650
165.000
165.340
165.700
166.050
166.400
166.750
167.100
167.440
167.780
168.130
168.470
168.800
169.160
169.510
169.870
170.230
170.580
170.940
171.290
171.650
171.980
172.340
172.700
173.040
173.400
173.740
174.100
174.450
174.810
175.170
175.520
175.870
176.230
176.580
176.930
177.280
177.630
177.970
178.320
178.660
179.010
179.350
179.690
180.030
180.380
180.730
181.090
181.440
181.810
182.150
182.510
182.860
183.210
183.550
183.900
184.260
184.600
184.940
185.280
185.630
185.980
186.330
186.680
187.030
187.390
187.740
188.100
188.450
188.810
189.180
189.530
189.880
190.220
190.570
190.910
191.260
191.610
191.970
192.340
192.680
193.050
193.400
193.760
194.110
194.450
194.800
195.160
195.510
195.860
196.220
196.570
196.920
197.260
197.600
197.960
198.300
198.660
199.010
199.370
199.720
200.070
200.410
200.770
201.120
201.480
201.820
202.180
202.510
202.860
203.220
203.580
203.940
204.300
204.650
205.010
205.370
205.730
206.080
206.430
206.790
207.140
207.500
207.850
208.200
208.550
208.920
209.280
209.640
209.990
210.340
210.690
211.040
211.380
211.730
212.070
212.420
212.750
213.110
213.450
213.790
214.140
214.500
214.850
215.200
215.560
215.910
216.250
216.590
216.960
217.290
217.660
218.000
218.350
218.700
219.060
219.400
219.750
220.080
220.440
220.790
221.140
221.480
221.840
222.180
222.540
222.880
223.220
223.580
223.920
224.260
224.600
224.930
225.270
225.630
225.990
226.340
226.700
227.050
227.410
227.760
228.120
228.470
228.820
229.170
229.520
229.880
230.210
230.560
230.920
231.270
231.630
231.980
232.330
232.680
233.030
233.370
233.720
234.060
234.400
234.740
235.090
235.430
235.770
236.100
236.450
236.810
237.160
237.510
237.870
238.210
238.560
238.920
239.250
239.590
239.940
240.280
240.630
240.970
241.320
241.660
242.030
242.350
242.700
243.050
243.400
243.750
244.100
244.450
244.790
245.160
245.520
245.850
246.200
246.550
246.880
247.220
247.560
247.930
248.280
248.630
248.980
249.330
249.680
250.020
250.380
250.740
251.080
251.440
251.800
252.160
252.510
252.840
253.180
253.540
253.890
254.230
254.600
254.940
255.290
255.630
255.990
256.340
256.690
257.040
257.390
257.740
258.090
258.430
258.780
259.140
259.500
259.830
260.180
260.520
260.870
261.210
261.550
261.910
262.260
262.600
262.960
263.300
263.650
264.000
264.420
265.030
265.720
266.410
267.120
267.820
268.520
269.200
269.900
270.600
271.310
272.000
272.670
273.380
274.080
274.770
275.480
276.170
276.870
277.560
278.270
278.960
279.650
280.350
281.040
281.740
282.450
283.130
283.810
284.500
285.200
285.900
286.600
287.310
288.010
288.710
289.420
290.120
290.820
291.520
292.240
292.940
293.650
294.350
295.060
295.760
296.470
297.170
297.890
298.610
299.330
300.030
300.740
301.440
302.140
302.820
303.510
304.240
304.930
305.630
306.340
307.050
307.760
308.460
309.160
309.870
310.570
311.250
311.960
312.640
313.340
314.020
314.710
315.420
316.110
316.780
317.470
318.170
318.870
319.560
320.260
320.960
321.660
322.350
323.060
323.730
324.410
325.100
325.790
326.490
327.170
327.880
328.580
329.280
329.960
330.660
331.350
332.060
332.760
333.460
334.150
334.840
335.530
336.220
336.910
337.620
338.320
339.020
339.710
340.420
341.120
341.830
342.540
343.230
343.940
344.640
345.330
346.030
346.730
347.430
348.120
348.830
349.530
350.220
350.930
351.630
352.330
353.010
353.720
354.430
355.120
355.810
356.500
357.190
357.870
358.550
359.220
359.940
360.640
361.320
362.030
362.720
363.420
364.130
364.830
365.530
366.230
366.930
367.630
368.340
369.020
369.720
370.410
371.130
371.820
372.530
373.220
373.920
374.630
375.310
376.030
376.730
377.430
378.140
378.850
379.550
380.260
380.950
381.640
382.350
383.050
383.740
384.430
385.130
385.810
386.500
387.190
387.890
388.570
389.270
389.970
390.670
391.350
392.070
392.750
393.460
394.140
394.850
395.560
396.260
396.930
397.630
398.320
399.020
399.730
400.410
401.080
401.780
402.470
403.160
403.860
404.570
405.260
405.960
406.630
407.350
408.060
408.770
409.480
410.160
410.870
411.540
412.220
412.930
413.580
414.300
415.000
415.690
416.390
417.080
417.790
418.510
419.170
419.870
420.590
421.310
422.000
422.710
423.390
424.080
424.780
425.460
426.180
426.860
427.550
428.250
428.930
429.630
430.320
431.030
431.730
432.440
433.090
433.800
434.520
435.220
435.890
436.580
437.300
438.020
438.700
439.410
440.120
440.810
441.510
442.220
442.950
443.640
444.300
444.980
445.660
446.320
447.050
447.730
448.410
449.100
449.800
450.480
451.150
451.860
452.550
453.240
453.940
454.620
455.310
455.990
456.700
457.420
458.110
458.810
459.510
460.210
460.930
461.620
462.340
463.030
463.740
464.440
465.150
465.840
466.550
467.250
467.960
468.660
469.360
470.060
470.770
471.450
472.160
472.860
473.570
474.250
474.950
475.640
476.330
477.040
477.730
478.420
479.120
479.830
480.510
481.190
481.920
482.630
483.340
484.050
484.750
485.470
486.160
486.860
487.570
488.260
488.970
489.680
490.390
491.100
491.810
492.490
493.150
493.860
494.570
495.270
496.000
496.670
497.380
498.070
498.750
499.440
500.150
500.840
501.530
502.230
502.940
503.620
504.320
505.020
505.720
506.410
507.130
507.830
508.520
509.180
509.880
510.530
511.280
511.990
512.810
513.690
514.620
515.460
516.300
517.180
518.060
518.950
519.780
520.720
521.580
522.470
523.380
524.260
525.150
526.020
526.900
527.800
528.750
