0.520
1.550
2.590
3.580
4.630
5.700
6.730
7.760
8.840
9.800
10.750
11.690
12.600
13.580
14.520
15.430
16.400
17.240
18.100
18.950
19.780
20.580
21.430
22.220
23.060
23.880
24.870
25.780
26.750
27.670
28.630
29.670
30.570
31.530
32.410
33.360
34.280
35.200
36.120
37.040
37.880
38.660
39.500
40.290
41.120
41.880
42.700
43.540
44.390
45.170
46.050
46.840
47.690
48.480
49.310
50.190
51.030
51.900
52.810
53.670
54.600
55.540
56.400
57.250
58.090
59.000
59.840
60.700
61.540
62.460
63.290
64.190
65.070
65.880
66.760
67.630
68.480
69.350
70.240
70.970
71.690
72.450
73.200
73.920
74.650
75.400
76.120
76.870
77.610
78.340
79.120
79.860
80.560
81.330
82.030
82.780
83.520
84.320
85.130
85.900
86.710
87.360
88.000
88.670
89.340
89.930
90.520
91.110
91.710
92.320
92.930
93.570
94.170
94.760
95.370
96.010
96.600
97.250
97.940
98.650
99.340
100.000
100.690
101.370
102.010
102.680
103.390
104.060
104.690
105.390
106.060
106.700
107.400
108.040
108.770
109.460
110.110
110.830
111.530
112.200
112.870
113.630
114.450
115.260
115.950
116.660
117.390
118.140
118.860
119.530
120.270
120.980
121.670
122.400
123.060
123.750
124.390
125.120
125.900
126.610
127.330
128.060
128.690
129.370
130.020
130.660
131.380
132.090
132.750
133.480
134.130
134.860
135.510
136.200
136.900
137.610
138.240
138.940
139.560
140.250
140.890
141.550
142.230
142.890
143.610
144.350
145.050
145.740
146.430
147.050
147.740
148.390
149.040
149.720
150.410
151.140
151.800
152.490
153.180
153.900
154.550
155.280
155.940
156.650
157.350
158.080
158.860
159.630
160.480
161.370
162.250
163.110
164.100
165.010
165.950
166.890
167.840
168.820
169.900
171.010
171.990
172.990
173.980
174.970
176.060
177.110
178.130
179.190
180.240
181.290
182.130
182.970
183.870
184.800
185.700
186.590
187.490
188.390
189.310
190.140
191.040
191.960
192.880
193.840
194.740
195.670
196.610
197.460
198.370
199.300
200.180
201.090
201.990
202.910
203.830
204.740
205.630
206.540
207.470
208.410
209.350
210.270
211.190
212.140
213.040
213.930
214.800
215.710
216.600
217.510
218.430
219.320
220.200
221.090
222.030
222.960
223.920
224.850
225.770
226.620
227.440
228.380
229.290
230.200
231.150
232.080
233.010
233.940
234.840
235.790
236.720
237.660
238.620
239.530
240.420
241.380
242.280
243.230
244.140
245.070
245.980
246.880
247.770
248.680
249.590
250.540
251.450
252.410
253.360
254.340
255.250
256.150
257.060
257.960
258.890
259.850
260.740
261.660
262.560
263.530
264.430
265.340
266.280
267.190
268.130
269.020
269.960
270.810
271.670
272.550
273.410
274.350
275.280
276.210
277.100
278.010
278.860
279.770
280.670
281.590
282.450
283.380
284.270
285.150
286.030
286.990
287.920
288.820
289.760
290.700
291.670
292.590
293.470
294.410
295.320
296.210
297.150
298.050
298.940
299.820
300.720
301.650
302.590
303.520
304.400
305.340
306.190
307.120
308.050
308.980
309.950
310.840
311.770
312.700
313.620
314.520
315.390
316.300
317.190
318.070
318.960
319.850
320.760
321.680
322.620
323.520
324.460
325.380
326.270
327.130
328.040
328.950
329.860
330.770
331.680
332.580
333.480
334.340
335.230
336.130
337.030
337.900
338.800
339.690
340.590
341.530
342.450
343.360
344.290
345.260
346.170
347.110
348.080
348.960
349.910
350.810
351.710
352.600
353.460
354.350
355.230
356.130
357.020
357.920
358.830
359.760
360.640
361.560
362.470
363.360
364.300
365.180
366.100
367.000
367.950
368.840
369.690
370.610
371.500
372.380
373.280
374.170
375.060
375.950
376.850
377.770
378.630
379.480
380.390
381.260
382.130
382.950
383.800
384.690
385.520
386.400
387.280
388.170
389.010
389.910
390.820
391.720
392.610
393.510
394.400
395.350
396.310
397.270
398.180
399.140
400.140
401.140
402.070
403.050
404.010
404.990
405.950
406.870
407.830
408.810
409.750
410.700
411.610
412.590
413.580
414.560
415.530
416.490
417.430
418.400
419.320
420.270
421.230
422.250
423.170
424.150
425.090
426.080
427.040
428.030
428.970
429.910
430.850
431.830
432.810
433.740
434.730
435.660
436.600
437.590
438.550
439.500
440.460
441.420
442.350
443.330
444.340
445.270
446.180
447.110
448.070
448.940
449.840
450.720
451.660
452.560
453.530
454.450
455.390
456.300
457.210
458.140
459.020
459.910
460.820
461.710
462.600
463.570
464.520
465.500
466.480
467.450
468.390
469.350
470.330
471.300
472.330
473.310
474.260
475.280
476.070
476.850
477.680
478.450
479.190
479.830
480.490
481.170
481.870
482.520
483.180
483.840
484.540
485.210
485.840
486.530
487.180
487.860
488.580
489.250
489.960
490.670
491.280
491.920
492.610
493.280
493.960
494.620
495.300
495.950
496.650
497.350
497.990
498.690
499.380
500.040
500.660
501.250
501.880
502.540
503.170
503.790
504.460
505.120
505.780
506.410
507.090
507.750
508.370
509.050
509.700
510.350
510.980
511.620
512.340
513.010
513.680
514.340
514.980
515.610
516.310
516.970
517.600
518.260
518.950
519.570
520.260
520.890
521.540
522.220
522.890
523.530
524.150
524.780
525.410
526.050
526.670
527.280
527.970
528.590
529.270
529.920
530.540
531.180
531.930
532.630
533.320
534.000
534.700
535.390
536.090
536.850
537.650
538.500
539.300
540.060
540.860
541.600
542.410
543.200
543.940
544.750
545.560
546.350
547.100
547.900
