0.340
0.900
1.430
1.960
2.480
3.010
3.560
4.110
4.630
5.180
5.730
6.250
6.790
7.360
7.890
8.440
8.970
9.510
10.060
10.600
11.120
11.620
12.140
12.700
13.250
13.810
14.340
14.890
15.440
15.990
16.560
17.110
17.660
18.200
18.710
19.250
19.810
20.360
20.880
21.410
21.990
22.540
23.080
23.600
24.170
24.710
25.220
25.760
26.330
26.870
27.430
27.960
28.480
29.040
29.580
30.120
30.650
31.220
31.760
32.300
32.850
33.380
33.920
34.460
34.980
35.520
36.060
36.570
37.120
37.680
38.200
38.750
39.270
39.830
40.370
40.920
41.450
41.980
42.490
43.060
43.590
44.140
44.660
45.220
45.750
46.280
46.820
47.360
47.880
48.400
48.950
49.460
49.980
50.500
50.990
51.520
52.020
52.570
53.090
53.630
54.140
54.680
55.200
55.740
56.280
56.810
57.360
57.910
58.440
58.950
59.500
60.040
60.560
61.080
61.620
62.170
62.700
63.230
63.800
64.320
64.840
65.370
65.930
66.440
66.990
67.490
68.030
68.540
69.080
69.600
70.140
70.650
71.180
71.740
72.250
72.770
73.330
73.840
74.390
74.930
75.450
76.020
76.560
77.070
77.610
78.180
78.720
79.240
79.760
80.280
80.840
81.370
81.880
82.390
82.900
83.450
83.930
84.390
84.870
85.360
85.900
86.410
86.920
87.430
87.950
88.490
89.020
89.630
90.200
90.790
91.290
91.820
92.330
92.850
93.370
93.900
94.460
94.990
95.490
96.040
96.570
97.110
97.630
98.160
98.690
99.200
99.730
100.290
100.810
101.340
101.880
102.420
102.960
103.520
104.040
104.600
105.110
105.630
106.170
106.690
107.240
107.780
108.300
108.820
109.360
109.900
110.440
111.000
111.560
112.090
112.670
113.220
113.740
114.270
114.780
115.350
115.870
116.410
116.950
117.510
118.040
118.580
119.070
119.610
120.140
120.660
121.170
121.690
122.220
122.760
123.300
123.840
124.350
124.900
125.410
125.970
126.480
127.010
127.510
128.040
128.570
129.120
129.650
130.170
130.690
131.210
131.740
132.270
132.800
133.330
133.870
134.410
134.950
135.480
135.990
136.530
137.050
137.550
138.080
138.580
139.120
139.630
140.160
140.670
141.220
141.760
142.280
142.800
143.300
143.820
144.360
144.850
145.400
145.890
146.430
146.960
147.460
148.010
148.530
149.080
149.610
150.130
150.650
151.140
151.670
152.210
152.720
153.240
153.760
154.260
154.810
155.320
155.830
156.340
156.860
157.380
157.920
158.440
158.950
159.480
160.000
160.550
161.110
161.640
162.180
162.680
163.230
163.740
164.270
164.830
165.350
165.870
166.410
166.970
167.500
168.040
168.580
169.140
169.650
170.220
170.750
171.300
171.830
172.340
172.870
173.420
173.940
174.500
175.030
175.540
176.090
176.600
177.140
177.660
178.160
178.680
179.210
179.740
180.270
180.820
181.350
181.870
182.400
182.910
183.440
183.970
184.510
185.080
185.620
186.160
186.670
187.160
187.640
188.160
188.700
189.220
189.760
190.300
190.830
191.340
191.860
192.420
192.930
193.480
194.000
194.520
195.050
195.600
196.120
196.660
197.160
197.680
198.210
198.710
199.250
199.780
200.290
200.790
201.310
201.860
202.380
202.900
203.420
203.950
204.490
205.040
205.580
206.120
206.620
207.160
207.690
208.230
208.770
209.320
209.840
210.380
210.900
211.410
211.940
212.500
213.020
213.550
214.070
214.600
215.120
215.670
216.230
216.750
217.310
217.830
218.380
218.930
219.440
219.980
220.530
221.070
221.600
222.110
222.630
223.170
223.710
224.240
224.780
225.310
225.840
226.370
226.940
227.440
228.000
228.520
229.050
229.580
230.120
230.640
231.170
231.700
232.240
232.740
233.280
233.810
234.340
234.890
235.390
235.950
236.450
237.010
237.540
238.070
238.580
239.130
239.630
240.150
240.670
241.220
241.740
242.250
242.770
243.310
243.830
244.350
244.910
245.440
245.930
246.460
246.980
247.530
248.070
248.570
249.110
249.650
250.170
250.690
251.220
251.770
252.290
252.840
253.370
253.890
254.410
254.940
255.470
255.990
256.530
257.060
257.590
258.110
258.600
259.130
259.640
260.140
260.640
261.140
261.650
262.200
262.690
263.230
263.730
264.260
264.800
265.320
265.830
266.360
266.870
267.380
267.890
268.420
268.940
269.470
269.970
270.490
271.030
271.550
272.070
272.600
273.080
273.590
274.110
