0.930	1
1.220
1.510
1.810
2.110	1
2.405
2.700
3.010
3.320	1
3.600
3.880
4.175
4.470	1
4.750
5.030
5.325
5.620	1
5.905
6.190
6.490
6.790	1
7.095
7.400
7.700
8.000	1
8.315
8.630
8.935
9.240	1
9.530
9.820
10.140
10.460	1
10.750
11.040
11.330
11.620	1
11.905
12.190
12.485
12.780	1
13.085
13.390
13.680
13.970	1
14.260
14.550
14.845
15.140	1
15.435
15.730
16.025
16.320	1
16.615
16.910
17.200
17.490	1
17.785
18.080
18.370
18.660	1
18.945
19.230
19.525
19.820	1
20.120
20.420
20.710
21.000	1
21.290
21.580
21.870
22.160	1
22.450
22.740
23.040
23.340	1
23.630
23.920
24.215
24.510	1
24.810
25.110
25.410
25.710	1
26.000
26.290
26.585
26.880	1
27.170
27.460
27.755
28.050	1
28.345
28.640
28.930
29.220	1
29.515
29.810
30.100
30.390	1
30.685
30.980
31.270
31.560	1
31.850
32.140
32.430
32.720	1
33.010
33.300
33.590
33.880	1
34.165
34.450
34.740
35.030	1
35.320
35.610
35.895
36.180	1
36.480
36.780
37.075
37.370	1
37.650
37.930
38.215
38.500	1
38.805
39.110
39.400
39.690	1
39.965
40.240
40.530
40.820	1
41.105
41.390
41.680
41.970	1
42.260
42.550
42.835
43.120	1
43.415
43.710
44.000
44.290	1
44.580
44.870
45.165
45.460	1
45.750
46.040
46.330
46.620	1
46.905
47.190
47.470
47.750	1
48.045
48.340
48.625
48.910	1
49.190
49.470
49.755
50.040	1
50.330
50.620
50.910
51.200	1
51.485
51.770
52.050
52.330	1
52.605
52.880
53.165
53.450	1
53.725
54.000
54.285
54.570	1
54.855
55.140
55.425
55.710	1
55.985
56.260
56.550
56.840	1
57.135
57.430
57.715
58.000	1
58.285
58.570
58.870
59.170	1
59.455
59.740
60.040
60.340	1
60.610
60.880
61.160
61.440	1
61.735
62.030
62.300
62.570	1
62.865
63.160
63.440
63.720	1
64.010
64.300
64.585
64.870	1
65.145
65.420
65.705
65.990	1
66.280
66.570
66.855
67.140	1
67.430
67.720
68.000
68.280	1
68.565
68.850
69.130
69.410	1
69.695
69.980
70.270
70.560	1
70.855
71.150
71.430
71.710	1
71.995
72.280
72.565
72.850	1
73.125
73.400
73.690
73.980	1
74.255
74.530
74.810
75.090	1
75.390
75.690
75.980
76.270	1
76.545
76.820
77.110
77.400	1
77.675
77.950
78.245
78.540	1
78.815
79.090
79.375
79.660	1
79.950
80.240
80.525
80.810	1
81.080
81.350
81.640
81.930	1
82.210
82.490
82.775
83.060	1
83.335
83.610
83.900
84.190	1
84.470
84.750
85.040
85.330	1
85.605
85.880
86.160
86.440	1
86.730
87.020
87.295
87.570	1
87.850
88.130
88.415
88.700	1
88.985
89.270
89.550
89.830	1
90.105
90.380
90.660
90.940	1
91.240
91.540
91.830
92.120	1
92.400
92.680
92.960
93.240	1
93.530
93.820
94.115
94.410	1
94.680
94.950
95.245
95.540	1
95.820
96.100
96.385
96.670	1
96.955
97.240
97.525
97.810	1
98.085
98.360
98.635
98.910	1
99.180
99.450
99.730
100.010	1
100.310
100.610
100.890
101.170	1
101.440
101.710
101.985
102.260	1
102.555
102.850
103.125
103.400	1
103.680
103.960
104.245
104.530	1
104.805
105.080
105.350
105.620	1
105.905
106.190
106.475
106.760	1
107.040
107.320
107.610
107.900	1
108.165
108.430
108.700
108.970	1
109.255
109.540
109.805
110.070	1
110.355
110.640
110.915
111.190	1
111.480
111.770
112.045
112.320	1
112.590
112.860
113.140
113.420	1
113.710
114.000
114.275
114.550	1
114.825
115.100
115.360
115.620	1
115.905
116.190
116.470
116.750	1
117.020
117.290
117.540
117.790	1
118.075
118.360
118.640
118.920	1
119.205
119.490
119.765
120.040	1
120.305
120.570
120.850
121.130	1
121.400
121.670
121.955
122.240	1
122.515
122.790
123.060
123.330	1
123.600
123.870
124.140
124.410	1
124.685
124.960
125.235
125.510	1
125.775
126.040
126.315
126.590	1
126.875
127.160
127.435
127.710	1
127.975
128.240
128.515
128.790	1
129.075
129.360
129.635
129.910	1
130.175
130.440
130.705
130.970	1
131.245
131.520
131.795
132.070	1
132.340
132.610
132.880
133.150	1
133.430
133.710
133.980
134.250	1
134.520
134.790
135.065
135.340	1
135.615
135.890
136.160
136.430	1
136.705
136.980
137.255
137.530	1
137.810
138.090
138.355
138.620	1
138.900
139.180
139.440
139.700	1
139.975
140.250
140.515
140.780	1
141.060
141.340
141.615
141.890	1
142.145
142.400
142.680
142.960	1
143.230
143.500
143.750
144.000	1
144.285
144.570
144.830
145.090	1
145.360
145.630
145.900
146.170	1
146.460
146.750
147.025
147.300	1
147.565
147.830
148.100
148.370	1
148.645
148.920
149.200
149.480	1
149.750
150.020
150.285
150.550	1
150.830
151.110
151.370
151.630	1
151.910
152.190
152.460
152.730	1
152.995
153.260
153.535
153.810	1
154.070
154.330
154.605
154.880	1
155.155
155.430
155.690
155.950	1
156.235
156.520
156.785
157.050	1
157.325
157.600
157.870
158.140	1
158.400
158.660
158.935
159.210	1
159.480
159.750
160.020
160.290	1
160.560
160.830
161.105
161.380	1
161.655
161.930
162.205
162.480	1
162.745
163.010
163.275
163.540	1
163.815
164.090
164.360
164.630	1
164.900
165.170
165.430
165.690	1
165.965
166.240
166.500
166.760	1
167.035
167.310
167.560
167.810	1
168.080
168.350
168.620
168.890	1
169.155
169.420
169.685
169.950	1
170.210
170.470
170.740
171.010	1
171.275
171.540
171.810
172.080	1
172.345
172.610
172.890
173.170	1
173.435
173.700
173.955
174.210	1
174.480
174.750
175.020
175.290	1
175.555
175.820
176.095
176.370	1
176.625
176.880
177.150
177.420	1
177.690
177.960
178.215
178.470	1
178.735
179.000
179.255
179.510	1
179.785
180.060
180.315
180.570	1
180.855
181.140
181.405
181.670	1
181.940
182.210
182.470
182.730	1
183.000
183.270
183.535
183.800	1
184.065
184.330
184.610
184.890	1
185.140
185.390
185.650
185.910	1
186.175
186.440
186.695
186.950	1
187.220
187.490
187.745
188.000	1
188.270
188.540
188.795
189.050	1
189.330
189.610
189.880
190.150	1
190.415
190.680
190.950
191.220	1
191.490
191.760
192.020
192.280	1
192.550
192.820
193.080
193.340	1
193.615
193.890
194.160
194.430	1
194.685
194.940
195.210
195.480	1
195.740
196.000
196.250
196.500	1
196.765
197.030
197.310
197.590	1
197.880
198.170
198.450
198.730	1
199.000
199.270
199.545
199.820	1
200.100
200.380
200.645
200.910	1
201.175
201.440
201.705
201.970	1
202.235
202.500
202.790
203.080	1
203.350
203.620
203.890
204.160	1
204.435
204.710
204.985
205.260	1
205.530
205.800
206.060
206.320	1
206.600
206.880
207.150
207.420	1
207.690
207.960
208.225
208.490	1
208.775
209.060
209.330
209.600	1
209.860
210.120
210.380
210.640	1
210.915
211.190
211.455
211.720	1
212.000
212.280
212.550
212.820	1
213.105
213.390
213.660
213.930	1
214.195
214.460
214.745
215.030	1
215.300
215.570
215.850
216.130	1
216.410
216.690
216.970
217.250	1
217.520
217.790
218.080
218.370	1
218.635
218.900
219.175
219.450	1
219.730
220.010
220.295
220.580	1
220.850
221.120
221.395
221.670	1
221.945
222.220
222.505
222.790	1
223.055
223.320
223.600
223.880	1
224.155
224.430
224.710
224.990	1
225.250
225.510
225.780
226.050	1
226.325
226.600
226.875
227.150	1
227.420
227.690
227.970
228.250	1
228.530
228.810
229.085
229.360	1
229.645
229.930
230.205
230.480	1
230.765
231.050
231.325
231.600	1
231.860
232.120
232.400
232.680	1
232.955
233.230
233.505
233.780	1
234.050
234.320
234.600
234.880	1
235.160
235.440
235.710
235.980	1
236.260
236.540
236.820
237.100	1
237.395
237.690
237.975
238.260	1
