0.430
1.440
2.410
3.450
4.400
5.370
6.340
7.330
8.310
9.290
10.210
11.200
12.140
13.140
14.100
14.990
15.860
16.790
17.730
18.720
19.670
20.660
21.570
22.480
23.440
24.430
25.380
26.350
27.290
28.290
29.240
30.180
31.110
32.050
32.980
33.970
34.880
35.840
36.740
37.690
38.650
39.630
40.600
41.530
42.450
43.460
44.420
45.360
46.290
47.280
48.190
49.150
50.110
51.070
51.980
52.900
53.820
54.760
55.690
56.620
57.580
58.510
59.470
60.380
61.330
62.280
63.190
64.140
65.070
66.050
66.980
67.960
68.860
69.800
70.730
71.640
72.550
73.520
74.410
75.360
76.250
77.190
78.090
79.010
79.960
80.840
81.760
82.680
83.530
84.420
85.330
86.240
87.080
88.010
88.850
89.810
90.780
91.750
92.690
93.650
94.570
95.560
96.510
97.460
98.420
99.390
100.310
101.260
102.230
103.180
104.220
105.210
106.210
107.220
108.230
109.240
110.130
111.110
111.890
112.700
113.520
114.300
115.150
115.950
116.800
117.650
118.570
119.540
120.530
121.510
122.400
123.390
124.330
125.230
126.160
127.220
128.280
129.330
130.380
131.440
132.490
133.460
134.480
135.560
136.570
137.530
138.580
139.550
140.530
141.510
142.470
143.450
144.500
145.490
146.470
147.490
148.500
149.440
150.440
151.460
152.430
153.420
154.370
155.350
156.310
157.260
158.270
159.310
160.290
161.290
162.310
163.230
164.200
165.240
166.240
167.190
168.150
169.110
170.180
171.140
172.180
173.080
174.080
175.050
175.970
176.940
177.930
178.850
179.850
180.810
181.780
182.740
183.690
184.650
185.630
186.550
187.490
188.420
189.430
190.390
191.390
192.350
193.300
194.230
195.130
196.100
197.070
198.020
198.940
199.880
200.840
201.750
202.720
203.660
204.630
205.540
206.540
207.470
208.380
209.310
210.270
211.180
212.200
213.130
214.130
215.060
216.020
216.960
217.920
218.860
219.800
220.760
221.680
222.650
223.610
224.560
225.550
226.480
227.470
228.570
229.590
230.500
231.370
232.310
233.270
234.200
235.180
236.110
237.050
238.000
238.960
239.950
240.890
241.830
242.760
243.700
244.670
245.600
246.580
247.530
248.470
249.430
250.400
251.350
252.270
253.190
254.130
255.110
256.090
257.020
258.030
259.020
259.980
260.860
261.840
262.720
263.670
264.610
265.650
266.670
267.690
268.630
269.560
270.490
271.430
272.400
273.310
274.230
275.190
276.230
277.180
278.240
279.240
280.320
281.310
282.390
283.530
284.620
285.670
286.680
287.680
288.690
289.630
290.620
291.680
292.710
293.750
294.850
295.840
296.890
