0.140
0.680
1.250
1.770
2.310
2.880
3.460
4.030
4.650
5.210
5.790
6.380
6.960
7.540
8.120
8.660
9.240
9.830
10.390
10.970
11.550
12.110
12.710
13.270
13.850
14.450
15.010
15.590
16.130
16.680
17.250
17.810
18.370
18.940
19.490
20.050
20.610
21.170
21.730
22.270
22.810
23.370
23.910
24.490
25.020
25.580
26.140
26.690
27.240
27.800
28.350
28.890
29.460
30.000
30.560
31.100
31.670
32.220
32.760
33.310
33.860
34.420
34.980
35.530
36.080
36.630
37.180
37.730
38.290
38.830
39.380
39.930
40.490
41.030
41.590
42.120
42.680
43.220
43.780
44.330
44.860
45.410
45.980
46.520
47.060
47.620
48.160
48.710
49.260
49.800
50.350
50.900
51.450
51.990
52.540
53.110
53.650
54.210
54.750
55.300
55.810
56.360
56.900
57.450
58.010
58.560
59.090
59.630
60.170
60.710
61.260
61.800
62.340
62.880
63.430
63.980
64.520
65.080
65.610
66.150
66.700
67.240
67.780
68.340
68.900
69.440
69.990
70.540
71.070
71.610
72.150
72.700
73.250
73.770
74.330
74.870
75.410
75.950
76.490
77.030
77.560
78.120
78.660
79.210
79.730
80.280
80.810
81.360
81.890
82.440
82.980
83.510
84.050
84.600
85.140
85.680
86.210
86.760
87.310
87.850
88.400
88.950
89.500
90.050
90.570
91.120
91.650
92.190
92.740
93.280
93.830
94.360
94.890
95.430
95.980
96.520
97.070
97.630
98.170
98.730
99.270
99.830
100.360
100.910
101.460
102.000
102.540
103.090
103.620
104.170
104.720
105.270
105.830
106.360
106.930
107.470
108.020
108.560
109.100
109.660
110.200
110.740
111.270
111.810
112.340
112.870
113.420
113.950
114.500
115.040
115.570
116.120
116.670
117.210
117.750
118.300
118.850
119.390
119.940
120.490
121.020
121.590
122.130
122.680
123.210
123.780
124.320
124.880
125.420
125.950
126.510
127.050
127.590
128.120
128.650
129.200
129.730
130.280
130.840
131.390
131.920
132.480
133.020
133.570
134.120
134.660
135.200
135.750
136.290
136.840
137.380
137.940
138.460
139.030
139.560
140.120
140.660
141.210
141.750
142.300
142.830
143.390
143.910
144.470
145.010
145.560
146.090
146.630
147.160
147.710
148.260
148.810
149.360
149.900
150.440
151.000
151.540
152.090
152.640
153.190
153.740
154.280
154.820
155.350
155.900
156.450
157.010
157.550
158.110
158.640
159.200
159.750
160.300
160.840
161.380
161.930
162.480
163.010
163.560
164.100
164.640
165.180
165.740
166.280
166.830
167.390
167.930
168.490
169.040
169.580
170.130
170.690
171.220
171.780
172.320
172.870
173.420
173.970
174.510
175.070
175.610
176.150
176.680
177.240
177.780
178.330
178.900
179.430
179.990
180.520
181.060
181.620
182.160
182.710
183.270
183.810
184.370
184.920
185.440
185.980
186.530
187.080
187.640
188.160
188.710
189.260
189.810
190.350
190.920
191.450
191.990
192.550
193.090
193.650
194.180
194.740
195.280
195.820
196.360
196.920
197.460
197.990
198.550
199.100
199.630
200.180
200.710
201.260
201.780
202.310
202.840
203.380
203.910
204.460
204.990
205.540
206.100
206.640
207.190
207.730
208.280
208.840
209.400
209.950
210.500
211.070
211.610
212.180
212.730
213.290
213.830
214.390
214.930
215.440
215.980
216.540
217.070
217.630
218.180
218.730
219.270
219.810
220.330
220.910
221.460
222.010
222.540
223.100
223.660
224.180
224.750
225.290
225.830
226.400
226.940
227.490
228.020
228.580
229.120
229.640
230.200
230.760
231.310
231.860
232.390
232.930
233.480
234.000
234.530
235.080
235.610
236.160
236.720
237.260
237.810
238.350
238.900
239.440
239.990
240.540
241.080
241.630
242.160
242.720
243.260
243.810
244.360
244.900
245.440
245.980
246.510
247.060
247.580
248.130
248.670
249.200
249.750
250.290
250.830
251.340
251.900
252.450
252.990
253.510
254.050
254.590
255.140
255.670
256.200
256.740
257.280
257.810
258.340
258.880
259.410
259.950
260.490
261.040
261.580
262.110
262.640
263.180
263.710
264.250
264.770
265.320
265.850
266.380
266.930
267.470
268.020
268.530
269.070
269.620
270.150
270.690
271.210
271.760
272.280
272.800
273.330
273.860
274.380
274.940
275.460
276.000
276.530
277.070
277.610
278.150
278.690
279.210
279.760
280.290
280.810
281.350
281.890
282.430
282.970
283.500
284.040
284.570
285.100
285.600
286.130
286.690
287.250
287.770
288.290
288.830
289.370
289.890
290.430
290.960
291.510
292.040
292.590
293.130
293.660
294.190
294.760
295.280
295.830
296.370
296.900
297.430
297.980
298.530
299.060
299.580
300.120
300.640
301.190
301.720
302.230
302.780
303.310
303.840
304.370
304.910
305.450
305.990
306.500
307.050
307.580
308.110
308.650
309.190
309.730
310.260
310.790
311.340
311.870
312.420
312.940
313.480
314.010
314.560
315.080
315.630
316.180
316.730
317.260
317.790
318.340
318.860
319.380
319.930
320.440
320.980
321.510
322.060
322.590
323.140
323.690
324.230
324.760
325.300
325.840
326.380
326.910
327.470
327.990
328.540
329.090
329.630
330.180
330.720
331.250
331.790
332.340
332.880
333.420
333.950
334.500
335.030
335.550
336.080
336.630
337.150
337.690
338.240
338.800
339.330
339.870
340.420
340.960
341.510
342.070
342.600
343.150
343.700
344.230
344.770
345.330
345.850
346.380
346.930
347.470
348.010
348.550
349.090
349.630
350.180
350.730
351.240
351.790
352.330
352.880
353.410
353.950
354.500
355.040
355.580
356.110
356.660
357.210
357.740
358.290
358.830
359.380
359.910
360.460
361.000
361.550
362.090
362.620
363.170
363.700
364.250
364.790
365.310
365.860
366.400
366.940
367.450
368.010
368.530
369.070
369.630
370.160
370.700
371.220
371.770
372.310
372.840
373.380
373.910
374.440
374.960
375.470
376.000
376.480
377.000
377.510
378.020
378.550
379.030
379.540
380.050
380.580
381.080
381.560
382.050
382.520
382.970
383.450
383.910
384.380
384.850
385.330
385.790
386.270
386.730
387.220
387.690
388.160
388.650
389.130
389.590
