0.350
0.800
1.260
1.710
2.170
2.640
3.100
3.540
4.010
4.460
4.920
5.380
5.850
6.310
6.780
7.220
7.670
8.120
8.580
9.020
9.480
9.920
10.370
10.810
11.290
11.750
12.200
12.650
13.100
13.550
14.010
14.440
14.920
15.370
15.820
16.280
16.740
17.190
17.640
18.110
18.560
19.020
19.480
19.930
20.380
20.840
21.290
21.740
22.190
22.640
23.100
23.540
24.000
24.450
24.900
25.350
25.800
26.250
26.710
27.160
27.620
28.070
28.520
28.980
29.440
29.890
30.350
30.810
31.270
31.730
32.210
32.680
33.140
33.600
34.070
34.510
34.970
35.430
35.870
36.310
36.770
37.230
37.680
38.130
38.590
39.050
39.500
39.950
40.400
40.850
41.310
41.760
42.230
42.690
43.130
43.580
44.030
44.480
44.930
45.380
45.840
46.290
46.750
47.230
47.690
48.150
48.610
49.050
49.520
49.970
50.410
50.850
51.320
51.760
52.210
52.670
53.130
53.580
54.040
54.510
54.950
55.420
55.880
56.330
56.780
57.220
57.670
58.120
58.570
59.020
59.470
59.930
60.390
60.850
61.290
61.770
62.220
62.680
63.130
63.590
64.040
64.490
64.940
65.380
65.840
66.290
66.750
67.190
67.650
68.110
68.560
69.000
69.450
69.900
70.350
70.800
71.250
71.690
72.130
72.580
73.030
73.460
73.920
74.380
74.830
75.290
75.760
76.240
76.710
77.150
77.610
78.070
78.520
78.970
79.420
79.860
80.320
80.770
81.220
81.680
82.130
82.590
83.030
83.480
83.930
84.380
84.840
85.290
85.740
86.200
86.640
87.100
87.550
88.000
88.450
88.900
89.330
89.760
90.220
90.670
91.130
91.590
92.040
92.490
92.950
93.420
93.860
94.310
94.750
95.180
95.620
96.070
96.510
96.960
97.400
97.850
98.300
98.750
99.180
99.620
100.070
100.520
100.950
101.390
101.810
102.250
102.700
103.160
103.600
104.030
104.480
104.930
105.370
105.790
106.240
106.690
107.120
107.550
107.970
108.410
108.830
109.250
109.680
110.120
110.560
111.010
111.450
111.900
112.340
112.780
113.230
113.670
114.110
114.560
114.990
115.430
115.880
116.320
116.770
117.230
117.670
118.110
118.560
119.020
119.470
119.910
120.370
120.820
121.260
121.700
122.150
122.600
123.040
123.490
123.950
124.410
124.860
125.320
125.770
126.220
126.670
127.120
127.560
128.010
128.450
128.900
129.340
129.790
130.230
130.680
131.130
131.580
132.020
132.460
132.920
133.370
133.830
134.280
134.750
135.200
135.650
136.100
136.540
137.010
137.440
137.870
138.320
138.740
139.200
139.640
140.110
140.560
140.990
141.450
141.890
142.350
142.800
143.260
143.710
144.150
144.600
145.060
145.500
145.960
146.410
146.860
147.310
147.760
148.200
148.640
149.090
149.550
150.000
150.440
150.900
151.340
151.790
152.240
152.690
153.140
153.590
154.030
154.470
154.920
155.370
155.810
156.260
156.720
157.170
157.620
158.070
158.510
158.960
159.420
159.870
160.310
160.770
161.230
161.670
162.120
162.570
163.010
163.440
163.890
164.340
164.800
165.240
165.690
166.120
166.550
166.990
167.420
167.870
168.320
168.770
169.210
169.670
170.120
170.550
170.990
171.440
171.890
172.340
172.800
173.240
173.680
174.140
174.590
175.040
175.480
175.930
176.390
176.840
177.310
177.760
178.220
178.660
179.120
179.560
180.010
180.460
180.910
181.370
181.820
182.280
182.750
183.210
183.660
184.110
184.550
185.000
185.460
185.910
186.350
186.820
187.270
187.720
188.160
188.600
189.060
189.520
189.970
190.430
190.890
191.360
191.800
192.260
192.720
193.160
193.620
194.070
194.520
194.960
195.420
195.880
196.330
196.790
197.250
197.700
198.150
198.600
199.050
199.500
199.950
200.400
200.860
201.300
201.750
202.200
202.650
203.090
203.550
204.020
204.470
204.920
205.360
205.820
206.270
206.730
207.190
207.630
208.070
208.530
208.980
209.420
209.870
210.320
210.760
211.220
211.680
212.140
212.590
213.050
213.490
213.930
214.390
214.830
215.280
215.730
216.180
216.620
217.070
217.530
217.980
218.410
218.860
219.320
219.770
220.210
220.690
221.150
221.590
222.030
222.490
222.930
223.370
223.840
224.290
224.750
225.200
225.660
226.110
226.560
227.020
227.460
227.920
228.360
228.810
229.250
229.710
230.150
230.600
231.060
231.500
231.950
232.400
232.850
233.300
233.750
234.210
234.660
235.110
235.580
236.030
236.480
236.930
237.370
237.830
238.260
238.710
239.170
239.600
240.070
240.520
240.970
241.410
241.870
242.320
242.770
243.210
243.670
244.120
244.560
245.020
245.470
245.910
246.360
246.810
247.260
247.720
248.170
248.640
249.080
249.550
250.000
250.460
250.910
251.370
251.800
252.250
252.680
253.140
253.570
254.040
254.490
254.930
255.380
255.840
256.280
256.720
257.180
257.640
258.070
258.520
258.970
259.410
259.870
260.330
260.770
261.210
261.670
262.110
262.580
263.030
263.500
263.960
264.400
264.860
265.300
265.760
266.220
266.680
267.130
267.590
268.050
268.500
268.950
269.400
269.850
270.310
270.750
271.220
271.670
272.130
272.580
273.040
273.460
273.910
274.360
274.800
275.270
275.720
276.170
276.630
277.100
277.550
278.000
278.480
278.930
279.380
279.830
280.280
280.720
281.180
281.620
282.060
282.530
282.970
283.430
283.890
284.330
284.780
285.240
285.690
286.140
286.600
287.050
287.490
287.940
288.390
288.840
289.290
289.740
290.180
290.660
291.110
291.570
292.030
292.490
292.950
293.420
293.870
294.310
294.760
295.200
295.650
296.100
296.560
297.020
297.480
297.940
298.390
298.850
299.300
299.750
300.200
300.650
301.100
301.550
302.020
302.470
302.930
303.370
303.820
304.270
304.730
305.170
305.640
306.090
306.540
307.020
307.480
307.950
308.410
308.870
309.340
309.780
310.240
310.680
311.140
311.600
312.060
312.500
312.960
313.390
313.850
314.300
314.750
315.200
315.640
316.100
316.550
317.000
317.450
317.900
318.350
318.790
319.240
319.670
320.110
320.560
321.000
321.470
321.940
322.380
322.850
323.310
323.760
324.220
324.700
325.160
325.640
326.110
326.580
327.050
327.500
327.980
328.440
328.930
329.380
329.870
330.320
330.810
331.280
331.740
332.220
332.670
333.140
333.610
334.080
334.570
335.040
335.500
335.980
