0.030
0.450
0.840
1.250
1.630
2.030
2.430
2.830
3.250
3.650
4.020
4.370
4.700
5.070
5.420
5.760
6.100
6.430
6.770
7.130
7.450
7.800
8.150
8.470
8.810
9.160
9.530
9.860
10.210
10.560
10.930
11.280
11.620
11.960
12.330
12.690
13.050
13.410
13.770
14.120
14.480
14.840
15.190
15.550
15.910
16.290
16.610
16.960
17.300
17.640
17.980
18.320
18.650
18.990
19.340
19.680
20.010
20.380
20.720
21.070
21.400
21.760
22.080
22.420
22.750
23.080
23.400
23.740
24.080
24.420
24.740
25.090
25.410
25.740
26.060
26.400
26.730
27.060
27.410
27.750
28.090
28.420
28.770
29.100
29.410
29.760
30.080
30.420
30.730
31.080
31.390
31.720
32.060
32.370
32.700
33.020
33.340
33.670
34.000
34.330
34.650
34.970
35.310
35.630
35.970
36.290
36.600
36.940
37.260
37.590
37.910
38.250
38.580
38.910
39.240
39.560
39.890
40.230
40.550
40.900
41.220
41.530
41.860
42.170
42.490
42.840
43.160
43.480
43.820
44.160
44.470
44.800
45.150
45.470
45.800
46.120
46.460
46.820
47.150
47.490
47.830
48.150
48.450
48.770
49.070
49.390
49.710
50.040
50.380
50.710
51.020
51.350
51.680
52.030
52.340
52.670
52.980
53.300
53.620
53.950
54.270
54.580
54.910
55.230
55.550
55.870
56.190
56.520
56.840
57.180
57.490
57.810
58.130
58.450
58.780
59.100
59.410
59.730
60.060
60.400
60.720
61.030
61.350
61.680
61.990
62.320
62.640
62.960
63.280
63.600
63.920
64.240
64.560
64.890
65.210
65.540
65.850
66.180
66.490
66.820
67.130
67.460
67.780
68.100
68.430
68.750
69.080
69.410
69.720
70.040
70.360
70.680
71.010
71.320
71.620
71.940
72.240
72.560
72.870
73.190
73.520
73.840
74.170
74.490
74.820
75.150
75.470
75.790
76.110
76.430
76.750
77.070
77.380
77.710
78.010
78.330
78.630
78.940
79.270
79.590
79.900
80.230
80.540
80.860
81.170
81.480
81.790
82.120
82.430
82.760
83.080
83.400
83.710
84.020
84.320
84.650
84.960
85.280
85.600
85.920
86.230
86.550
86.850
87.170
87.480
87.800
88.120
88.440
88.750
89.070
89.390
89.720
90.030
90.350
90.670
90.990
91.320
91.640
91.960
92.280
92.590
92.910
93.210
93.530
93.840
94.150
94.460
94.760
95.070
95.400
95.710
96.040
96.350
96.670
96.980
97.300
97.600
97.920
98.220
98.530
98.850
99.160
99.470
99.800
100.110
100.440
100.760
101.070
101.380
101.700
102.010
102.330
102.650
102.970
103.280
103.590
103.910
104.210
104.530
104.850
105.160
105.490
105.800
106.120
106.430
106.740
107.060
107.370
107.690
108.010
108.320
108.650
108.970
109.280
109.610
109.920
110.240
110.560
110.900
111.220
111.550
111.860
112.190
112.500
112.830
113.150
113.460
113.790
114.100
114.420
114.730
115.030
115.340
115.660
115.980
116.300
116.620
116.940
117.270
117.590
117.910
118.230
118.550
118.870
119.180
119.510
119.830
120.150
120.460
120.780
121.100
121.420
121.750
122.060
122.370
122.680
122.990
123.290
123.600
123.910
124.230
124.540
124.840
125.170
125.490
125.810
126.120
126.430
126.750
127.070
127.380
127.700
128.020
128.340
128.670
128.990
129.300
129.630
129.950
130.270
130.580
130.900
131.220
131.550
131.870
132.180
132.500
132.820
133.140
133.460
133.780
134.090
134.390
134.700
134.990
135.300
135.590
135.900
136.220
136.550
136.860
137.190
137.500
137.840
138.160
138.500
138.810
139.150
139.480
139.800
140.120
140.440
140.760
141.090
141.400
141.720
142.040
142.360
142.680
142.990
143.300
143.620
143.930
144.240
144.550
144.870
145.190
145.520
145.840
146.160
146.480
146.800
147.110
147.440
147.750
148.070
148.390
148.720
149.030
149.350
149.670
150.000
150.310
150.630
150.950
151.280
151.600
151.920
152.240
152.550
152.860
153.170
153.480
153.780
154.100
154.410
154.710
155.020
155.330
155.640
155.960
156.280
156.600
156.920
157.230
157.550
157.860
158.170
158.490
158.800
159.120
159.440
159.760
160.080
160.410
160.730
161.040
161.370
161.680
162.000
162.320
162.630
162.940
163.260
163.570
163.880
164.180
164.500
164.820
165.130
165.450
165.770
166.090
166.410
166.710
167.020
167.330
167.650
167.970
168.290
168.600
168.930
169.250
169.560
169.870
170.190
170.500
170.830
171.150
171.460
171.790
172.100
172.400
172.710
173.030
173.350
173.670
173.990
174.300
174.630
174.950
175.270
175.590
175.900
176.220
176.550
176.860
177.190
177.500
177.810
178.110
178.430
178.750
179.070
179.390
179.690
180.000
180.320
180.620
180.930
181.260
181.580
181.890
182.220
182.520
182.830
183.150
183.460
183.780
184.100
184.420
184.750
185.070
185.390
185.710
186.020
186.340
186.660
186.970
187.280
187.600
187.930
188.250
188.560
188.890
189.210
189.520
189.850
190.170
190.490
190.800
191.120
191.440
191.760
192.080
192.400
192.720
193.050
193.370
193.690
194.000
194.320
194.650
194.960
195.280
195.590
195.900
196.220
196.530
196.850
197.170
197.490
197.810
198.130
198.440
198.760
199.090
199.410
199.730
200.050
200.370
200.690
201.010
201.330
201.650
201.960
202.280
202.600
202.920
203.250
203.560
203.860
204.170
204.490
204.810
205.120
205.440
205.770
206.080
206.410
206.730
207.040
207.360
207.680
208.000
208.320
208.640
208.960
209.290
209.600
209.930
210.240
210.560
210.880
211.210
211.560
211.880
212.200
212.530
212.850
213.160
213.480
213.800
214.120
214.450
214.760
215.080
215.400
215.730
216.050
216.370
216.700
217.020
217.350
217.670
218.000
218.320
218.650
218.960
219.290
219.610
219.920
220.250
220.570
220.890
221.210
221.530
221.850
222.180
222.500
222.820
223.160
223.480
223.810
224.140
224.490
224.820
225.150
225.460
225.790
226.100
226.420
226.730
227.040
227.360
227.660
227.970
228.280
228.600
228.900
229.220
229.530
229.850
230.170
230.480
230.790
231.100
231.410
231.720
232.030
232.350
232.660
232.960
233.270
233.590
233.900
234.210
234.510
234.830
235.130
235.440
235.770
236.090
236.400
236.710
237.030
237.340
237.650
237.970
238.290
238.620
238.940
239.250
239.590
239.920
240.250
240.590
240.900
241.220
241.540
241.880
242.200
242.520
242.850
243.170
243.490
243.810
244.130
244.480
244.880
245.290
245.710
246.190
246.680
247.260
248.000
248.730
249.480
250.260
251.020
251.830
252.660
253.450
254.240
255.030
255.770
256.540
257.350
258.090
258.850
259.610
260.420
261.210
261.970
262.720
263.500
264.290
265.040
265.800
266.520
267.230
267.980
268.760
269.660
270.510
271.320
272.200
273.180
274.120
275.020
275.980
276.860
277.800
278.710
279.680
280.530
281.350
282.110
282.950
283.750
284.520
285.310
286.150
286.930
287.800
288.590
289.450
290.290
291.140
291.910
292.740
293.500
294.310
295.110
295.940
296.740
297.540
298.330
299.170
299.960
300.800
301.600
302.340
303.130
303.900
304.720
305.490
306.240
307.030
307.810
308.620
309.440
310.240
311.030
311.830
312.600
313.350
314.170
314.910
315.720
316.490
317.290
318.120
318.880
319.720
320.450
321.260
321.980
322.750
323.540
324.280
325.060
325.900
326.760
327.570
328.400
329.270
330.080
330.910
331.820
332.720
333.620
334.490
335.360
336.290
337.150
338.040
338.990
339.920
340.820
