0.240
1.390
2.480
3.540
4.610
5.720
6.820
7.900
9.010
10.030
11.160
12.250
13.300
14.450
15.470
16.540
17.660
18.680
19.790
20.880
21.980
23.060
24.170
25.210
26.310
27.400
28.310
29.190
30.060
30.970
31.880
32.740
33.460
34.110
34.790
35.500
36.180
36.820
37.530
38.240
38.940
39.650
40.390
41.160
41.880
42.470
43.030
43.620
44.170
44.740
45.330
45.880
46.480
47.050
47.600
48.160
48.770
49.350
49.900
50.490
51.070
51.640
52.210
52.770
53.360
53.900
54.480
55.090
55.640
56.250
56.800
57.390
58.050
58.740
59.390
60.000
60.670
61.250
61.860
62.490
63.070
63.690
64.260
64.820
65.410
65.960
66.520
67.060
67.650
68.190
68.720
69.290
69.860
70.410
71.060
71.670
72.300
73.010
73.690
74.250
74.870
75.450
76.020
76.640
77.200
77.780
78.340
78.890
79.460
80.040
80.630
81.180
81.720
82.270
82.810
83.400
83.950
84.490
85.070
85.630
86.220
86.800
87.370
87.940
88.470
89.010
89.530
90.080
90.660
91.180
91.740
92.280
92.840
93.440
94.010
94.560
95.150
95.700
96.260
96.860
97.430
98.000
98.540
99.140
99.710
100.240
100.820
101.360
101.930
102.470
103.050
103.600
104.130
104.670
105.230
105.800
106.380
106.960
107.500
108.070
108.730
109.390
110.030
110.680
111.350
112.080
112.780
113.470
114.150
114.870
115.630
116.330
117.090
117.850
118.530
119.090
119.690
120.270
120.850
121.370
121.920
122.500
123.030
123.580
124.120
124.700
125.220
125.800
126.340
126.880
127.450
128.000
128.540
129.090
129.600
130.140
130.710
131.220
131.810
132.390
132.950
133.530
134.120
134.700
135.280
135.840
136.400
136.980
137.540
138.080
138.640
139.170
139.700
140.250
140.850
141.440
142.010
142.570
143.150
143.760
144.290
144.860
145.440
145.970
146.520
147.070
147.650
148.200
148.750
149.320
149.860
150.450
151.000
151.540
152.070
152.590
153.150
153.690
154.270
154.810
155.340
155.930
156.490
157.010
157.520
158.050
158.550
159.080
159.650
160.180
160.720
161.250
161.820
162.420
162.970
163.550
164.100
164.700
165.240
165.800
166.330
166.890
167.450
168.020
168.590
169.140
169.750
170.320
170.890
171.450
172.020
172.630
173.200
173.760
174.350
174.910
175.460
176.020
176.590
177.120
177.670
178.220
178.760
179.330
179.860
180.440
180.980
181.530
182.060
182.620
183.190
183.720
184.270
184.820
185.360
185.880
186.410
187.000
187.540
188.120
188.680
189.250
189.800
190.390
190.960
191.540
192.110
192.650
193.230
193.830
194.410
194.960
195.550
196.120
196.670
197.240
197.770
198.320
198.900
199.410
199.960
200.490
201.050
201.600
202.130
202.620
203.130
203.640
204.210
204.800
205.350
205.920
206.520
207.100
207.640
208.210
208.810
209.360
209.910
210.470
211.000
211.570
212.120
212.650
213.210
213.800
214.360
214.890
215.460
215.980
216.560
217.090
217.650
218.180
218.740
219.270
219.800
220.340
220.900
221.430
221.960
222.520
223.110
223.670
224.200
224.730
225.260
225.820
226.360
226.920
227.450
228.000
228.550
229.110
229.660
230.200
230.750
231.280
231.810
232.320
232.860
233.440
234.030
234.600
235.120
235.650
236.220
236.740
237.270
237.790
238.340
238.850
239.390
239.940
240.460
241.040
241.600
242.200
242.760
243.320
243.900
244.450
244.960
245.490
246.040
246.580
247.110
247.650
248.190
248.730
249.290
249.810
250.350
250.900
251.480
252.020
252.560
253.130
253.670
254.180
254.750
255.240
255.790
256.310
256.800
257.350
257.880
258.410
258.950
259.450
260.000
260.540
261.050
261.570
262.110
262.660
263.200
263.780
264.330
264.870
265.510
266.110
266.760
267.400
268.000
268.640
269.290
269.890
270.460
271.020
271.560
272.110
272.640
273.180
273.710
274.280
274.810
275.330
275.870
276.410
276.970
277.520
278.030
278.570
279.130
279.680
280.190
280.740
281.240
281.770
282.320
282.830
283.390
283.920
284.440
284.950
285.500
286.030
286.550
287.060
287.580
288.110
288.650
289.190
289.690
290.250
290.750
291.310
291.850
292.360
292.900
293.470
294.000
294.530
295.080
295.600
296.140
296.700
297.240
297.760
298.320
298.840
299.360
299.860
300.420
300.960
301.540
302.080
302.620
303.160
303.740
304.260
304.790
305.350
305.860
306.410
306.920
307.480
308.070
308.620
309.160
309.690
310.200
310.730
311.270
311.830
312.370
312.890
313.440
313.960
314.540
315.070
315.610
316.190
316.720
317.250
317.810
318.330
318.860
319.420
319.940
320.480
321.020
321.570
322.130
322.670
323.210
323.750
324.270
324.830
325.360
325.890
326.440
326.990
327.520
328.030
328.550
329.110
329.640
330.180
330.730
331.260
331.780
332.350
332.860
333.400
333.950
334.510
335.020
335.570
336.100
336.650
337.160
337.700
338.230
338.800
339.340
339.890
340.410
340.960
341.490
342.030
342.590
343.150
343.690
344.230
344.770
345.310
345.860
346.410
346.960
347.500
348.070
348.620
349.140
349.720
350.250
350.800
351.300
351.820
352.350
352.880
353.420
353.970
354.520
355.030
355.570
356.130
356.670
357.220
357.760
358.310
358.850
359.390
359.920
360.470
361.030
361.560
362.090
362.640
363.190
363.750
364.280
364.860
365.380
365.930
366.510
367.050
367.610
368.140
368.690
369.230
369.810
370.360
370.890
371.430
371.970
372.530
373.090
373.620
374.170
374.740
375.280
375.820
376.350
376.890
377.450
378.000
378.540
379.070
379.610
380.150
380.670
381.240
381.750
382.310
382.860
383.380
383.920
384.460
384.990
385.510
386.060
386.580
387.150
387.670
388.230
388.790
389.310
389.870
390.440
390.960
391.530
392.080
392.590
393.160
393.670
394.230
394.770
395.280
395.820
396.350
396.880
397.440
397.970
398.500
399.030
399.580
400.140
400.650
401.220
401.750
402.300
402.820
403.360
403.920
404.450
404.950
405.500
406.040
406.560
407.130
407.650
408.180
408.740
409.260
409.830
410.390
410.920
411.490
412.010
412.570
413.110
413.680
414.220
414.810
415.370
415.910
416.490
417.030
417.680
418.330
419.030
419.710
420.380
421.030
421.720
422.540
423.300
424.130
424.880
425.760
426.690
427.560
428.470
429.550
430.670
431.780
432.790
433.760
434.680
435.580
436.470
437.440
438.360
439.250
440.180
441.180
442.100
443.100
443.980
444.880
445.760
446.700
447.620
448.650
449.650
450.620
451.600
452.630
453.690
454.660
455.670
456.750
457.730
458.790
459.790
460.830
461.920
462.920
464.010
464.970
466.050
467.020
468.020
469.130
470.160
471.260
472.280
473.400
474.400
475.440
476.520
477.450
478.500
479.470
480.450
481.530
482.550
483.510
484.520
485.460
486.550
487.560
488.630
489.550
490.490
491.410
492.340
493.240
494.140
495.070
495.940
496.870
497.750
498.650
499.570
500.370
501.270
502.120
502.960
503.860
504.770
505.660
506.600
507.540
508.520
509.450
510.400
511.300
512.230
513.100
514.100
515.010
515.970
516.950
517.930
518.890
519.830
520.910
522.060
523.130
524.190
525.260
526.380
527.430
528.570
529.650
530.660
531.740
532.770
533.710
534.670
535.650
536.630
537.600
