0.370
0.970
1.540
2.160
2.770
3.350
3.990
4.650
5.300
5.980
6.640
7.310
7.930
8.590
9.290
9.960
10.670
11.360
12.030
12.730
13.420
14.070
14.720
15.420
16.050
16.740
17.360
18.050
18.680
19.350
20.060
20.690
21.380
22.050
22.730
23.440
24.190
24.970
25.680
26.310
27.000
27.670
28.330
29.050
29.720
30.390
31.090
31.790
32.480
33.150
33.850
34.540
35.230
35.910
36.570
37.260
37.910
38.590
39.270
39.920
40.590
41.260
41.960
42.670
43.350
44.030
44.680
45.330
46.010
46.710
47.370
48.030
48.720
49.350
50.030
50.690
51.390
52.010
52.670
53.360
54.030
54.730
55.420
56.110
56.770
57.440
58.070
58.750
59.390
60.080
60.770
61.470
62.130
62.780
63.430
64.080
64.800
65.460
66.170
66.860
67.570
68.250
68.890
69.570
70.290
70.960
71.610
72.260
72.910
73.570
74.290
74.940
75.620
76.300
76.980
77.660
78.440
79.320
80.120
80.990
81.750
82.570
83.380
84.130
84.890
85.770
86.680
87.540
88.340
89.200
90.060
90.980
91.840
92.670
93.530
94.420
95.280
96.170
97.080
97.980
98.830
99.780
100.650
101.480
102.340
103.200
104.110
104.930
105.830
106.640
107.580
108.490
109.330
110.230
111.110
111.960
112.880
113.730
114.630
115.460
116.370
117.190
118.070
118.940
119.790
120.610
121.480
122.380
123.230
124.070
124.920
125.780
126.690
127.660
128.550
129.470
130.430
131.290
132.190
133.010
133.800
134.650
135.460
136.270
137.080
137.840
138.730
139.630
140.550
141.430
142.220
143.050
143.890
144.730
145.660
146.540
147.400
148.330
149.150
149.980
150.770
151.490
152.250
152.980
153.630
154.250
154.880
155.500
156.170
156.840
157.620
158.360
159.090
159.700
160.330
160.940
161.570
162.200
162.820
163.440
164.050
164.650
165.280
165.890
166.490
167.100
167.690
168.290
168.890
169.460
170.070
170.670
171.280
171.890
172.510
173.130
173.700
174.280
174.890
175.460
176.070
176.690
177.320
177.900
178.540
179.100
179.690
180.310
180.900
181.450
181.990
182.560
183.120
183.670
184.260
184.820
185.400
186.020
186.610
187.200
187.770
188.330
188.900
189.480
190.030
190.600
191.170
191.730
192.330
192.890
193.440
194.020
194.570
195.150
195.700
196.250
196.810
197.360
197.940
198.510
199.060
199.600
200.170
200.700
201.260
201.800
202.360
202.920
203.460
204.030
204.610
205.150
205.660
206.210
206.770
207.310
207.840
208.360
208.920
209.470
210.010
210.540
211.090
211.660
212.210
212.740
213.310
213.870
214.450
215.000
215.550
216.140
216.700
217.230
217.780
218.310
218.870
219.390
219.920
220.470
221.010
221.590
222.140
222.640
223.180
223.710
224.250
224.760
225.310
225.790
226.250
226.690
227.150
227.670
228.190
228.700
229.240
229.750
230.260
230.790
231.290
231.800
232.290
232.830
233.310
233.860
234.360
234.870
235.460
236.020
236.630
237.240
237.770
238.320
238.830
239.370
239.930
240.430
240.980
241.500
242.040
242.570
243.070
243.580
244.110
244.650
245.160
245.690
246.210
246.760
247.290
247.790
248.310
248.840
249.390
249.910
250.460
251.010
251.530
252.050
252.570
253.100
253.640
254.180
254.710
255.220
255.750
256.270
256.790
257.330
257.880
258.390
258.930
259.460
260.000
260.520
261.030
261.560
262.110
262.650
263.190
263.720
264.250
264.760
265.320
265.840
266.360
266.910
267.410
267.970
268.470
269.030
269.550
270.110
270.570
271.070
271.530
272.040
272.510
273.030
273.520
273.980
274.480
274.990
275.510
276.050
276.590
277.100
277.630
278.120
278.640
279.180
279.710
280.240
280.790
281.340
281.850
282.400
282.940
283.500
283.990
284.490
285.030
285.590
286.150
286.700
287.250
287.830
288.420
288.990
289.540
290.140
290.710
291.290
291.880
292.550
293.160
293.820
294.590
295.410
296.210
296.980
297.790
298.590
299.420
300.210
301.040
301.750
302.410
303.060
303.710
304.370
304.990
305.650
306.270
306.900
307.540
308.200
308.840
309.460
310.040
310.680
311.260
311.850
312.480
313.070
313.640
314.220
314.830
315.410
316.000
316.630
317.210
317.820
318.420
318.980
319.510
320.100
320.630
321.210
321.780
322.360
322.960
323.550
324.110
324.690
325.280
325.890
326.480
327.050
327.670
328.220
328.810
329.410
329.990
330.560
331.160
331.750
332.350
332.920
333.540
334.090
334.690
335.260
335.850
336.430
336.990
337.600
338.190
338.760
339.400
340.070
340.700
341.350
341.910
342.510
343.080
343.650
344.240
344.850
345.420
346.020
346.650
347.310
347.960
348.590
349.230
349.950
350.610
351.400
352.150
352.920
353.690
354.500
355.260
356.030
356.780
357.540
358.310
359.120
359.850
360.630
361.400
362.180
362.990
363.770
364.520
365.300
366.080
366.890
