0.610
1.470
2.390
3.300
4.070
4.900
5.720
6.510
7.310
8.100
8.910
9.730
10.520
11.320
12.100
12.880
13.700
14.480
15.260
16.090
16.880
17.680
18.480
19.290
20.080
20.860
21.660
22.470
23.280
24.080
24.880
25.690
26.480
27.250
28.030
28.830
29.640
30.410
31.200
32.010
32.780
33.570
34.350
35.150
35.950
36.740
37.510
38.300
39.090
39.880
40.630
41.440
42.230
43.000
43.750
44.560
45.340
46.090
46.860
47.660
48.450
49.210
49.960
50.720
51.400
51.880
52.270
52.690
53.080
53.490
53.890
54.290
54.690
55.100
55.500
55.890
56.290
56.690
57.090
57.500
57.920
58.310
58.720
59.130
59.560
59.970
60.370
60.740
61.150
61.540
61.930
62.310
62.700
63.100
63.500
63.900
64.310
64.710
65.110
65.520
65.930
66.340
66.740
67.140
67.550
67.960
68.390
68.780
69.180
69.570
69.970
70.360
70.760
71.150
71.570
71.970
72.380
72.800
73.200
73.610
73.990
74.400
74.790
75.190
75.600
76.000
76.410
76.830
77.230
77.630
78.030
78.420
78.830
79.260
79.660
80.060
80.460
80.860
81.270
81.670
82.090
82.480
82.900
83.310
83.710
84.110
84.510
84.920
85.340
85.760
86.160
86.560
86.940
87.340
87.750
88.140
88.560
88.960
89.360
89.740
90.150
90.550
90.980
91.390
91.780
92.190
92.610
93.020
93.430
93.840
94.230
94.630
95.040
95.430
95.840
96.250
96.660
97.060
97.470
97.870
98.260
98.660
99.080
99.500
99.900
100.290
100.700
101.100
101.500
101.870
102.260
102.650
103.070
103.450
103.870
104.270
104.670
105.060
105.470
105.870
106.270
106.670
107.060
107.460
107.890
108.290
108.710
109.120
109.510
109.900
110.300
110.720
111.120
111.520
111.940
112.340
112.760
113.160
113.580
113.980
114.390
114.770
115.170
115.590
115.980
116.380
116.780
117.190
117.590
118.000
118.420
118.830
119.240
119.640
120.050
120.460
120.870
121.270
121.680
122.080
122.480
122.890
123.300
123.710
124.140
124.550
124.950
125.350
125.740
126.140
126.550
126.950
127.330
127.730
128.150
128.550
128.960
129.360
129.790
130.210
130.620
131.030
131.460
131.880
132.290
132.700
133.110
133.500
133.920
134.320
134.750
135.150
135.560
135.950
136.360
136.760
137.190
137.580
137.990
138.410
138.830
139.240
139.640
140.040
140.430
140.830
141.240
141.620
142.050
142.450
142.860
143.280
143.680
144.090
144.500
144.900
145.320
145.740
146.150
146.560
146.970
147.370
147.780
148.200
148.600
149.010
149.410
149.820
150.230
150.640
151.050
151.470
151.890
152.300
152.700
153.100
153.490
153.900
154.290
154.690
155.090
155.480
155.880
156.300
156.700
157.080
157.490
157.880
158.290
158.700
159.100
159.500
159.910
160.320
160.730
161.150
161.560
161.960
162.360
162.790
163.180
163.590
164.000
164.430
164.830
165.240
165.650
166.090
166.510
166.920
167.330
167.740
168.150
168.550
168.950
169.360
169.770
170.200
170.590
171.020
171.430
171.820
172.240
172.640
173.020
173.430
173.850
174.270
174.680
175.070
175.480
175.910
176.310
176.720
177.120
177.520
177.910
178.310
178.710
179.120
179.510
179.910
180.340
180.740
181.140
181.540
181.950
182.340
182.730
183.150
183.550
183.960
184.370
184.780
185.200
185.590
186.010
186.410
186.830
187.230
187.630
188.020
188.410
188.810
189.230
189.620
190.040
190.430
190.840
191.260
191.670
192.060
192.470
192.860
193.270
193.670
194.080
194.470
194.860
195.280
195.670
196.080
196.480
196.880
197.280
197.700
198.110
198.500
198.910
199.310
199.700
200.100
200.500
200.900
201.300
201.690
202.080
202.480
202.880
203.280
203.680
204.080
204.470
204.870
205.280
205.660
206.070
206.470
206.880
207.280
207.680
208.080
208.480
208.870
209.270
209.660
210.080
210.470
210.870
211.260
211.660
212.090
212.480
212.890
213.320
213.700
214.100
214.500
214.920
215.320
215.710
216.120
216.520
216.920
217.310
217.700
218.110
218.510
218.900
219.310
219.720
220.100
220.510
220.930
221.320
221.730
222.160
222.570
222.950
223.350
223.750
224.160
224.550
224.950
225.370
225.760
226.160
226.560
226.960
227.370
227.770
228.160
228.550
228.960
229.380
229.770
230.200
230.590
231.020
231.410
231.810
232.200
232.600
233.010
233.420
233.820
234.200
234.610
235.000
235.400
235.810
236.210
236.620
237.020
237.420
237.820
238.200
238.610
239.000
239.420
239.820
240.210
240.600
241.010
241.420
241.800
242.220
242.610
243.000
243.400
243.820
244.200
244.620
245.020
245.400
245.800
246.220
246.620
247.020
247.400
247.800
248.210
248.600
249.020
249.400
249.810
250.210
250.620
251.020
251.400
251.820
252.220
252.620
253.000
253.420
253.800
254.220
254.620
255.000
255.400
255.800
256.230
256.620
257.050
257.460
257.860
258.260
258.680
259.090
259.490
259.910
260.300
260.700
261.110
261.510
261.900
262.310
262.700
263.110
263.500
263.910
264.310
264.720
265.100
265.500
265.900
266.310
266.710
267.110
267.510
267.920
268.320
268.700
269.120
269.530
269.930
270.320
270.720
271.130
271.530
271.940
272.340
272.740
273.130
273.530
273.930
274.350
274.750
275.150
275.560
275.960
276.370
276.760
277.170
277.560
277.960
278.350
278.760
279.160
279.560
279.970
280.370
280.770
281.170
281.570
281.980
282.390
282.790
283.190
283.590
283.980
284.380
284.790
285.200
285.600
286.000
286.400
286.790
287.200
287.600
288.000
288.400
288.790
289.190
289.590
289.990
290.410
290.820
291.210
291.620
292.020
292.420
292.830
293.230
293.630
294.030
294.440
294.840
295.240
295.620
296.000
296.410
296.780
297.170
297.560
297.950
298.350
298.740
299.140
299.540
299.950
300.350
300.740
301.140
301.540
301.920
302.310
302.720
303.110
303.490
303.880
304.290
304.690
305.090
305.490
305.890
306.300
306.700
307.110
307.510
307.920
308.310
308.720
309.110
309.530
309.930
310.330
310.720
311.130
311.530
311.940
312.350
312.750
313.150
313.560
313.950
314.360
314.760
315.170
315.570
315.960
316.360
316.760
317.160
317.570
317.950
318.350
318.760
319.170
319.570
319.970
320.370
320.780
321.180
321.600
322.010
322.420
322.810
323.210
323.620
324.010
324.410
324.800
325.220
325.610
326.020
326.440
326.840
327.240
327.640
328.050
328.450
328.870
329.280
329.690
330.100
330.480
330.880
331.290
331.690
332.100
332.500
332.900
333.290
333.700
334.100
334.510
334.920
335.320
335.730
336.140
336.550
336.960
337.360
337.760
338.160
338.560
338.970
339.380
339.790
340.180
340.570
340.970
341.370
341.780
342.190
342.580
342.980
343.380
343.770
344.190
344.590
344.980
345.380
345.790
346.190
346.580
346.970
347.370
347.770
348.160
348.560
348.960
349.360
349.760
350.160
350.570
350.970
351.380
351.790
352.190
352.590
352.990
353.370
353.770
354.170
354.560
354.960
355.370
355.770
356.170
356.570
356.970
357.380
357.790
358.190
358.610
359.010
359.410
359.800
360.220
360.630
361.030
361.430
361.830
362.240
362.650
363.040
363.460
363.880
364.290
364.680
365.100
365.510
365.910
366.300
366.700
367.100
367.520
367.920
368.330
368.750
369.150
369.550
369.960
370.370
370.780
371.210
371.620
372.020
372.410
372.810
373.200
373.610
374.030
374.430
374.840
375.250
375.660
376.070
376.470
376.880
377.310
377.720
378.130
378.530
378.950
379.350
379.760
380.180
380.570
380.960
381.330
381.730
382.120
382.510
382.910
383.320
383.720
384.120
384.530
384.930
385.340
385.730
386.140
386.530
386.940
387.340
387.750
388.150
388.550
388.960
389.360
389.770
390.170
390.590
390.990
391.380
391.790
392.190
392.600
393.000
393.400
393.810
394.220
394.620
395.010
395.400
395.810
396.220
396.600
397.000
397.410
397.820
398.220
398.620
399.020
399.420
399.830
400.230
400.660
401.060
401.440
401.840
402.260
402.660
403.070
403.480
403.890
404.310
404.700
405.110
405.530
405.930
406.340
406.760
407.160
407.570
407.980
408.380
408.770
409.170
409.590
409.990
410.400
410.820
411.220
411.620
412.020
412.420
412.840
413.230
413.650
414.070
414.450
414.850
415.270
415.670
416.090
416.490
416.900
417.310
417.720
418.120
418.530
418.930
419.350
419.730
420.140
420.540
420.950
421.330
421.750
422.170
422.570
422.970
423.380
423.770
424.180
424.570
424.980
425.390
425.790
426.190
426.600
427.010
427.420
427.810
428.220
428.640
429.050
429.460
429.880
430.270
430.670
431.060
431.480
431.860
432.270
432.660
433.090
433.500
433.900
434.300
434.710
435.120
435.530
435.960
436.370
436.750
437.140
437.530
437.930
438.330
438.730
439.120
439.550
439.950
440.360
440.770
441.180
441.590
442.000
442.440
442.860
443.260
443.670
444.060
444.460
444.860
445.260
445.660
446.070
446.470
446.870
447.270
447.670
448.080
448.490
448.880
449.290
449.700
450.110
450.510
450.910
451.330
451.730
452.140
452.550
452.960
453.370
453.760
454.180
454.590
454.990
455.400
455.810
456.240
456.640
457.030
457.430
457.840
458.240
458.630
459.050
459.450
459.860
460.260
460.660
461.080
461.500
461.890
462.300
462.710
463.120
463.530
463.940
464.340
464.740
465.140
465.540
465.950
466.360
466.770
467.170
467.590
467.990
468.400
468.810
469.220
469.630
470.030
470.430
470.830
471.240
471.650
472.050
472.450
472.880
473.280
473.680
474.070
474.480
474.870
475.280
475.680
476.090
476.490
476.890
477.280
477.670
478.080
478.500
478.890
479.300
479.730
480.140
480.550
480.940
481.340
481.750
482.130
482.560
482.950
483.360
483.760
484.160
484.560
484.970
485.350
485.770
486.170
486.570
486.960
487.360
487.740
488.140
488.540
488.950
489.350
489.750
490.140
490.550
490.950
491.350
491.730
492.130
492.550
492.950
493.350
493.730
494.150
494.550
494.930
495.330
495.730
496.140
496.530
496.940
497.330
497.720
498.090
498.490
498.880
499.300
499.690
500.090
500.500
500.890
501.260
501.670
502.060
502.460
502.870
503.250
503.650
504.030
504.440
504.840
505.240
505.650
506.050
506.450
506.820
507.230
507.600
508.000
508.400
508.810
509.200
509.600
509.980
510.390
510.770
511.190
511.570
511.980
512.370
512.770
513.170
513.570
513.950
514.340
514.730
515.150
515.540
515.950
516.330
516.730
517.110
517.520
517.920
518.330
518.720
519.130
519.500
519.900
520.280
520.690
521.090
521.480
521.890
522.270
522.660
523.050
523.440
523.840
524.220
524.620
525.010
525.410
525.800
526.200
526.600
527.000
527.390
527.800
528.190
528.600
528.980
529.380
529.760
530.140
530.550
530.960
531.340
531.760
532.150
532.530
532.930
533.320
533.710
534.110
534.500
534.910
535.300
535.710
536.100
536.490
536.890
537.300
537.710
538.140
538.530
538.940
539.310
539.710
540.120
540.500
540.900
541.310
541.730
542.170
542.590
543.000
543.430
543.840
544.270
544.680
545.110
545.510
545.930
546.370
