0.090
0.900
1.680
2.520
3.300
4.060
4.790
5.550
6.460
7.390
8.240
9.150
10.020
10.900
11.830
12.700
13.590
14.400
15.250
16.080
16.940
17.740
18.570
19.470
20.350
21.290
22.190
23.040
23.960
24.950
25.880
26.840
27.840
28.950
30.020
31.120
32.170
33.090
34.080
35.020
35.980
37.000
37.930
38.950
39.930
40.930
41.960
42.950
43.970
44.980
45.940
46.940
47.990
48.970
50.000
50.970
51.990
53.000
54.030
55.020
56.080
57.090
58.100
59.090
60.150
61.160
62.130
63.140
64.150
65.200
66.160
67.220
68.210
69.270
70.310
71.340
72.370
73.390
74.370
75.420
76.440
77.480
78.530
79.510
80.540
81.550
82.580
83.570
84.580
85.660
86.650
87.640
88.680
89.680
90.680
91.700
92.690
93.730
94.750
95.810
96.740
97.760
98.710
99.710
100.650
101.710
102.750
103.790
104.790
105.840
106.820
107.830
108.810
109.850
110.890
111.880
112.890
113.880
114.860
115.780
116.780
117.770
118.800
119.820
120.780
121.820
122.800
123.820
124.810
125.820
126.790
127.820
128.830
129.820
130.820
131.470
132.130
132.780
133.480
134.130
134.820
135.460
136.150
136.830
137.530
138.150
138.830
139.470
140.160
140.820
141.460
142.130
142.840
143.470
144.170
144.830
145.510
146.190
146.860
147.510
148.180
148.860
149.510
150.210
150.860
151.540
152.210
152.880
153.560
154.210
154.910
155.610
156.290
156.970
157.640
158.340
159.030
159.700
160.340
160.980
161.650
162.320
162.980
163.650
164.320
164.950
165.620
166.300
166.980
167.660
168.310
168.980
169.670
170.350
171.020
171.700
172.340
173.010
173.690
174.380
175.050
175.730
176.390
177.040
177.720
178.370
179.020
179.660
180.300
180.970
181.660
182.330
183.000
183.700
184.380
185.050
185.690
186.360
187.030
187.690
188.350
189.000
189.710
190.390
191.060
191.730
192.370
193.050
193.730
194.420
195.090
195.750
196.430
197.060
197.760
198.440
199.090
199.810
200.440
201.130
201.790
202.490
203.120
203.810
204.460
205.130
205.840
206.470
207.170
207.860
208.530
209.250
209.940
210.660
211.420
212.170
212.950
213.720
214.480
215.200
215.940
216.680
217.440
218.190
218.970
219.750
220.490
221.250
222.000
222.840
223.690
224.550
225.460
226.420
227.330
228.260
229.200
230.140
231.090
231.990
232.920
233.850
234.810
235.700
236.600
237.570
238.540
239.490
240.380
241.320
242.190
243.120
244.040
244.940
245.900
246.770
247.710
248.590
249.490
250.410
251.310
252.230
253.150
254.040
254.950
255.860
256.770
257.670
258.560
259.430
260.030
260.630
261.250
261.850
262.490
263.080
263.680
264.280
264.860
265.460
266.030
266.650
267.260
267.840
268.440
269.060
269.660
270.250
270.870
271.460
272.070
272.710
273.330
273.960
274.550
275.130
275.730
276.370
276.990
277.610
278.220
278.830
279.420
280.020
280.630
281.240
281.850
282.460
283.030
283.640
284.210
284.820
285.440
286.070
286.670
287.270
287.900
288.510
289.090
289.700
290.320
290.940
291.530
292.120
292.710
293.340
293.940
294.510
295.120
295.730
296.330
296.940
297.530
298.120
298.760
299.360
299.980
300.570
301.190
301.780
302.420
303.020
303.650
304.260
304.880
305.480
306.110
306.740
307.320
307.930
308.510
309.100
309.710
310.350
310.970
311.600
312.190
312.790
313.430
314.040
314.630
315.220
315.780
316.400
317.000
317.590
318.210
318.800
319.430
320.030
320.630
321.230
321.850
322.470
323.060
323.640
324.260
324.870
325.480
326.110
326.710
327.300
327.940
328.550
329.160
329.770
330.350
330.970
331.570
332.210
332.810
333.450
334.080
334.660
335.270
335.890
336.510
337.110
337.740
338.320
338.930
339.540
340.150
340.740
341.320
341.930
342.560
343.160
343.770
344.400
344.970
345.570
346.190
346.820
347.400
348.030
348.620
349.240
349.850
350.480
351.080
351.690
352.290
352.870
353.500
354.100
354.690
355.270
355.890
356.480
357.080
357.720
358.330
358.940
359.510
360.120
360.750
361.360
361.980
362.580
363.180
363.800
364.410
365.020
365.610
366.250
366.830
367.460
368.050
368.690
369.320
369.940
370.540
371.130
371.740
372.360
372.980
373.600
374.210
374.810
375.460
376.050
376.680
377.280
377.880
378.510
379.110
379.760
380.360
381.000
381.610
382.210
382.810
383.460
384.090
384.700
385.300
385.910
386.540
387.140
387.740
388.360
388.970
389.570
390.190
390.810
391.460
392.080
392.710
393.310
393.930
394.580
395.180
395.780
396.360
396.970
397.590
398.200
398.830
399.440
400.020
400.610
401.230
401.850
402.470
403.070
403.690
404.280
404.880
405.490
406.110
406.730
407.390
407.990
408.630
409.260
409.870
410.480
411.080
411.690
412.310
412.940
413.580
414.200
414.810
415.420
416.040
416.670
417.300
417.930
418.560
419.160
419.770
420.390
421.020
421.630
422.260
422.880
423.500
424.100
424.720
425.340
425.960
426.570
427.190
427.820
428.430
429.030
429.630
430.240
430.880
431.480
432.070
432.700
433.320
433.920
434.540
435.170
435.800
436.400
437.040
437.640
438.250
438.870
439.460
440.070
440.710
441.280
441.880
442.480
443.100
443.680
444.250
444.840
445.440
446.070
446.640
447.270
447.840
448.460
449.050
449.670
450.270
450.850
451.400
452.010
452.560
453.160
453.750
454.290
454.840
455.430
455.980
456.530
457.050
457.630
458.160
458.730
459.220
459.750
460.250
460.750
461.250
461.780
462.280
462.790
463.310
463.830
464.360
464.870
465.410
465.990
466.530
467.110
467.690
468.250
468.820
469.380
469.940
470.500
471.040
471.610
472.160
472.680
473.240
473.760
