109.750	1
110.590
111.400
112.230
113.030	1
113.860
114.690
115.510
116.340	1
117.150
118.000
118.840
119.660	1
120.490
121.340
122.150
122.970	1
123.850
124.690
125.570
126.360	1
127.210
128.020
128.890
129.710	1
130.550
131.380
132.210
133.030	1
133.910
134.720
135.550
136.420	1
137.310
138.150
139.050
139.930	1
140.780
141.640
142.500
143.350	1
144.170
145.010
145.880
146.710	1
147.560
148.430
149.260
150.060	1
150.940
151.800
152.710
153.570	1
154.460
155.310
156.170
157.030	1
157.880
158.720
159.590
160.430	1
161.280
162.120
162.970
163.850	1
164.700
165.560
166.430
167.280	1
168.150
169.040
169.890
170.770	1
171.610
172.470
173.330
174.230	1
175.090
175.940
176.820
177.660	1
178.540
179.430
180.310
181.180	1
182.090
182.920
183.800
184.690	1
185.560
186.440
187.320
188.200	1
189.080
189.930
190.810
191.670	1
192.570
193.430
194.320
195.190	1
196.060
196.950
197.810
198.680	1
199.540
200.420
201.300
202.190	1
203.040
203.900
204.760
205.650	1
206.450
207.340
208.180
209.030	1
209.950
210.800
211.680
212.540	1
213.410
214.260
215.100
215.960	1
216.840
217.730
218.570
219.460	1
220.350
221.250
222.150
223.040	1
223.880
224.750
225.620
226.470	1
227.380
228.260
229.100
229.950	1
230.810
231.660
232.520
233.400	1
234.220
235.110
236.010
236.880	1
237.790
238.680
239.580
240.480	1
241.400
242.270
243.140
244.020	1
244.930
245.810
246.660
247.510	1
248.390
249.320
250.230
251.120	1
251.990
252.880
253.740
254.580	1
255.470
256.350
257.220
258.130	1
259.010
259.880
260.760
261.630	1
262.520
263.400
264.310
265.190	1
266.070
266.960
267.830
268.700	1
269.600
270.470
271.330
272.190	1
273.080
273.950
274.870
275.730	1
276.610
277.520
278.440
279.370	1
280.240
281.150
282.080
282.960	1
283.860
284.780
285.660
286.580	1
287.480
288.390
289.290
290.160	1
291.110
292.010
292.910
293.820	1
294.740
295.640
296.540
297.480	1
298.390
299.310
300.250
301.180	1
302.100
303.000
303.920
304.840	1
305.750
306.700
307.610
308.530	1
309.440
310.360
311.270
312.180	1
313.100
314.030
314.960
315.910	1
316.860
317.780
318.660
319.570	1
320.500
321.420
322.360
323.280	1
324.220
325.110
326.040
326.950	1
327.870
328.770
329.670
330.540	1
331.460
332.340
333.240
334.140	1
335.040
335.940
336.820
337.710	1
338.610
339.500
340.410
341.310	1
342.230
343.130
344.040
344.970	1
345.910
346.890
347.850
348.820	1
349.760
350.740
351.700
352.720	1
